nohup: ignoring input
Data format is valid, no errors or warnings.
Number of sessions: 89
Total number of trials: 37801
Number of trials per session: [503, 431, 518, 455, 629, 511, 218, 259, 305, 248, 306, 457, 453, 400, 407, 434, 419, 280, 426, 145, 269, 201, 259, 251, 309, 455, 453, 210, 300, 423, 402, 457, 428, 418, 84, 320, 370, 267, 405, 568, 561, 379, 429, 452, 473, 511, 669, 686, 534, 345, 475, 459, 520, 658, 722, 485, 501, 501, 368, 369, 398, 237, 303, 485, 471, 479, 408, 454, 435, 466, 399, 400, 238, 402, 402, 403, 282, 605, 636, 600, 450, 373, 348, 470, 719, 506, 680, 503, 499]
Number of subjects: 19
Number of brain regions: 4
Number of sessions per subject:
  Subject DR10: 6 sessions
  Subject DR15: 5 sessions
  Subject LZ13: 4 sessions
  Subject LZ16: 4 sessions
  Subject TX104: 2 sessions
  Subject TX105: 5 sessions
  Subject TX108: 7 sessions
  Subject TX109: 6 sessions
  Subject TX119: 8 sessions
  Subject TX123: 8 sessions
  Subject TX124: 3 sessions
  Subject TX139: 2 sessions
  Subject TX140: 1 sessions
  Subject TX60: 5 sessions
  Subject TX61: 5 sessions
  Subject TX83: 3 sessions
  Subject TX85: 2 sessions
  Subject TX88: 6 sessions
  Subject VR2: 7 sessions
Input dimension: 5
Output dimension: 4
Summary statistics (across all sessions):
  T: mean: 22.25, median: 22.63, min: 11, max: 178
  n_neurons: mean: 1000.00', min: 1000, max: 1000
  Input range:
    time_to_sound_cue: [-1763.3, 723.5]
    sound_cue_onset: [0.0, 1.0]
    day_of_training: [0.0, 92.0]
    time_since_trial_start: [0.0, 1765.2]
    reward_availability: [0.0, 1.0]
  Output range:
    stimulus_category: [0.0, 6.0]
    licking: [0.0, 1.0]
    position_bin: [0.0, 3.0]
    speed_bin: [0.0, 3.0]
  Unique outputs per dimension (fraction of data):
    stimulus_category: {circle1 (0.319), circle2 (0.060), leaf1 (0.335), leaf2 (0.170), leaf3 (0.059), leaf1_swap1 (0.027), leaf1_swap2 (0.029)}
    licking: {no_lick (0.963), lick (0.037)}
    position_bin: {0-1m (0.250), 1-2m (0.249), 2-3m (0.250), 3-4m (0.252)}
    speed_bin: {q1_slowest (0.250), q2 (0.250), q3 (0.250), q4_fastest (0.250)}
  Brain region distribution:
    V1: 39140 neurons
    mHV: 25298 neurons
    lHV: 10314 neurons
    aHV: 14248 neurons

Per-session statistics:
  Mean T: 16.3, 23.5, 22.6, 22.8, 23.0, 22.9, 26.5, 26.7, 24.2, 26.6, 27.2, 22.0, 21.9, 23.0, 22.0, 23.3, 22.3, 21.6, 21.3, 24.6, 22.0, 26.8, 24.9, 27.6, 26.3, 24.3, 22.9, 27.9, 24.5, 24.6, 23.3, 23.0, 23.4, 25.9, 36.1, 25.3, 22.4, 23.5, 23.5, 17.7, 17.9, 21.8, 17.6, 17.6, 17.7, 19.4, 19.0, 17.3, 17.7, 18.8, 18.6, 17.5, 17.0, 16.7, 16.9, 17.5, 16.9, 17.2, 22.6, 22.9, 23.0, 22.5, 17.2, 22.6, 22.0, 22.1, 25.2, 22.6, 23.1, 24.4, 24.7, 22.1, 25.3, 23.7, 24.3, 23.3, 24.8, 22.1, 22.6, 22.6, 22.8, 23.0, 27.6, 20.0, 19.6, 20.3, 19.5, 19.5, 19.0
  Min T: 12, 20, 20, 20, 20, 20, 17, 21, 16, 16, 21, 20, 19, 20, 20, 20, 19, 20, 19, 21, 20, 20, 20, 16, 18, 20, 20, 21, 20, 21, 20, 20, 20, 20, 20, 20, 20, 21, 21, 15, 15, 17, 15, 15, 15, 16, 16, 15, 15, 15, 16, 15, 15, 15, 15, 15, 15, 15, 20, 20, 20, 12, 11, 20, 20, 20, 20, 20, 20, 20, 20, 20, 15, 15, 20, 20, 20, 20, 20, 20, 20, 15, 15, 14, 14, 14, 14, 14, 13
  Max T: 26, 38, 39, 45, 36, 34, 50, 66, 48, 48, 54, 56, 57, 40, 62, 93, 178, 29, 54, 34, 31, 38, 39, 66, 69, 53, 62, 43, 33, 36, 32, 35, 35, 40, 51, 57, 31, 33, 31, 45, 35, 57, 55, 39, 74, 70, 54, 105, 46, 69, 65, 58, 40, 48, 48, 64, 51, 50, 57, 48, 40, 34, 36, 31, 29, 31, 59, 40, 40, 54, 74, 30, 46, 40, 38, 33, 41, 36, 38, 43, 37, 47, 90, 33, 36, 32, 29, 35, 29
  n_neurons: 1000, 1000, 1000, 1000, 1000, 1000, 1000, 1000, 1000, 1000, 1000, 1000, 1000, 1000, 1000, 1000, 1000, 1000, 1000, 1000, 1000, 1000, 1000, 1000, 1000, 1000, 1000, 1000, 1000, 1000, 1000, 1000, 1000, 1000, 1000, 1000, 1000, 1000, 1000, 1000, 1000, 1000, 1000, 1000, 1000, 1000, 1000, 1000, 1000, 1000, 1000, 1000, 1000, 1000, 1000, 1000, 1000, 1000, 1000, 1000, 1000, 1000, 1000, 1000, 1000, 1000, 1000, 1000, 1000, 1000, 1000, 1000, 1000, 1000, 1000, 1000, 1000, 1000, 1000, 1000, 1000, 1000, 1000, 1000, 1000, 1000, 1000, 1000, 1000
  Input range:
    0: [-61.2, 93.6] [-29.3, 46.8] [-51.3, 38.7] [-76.8, 36.7] [-20.9, 34.7] [-29.2, 35.0] [-399.4, 401.8] [-252.6, 270.7] [-191.4, 203.7] [-84.0, 403.2] [-251.5, 150.1] [-48.9, 41.9] [-53.4, 170.2] [-52.4, 42.9] [-101.8, 33.4] [-54.0, 104.9] [-219.7, 27.9] [-44.0, 13.5] [-300.4, 103.9] [-387.6, 232.7] [-104.0, 118.5] [-305.6, 275.0] [-38.1, 41.3] [-145.2, 200.0] [-364.1, 402.9] [-67.7, 126.6] [-81.1, 76.3] [-195.9, 199.8] [-209.4, 76.6] [-36.1, 149.6] [-21.6, 15.7] [-59.2, 19.8] [-36.3, 13.4] [-79.8, 238.4] [-65.2, 400.3] [-398.1, 400.2] [-282.2, 15.1] [-400.5, 272.8] [-249.7, 23.2] [-69.6, 30.2] [-33.0, 213.2] [-37.3, 73.4] [-129.4, 60.2] [-37.5, 35.2] [-160.0, 401.7] [-166.8, 250.5] [-171.0, 127.7] [-328.3, 400.5] [-280.2, 109.8] [-111.3, 79.1] [-242.3, 400.9] [-78.4, 150.1] [-10.8, 25.6] [-16.4, 25.0] [-8.2, 53.0] [-152.4, 157.1] [-246.8, 161.2] [-146.4, 52.7] [-130.1, 172.8] [-65.5, 184.1] [-134.6, 125.8] [-333.6, 220.4] [-59.5, 202.1] [-70.7, 43.0] [-17.9, 29.3] [-33.5, 44.9] [-75.4, 50.2] [-18.6, 24.8] [-21.2, 39.8] [-78.2, 91.3] [-696.6, 723.5] [-29.7, 39.1] [-110.5, 203.7] [-183.8, 203.1] [-49.0, 65.4] [-164.9, 114.6] [-79.9, 64.7] [-53.1, 68.7] [-125.9, 144.9] [-48.4, 76.4] [-1763.3, 93.1] [-199.4, 203.0] [-301.3, 83.1] [-19.4, 15.1] [-23.0, 28.5] [-21.0, 35.2] [-22.8, 27.4] [-55.5, 24.9] [-19.3, 17.6] 
    1: [0.0, 1.0] [0.0, 1.0] [0.0, 1.0] [0.0, 1.0] [0.0, 1.0] [0.0, 1.0] [0.0, 1.0] [0.0, 1.0] [0.0, 1.0] [0.0, 1.0] [0.0, 1.0] [0.0, 1.0] [0.0, 1.0] [0.0, 1.0] [0.0, 1.0] [0.0, 1.0] [0.0, 1.0] [0.0, 1.0] [0.0, 1.0] [0.0, 1.0] [0.0, 1.0] [0.0, 1.0] [0.0, 1.0] [0.0, 1.0] [0.0, 1.0] [0.0, 1.0] [0.0, 1.0] [0.0, 1.0] [0.0, 1.0] [0.0, 1.0] [0.0, 1.0] [0.0, 1.0] [0.0, 1.0] [0.0, 1.0] [0.0, 1.0] [0.0, 1.0] [0.0, 1.0] [0.0, 1.0] [0.0, 1.0] [0.0, 1.0] [0.0, 1.0] [0.0, 1.0] [0.0, 1.0] [0.0, 1.0] [0.0, 1.0] [0.0, 1.0] [0.0, 1.0] [0.0, 1.0] [0.0, 1.0] [0.0, 1.0] [0.0, 1.0] [0.0, 1.0] [0.0, 1.0] [0.0, 1.0] [0.0, 1.0] [0.0, 1.0] [0.0, 1.0] [0.0, 1.0] [0.0, 1.0] [0.0, 1.0] [0.0, 1.0] [0.0, 1.0] [0.0, 1.0] [0.0, 1.0] [0.0, 1.0] [0.0, 1.0] [0.0, 1.0] [0.0, 1.0] [0.0, 1.0] [0.0, 1.0] [0.0, 1.0] [0.0, 1.0] [0.0, 1.0] [0.0, 1.0] [0.0, 1.0] [0.0, 1.0] [0.0, 1.0] [0.0, 1.0] [0.0, 1.0] [0.0, 1.0] [0.0, 1.0] [0.0, 1.0] [0.0, 1.0] [0.0, 1.0] [0.0, 1.0] [0.0, 1.0] [0.0, 1.0] [0.0, 1.0] [0.0, 1.0] 
    2: [0.0, 0.0] [7.0, 7.0] [9.0, 9.0] [16.0, 16.0] [17.0, 17.0] [18.0, 18.0] [0.0, 0.0] [10.0, 10.0] [11.0, 11.0] [24.0, 24.0] [25.0, 25.0] [0.0, 0.0] [1.0, 1.0] [13.0, 13.0] [14.0, 14.0] [0.0, 0.0] [1.0, 1.0] [13.0, 13.0] [14.0, 14.0] [0.0, 0.0] [8.0, 8.0] [0.0, 0.0] [11.0, 11.0] [13.0, 13.0] [28.0, 28.0] [31.0, 31.0] [0.0, 0.0] [67.0, 67.0] [76.0, 76.0] [79.0, 79.0] [86.0, 86.0] [89.0, 89.0] [92.0, 92.0] [0.0, 0.0] [11.0, 11.0] [22.0, 22.0] [33.0, 33.0] [57.0, 57.0] [58.0, 58.0] [0.0, 0.0] [1.0, 1.0] [2.0, 2.0] [11.0, 11.0] [12.0, 12.0] [25.0, 25.0] [26.0, 26.0] [28.0, 28.0] [0.0, 0.0] [2.0, 2.0] [3.0, 3.0] [15.0, 15.0] [16.0, 16.0] [28.0, 28.0] [29.0, 29.0] [30.0, 30.0] [0.0, 0.0] [1.0, 1.0] [3.0, 3.0] [0.0, 0.0] [13.0, 13.0] [0.0, 0.0] [0.0, 0.0] [24.0, 24.0] [58.0, 58.0] [72.0, 72.0] [73.0, 73.0] [0.0, 0.0] [12.0, 12.0] [13.0, 13.0] [16.0, 16.0] [18.0, 18.0] [0.0, 0.0] [12.0, 12.0] [14.0, 14.0] [0.0, 0.0] [3.0, 3.0] [0.0, 0.0] [4.0, 4.0] [7.0, 7.0] [32.0, 32.0] [36.0, 36.0] [39.0, 39.0] [0.0, 0.0] [17.0, 17.0] [22.0, 22.0] [39.0, 39.0] [40.0, 40.0] [45.0, 45.0] [47.0, 47.0] 
    3: [0.0, 98.1] [0.0, 50.0] [0.0, 55.1] [0.0, 95.7] [0.0, 36.4] [0.0, 54.4] [0.0, 404.8] [0.0, 341.7] [0.0, 205.3] [0.0, 404.9] [0.0, 255.8] [0.0, 50.6] [0.0, 171.7] [0.0, 54.3] [0.0, 103.7] [0.0, 106.2] [0.0, 232.0] [0.0, 45.1] [0.0, 302.4] [0.0, 400.2] [0.0, 129.8] [0.0, 308.0] [0.0, 69.9] [0.0, 203.8] [0.0, 404.9] [0.0, 127.6] [0.0, 115.1] [0.0, 204.6] [0.0, 212.3] [0.0, 164.6] [0.0, 28.0] [0.0, 60.0] [0.0, 50.0] [0.0, 243.1] [0.0, 404.4] [0.0, 404.4] [0.0, 284.8] [0.0, 403.0] [0.0, 250.9] [0.0, 71.7] [0.0, 216.8] [0.0, 74.6] [0.0, 132.7] [0.0, 40.0] [0.0, 402.7] [0.0, 252.3] [0.0, 174.4] [0.0, 402.6] [0.0, 291.5] [0.0, 112.7] [0.0, 402.8] [0.0, 150.8] [0.0, 26.3] [0.0, 25.8] [0.0, 53.7] [0.0, 158.2] [0.0, 249.1] [0.0, 149.4] [0.0, 173.6] [0.0, 187.2] [0.0, 136.1] [0.0, 338.2] [0.0, 204.4] [0.0, 113.9] [0.0, 32.3] [0.0, 49.1] [0.0, 78.4] [0.0, 34.7] [0.0, 49.4] [0.0, 93.3] [0.0, 740.4] [0.0, 43.4] [0.0, 204.4] [0.0, 204.5] [0.0, 69.3] [0.0, 181.9] [0.0, 83.2] [0.0, 81.9] [0.0, 151.1] [0.0, 97.3] [0.0, 1765.2] [0.0, 204.5] [0.0, 304.8] [0.0, 22.3] [0.0, 32.8] [0.0, 37.8] [0.0, 29.4] [0.0, 57.3] [0.0, 25.2] 
    4: [0.0, 0.0] [0.0, 0.0] [0.0, 0.0] [0.0, 0.0] [0.0, 0.0] [0.0, 0.0] [0.0, 0.0] [0.0, 0.0] [0.0, 0.0] [0.0, 0.0] [0.0, 0.0] [0.0, 0.0] [0.0, 0.0] [0.0, 0.0] [0.0, 0.0] [0.0, 0.0] [0.0, 0.0] [0.0, 0.0] [0.0, 0.0] [0.0, 0.0] [0.0, 0.0] [0.0, 0.0] [0.0, 0.0] [0.0, 0.0] [0.0, 0.0] [0.0, 0.0] [0.0, 0.0] [0.0, 1.0] [0.0, 1.0] [0.0, 1.0] [0.0, 1.0] [0.0, 1.0] [0.0, 1.0] [0.0, 0.0] [0.0, 1.0] [0.0, 1.0] [0.0, 1.0] [0.0, 1.0] [0.0, 1.0] [0.0, 0.0] [0.0, 0.0] [0.0, 0.0] [0.0, 0.0] [0.0, 0.0] [0.0, 0.0] [0.0, 0.0] [0.0, 0.0] [0.0, 0.0] [0.0, 0.0] [0.0, 0.0] [0.0, 0.0] [0.0, 0.0] [0.0, 0.0] [0.0, 0.0] [0.0, 0.0] [0.0, 0.0] [0.0, 0.0] [0.0, 0.0] [0.0, 0.0] [0.0, 0.0] [0.0, 0.0] [0.0, 1.0] [0.0, 1.0] [0.0, 1.0] [0.0, 1.0] [0.0, 1.0] [0.0, 1.0] [0.0, 1.0] [0.0, 1.0] [0.0, 1.0] [0.0, 1.0] [0.0, 0.0] [0.0, 0.0] [0.0, 0.0] [0.0, 0.0] [0.0, 0.0] [0.0, 0.0] [0.0, 0.0] [0.0, 0.0] [0.0, 0.0] [0.0, 0.0] [0.0, 0.0] [0.0, 1.0] [0.0, 1.0] [0.0, 1.0] [0.0, 1.0] [0.0, 1.0] [0.0, 1.0] [0.0, 1.0] 
  Output range:
    0: [0.0, 2.0] [0.0, 2.0] [0.0, 3.0] [0.0, 3.0] [0.0, 4.0] [0.0, 6.0] [0.0, 2.0] [0.0, 2.0] [0.0, 3.0] [0.0, 3.0] [0.0, 4.0] [0.0, 4.0] [0.0, 4.0] [0.0, 4.0] [0.0, 4.0] [0.0, 4.0] [0.0, 4.0] [0.0, 4.0] [0.0, 4.0] [0.0, 2.0] [0.0, 2.0] [0.0, 2.0] [0.0, 2.0] [0.0, 3.0] [0.0, 3.0] [0.0, 4.0] [0.0, 3.0] [0.0, 2.0] [0.0, 2.0] [0.0, 3.0] [0.0, 3.0] [0.0, 4.0] [0.0, 6.0] [0.0, 3.0] [0.0, 2.0] [0.0, 2.0] [0.0, 3.0] [0.0, 3.0] [0.0, 4.0] [0.0, 4.0] [0.0, 6.0] [0.0, 2.0] [0.0, 2.0] [0.0, 3.0] [0.0, 3.0] [0.0, 4.0] [0.0, 6.0] [0.0, 6.0] [0.0, 6.0] [0.0, 2.0] [0.0, 2.0] [0.0, 3.0] [0.0, 3.0] [0.0, 4.0] [0.0, 6.0] [0.0, 4.0] [0.0, 6.0] [0.0, 6.0] [0.0, 4.0] [0.0, 4.0] [0.0, 4.0] [0.0, 2.0] [0.0, 2.0] [0.0, 3.0] [0.0, 3.0] [0.0, 4.0] [0.0, 3.0] [0.0, 3.0] [0.0, 4.0] [0.0, 5.0] [0.0, 6.0] [0.0, 2.0] [0.0, 2.0] [0.0, 3.0] [0.0, 2.0] [0.0, 2.0] [0.0, 2.0] [0.0, 2.0] [0.0, 4.0] [0.0, 3.0] [0.0, 4.0] [0.0, 6.0] [0.0, 2.0] [0.0, 2.0] [0.0, 3.0] [0.0, 3.0] [0.0, 4.0] [0.0, 5.0] [0.0, 6.0] 
    1: [0.0, 0.0] [0.0, 0.0] [0.0, 0.0] [0.0, 0.0] [0.0, 0.0] [0.0, 0.0] [0.0, 0.0] [0.0, 0.0] [0.0, 0.0] [0.0, 0.0] [0.0, 0.0] [0.0, 0.0] [0.0, 0.0] [0.0, 0.0] [0.0, 0.0] [0.0, 0.0] [0.0, 0.0] [0.0, 0.0] [0.0, 0.0] [0.0, 0.0] [0.0, 0.0] [0.0, 0.0] [0.0, 0.0] [0.0, 0.0] [0.0, 0.0] [0.0, 0.0] [0.0, 0.0] [0.0, 1.0] [0.0, 1.0] [0.0, 1.0] [0.0, 1.0] [0.0, 1.0] [0.0, 1.0] [0.0, 0.0] [0.0, 1.0] [0.0, 1.0] [0.0, 1.0] [0.0, 1.0] [0.0, 1.0] [0.0, 0.0] [0.0, 0.0] [0.0, 0.0] [0.0, 0.0] [0.0, 0.0] [0.0, 0.0] [0.0, 0.0] [0.0, 0.0] [0.0, 0.0] [0.0, 0.0] [0.0, 0.0] [0.0, 0.0] [0.0, 0.0] [0.0, 0.0] [0.0, 0.0] [0.0, 0.0] [0.0, 0.0] [0.0, 0.0] [0.0, 0.0] [0.0, 0.0] [0.0, 0.0] [0.0, 0.0] [0.0, 1.0] [0.0, 1.0] [0.0, 1.0] [0.0, 1.0] [0.0, 1.0] [0.0, 1.0] [0.0, 1.0] [0.0, 1.0] [0.0, 1.0] [0.0, 1.0] [0.0, 0.0] [0.0, 0.0] [0.0, 0.0] [0.0, 0.0] [0.0, 0.0] [0.0, 0.0] [0.0, 0.0] [0.0, 0.0] [0.0, 0.0] [0.0, 0.0] [0.0, 0.0] [0.0, 1.0] [0.0, 1.0] [0.0, 1.0] [0.0, 1.0] [0.0, 1.0] [0.0, 1.0] [0.0, 1.0] 
    2: [0.0, 3.0] [0.0, 3.0] [0.0, 3.0] [0.0, 3.0] [0.0, 3.0] [0.0, 3.0] [0.0, 3.0] [0.0, 3.0] [0.0, 3.0] [0.0, 3.0] [0.0, 3.0] [0.0, 3.0] [0.0, 3.0] [0.0, 3.0] [0.0, 3.0] [0.0, 3.0] [0.0, 3.0] [0.0, 3.0] [0.0, 3.0] [0.0, 3.0] [0.0, 3.0] [0.0, 3.0] [0.0, 3.0] [0.0, 3.0] [0.0, 3.0] [0.0, 3.0] [0.0, 3.0] [0.0, 3.0] [0.0, 3.0] [0.0, 3.0] [0.0, 3.0] [0.0, 3.0] [0.0, 3.0] [0.0, 3.0] [0.0, 3.0] [0.0, 3.0] [0.0, 3.0] [0.0, 3.0] [0.0, 3.0] [0.0, 3.0] [0.0, 3.0] [0.0, 3.0] [0.0, 3.0] [0.0, 3.0] [0.0, 3.0] [0.0, 3.0] [0.0, 3.0] [0.0, 3.0] [0.0, 3.0] [0.0, 3.0] [0.0, 3.0] [0.0, 3.0] [0.0, 3.0] [0.0, 3.0] [0.0, 3.0] [0.0, 3.0] [0.0, 3.0] [0.0, 3.0] [0.0, 3.0] [0.0, 3.0] [0.0, 3.0] [0.0, 3.0] [0.0, 3.0] [0.0, 3.0] [0.0, 3.0] [0.0, 3.0] [0.0, 3.0] [0.0, 3.0] [0.0, 3.0] [0.0, 3.0] [0.0, 3.0] [0.0, 3.0] [0.0, 3.0] [0.0, 3.0] [0.0, 3.0] [0.0, 3.0] [0.0, 3.0] [0.0, 3.0] [0.0, 3.0] [0.0, 3.0] [0.0, 3.0] [0.0, 3.0] [0.0, 3.0] [0.0, 3.0] [0.0, 3.0] [0.0, 3.0] [0.0, 3.0] [0.0, 3.0] [0.0, 3.0] 
    3: [0.0, 2.0] [0.0, 3.0] [0.0, 3.0] [0.0, 3.0] [0.0, 3.0] [0.0, 3.0] [0.0, 3.0] [0.0, 3.0] [0.0, 3.0] [0.0, 3.0] [0.0, 3.0] [0.0, 3.0] [0.0, 3.0] [0.0, 3.0] [0.0, 3.0] [0.0, 3.0] [0.0, 3.0] [0.0, 3.0] [0.0, 3.0] [0.0, 3.0] [0.0, 3.0] [0.0, 3.0] [0.0, 3.0] [0.0, 3.0] [0.0, 3.0] [0.0, 3.0] [0.0, 3.0] [0.0, 3.0] [0.0, 3.0] [0.0, 3.0] [0.0, 3.0] [0.0, 3.0] [0.0, 3.0] [0.0, 3.0] [0.0, 2.0] [0.0, 3.0] [0.0, 3.0] [0.0, 3.0] [0.0, 3.0] [0.0, 3.0] [0.0, 3.0] [0.0, 3.0] [0.0, 3.0] [0.0, 3.0] [0.0, 3.0] [0.0, 3.0] [0.0, 3.0] [0.0, 3.0] [0.0, 3.0] [0.0, 3.0] [0.0, 3.0] [0.0, 3.0] [0.0, 3.0] [0.0, 3.0] [0.0, 3.0] [0.0, 3.0] [0.0, 3.0] [0.0, 3.0] [0.0, 3.0] [0.0, 3.0] [0.0, 3.0] [0.0, 3.0] [0.0, 3.0] [0.0, 3.0] [0.0, 3.0] [0.0, 3.0] [0.0, 3.0] [0.0, 3.0] [0.0, 3.0] [0.0, 3.0] [0.0, 3.0] [0.0, 3.0] [0.0, 3.0] [0.0, 3.0] [0.0, 3.0] [0.0, 3.0] [0.0, 3.0] [0.0, 3.0] [0.0, 3.0] [0.0, 3.0] [0.0, 3.0] [0.0, 3.0] [0.0, 3.0] [0.0, 3.0] [0.0, 3.0] [0.0, 3.0] [0.0, 3.0] [0.0, 3.0] [0.0, 3.0] 
  Output fraction of data:
stimulus_category: (0.483 0.503 0.248 0.319 0.264 0.197 0.466 0.497 0.200 0.341 0.255 0.228 0.215 0.273 0.254 0.214 0.262 0.222 0.245 0.454 0.537 0.459 0.464 0.339 0.331 0.217 0.279 0.462 0.556 0.379 0.345 0.244 0.247 0.255 0.459 0.446 0.335 0.365 0.150 0.214 0.199 0.482 0.505 0.251 0.327 0.264 0.224 0.140 0.196 0.484 0.497 0.236 0.288 0.233 0.200 0.196 0.197 0.212 0.185 0.253 0.239 0.535 0.495 0.375 0.374 0.296 0.404 0.402 0.295 0.299 0.290 0.524 0.495 0.226 0.524 0.517 0.532 0.515 0.307 0.302 0.264 0.256 0.454 0.481 0.409 0.347 0.188 0.203 0.156)  0.000 0.000 0.236 0.000 0.000 0.000 0.000 0.000 0.268 0.000 0.000 0.194 0.163 0.135 0.120 0.210 0.170 0.199 0.135 0.000 0.000 0.000 0.000 0.227 0.000 0.000 0.236 0.000 0.000 0.142 0.000 0.000 0.000 0.260 0.000 0.000 0.138 0.000 0.105 0.197 0.000 0.000 0.000 0.259 0.000 0.000 0.000 0.162 0.000 0.000 0.000 0.238 0.000 0.000 0.000 0.173 0.000 0.000 0.220 0.108 0.148 0.000 0.000 0.126 0.000 0.000 0.145 0.000 0.000 0.000 0.000 0.000 0.000 0.238 0.000 0.000 0.000 0.000 0.123 0.000 0.000 0.000 0.000 0.000 0.105 0.000 0.000 0.000 0.000)  0.517 0.497 0.254 0.373 0.252 0.169 0.534 0.503 0.244 0.295 0.253 0.172 0.192 0.205 0.243 0.249 0.233 0.176 0.239 0.546 0.463 0.541 0.536 0.234 0.282 0.249 0.244 0.538 0.444 0.338 0.354 0.409 0.397 0.250 0.541 0.554 0.372 0.318 0.383 0.196 0.168 0.518 0.495 0.252 0.317 0.258 0.212 0.132 0.199 0.516 0.503 0.253 0.376 0.251 0.215 0.228 0.165 0.198 0.250 0.274 0.237 0.465 0.505 0.381 0.340 0.370 0.342 0.292 0.389 0.351 0.374 0.476 0.505 0.259 0.476 0.483 0.468 0.485 0.311 0.348 0.263 0.194 0.546 0.519 0.370 0.351 0.399 0.396 0.421)  0.000 0.000 0.262 0.308 0.244 0.217 0.000 0.000 0.288 0.364 0.278 0.210 0.232 0.252 0.247 0.228 0.216 0.228 0.251 0.000 0.000 0.000 0.000 0.200 0.387 0.234 0.241 0.000 0.000 0.140 0.302 0.185 0.166 0.234 0.000 0.000 0.154 0.317 0.167 0.205 0.216 0.000 0.000 0.238 0.356 0.236 0.183 0.156 0.185 0.000 0.000 0.273 0.336 0.258 0.208 0.186 0.213 0.170 0.166 0.235 0.230 0.000 0.000 0.119 0.286 0.152 0.110 0.306 0.165 0.154 0.183 0.000 0.000 0.278 0.000 0.000 0.000 0.000 0.128 0.351 0.234 0.157 0.000 0.000 0.116 0.302 0.205 0.203 0.212)  0.000 0.000 0.000 0.000 0.240 0.000 0.000 0.000 0.000 0.000 0.215 0.196 0.199 0.135 0.137 0.099 0.119 0.174 0.130 0.000 0.000 0.000 0.000 0.000 0.000 0.301 0.000 0.000 0.000 0.000 0.000 0.162 0.000 0.000 0.000 0.000 0.000 0.000 0.196 0.188 0.000 0.000 0.000 0.000 0.000 0.242 0.000 0.130 0.000 0.000 0.000 0.000 0.000 0.258 0.000 0.217 0.000 0.000 0.178 0.130 0.145 0.000 0.000 0.000 0.000 0.183 0.000 0.000 0.151 0.000 0.000 0.000 0.000 0.000 0.000 0.000 0.000 0.000 0.130 0.000 0.238 0.000 0.000 0.000 0.000 0.000 0.208 0.000 0.000)  0.000 0.000 0.000 0.000 0.000 0.212 0.000 0.000 0.000 0.000 0.000 0.000 0.000 0.000 0.000 0.000 0.000 0.000 0.000 0.000 0.000 0.000 0.000 0.000 0.000 0.000 0.000 0.000 0.000 0.000 0.000 0.000 0.000 0.000 0.000 0.000 0.000 0.000 0.000 0.000 0.211 0.000 0.000 0.000 0.000 0.000 0.209 0.136 0.204 0.000 0.000 0.000 0.000 0.000 0.188 0.000 0.219 0.215 0.000 0.000 0.000 0.000 0.000 0.000 0.000 0.000 0.000 0.000 0.000 0.196 0.000 0.000 0.000 0.000 0.000 0.000 0.000 0.000 0.000 0.000 0.000 0.153 0.000 0.000 0.000 0.000 0.000 0.199 0.000)  0.000 0.000 0.000 0.000 0.000 0.205 0.000 0.000 0.000 0.000 0.000 0.000 0.000 0.000 0.000 0.000 0.000 0.000 0.000 0.000 0.000 0.000 0.000 0.000 0.000 0.000 0.000 0.000 0.000 0.000 0.000 0.000 0.190 0.000 0.000 0.000 0.000 0.000 0.000 0.000 0.206 0.000 0.000 0.000 0.000 0.000 0.172 0.144 0.216 0.000 0.000 0.000 0.000 0.000 0.190 0.000 0.206 0.205 0.000 0.000 0.000 0.000 0.000 0.000 0.000 0.000 0.000 0.000 0.000 0.000 0.152 0.000 0.000 0.000 0.000 0.000 0.000 0.000 0.000 0.000 0.000 0.240 0.000 0.000 0.000 0.000 0.000 0.000 0.211)  
licking: (1.000 1.000 1.000 1.000 1.000 1.000 1.000 1.000 1.000 1.000 1.000 1.000 1.000 1.000 1.000 1.000 1.000 1.000 1.000 1.000 1.000 1.000 1.000 1.000 1.000 1.000 1.000 0.609 0.830 0.899 0.920 0.883 0.910 1.000 0.799 0.660 0.763 0.883 0.900 1.000 1.000 1.000 1.000 1.000 1.000 1.000 1.000 1.000 1.000 1.000 1.000 1.000 1.000 1.000 1.000 1.000 1.000 1.000 1.000 1.000 1.000 0.857 0.842 0.838 0.942 0.891 0.881 0.930 0.901 0.892 0.926 1.000 1.000 1.000 1.000 1.000 1.000 1.000 1.000 1.000 1.000 1.000 0.924 0.929 0.928 0.915 0.933 0.907 0.923)  0.000 0.000 0.000 0.000 0.000 0.000 0.000 0.000 0.000 0.000 0.000 0.000 0.000 0.000 0.000 0.000 0.000 0.000 0.000 0.000 0.000 0.000 0.000 0.000 0.000 0.000 0.000 0.391 0.170 0.101 0.080 0.117 0.090 0.000 0.201 0.340 0.237 0.117 0.100 0.000 0.000 0.000 0.000 0.000 0.000 0.000 0.000 0.000 0.000 0.000 0.000 0.000 0.000 0.000 0.000 0.000 0.000 0.000 0.000 0.000 0.000 0.143 0.158 0.162 0.058 0.109 0.119 0.070 0.099 0.108 0.074 0.000 0.000 0.000 0.000 0.000 0.000 0.000 0.000 0.000 0.000 0.000 0.076 0.071 0.072 0.085 0.067 0.093 0.077)  
position_bin: (0.250 0.249 0.251 0.247 0.252 0.249 0.268 0.259 0.260 0.242 0.243 0.258 0.263 0.248 0.246 0.258 0.252 0.267 0.254 0.240 0.248 0.234 0.258 0.279 0.276 0.261 0.247 0.253 0.241 0.237 0.242 0.237 0.235 0.251 0.255 0.227 0.238 0.241 0.236 0.250 0.251 0.246 0.240 0.253 0.249 0.250 0.250 0.264 0.242 0.238 0.253 0.251 0.247 0.250 0.259 0.253 0.255 0.246 0.261 0.267 0.261 0.247 0.254 0.248 0.245 0.245 0.257 0.244 0.241 0.252 0.244 0.252 0.266 0.262 0.255 0.252 0.254 0.253 0.252 0.249 0.244 0.250 0.245 0.238 0.248 0.244 0.247 0.240 0.239)  0.250 0.248 0.251 0.255 0.253 0.254 0.252 0.247 0.247 0.252 0.251 0.247 0.253 0.239 0.240 0.249 0.247 0.245 0.244 0.249 0.248 0.250 0.259 0.264 0.248 0.246 0.248 0.254 0.250 0.245 0.253 0.252 0.256 0.252 0.255 0.249 0.248 0.242 0.243 0.244 0.245 0.248 0.246 0.247 0.240 0.246 0.250 0.246 0.237 0.248 0.234 0.243 0.249 0.249 0.256 0.247 0.250 0.244 0.246 0.246 0.252 0.253 0.250 0.245 0.244 0.242 0.252 0.246 0.246 0.248 0.254 0.251 0.253 0.253 0.255 0.247 0.256 0.255 0.249 0.250 0.250 0.257 0.235 0.256 0.251 0.253 0.245 0.250 0.253)  0.250 0.252 0.250 0.249 0.252 0.251 0.245 0.251 0.246 0.254 0.256 0.247 0.244 0.236 0.240 0.246 0.249 0.241 0.246 0.252 0.252 0.253 0.247 0.242 0.238 0.244 0.251 0.247 0.255 0.252 0.255 0.255 0.256 0.248 0.243 0.257 0.248 0.251 0.245 0.248 0.248 0.241 0.272 0.252 0.250 0.255 0.254 0.245 0.245 0.247 0.236 0.237 0.247 0.255 0.248 0.251 0.248 0.250 0.252 0.243 0.248 0.248 0.252 0.253 0.249 0.252 0.247 0.260 0.258 0.251 0.255 0.249 0.244 0.244 0.247 0.248 0.250 0.249 0.250 0.248 0.249 0.247 0.249 0.255 0.250 0.253 0.253 0.259 0.260)  0.251 0.251 0.248 0.249 0.244 0.246 0.235 0.243 0.247 0.251 0.250 0.248 0.241 0.277 0.274 0.247 0.252 0.247 0.256 0.260 0.251 0.264 0.236 0.215 0.238 0.249 0.254 0.245 0.254 0.266 0.250 0.255 0.253 0.249 0.246 0.267 0.266 0.265 0.275 0.259 0.256 0.265 0.243 0.249 0.261 0.249 0.246 0.245 0.276 0.266 0.277 0.269 0.257 0.245 0.237 0.249 0.247 0.260 0.241 0.243 0.239 0.252 0.245 0.254 0.262 0.261 0.243 0.250 0.255 0.249 0.247 0.248 0.237 0.241 0.243 0.253 0.241 0.243 0.249 0.253 0.257 0.245 0.271 0.251 0.251 0.250 0.255 0.252 0.248)  
speed_bin: (0.956 0.350 0.219 0.313 0.251 0.239 0.576 0.498 0.358 0.503 0.477 0.135 0.175 0.155 0.121 0.157 0.128 0.107 0.088 0.488 0.125 0.666 0.411 0.519 0.416 0.368 0.216 0.578 0.379 0.363 0.225 0.267 0.376 0.409 0.817 0.413 0.233 0.423 0.387 0.153 0.187 0.163 0.164 0.142 0.161 0.272 0.242 0.158 0.186 0.213 0.274 0.185 0.108 0.071 0.123 0.222 0.168 0.174 0.127 0.198 0.198 0.193 0.312 0.326 0.174 0.196 0.372 0.173 0.229 0.349 0.336 0.135 0.557 0.401 0.118 0.208 0.158 0.138 0.165 0.168 0.191 0.247 0.343 0.039 0.066 0.155 0.108 0.129 0.157)  0.042 0.279 0.292 0.345 0.318 0.266 0.260 0.373 0.433 0.311 0.310 0.171 0.231 0.149 0.124 0.087 0.064 0.225 0.101 0.445 0.187 0.271 0.361 0.308 0.291 0.301 0.249 0.386 0.406 0.358 0.348 0.430 0.396 0.292 0.178 0.368 0.518 0.450 0.435 0.129 0.199 0.133 0.103 0.111 0.128 0.249 0.217 0.116 0.112 0.093 0.347 0.440 0.296 0.106 0.244 0.203 0.161 0.154 0.124 0.297 0.231 0.332 0.379 0.308 0.191 0.191 0.370 0.278 0.282 0.414 0.403 0.251 0.354 0.343 0.333 0.223 0.296 0.147 0.180 0.185 0.209 0.222 0.120 0.123 0.088 0.229 0.223 0.273 0.264)  0.002 0.223 0.327 0.231 0.235 0.212 0.161 0.128 0.206 0.140 0.163 0.253 0.319 0.332 0.232 0.140 0.122 0.324 0.288 0.067 0.424 0.061 0.223 0.154 0.227 0.262 0.455 0.029 0.199 0.236 0.317 0.236 0.184 0.217 0.005 0.189 0.228 0.122 0.158 0.189 0.227 0.185 0.126 0.179 0.161 0.244 0.217 0.304 0.211 0.124 0.208 0.241 0.276 0.201 0.237 0.260 0.236 0.236 0.190 0.321 0.364 0.286 0.204 0.251 0.325 0.302 0.241 0.410 0.415 0.231 0.259 0.553 0.083 0.205 0.355 0.461 0.351 0.333 0.333 0.316 0.249 0.241 0.123 0.212 0.194 0.357 0.397 0.351 0.351)  0.000 0.147 0.161 0.111 0.195 0.283 0.003 0.001 0.002 0.046 0.050 0.441 0.275 0.365 0.524 0.616 0.686 0.343 0.523 0.000 0.265 0.002 0.006 0.018 0.067 0.069 0.079 0.007 0.016 0.044 0.109 0.068 0.044 0.082 0.000 0.030 0.020 0.005 0.021 0.528 0.387 0.520 0.606 0.568 0.550 0.234 0.324 0.421 0.492 0.570 0.171 0.135 0.321 0.623 0.396 0.315 0.435 0.436 0.560 0.185 0.207 0.189 0.105 0.114 0.310 0.312 0.017 0.139 0.075 0.006 0.002 0.061 0.007 0.051 0.194 0.108 0.196 0.382 0.322 0.331 0.350 0.290 0.414 0.626 0.652 0.258 0.272 0.248 0.227)  
Brain region: V1: 39140 neurons, mHV: 25298 neurons, lHV: 10314 neurons, aHV: 14248 neurons  
Training on 30210 trials, testing on 7591 trials
Using device: cuda
Using balanced loss with class weights:
  Output 0: [0.02679121 0.14365768 0.02543758 0.05038176 0.14612584 0.31048286
 0.29712307]
  Output 1: [0.0373547 0.9626453]
  Output 2: [0.2500674  0.25116313 0.25051317 0.24825628]
  Output 3: [0.24932435 0.25030434 0.24964812 0.25072318]
Epoch [1/200], Loss: 2.488677
Epoch [2/200], Loss: 2.342072
Epoch [3/200], Loss: 2.207931
Epoch [4/200], Loss: 2.084577
Epoch [5/200], Loss: 1.970838
Epoch [6/200], Loss: 1.866110
Epoch [7/200], Loss: 1.769945
Epoch [8/200], Loss: 1.681698
Epoch [9/200], Loss: 1.600363
Epoch [10/200], Loss: 1.524929
Epoch [20/200], Loss: 0.982957
Epoch [30/200], Loss: 0.699014
Epoch [40/200], Loss: 0.556118
Epoch [50/200], Loss: 0.476448
Epoch [60/200], Loss: 0.426201
Epoch [70/200], Loss: 0.392134
Epoch [80/200], Loss: 0.367490
Epoch [90/200], Loss: 0.348771
Epoch [100/200], Loss: 0.334017
Epoch [110/200], Loss: 0.322051
Epoch [120/200], Loss: 0.312124
Epoch [130/200], Loss: 0.303727
Epoch [140/200], Loss: 0.296512
Epoch [150/200], Loss: 0.290225
Epoch [160/200], Loss: 0.284673
Epoch [170/200], Loss: 0.279716
Epoch [180/200], Loss: 0.275247
Epoch [190/200], Loss: 0.271180
Epoch [200/200], Loss: 0.267453
Test Loss: 0.695369

Training Balanced Accuracy Scores (chance = 1/num_classes):
  0 (stimulus_category): 0.9715  (chance: 0.1429)
  1 (licking): 0.9691  (chance: 0.5000)
  2 (position_bin): 0.9817  (chance: 0.2500)
  3 (speed_bin): 0.7791  (chance: 0.2500)

Validation Balanced Accuracy Scores (chance = 1/num_classes):
  0 (stimulus_category): 0.8274  (chance: 0.1429)
  1 (licking): 0.8115  (chance: 0.5000)
  2 (position_bin): 0.8434  (chance: 0.2500)
  3 (speed_bin): 0.5787  (chance: 0.2500)
train_decoder.py finished successfully.
