Data format is valid, no errors or warnings.
Number of sessions: 44
Total number of trials: 13762
Number of trials per session: [252, 390, 389, 380, 242, 363, 360, 474, 465, 314, 265, 318, 301, 246, 193, 284, 216, 297, 250, 302, 245, 210, 214, 226, 230, 323, 321, 295, 338, 349, 381, 325, 291, 404, 340, 384, 292, 343, 392, 287, 305, 427, 238, 301]
Number of subjects: 14
Number of brain regions: 1
Number of sessions per subject:
  Subject EKH1: 1 sessions
  Subject EKH3: 1 sessions
  Subject JEB11: 2 sessions
  Subject JEB12: 2 sessions
  Subject JEB13: 5 sessions
  Subject JEB14: 4 sessions
  Subject JEB15: 4 sessions
  Subject JEB19: 4 sessions
  Subject JEB23: 7 sessions
  Subject JEB24: 8 sessions
  Subject JEB6: 1 sessions
  Subject JEB7: 2 sessions
  Subject JGR2: 2 sessions
  Subject JGR3: 1 sessions
Input dimension: 1
Output dimension: 6
Summary statistics (across all sessions):
  T: mean: 1000.00, median: 1000.00, min: 1000, max: 1000
  n_neurons: mean: 56.77', min: 17, max: 142
  Input range:
    time_from_go_cue_s: [-2.5, 2.5]
  Output range:
    lick_direction: [0.0, 2.0]
    behavioral_context: [0.0, 1.0]
    outcome: [0.0, 2.0]
    tongue_velocity: [0.0, 2.0]
    paw_velocity: [0.0, 2.0]
    motion_energy: [0.0, 2.0]
  Unique outputs per dimension (fraction of data):
    lick_direction: {left (0.423), right (0.446), none (0.131)}
    behavioral_context: {DR (0.903), WC (0.097)}
    outcome: {incorrect (0.120), correct (0.749), ignore (0.131)}
    tongue_velocity: {below_session_median (0.047), at_or_above_session_median (0.047), not_visible (0.907)}
    paw_velocity: {below_session_median (0.366), at_or_above_session_median (0.366), not_visible (0.268)}
    motion_energy: {below_session_median (0.499), at_or_above_session_median (0.501), no_video (0.000)}
  Brain region distribution:
    ALM: 2498 neurons

Per-session statistics:
  Mean T: 1000.0, 1000.0, 1000.0, 1000.0, 1000.0, 1000.0, 1000.0, 1000.0, 1000.0, 1000.0, 1000.0, 1000.0, 1000.0, 1000.0, 1000.0, 1000.0, 1000.0, 1000.0, 1000.0, 1000.0, 1000.0, 1000.0, 1000.0, 1000.0, 1000.0, 1000.0, 1000.0, 1000.0, 1000.0, 1000.0, 1000.0, 1000.0, 1000.0, 1000.0, 1000.0, 1000.0, 1000.0, 1000.0, 1000.0, 1000.0, 1000.0, 1000.0, 1000.0, 1000.0
  Min T: 1000, 1000, 1000, 1000, 1000, 1000, 1000, 1000, 1000, 1000, 1000, 1000, 1000, 1000, 1000, 1000, 1000, 1000, 1000, 1000, 1000, 1000, 1000, 1000, 1000, 1000, 1000, 1000, 1000, 1000, 1000, 1000, 1000, 1000, 1000, 1000, 1000, 1000, 1000, 1000, 1000, 1000, 1000, 1000
  Max T: 1000, 1000, 1000, 1000, 1000, 1000, 1000, 1000, 1000, 1000, 1000, 1000, 1000, 1000, 1000, 1000, 1000, 1000, 1000, 1000, 1000, 1000, 1000, 1000, 1000, 1000, 1000, 1000, 1000, 1000, 1000, 1000, 1000, 1000, 1000, 1000, 1000, 1000, 1000, 1000, 1000, 1000, 1000, 1000
  n_neurons: 48, 66, 51, 85, 118, 34, 53, 83, 77, 136, 96, 142, 68, 54, 32, 36, 38, 68, 35, 32, 67, 27, 29, 53, 28, 63, 69, 57, 40, 96, 57, 71, 35, 53, 50, 62, 17, 31, 25, 55, 35, 38, 42, 46
  Input range:
    0: [-2.5, 2.5] [-2.5, 2.5] [-2.5, 2.5] [-2.5, 2.5] [-2.5, 2.5] [-2.5, 2.5] [-2.5, 2.5] [-2.5, 2.5] [-2.5, 2.5] [-2.5, 2.5] [-2.5, 2.5] [-2.5, 2.5] [-2.5, 2.5] [-2.5, 2.5] [-2.5, 2.5] [-2.5, 2.5] [-2.5, 2.5] [-2.5, 2.5] [-2.5, 2.5] [-2.5, 2.5] [-2.5, 2.5] [-2.5, 2.5] [-2.5, 2.5] [-2.5, 2.5] [-2.5, 2.5] [-2.5, 2.5] [-2.5, 2.5] [-2.5, 2.5] [-2.5, 2.5] [-2.5, 2.5] [-2.5, 2.5] [-2.5, 2.5] [-2.5, 2.5] [-2.5, 2.5] [-2.5, 2.5] [-2.5, 2.5] [-2.5, 2.5] [-2.5, 2.5] [-2.5, 2.5] [-2.5, 2.5] [-2.5, 2.5] [-2.5, 2.5] [-2.5, 2.5] [-2.5, 2.5] 
  Output range:
    0: [0.0, 2.0] [0.0, 2.0] [0.0, 2.0] [0.0, 2.0] [0.0, 2.0] [0.0, 2.0] [0.0, 2.0] [0.0, 2.0] [0.0, 2.0] [0.0, 2.0] [0.0, 2.0] [0.0, 2.0] [0.0, 2.0] [0.0, 2.0] [0.0, 2.0] [0.0, 2.0] [0.0, 2.0] [0.0, 2.0] [0.0, 2.0] [0.0, 2.0] [0.0, 2.0] [0.0, 2.0] [0.0, 2.0] [0.0, 2.0] [0.0, 2.0] [0.0, 2.0] [0.0, 2.0] [0.0, 2.0] [0.0, 2.0] [0.0, 2.0] [0.0, 2.0] [0.0, 2.0] [0.0, 2.0] [0.0, 2.0] [0.0, 2.0] [0.0, 2.0] [0.0, 1.0] [0.0, 2.0] [0.0, 2.0] [0.0, 2.0] [0.0, 2.0] [0.0, 2.0] [0.0, 2.0] [0.0, 2.0] 
    1: [0.0, 1.0] [0.0, 1.0] [0.0, 1.0] [0.0, 1.0] [0.0, 1.0] [0.0, 0.0] [0.0, 0.0] [0.0, 0.0] [0.0, 1.0] [0.0, 1.0] [0.0, 1.0] [0.0, 1.0] [0.0, 1.0] [0.0, 1.0] [0.0, 1.0] [0.0, 1.0] [0.0, 1.0] [0.0, 1.0] [0.0, 1.0] [0.0, 1.0] [0.0, 1.0] [0.0, 1.0] [0.0, 1.0] [0.0, 1.0] [0.0, 1.0] [0.0, 1.0] [0.0, 1.0] [0.0, 1.0] [0.0, 1.0] [0.0, 0.0] [0.0, 0.0] [0.0, 1.0] [0.0, 1.0] [0.0, 0.0] [0.0, 0.0] [0.0, 0.0] [0.0, 1.0] [0.0, 1.0] [0.0, 0.0] [0.0, 1.0] [0.0, 0.0] [0.0, 0.0] [0.0, 1.0] [0.0, 0.0] 
    2: [0.0, 2.0] [0.0, 2.0] [0.0, 2.0] [0.0, 2.0] [0.0, 2.0] [0.0, 2.0] [0.0, 2.0] [0.0, 2.0] [0.0, 2.0] [0.0, 2.0] [0.0, 2.0] [0.0, 2.0] [0.0, 2.0] [0.0, 2.0] [0.0, 2.0] [0.0, 2.0] [0.0, 2.0] [0.0, 2.0] [0.0, 2.0] [0.0, 2.0] [0.0, 2.0] [0.0, 2.0] [0.0, 2.0] [0.0, 2.0] [0.0, 2.0] [0.0, 2.0] [0.0, 2.0] [0.0, 2.0] [0.0, 2.0] [0.0, 2.0] [0.0, 2.0] [0.0, 2.0] [0.0, 2.0] [0.0, 2.0] [0.0, 2.0] [0.0, 2.0] [0.0, 1.0] [0.0, 2.0] [0.0, 2.0] [0.0, 2.0] [0.0, 2.0] [0.0, 2.0] [0.0, 2.0] [0.0, 2.0] 
    3: [0.0, 2.0] [0.0, 2.0] [0.0, 2.0] [0.0, 2.0] [0.0, 2.0] [0.0, 2.0] [0.0, 2.0] [0.0, 2.0] [0.0, 2.0] [0.0, 2.0] [0.0, 2.0] [0.0, 2.0] [0.0, 2.0] [0.0, 2.0] [0.0, 2.0] [0.0, 2.0] [0.0, 2.0] [0.0, 2.0] [0.0, 2.0] [0.0, 2.0] [0.0, 2.0] [0.0, 2.0] [0.0, 2.0] [0.0, 2.0] [0.0, 2.0] [0.0, 2.0] [0.0, 2.0] [0.0, 2.0] [0.0, 2.0] [0.0, 2.0] [0.0, 2.0] [0.0, 2.0] [0.0, 2.0] [0.0, 2.0] [0.0, 2.0] [0.0, 2.0] [0.0, 2.0] [0.0, 2.0] [0.0, 2.0] [0.0, 2.0] [0.0, 2.0] [0.0, 2.0] [0.0, 2.0] [0.0, 2.0] 
    4: [0.0, 2.0] [0.0, 2.0] [0.0, 2.0] [0.0, 2.0] [0.0, 2.0] [0.0, 2.0] [0.0, 2.0] [0.0, 2.0] [0.0, 2.0] [0.0, 2.0] [0.0, 2.0] [0.0, 2.0] [0.0, 2.0] [0.0, 2.0] [0.0, 2.0] [0.0, 2.0] [0.0, 2.0] [0.0, 2.0] [0.0, 2.0] [0.0, 2.0] [0.0, 2.0] [0.0, 2.0] [0.0, 2.0] [0.0, 2.0] [0.0, 2.0] [0.0, 2.0] [0.0, 2.0] [0.0, 2.0] [0.0, 2.0] [0.0, 2.0] [0.0, 2.0] [0.0, 2.0] [0.0, 2.0] [0.0, 2.0] [0.0, 2.0] [0.0, 2.0] [0.0, 2.0] [0.0, 2.0] [0.0, 2.0] [0.0, 2.0] [0.0, 2.0] [0.0, 2.0] [0.0, 2.0] [0.0, 2.0] 
    5: [0.0, 1.0] [0.0, 1.0] [0.0, 1.0] [0.0, 1.0] [0.0, 1.0] [0.0, 1.0] [0.0, 1.0] [0.0, 1.0] [0.0, 1.0] [0.0, 1.0] [0.0, 1.0] [0.0, 1.0] [0.0, 1.0] [0.0, 1.0] [0.0, 1.0] [0.0, 1.0] [0.0, 2.0] [0.0, 1.0] [0.0, 1.0] [0.0, 1.0] [0.0, 1.0] [0.0, 1.0] [0.0, 1.0] [0.0, 1.0] [0.0, 1.0] [0.0, 1.0] [0.0, 1.0] [0.0, 1.0] [0.0, 1.0] [0.0, 1.0] [0.0, 1.0] [0.0, 1.0] [0.0, 1.0] [0.0, 1.0] [0.0, 1.0] [0.0, 1.0] [0.0, 1.0] [0.0, 1.0] [0.0, 1.0] [0.0, 1.0] [0.0, 1.0] [0.0, 1.0] [0.0, 1.0] [0.0, 1.0] 
  Output fraction of data:
lick_direction: (0.413 0.444 0.344 0.237 0.483 0.449 0.394 0.580 0.445 0.290 0.325 0.447 0.439 0.362 0.378 0.423 0.352 0.246 0.336 0.424 0.392 0.357 0.458 0.473 0.465 0.341 0.364 0.478 0.450 0.507 0.499 0.415 0.481 0.463 0.441 0.599 0.469 0.391 0.388 0.467 0.439 0.436 0.403 0.442)  0.437 0.382 0.560 0.484 0.446 0.501 0.503 0.416 0.512 0.653 0.555 0.292 0.362 0.276 0.332 0.282 0.324 0.313 0.336 0.437 0.461 0.390 0.407 0.389 0.374 0.480 0.455 0.403 0.399 0.453 0.457 0.508 0.340 0.431 0.465 0.346 0.531 0.531 0.556 0.495 0.498 0.525 0.529 0.515)  0.151 0.174 0.095 0.279 0.070 0.050 0.103 0.004 0.043 0.057 0.121 0.261 0.199 0.362 0.290 0.296 0.324 0.441 0.328 0.139 0.147 0.252 0.136 0.137 0.161 0.180 0.181 0.119 0.151 0.040 0.045 0.077 0.179 0.106 0.094 0.055 0.000 0.079 0.056 0.038 0.062 0.040 0.067 0.043)  
behavioral_context: (0.726 0.774 0.946 0.876 0.988 1.000 1.000 1.000 0.991 0.962 0.808 0.934 0.897 0.821 0.865 0.609 0.611 0.640 0.664 0.672 0.669 0.657 0.720 0.748 0.696 0.950 0.888 0.969 0.970 1.000 1.000 0.997 0.976 1.000 1.000 1.000 0.993 0.994 1.000 0.997 1.000 1.000 0.987 1.000)  0.274 0.226 0.054 0.124 0.012 0.000 0.000 0.000 0.009 0.038 0.192 0.066 0.103 0.179 0.135 0.391 0.389 0.360 0.336 0.328 0.331 0.343 0.280 0.252 0.304 0.050 0.112 0.031 0.030 0.000 0.000 0.003 0.024 0.000 0.000 0.000 0.007 0.006 0.000 0.003 0.000 0.000 0.013 0.000)  
outcome: (0.071 0.054 0.231 0.189 0.223 0.187 0.228 0.053 0.090 0.322 0.268 0.075 0.063 0.045 0.041 0.151 0.111 0.071 0.080 0.079 0.167 0.105 0.126 0.102 0.196 0.087 0.103 0.207 0.183 0.049 0.102 0.074 0.100 0.067 0.074 0.104 0.154 0.090 0.110 0.178 0.089 0.059 0.076 0.086)  0.778 0.772 0.674 0.532 0.707 0.763 0.669 0.943 0.867 0.621 0.611 0.664 0.738 0.593 0.668 0.553 0.565 0.488 0.592 0.781 0.686 0.643 0.738 0.761 0.643 0.734 0.717 0.675 0.666 0.911 0.853 0.849 0.722 0.827 0.832 0.841 0.846 0.831 0.834 0.784 0.849 0.902 0.857 0.870)  0.151 0.174 0.095 0.279 0.070 0.050 0.103 0.004 0.043 0.057 0.121 0.261 0.199 0.362 0.290 0.296 0.324 0.441 0.328 0.139 0.147 0.252 0.136 0.137 0.161 0.180 0.181 0.119 0.151 0.040 0.045 0.077 0.179 0.106 0.094 0.055 0.000 0.079 0.056 0.038 0.062 0.040 0.067 0.043)  
tongue_velocity: (0.052 0.053 0.043 0.031 0.051 0.050 0.038 0.051 0.038 0.027 0.038 0.039 0.024 0.022 0.035 0.025 0.014 0.014 0.022 0.059 0.065 0.060 0.031 0.035 0.043 0.063 0.067 0.046 0.042 0.070 0.054 0.057 0.046 0.048 0.057 0.050 0.066 0.054 0.054 0.062 0.065 0.056 0.051 0.054)  0.052 0.053 0.043 0.031 0.051 0.050 0.038 0.051 0.038 0.027 0.038 0.039 0.024 0.022 0.035 0.025 0.014 0.014 0.022 0.059 0.065 0.060 0.031 0.035 0.043 0.063 0.067 0.046 0.042 0.070 0.054 0.057 0.046 0.048 0.057 0.050 0.066 0.054 0.054 0.062 0.065 0.056 0.051 0.054)  0.896 0.894 0.915 0.937 0.898 0.900 0.923 0.898 0.923 0.946 0.924 0.923 0.953 0.956 0.930 0.950 0.972 0.972 0.956 0.883 0.871 0.879 0.939 0.930 0.913 0.875 0.866 0.907 0.915 0.861 0.891 0.886 0.908 0.904 0.886 0.899 0.868 0.892 0.892 0.875 0.870 0.887 0.898 0.891)  
paw_velocity: (0.362 0.302 0.221 0.277 0.064 0.239 0.266 0.439 0.439 0.416 0.417 0.447 0.447 0.443 0.440 0.381 0.393 0.398 0.394 0.433 0.438 0.446 0.347 0.338 0.349 0.378 0.298 0.236 0.249 0.393 0.427 0.403 0.388 0.388 0.364 0.407 0.406 0.418 0.396 0.414 0.412 0.314 0.370 0.365)  0.362 0.302 0.221 0.277 0.064 0.239 0.266 0.439 0.439 0.416 0.417 0.447 0.447 0.443 0.440 0.381 0.393 0.398 0.394 0.433 0.438 0.446 0.347 0.338 0.349 0.378 0.298 0.236 0.249 0.393 0.427 0.403 0.388 0.388 0.364 0.407 0.406 0.418 0.396 0.414 0.412 0.314 0.370 0.365)  0.277 0.396 0.558 0.446 0.871 0.523 0.467 0.123 0.122 0.168 0.166 0.107 0.105 0.114 0.120 0.238 0.214 0.204 0.212 0.134 0.124 0.107 0.307 0.324 0.301 0.245 0.404 0.528 0.503 0.214 0.146 0.194 0.224 0.224 0.271 0.187 0.188 0.164 0.209 0.171 0.176 0.373 0.260 0.270)  
motion_energy: (0.500 0.500 0.500 0.500 0.500 0.499 0.500 0.500 0.500 0.500 0.498 0.500 0.500 0.500 0.500 0.472 0.486 0.500 0.482 0.499 0.500 0.500 0.500 0.500 0.500 0.500 0.500 0.500 0.499 0.500 0.500 0.500 0.500 0.500 0.500 0.500 0.500 0.500 0.500 0.500 0.500 0.500 0.500 0.500)  0.500 0.500 0.500 0.500 0.500 0.501 0.500 0.500 0.500 0.500 0.502 0.500 0.500 0.500 0.500 0.528 0.510 0.500 0.518 0.501 0.500 0.500 0.500 0.500 0.500 0.500 0.500 0.500 0.501 0.500 0.500 0.500 0.500 0.500 0.500 0.500 0.500 0.500 0.500 0.500 0.500 0.500 0.500 0.500)  0.000 0.000 0.000 0.000 0.000 0.000 0.000 0.000 0.000 0.000 0.000 0.000 0.000 0.000 0.000 0.000 0.005 0.000 0.000 0.000 0.000 0.000 0.000 0.000 0.000 0.000 0.000 0.000 0.000 0.000 0.000 0.000 0.000 0.000 0.000 0.000 0.000 0.000 0.000 0.000 0.000 0.000 0.000 0.000)  
Brain region: ALM: 2498 neurons  
Data verification complete.
