Data format is valid, no errors or warnings.
Number of sessions: 21
Total number of trials: 4837
Number of trials per session: [214, 322, 352, 274, 225, 445, 296, 233, 235, 241, 157, 177, 200, 146, 166, 168, 236, 176, 185, 195, 194]
Number of subjects: 10
Number of brain regions: 1
Number of sessions per subject:
  Subject EKH1: 1 sessions
  Subject EKH3: 1 sessions
  Subject JEB13: 3 sessions
  Subject JEB14: 3 sessions
  Subject JEB15: 4 sessions
  Subject JEB19: 4 sessions
  Subject JEB7: 2 sessions
  Subject JGR2: 2 sessions
  Subject JGR3: 1 sessions
Input dimension: 1
Output dimension: 6
Summary statistics (across all sessions):
  T: mean: 41.00, median: 41.00, min: 41, max: 41
  n_neurons: mean: 262.48', min: 27, max: 740
  Input range:
    time_from_go_cue: [-1.5, 1.5]
  Output range:
    lick_direction: [0.0, 1.0]
    behavioral_context: [0.0, 1.0]
    outcome: [0.0, 1.0]
    tongue_velocity: [0.0, 1.0]
    paw_velocity: [0.0, 1.0]
    motion_energy: [0.0, 1.0]
  Unique outputs per dimension (fraction of data):
    lick_direction: {left (0.494), right (0.506)}
    behavioral_context: {WC (0.185), DR (0.815)}
    outcome: {incorrect (0.170), correct (0.830)}
    tongue_velocity: {low (0.565), high (0.435)}
    paw_velocity: {low (0.518), high (0.482)}
    motion_energy: {low (0.500), high (0.500)}
  Brain region distribution:
    ALM: 5512 neurons

Per-session statistics:
  Mean T: 41.0, 41.0, 41.0, 41.0, 41.0, 41.0, 41.0, 41.0, 41.0, 41.0, 41.0, 41.0, 41.0, 41.0, 41.0, 41.0, 41.0, 41.0, 41.0, 41.0, 41.0
  Min T: 41, 41, 41, 41, 41, 41, 41, 41, 41, 41, 41, 41, 41, 41, 41, 41, 41, 41, 41, 41, 41
  Max T: 41, 41, 41, 41, 41, 41, 41, 41, 41, 41, 41, 41, 41, 41, 41, 41, 41, 41, 41, 41, 41
  n_neurons: 32, 53, 459, 463, 740, 488, 138, 652, 84, 27, 39, 197, 436, 567, 475, 458, 67, 27, 29, 53, 28
  Input range:
    0: [-1.5, 1.5] [-1.5, 1.5] [-1.5, 1.5] [-1.5, 1.5] [-1.5, 1.5] [-1.5, 1.5] [-1.5, 1.5] [-1.5, 1.5] [-1.5, 1.5] [-1.5, 1.5] [-1.5, 1.5] [-1.5, 1.5] [-1.5, 1.5] [-1.5, 1.5] [-1.5, 1.5] [-1.5, 1.5] [-1.5, 1.5] [-1.5, 1.5] [-1.5, 1.5] [-1.5, 1.5] [-1.5, 1.5] 
  Output range:
    0: [0.0, 1.0] [0.0, 1.0] [0.0, 1.0] [0.0, 1.0] [0.0, 1.0] [0.0, 1.0] [0.0, 1.0] [0.0, 1.0] [0.0, 1.0] [0.0, 1.0] [0.0, 1.0] [0.0, 1.0] [0.0, 1.0] [0.0, 1.0] [0.0, 1.0] [0.0, 1.0] [0.0, 1.0] [0.0, 1.0] [0.0, 1.0] [0.0, 1.0] [0.0, 1.0] 
    1: [0.0, 1.0] [0.0, 1.0] [0.0, 1.0] [0.0, 1.0] [0.0, 1.0] [0.0, 1.0] [0.0, 1.0] [0.0, 1.0] [0.0, 1.0] [0.0, 1.0] [0.0, 1.0] [0.0, 1.0] [0.0, 1.0] [0.0, 1.0] [0.0, 1.0] [0.0, 1.0] [0.0, 1.0] [0.0, 1.0] [0.0, 1.0] [0.0, 1.0] [0.0, 1.0] 
    2: [0.0, 1.0] [0.0, 1.0] [0.0, 1.0] [0.0, 1.0] [0.0, 1.0] [0.0, 1.0] [0.0, 1.0] [0.0, 1.0] [0.0, 1.0] [0.0, 1.0] [0.0, 1.0] [0.0, 1.0] [0.0, 1.0] [0.0, 1.0] [0.0, 1.0] [0.0, 1.0] [0.0, 1.0] [0.0, 1.0] [0.0, 1.0] [0.0, 1.0] [0.0, 1.0] 
    3: [0.0, 1.0] [0.0, 1.0] [0.0, 1.0] [0.0, 1.0] [0.0, 1.0] [0.0, 1.0] [0.0, 1.0] [0.0, 1.0] [0.0, 1.0] [0.0, 1.0] [0.0, 1.0] [0.0, 1.0] [0.0, 1.0] [0.0, 1.0] [0.0, 1.0] [0.0, 1.0] [0.0, 1.0] [0.0, 1.0] [0.0, 1.0] [0.0, 1.0] [0.0, 1.0] 
    4: [0.0, 1.0] [0.0, 1.0] [0.0, 1.0] [0.0, 1.0] [0.0, 1.0] [0.0, 1.0] [0.0, 1.0] [0.0, 1.0] [0.0, 1.0] [0.0, 1.0] [0.0, 1.0] [0.0, 1.0] [0.0, 1.0] [0.0, 1.0] [0.0, 1.0] [0.0, 1.0] [0.0, 1.0] [0.0, 1.0] [0.0, 1.0] [0.0, 1.0] [0.0, 1.0] 
    5: [0.0, 1.0] [0.0, 1.0] [0.0, 1.0] [0.0, 1.0] [0.0, 1.0] [0.0, 1.0] [0.0, 1.0] [0.0, 1.0] [0.0, 1.0] [0.0, 1.0] [0.0, 1.0] [0.0, 1.0] [0.0, 1.0] [0.0, 1.0] [0.0, 1.0] [0.0, 1.0] [0.0, 1.0] [0.0, 1.0] [0.0, 1.0] [0.0, 1.0] [0.0, 1.0] 
  Output fraction of data:
lick_direction: (0.458 0.472 0.443 0.467 0.484 0.533 0.615 0.605 0.579 0.485 0.522 0.520 0.405 0.438 0.506 0.488 0.360 0.511 0.470 0.492 0.474)  0.542 0.528 0.557 0.533 0.516 0.467 0.385 0.395 0.421 0.515 0.478 0.480 0.595 0.562 0.494 0.512 0.640 0.489 0.530 0.508 0.526)  
behavioral_context: (0.257 0.224 0.054 0.153 0.013 0.009 0.041 0.172 0.085 0.129 0.261 0.203 0.360 0.363 0.434 0.327 0.292 0.290 0.270 0.262 0.237)  0.743 0.776 0.946 0.847 0.987 0.991 0.959 0.828 0.915 0.871 0.739 0.797 0.640 0.637 0.566 0.673 0.708 0.710 0.730 0.738 0.763)  
outcome: (0.084 0.065 0.256 0.263 0.240 0.094 0.341 0.305 0.102 0.079 0.070 0.051 0.215 0.164 0.127 0.119 0.233 0.170 0.146 0.118 0.237)  0.916 0.935 0.744 0.737 0.760 0.906 0.659 0.695 0.898 0.921 0.930 0.949 0.785 0.836 0.873 0.881 0.767 0.830 0.854 0.882 0.763)  
tongue_velocity: (0.523 0.535 0.552 0.558 0.529 0.546 0.579 0.556 0.498 0.521 0.521 0.513 0.688 0.762 0.818 0.718 0.525 0.508 0.549 0.507 0.524)  0.477 0.465 0.448 0.442 0.471 0.454 0.421 0.444 0.502 0.479 0.479 0.487 0.312 0.238 0.182 0.282 0.475 0.492 0.451 0.493 0.476)  
paw_velocity: (0.514 0.626 0.523 0.535 0.582 0.500 0.503 0.504 0.500 0.500 0.500 0.500 0.500 0.500 0.500 0.506 0.500 0.500 0.505 0.508 0.500)  0.486 0.374 0.477 0.465 0.418 0.500 0.497 0.496 0.500 0.500 0.500 0.500 0.500 0.500 0.500 0.494 0.500 0.500 0.495 0.492 0.500)  
motion_energy: (0.500 0.500 0.500 0.499 0.500 0.500 0.500 0.500 0.500 0.500 0.500 0.500 0.500 0.500 0.500 0.500 0.500 0.500 0.500 0.500 0.500)  0.500 0.500 0.500 0.501 0.500 0.500 0.500 0.500 0.500 0.500 0.500 0.500 0.500 0.500 0.500 0.500 0.500 0.500 0.500 0.500 0.500)  
Brain region: ALM: 5512 neurons  
Data verification complete.
