Data format warnings:
  - Session 36, trial 292: all neural data is zero
  - Session 36, trial 293: all neural data is zero
  - Session 36, trial 294: all neural data is zero
  - Session 36, trial 295: all neural data is zero
  - Session 36, trial 296: all neural data is zero
  - Session 36, trial 297: all neural data is zero
  - Session 36, trial 298: all neural data is zero
  - Session 36, trial 299: all neural data is zero
  - Session 36, trial 300: all neural data is zero
  - Session 36, trial 301: all neural data is zero
  - Session 36, trial 302: all neural data is zero
  - Session 36, trial 303: all neural data is zero
  - Session 36, trial 304: all neural data is zero
  - Session 36, trial 305: all neural data is zero
  - Session 36, trial 306: all neural data is zero
  - Session 36, trial 307: all neural data is zero
  - Session 36, trial 308: all neural data is zero
  - Session 36, trial 309: all neural data is zero
  - Session 36, trial 310: all neural data is zero
  - Session 36, trial 311: all neural data is zero
  - Session 36, trial 312: all neural data is zero
  - Session 36, trial 313: all neural data is zero
  - Session 36, trial 314: all neural data is zero
  - Session 36, trial 315: all neural data is zero
  - Session 36, trial 316: all neural data is zero
  - Session 36, trial 317: all neural data is zero
  - Session 36, trial 318: all neural data is zero
  - Session 36, trial 319: all neural data is zero
  - Session 43, trial 301: all neural data is zero
  - Session 43, trial 302: all neural data is zero
  - Session 43, trial 303: all neural data is zero
  - Session 43, trial 304: all neural data is zero
  - Session 43, trial 305: all neural data is zero
  - Session 43, trial 306: all neural data is zero
  - Session 43, trial 307: all neural data is zero
  - Session 43, trial 308: all neural data is zero
  - Session 43, trial 309: all neural data is zero
  - Session 43, trial 310: all neural data is zero
  - Session 43, trial 311: all neural data is zero
  - Session 43, trial 312: all neural data is zero
  - Session 43, trial 313: all neural data is zero
  - Session 43, trial 314: all neural data is zero
  - Session 43, trial 315: all neural data is zero
  - Session 43, trial 316: all neural data is zero
  - Session 43, trial 317: all neural data is zero
  - Session 43, trial 318: all neural data is zero
  - Session 43, trial 319: all neural data is zero
  - Session 43, trial 320: all neural data is zero
  - Session 43, trial 321: all neural data is zero
  - Session 43, trial 322: all neural data is zero
  - Session 43, trial 323: all neural data is zero
  - Session 43, trial 324: all neural data is zero
  - Session 43, trial 325: all neural data is zero
  - Session 43, trial 326: all neural data is zero
  - Session 43, trial 327: all neural data is zero
  - Session 43, trial 328: all neural data is zero
  - Session 43, trial 329: all neural data is zero
  - Session 43, trial 330: all neural data is zero
  - Session 43, trial 331: all neural data is zero
  - Session 43, trial 332: all neural data is zero
  - Session 43, trial 333: all neural data is zero
Number of sessions: 44
Total number of trials: 13823
Number of trials per session: [252, 390, 302, 245, 210, 389, 380, 242, 363, 360, 474, 465, 314, 265, 318, 301, 246, 193, 284, 216, 297, 250, 214, 226, 230, 323, 321, 295, 338, 349, 381, 325, 291, 404, 340, 384, 320, 343, 392, 287, 305, 427, 238, 334]
Number of subjects: 14
Number of brain regions: 1
Number of sessions per subject:
  Subject EKH1: 1 sessions
  Subject EKH3: 1 sessions
  Subject JEB11: 2 sessions
  Subject JEB12: 2 sessions
  Subject JEB13: 5 sessions
  Subject JEB14: 4 sessions
  Subject JEB15: 4 sessions
  Subject JEB19: 4 sessions
  Subject JEB23: 7 sessions
  Subject JEB24: 8 sessions
  Subject JEB6: 1 sessions
  Subject JEB7: 2 sessions
  Subject JGR2: 2 sessions
  Subject JGR3: 1 sessions
Input dimension: 1
Output dimension: 6
Summary statistics (across all sessions):
  T: mean: 500.00, median: 500.00, min: 500, max: 500
  n_neurons: mean: 56.75', min: 17, max: 142
  Input range:
    time_from_go_cue: [-2.5, 2.5]
  Output range:
    lick_direction: [0.0, 2.0]
    context: [0.0, 1.0]
    outcome: [0.0, 2.0]
    tongue_velocity: [0.0, 2.0]
    paw_velocity: [0.0, 2.0]
    motion_energy: [0.0, 2.0]
  Unique outputs per dimension (fraction of data):
    lick_direction: {left (0.422), right (0.445), none (0.133)}
    context: {WC (0.097), DR (0.903)}
    outcome: {incorrect (0.120), correct (0.747), ignore (0.133)}
    tongue_velocity: {below_median (0.166), above_median (0.166), not_visible (0.667)}
    paw_velocity: {below_median (0.478), above_median (0.478), not_visible (0.043)}
    motion_energy: {below_median (0.464), above_median (0.464), no_video (0.072)}
  Brain region distribution:
    ALM: 2497 neurons

Per-session statistics:
  Mean T: 500.0, 500.0, 500.0, 500.0, 500.0, 500.0, 500.0, 500.0, 500.0, 500.0, 500.0, 500.0, 500.0, 500.0, 500.0, 500.0, 500.0, 500.0, 500.0, 500.0, 500.0, 500.0, 500.0, 500.0, 500.0, 500.0, 500.0, 500.0, 500.0, 500.0, 500.0, 500.0, 500.0, 500.0, 500.0, 500.0, 500.0, 500.0, 500.0, 500.0, 500.0, 500.0, 500.0, 500.0
  Min T: 500, 500, 500, 500, 500, 500, 500, 500, 500, 500, 500, 500, 500, 500, 500, 500, 500, 500, 500, 500, 500, 500, 500, 500, 500, 500, 500, 500, 500, 500, 500, 500, 500, 500, 500, 500, 500, 500, 500, 500, 500, 500, 500, 500
  Max T: 500, 500, 500, 500, 500, 500, 500, 500, 500, 500, 500, 500, 500, 500, 500, 500, 500, 500, 500, 500, 500, 500, 500, 500, 500, 500, 500, 500, 500, 500, 500, 500, 500, 500, 500, 500, 500, 500, 500, 500, 500, 500, 500, 500
  n_neurons: 48, 66, 32, 67, 27, 51, 85, 118, 34, 53, 83, 77, 136, 96, 142, 68, 54, 32, 36, 38, 68, 34, 29, 53, 28, 63, 69, 57, 40, 96, 57, 71, 35, 53, 50, 62, 17, 31, 25, 55, 35, 38, 42, 46
  Input range:
    0: [-2.5, 2.5] [-2.5, 2.5] [-2.5, 2.5] [-2.5, 2.5] [-2.5, 2.5] [-2.5, 2.5] [-2.5, 2.5] [-2.5, 2.5] [-2.5, 2.5] [-2.5, 2.5] [-2.5, 2.5] [-2.5, 2.5] [-2.5, 2.5] [-2.5, 2.5] [-2.5, 2.5] [-2.5, 2.5] [-2.5, 2.5] [-2.5, 2.5] [-2.5, 2.5] [-2.5, 2.5] [-2.5, 2.5] [-2.5, 2.5] [-2.5, 2.5] [-2.5, 2.5] [-2.5, 2.5] [-2.5, 2.5] [-2.5, 2.5] [-2.5, 2.5] [-2.5, 2.5] [-2.5, 2.5] [-2.5, 2.5] [-2.5, 2.5] [-2.5, 2.5] [-2.5, 2.5] [-2.5, 2.5] [-2.5, 2.5] [-2.5, 2.5] [-2.5, 2.5] [-2.5, 2.5] [-2.5, 2.5] [-2.5, 2.5] [-2.5, 2.5] [-2.5, 2.5] [-2.5, 2.5] 
  Output range:
    0: [0.0, 2.0] [0.0, 2.0] [0.0, 2.0] [0.0, 2.0] [0.0, 2.0] [0.0, 2.0] [0.0, 2.0] [0.0, 2.0] [0.0, 2.0] [0.0, 2.0] [0.0, 2.0] [0.0, 2.0] [0.0, 2.0] [0.0, 2.0] [0.0, 2.0] [0.0, 2.0] [0.0, 2.0] [0.0, 2.0] [0.0, 2.0] [0.0, 2.0] [0.0, 2.0] [0.0, 2.0] [0.0, 2.0] [0.0, 2.0] [0.0, 2.0] [0.0, 2.0] [0.0, 2.0] [0.0, 2.0] [0.0, 2.0] [0.0, 2.0] [0.0, 2.0] [0.0, 2.0] [0.0, 2.0] [0.0, 2.0] [0.0, 2.0] [0.0, 2.0] [0.0, 2.0] [0.0, 2.0] [0.0, 2.0] [0.0, 2.0] [0.0, 2.0] [0.0, 2.0] [0.0, 2.0] [0.0, 2.0] 
    1: [0.0, 1.0] [0.0, 1.0] [0.0, 1.0] [0.0, 1.0] [0.0, 1.0] [0.0, 1.0] [0.0, 1.0] [0.0, 1.0] [1.0, 1.0] [1.0, 1.0] [1.0, 1.0] [0.0, 1.0] [0.0, 1.0] [0.0, 1.0] [0.0, 1.0] [0.0, 1.0] [0.0, 1.0] [0.0, 1.0] [0.0, 1.0] [0.0, 1.0] [0.0, 1.0] [0.0, 1.0] [0.0, 1.0] [0.0, 1.0] [0.0, 1.0] [0.0, 1.0] [0.0, 1.0] [0.0, 1.0] [0.0, 1.0] [1.0, 1.0] [1.0, 1.0] [0.0, 1.0] [0.0, 1.0] [1.0, 1.0] [1.0, 1.0] [1.0, 1.0] [0.0, 1.0] [0.0, 1.0] [1.0, 1.0] [0.0, 1.0] [1.0, 1.0] [1.0, 1.0] [0.0, 1.0] [0.0, 1.0] 
    2: [0.0, 2.0] [0.0, 2.0] [0.0, 2.0] [0.0, 2.0] [0.0, 2.0] [0.0, 2.0] [0.0, 2.0] [0.0, 2.0] [0.0, 2.0] [0.0, 2.0] [0.0, 2.0] [0.0, 2.0] [0.0, 2.0] [0.0, 2.0] [0.0, 2.0] [0.0, 2.0] [0.0, 2.0] [0.0, 2.0] [0.0, 2.0] [0.0, 2.0] [0.0, 2.0] [0.0, 2.0] [0.0, 2.0] [0.0, 2.0] [0.0, 2.0] [0.0, 2.0] [0.0, 2.0] [0.0, 2.0] [0.0, 2.0] [0.0, 2.0] [0.0, 2.0] [0.0, 2.0] [0.0, 2.0] [0.0, 2.0] [0.0, 2.0] [0.0, 2.0] [0.0, 2.0] [0.0, 2.0] [0.0, 2.0] [0.0, 2.0] [0.0, 2.0] [0.0, 2.0] [0.0, 2.0] [0.0, 2.0] 
    3: [0.0, 2.0] [0.0, 2.0] [0.0, 2.0] [0.0, 2.0] [0.0, 2.0] [0.0, 2.0] [0.0, 2.0] [0.0, 2.0] [0.0, 2.0] [0.0, 2.0] [0.0, 2.0] [0.0, 2.0] [0.0, 2.0] [0.0, 2.0] [0.0, 2.0] [0.0, 2.0] [0.0, 2.0] [0.0, 2.0] [0.0, 2.0] [0.0, 2.0] [0.0, 2.0] [0.0, 2.0] [0.0, 2.0] [0.0, 2.0] [0.0, 2.0] [0.0, 2.0] [0.0, 2.0] [0.0, 2.0] [0.0, 2.0] [0.0, 2.0] [0.0, 2.0] [0.0, 2.0] [0.0, 2.0] [0.0, 2.0] [0.0, 2.0] [0.0, 2.0] [0.0, 2.0] [0.0, 2.0] [0.0, 2.0] [0.0, 2.0] [0.0, 2.0] [0.0, 2.0] [0.0, 2.0] [0.0, 2.0] 
    4: [0.0, 2.0] [0.0, 2.0] [0.0, 2.0] [0.0, 2.0] [0.0, 2.0] [0.0, 2.0] [0.0, 2.0] [0.0, 2.0] [0.0, 2.0] [0.0, 2.0] [0.0, 2.0] [0.0, 2.0] [0.0, 2.0] [0.0, 2.0] [0.0, 2.0] [0.0, 2.0] [0.0, 2.0] [0.0, 2.0] [0.0, 2.0] [0.0, 2.0] [0.0, 2.0] [0.0, 2.0] [0.0, 2.0] [0.0, 2.0] [0.0, 2.0] [0.0, 2.0] [0.0, 2.0] [0.0, 2.0] [0.0, 2.0] [0.0, 2.0] [0.0, 2.0] [0.0, 2.0] [0.0, 2.0] [0.0, 2.0] [0.0, 2.0] [0.0, 2.0] [0.0, 2.0] [0.0, 2.0] [0.0, 2.0] [0.0, 2.0] [0.0, 2.0] [0.0, 2.0] [0.0, 2.0] [0.0, 2.0] 
    5: [0.0, 1.0] [0.0, 1.0] [0.0, 1.0] [0.0, 1.0] [0.0, 1.0] [0.0, 1.0] [0.0, 1.0] [0.0, 1.0] [0.0, 1.0] [0.0, 1.0] [0.0, 1.0] [0.0, 1.0] [0.0, 1.0] [0.0, 1.0] [2.0, 2.0] [0.0, 1.0] [2.0, 2.0] [0.0, 1.0] [0.0, 1.0] [0.0, 2.0] [0.0, 1.0] [0.0, 1.0] [0.0, 1.0] [0.0, 1.0] [0.0, 1.0] [0.0, 1.0] [0.0, 1.0] [0.0, 1.0] [0.0, 1.0] [0.0, 1.0] [0.0, 1.0] [0.0, 1.0] [0.0, 1.0] [0.0, 1.0] [0.0, 1.0] [0.0, 1.0] [0.0, 1.0] [0.0, 1.0] [0.0, 1.0] [0.0, 1.0] [0.0, 1.0] [2.0, 2.0] [0.0, 1.0] [0.0, 1.0] 
  Output fraction of data:
lick_direction: (0.413 0.444 0.424 0.392 0.357 0.344 0.237 0.483 0.449 0.394 0.580 0.445 0.290 0.325 0.447 0.439 0.362 0.378 0.423 0.352 0.246 0.336 0.458 0.473 0.465 0.341 0.364 0.478 0.450 0.507 0.499 0.415 0.481 0.463 0.441 0.599 0.450 0.391 0.388 0.467 0.439 0.436 0.403 0.431)  0.437 0.382 0.437 0.461 0.390 0.560 0.484 0.446 0.501 0.503 0.416 0.512 0.653 0.555 0.292 0.362 0.276 0.332 0.282 0.324 0.313 0.336 0.407 0.389 0.374 0.480 0.455 0.403 0.399 0.453 0.457 0.508 0.340 0.431 0.465 0.346 0.522 0.531 0.556 0.495 0.498 0.525 0.529 0.464)  0.151 0.174 0.139 0.147 0.252 0.095 0.279 0.070 0.050 0.103 0.004 0.043 0.057 0.121 0.261 0.199 0.362 0.290 0.296 0.324 0.441 0.328 0.136 0.137 0.161 0.180 0.181 0.119 0.151 0.040 0.045 0.077 0.179 0.106 0.094 0.055 0.028 0.079 0.056 0.038 0.062 0.040 0.067 0.105)  
context: (0.274 0.226 0.328 0.331 0.343 0.054 0.124 0.012 0.000 0.000 0.000 0.009 0.038 0.192 0.066 0.103 0.179 0.135 0.391 0.389 0.360 0.336 0.280 0.252 0.304 0.050 0.112 0.031 0.030 0.000 0.000 0.003 0.024 0.000 0.000 0.000 0.006 0.006 0.000 0.003 0.000 0.000 0.013 0.021)  0.726 0.774 0.672 0.669 0.657 0.946 0.876 0.988 1.000 1.000 1.000 0.991 0.962 0.808 0.934 0.897 0.821 0.865 0.609 0.611 0.640 0.664 0.720 0.748 0.696 0.950 0.888 0.969 0.970 1.000 1.000 0.997 0.976 1.000 1.000 1.000 0.994 0.994 1.000 0.997 1.000 1.000 0.987 0.979)  
outcome: (0.071 0.054 0.079 0.167 0.105 0.231 0.189 0.223 0.187 0.228 0.053 0.090 0.322 0.268 0.075 0.063 0.045 0.041 0.151 0.111 0.071 0.080 0.126 0.102 0.196 0.087 0.103 0.207 0.183 0.049 0.102 0.074 0.100 0.067 0.074 0.104 0.153 0.090 0.110 0.178 0.089 0.059 0.076 0.087)  0.778 0.772 0.781 0.686 0.643 0.674 0.532 0.707 0.763 0.669 0.943 0.867 0.621 0.611 0.664 0.738 0.593 0.668 0.553 0.565 0.488 0.592 0.738 0.761 0.643 0.734 0.717 0.675 0.666 0.911 0.853 0.849 0.722 0.827 0.832 0.841 0.819 0.831 0.834 0.784 0.849 0.902 0.857 0.808)  0.151 0.174 0.139 0.147 0.252 0.095 0.279 0.070 0.050 0.103 0.004 0.043 0.057 0.121 0.261 0.199 0.362 0.290 0.296 0.324 0.441 0.328 0.136 0.137 0.161 0.180 0.181 0.119 0.151 0.040 0.045 0.077 0.179 0.106 0.094 0.055 0.028 0.079 0.056 0.038 0.062 0.040 0.067 0.105)  
tongue_velocity: (0.146 0.159 0.144 0.223 0.230 0.126 0.097 0.152 0.153 0.113 0.165 0.125 0.092 0.107 0.112 0.090 0.077 0.105 0.100 0.085 0.066 0.119 0.136 0.140 0.158 0.171 0.168 0.139 0.148 0.242 0.227 0.223 0.165 0.184 0.223 0.220 0.284 0.252 0.247 0.224 0.220 0.235 0.217 0.188)  0.146 0.159 0.144 0.223 0.230 0.126 0.097 0.152 0.153 0.113 0.165 0.125 0.092 0.107 0.112 0.090 0.077 0.105 0.100 0.085 0.066 0.119 0.136 0.140 0.158 0.171 0.168 0.139 0.148 0.242 0.227 0.223 0.165 0.184 0.223 0.220 0.284 0.252 0.247 0.224 0.220 0.235 0.217 0.188)  0.708 0.681 0.712 0.555 0.541 0.748 0.807 0.695 0.693 0.774 0.669 0.751 0.816 0.785 0.777 0.820 0.847 0.789 0.800 0.830 0.869 0.763 0.729 0.720 0.684 0.658 0.665 0.723 0.704 0.516 0.546 0.553 0.670 0.632 0.554 0.560 0.431 0.497 0.507 0.552 0.560 0.531 0.567 0.625)  
paw_velocity: (0.483 0.496 0.496 0.494 0.495 0.491 0.468 0.496 0.497 0.470 0.497 0.497 0.496 0.495 0.497 0.497 0.494 0.497 0.497 0.495 0.497 0.497 0.497 0.496 0.497 0.460 0.464 0.464 0.462 0.462 0.464 0.460 0.459 0.462 0.461 0.464 0.459 0.463 0.462 0.463 0.462 0.461 0.460 0.462)  0.483 0.496 0.496 0.494 0.495 0.491 0.468 0.496 0.497 0.470 0.497 0.497 0.496 0.495 0.497 0.497 0.494 0.497 0.497 0.495 0.497 0.497 0.497 0.496 0.497 0.460 0.464 0.464 0.462 0.462 0.464 0.460 0.459 0.462 0.461 0.464 0.459 0.463 0.462 0.463 0.462 0.461 0.460 0.462)  0.035 0.009 0.009 0.012 0.009 0.017 0.064 0.008 0.006 0.060 0.006 0.007 0.009 0.010 0.006 0.007 0.012 0.006 0.006 0.010 0.006 0.006 0.006 0.009 0.006 0.080 0.072 0.072 0.076 0.075 0.073 0.079 0.082 0.076 0.079 0.073 0.082 0.073 0.076 0.074 0.076 0.078 0.080 0.076)  
motion_energy: (0.500 0.500 0.500 0.500 0.500 0.500 0.500 0.498 0.500 0.500 0.500 0.500 0.500 0.500 0.000 0.500 0.000 0.500 0.500 0.497 0.494 0.500 0.500 0.500 0.500 0.500 0.500 0.500 0.500 0.500 0.500 0.500 0.500 0.500 0.500 0.500 0.500 0.500 0.500 0.500 0.500 0.000 0.500 0.500)  0.500 0.500 0.500 0.500 0.500 0.500 0.500 0.502 0.500 0.500 0.500 0.500 0.500 0.500 0.000 0.500 0.000 0.500 0.500 0.499 0.506 0.500 0.500 0.500 0.500 0.500 0.500 0.500 0.500 0.500 0.500 0.500 0.500 0.500 0.500 0.500 0.500 0.500 0.500 0.500 0.500 0.000 0.500 0.500)  0.000 0.000 0.000 0.000 0.000 0.000 0.000 0.000 0.000 0.000 0.000 0.000 0.000 0.000 1.000 0.000 1.000 0.000 0.000 0.005 0.000 0.000 0.000 0.000 0.000 0.000 0.000 0.000 0.000 0.000 0.000 0.000 0.000 0.000 0.000 0.000 0.000 0.000 0.000 0.000 0.000 1.000 0.000 0.000)  
Brain region: ALM: 2497 neurons  
Data verification complete.
