Data format is valid, no errors or warnings.
Number of sessions: 25
Total number of trials: 7426
Number of trials per session: [252, 390, 389, 380, 242, 363, 360, 474, 465, 314, 265, 318, 301, 246, 193, 284, 216, 297, 250, 302, 245, 210, 214, 226, 230]
Number of subjects: 10
Number of brain regions: 1
Number of sessions per subject:
  Subject EKH1: 1 sessions
  Subject EKH3: 1 sessions
  Subject JEB13: 5 sessions
  Subject JEB14: 4 sessions
  Subject JEB15: 4 sessions
  Subject JEB19: 4 sessions
  Subject JEB6: 1 sessions
  Subject JEB7: 2 sessions
  Subject JGR2: 2 sessions
  Subject JGR3: 1 sessions
Input dimension: 1
Output dimension: 6
Summary statistics (across all sessions):
  T: mean: 500.00, median: 500.00, min: 500, max: 500
  n_neurons: mean: 94.68', min: 27, max: 243
  Input range:
    time_from_go_cue: [-2.5, 2.5]
  Output range:
    lick_direction: [0.0, 2.0]
    behavioral_context: [0.0, 1.0]
    outcome: [0.0, 2.0]
    tongue_velocity: [0.0, 2.0]
    paw_velocity: [0.0, 2.0]
    motion_energy: [0.0, 2.0]
  Unique outputs per dimension (fraction of data):
    lick_direction: {left (0.416), right (0.413), none (0.172)}
    behavioral_context: {WC (0.167), DR (0.833)}
    outcome: {incorrect (0.134), correct (0.694), ignore (0.172)}
    tongue_velocity: {lt_median (0.000), ge_median (0.000), not_visible (0.999)}
    paw_velocity: {lt_median (0.186), ge_median (0.188), not_visible (0.626)}
    motion_energy: {lt_median (0.459), ge_median (0.465), no_video (0.076)}
  Brain region distribution:
    ALM: 2367 neurons

Per-session statistics:
  Mean T: 500.0, 500.0, 500.0, 500.0, 500.0, 500.0, 500.0, 500.0, 500.0, 500.0, 500.0, 500.0, 500.0, 500.0, 500.0, 500.0, 500.0, 500.0, 500.0, 500.0, 500.0, 500.0, 500.0, 500.0, 500.0
  Min T: 500, 500, 500, 500, 500, 500, 500, 500, 500, 500, 500, 500, 500, 500, 500, 500, 500, 500, 500, 500, 500, 500, 500, 500, 500
  Max T: 500, 500, 500, 500, 500, 500, 500, 500, 500, 500, 500, 500, 500, 500, 500, 500, 500, 500, 500, 500, 500, 500, 500, 500, 500
  n_neurons: 80, 119, 86, 121, 187, 91, 53, 163, 137, 243, 179, 142, 68, 54, 229, 36, 38, 69, 36, 32, 67, 27, 29, 53, 28
  Input range:
    0: [-2.5, 2.5] [-2.5, 2.5] [-2.5, 2.5] [-2.5, 2.5] [-2.5, 2.5] [-2.5, 2.5] [-2.5, 2.5] [-2.5, 2.5] [-2.5, 2.5] [-2.5, 2.5] [-2.5, 2.5] [-2.5, 2.5] [-2.5, 2.5] [-2.5, 2.5] [-2.5, 2.5] [-2.5, 2.5] [-2.5, 2.5] [-2.5, 2.5] [-2.5, 2.5] [-2.5, 2.5] [-2.5, 2.5] [-2.5, 2.5] [-2.5, 2.5] [-2.5, 2.5] [-2.5, 2.5] 
  Output range:
    0: [0.0, 2.0] [0.0, 2.0] [0.0, 2.0] [0.0, 2.0] [0.0, 2.0] [0.0, 2.0] [0.0, 2.0] [0.0, 2.0] [0.0, 2.0] [0.0, 2.0] [0.0, 2.0] [0.0, 2.0] [0.0, 2.0] [0.0, 2.0] [0.0, 2.0] [0.0, 2.0] [0.0, 2.0] [0.0, 2.0] [0.0, 2.0] [0.0, 2.0] [0.0, 2.0] [0.0, 2.0] [0.0, 2.0] [0.0, 2.0] [0.0, 2.0] 
    1: [0.0, 1.0] [0.0, 1.0] [0.0, 1.0] [0.0, 1.0] [0.0, 1.0] [1.0, 1.0] [1.0, 1.0] [1.0, 1.0] [0.0, 1.0] [0.0, 1.0] [0.0, 1.0] [0.0, 1.0] [0.0, 1.0] [0.0, 1.0] [0.0, 1.0] [0.0, 1.0] [0.0, 1.0] [0.0, 1.0] [0.0, 1.0] [0.0, 1.0] [0.0, 1.0] [0.0, 1.0] [0.0, 1.0] [0.0, 1.0] [0.0, 1.0] 
    2: [0.0, 2.0] [0.0, 2.0] [0.0, 2.0] [0.0, 2.0] [0.0, 2.0] [0.0, 2.0] [0.0, 2.0] [0.0, 2.0] [0.0, 2.0] [0.0, 2.0] [0.0, 2.0] [0.0, 2.0] [0.0, 2.0] [0.0, 2.0] [0.0, 2.0] [0.0, 2.0] [0.0, 2.0] [0.0, 2.0] [0.0, 2.0] [0.0, 2.0] [0.0, 2.0] [0.0, 2.0] [0.0, 2.0] [0.0, 2.0] [0.0, 2.0] 
    3: [0.0, 2.0] [0.0, 2.0] [0.0, 2.0] [0.0, 2.0] [0.0, 2.0] [0.0, 2.0] [0.0, 2.0] [0.0, 2.0] [0.0, 2.0] [0.0, 2.0] [0.0, 2.0] [0.0, 2.0] [0.0, 2.0] [0.0, 2.0] [0.0, 2.0] [0.0, 2.0] [0.0, 2.0] [0.0, 2.0] [0.0, 2.0] [0.0, 2.0] [0.0, 2.0] [0.0, 2.0] [0.0, 2.0] [0.0, 2.0] [0.0, 2.0] 
    4: [0.0, 2.0] [0.0, 2.0] [0.0, 2.0] [0.0, 2.0] [0.0, 2.0] [0.0, 2.0] [0.0, 2.0] [0.0, 2.0] [0.0, 2.0] [0.0, 2.0] [0.0, 2.0] [0.0, 2.0] [0.0, 2.0] [0.0, 2.0] [0.0, 2.0] [0.0, 2.0] [0.0, 2.0] [0.0, 2.0] [0.0, 2.0] [0.0, 2.0] [0.0, 2.0] [0.0, 2.0] [0.0, 2.0] [0.0, 2.0] [0.0, 2.0] 
    5: [0.0, 1.0] [0.0, 1.0] [0.0, 1.0] [0.0, 1.0] [0.0, 1.0] [0.0, 1.0] [0.0, 1.0] [0.0, 1.0] [0.0, 1.0] [0.0, 1.0] [0.0, 1.0] [2.0, 2.0] [0.0, 1.0] [2.0, 2.0] [0.0, 1.0] [0.0, 1.0] [0.0, 1.0] [0.0, 1.0] [0.0, 1.0] [0.0, 1.0] [0.0, 1.0] [0.0, 1.0] [0.0, 1.0] [0.0, 1.0] [0.0, 1.0] 
  Output fraction of data:
lick_direction: (0.389 0.390 0.401 0.337 0.450 0.515 0.494 0.532 0.510 0.580 0.532 0.428 0.389 0.333 0.358 0.285 0.296 0.283 0.328 0.411 0.298 0.376 0.407 0.425 0.400)  0.460 0.436 0.504 0.384 0.479 0.435 0.403 0.464 0.447 0.363 0.347 0.311 0.412 0.305 0.352 0.419 0.380 0.276 0.344 0.450 0.555 0.371 0.458 0.438 0.439)  0.151 0.174 0.095 0.279 0.070 0.050 0.103 0.004 0.043 0.057 0.121 0.261 0.199 0.362 0.290 0.296 0.324 0.441 0.328 0.139 0.147 0.252 0.136 0.137 0.161)  
behavioral_context: (0.274 0.226 0.054 0.124 0.012 0.000 0.000 0.000 0.009 0.038 0.192 0.066 0.103 0.179 0.135 0.391 0.389 0.360 0.336 0.328 0.331 0.343 0.280 0.252 0.304)  0.726 0.774 0.946 0.876 0.988 1.000 1.000 1.000 0.991 0.962 0.808 0.934 0.897 0.821 0.865 0.609 0.611 0.640 0.664 0.672 0.669 0.657 0.720 0.748 0.696)  
outcome: (0.071 0.054 0.231 0.189 0.223 0.187 0.228 0.053 0.090 0.322 0.268 0.075 0.063 0.045 0.041 0.151 0.111 0.071 0.080 0.079 0.167 0.105 0.126 0.102 0.196)  0.778 0.772 0.674 0.532 0.707 0.763 0.669 0.943 0.867 0.621 0.611 0.664 0.738 0.593 0.668 0.553 0.565 0.488 0.592 0.781 0.686 0.643 0.738 0.761 0.643)  0.151 0.174 0.095 0.279 0.070 0.050 0.103 0.004 0.043 0.057 0.121 0.261 0.199 0.362 0.290 0.296 0.324 0.441 0.328 0.139 0.147 0.252 0.136 0.137 0.161)  
tongue_velocity: (0.000 0.001 0.000 0.000 0.000 0.000 0.000 0.000 0.000 0.000 0.000 0.000 0.000 0.000 0.000 0.000 0.000 0.000 0.000 0.000 0.000 0.000 0.000 0.001 0.001)  0.000 0.001 0.000 0.000 0.000 0.000 0.000 0.000 0.000 0.000 0.000 0.000 0.000 0.000 0.000 0.000 0.000 0.000 0.000 0.001 0.001 0.001 0.000 0.001 0.002)  0.999 0.999 1.000 1.000 1.000 1.000 1.000 0.999 1.000 1.000 1.000 1.000 1.000 1.000 1.000 0.999 0.999 1.000 1.000 0.999 0.999 0.999 0.999 0.997 0.997)  
paw_velocity: (0.189 0.198 0.189 0.163 0.187 0.191 0.172 0.198 0.198 0.197 0.194 0.198 0.198 0.196 0.198 0.148 0.147 0.148 0.148 0.198 0.198 0.198 0.198 0.197 0.197)  0.191 0.200 0.191 0.164 0.188 0.192 0.174 0.200 0.200 0.199 0.196 0.200 0.200 0.198 0.200 0.150 0.149 0.150 0.150 0.200 0.200 0.200 0.200 0.199 0.199)  0.620 0.602 0.620 0.673 0.625 0.617 0.654 0.602 0.602 0.604 0.610 0.602 0.602 0.605 0.602 0.702 0.703 0.702 0.702 0.602 0.602 0.602 0.603 0.604 0.605)  
motion_energy: (0.498 0.497 0.498 0.497 0.499 0.499 0.498 0.499 0.498 0.498 0.498 0.000 0.495 0.000 0.497 0.489 0.488 0.488 0.489 0.497 0.499 0.497 0.496 0.496 0.497)  0.502 0.503 0.502 0.503 0.501 0.501 0.502 0.501 0.502 0.502 0.502 0.000 0.505 0.000 0.503 0.511 0.512 0.512 0.511 0.503 0.501 0.503 0.504 0.504 0.503)  0.000 0.000 0.000 0.000 0.000 0.000 0.000 0.000 0.000 0.000 0.000 1.000 0.000 1.000 0.000 0.000 0.000 0.000 0.000 0.000 0.000 0.000 0.000 0.000 0.000)  
Brain region: ALM: 2367 neurons  
Data verification complete.
