Data format is valid, no errors or warnings.
Number of sessions: 41
Total number of trials: 536
Number of trials per session: [10, 10, 9, 9, 9, 10, 10, 10, 10, 9, 9, 9, 10, 10, 15, 15, 15, 15, 15, 15, 15, 15, 15, 15, 15, 14, 15, 15, 15, 15, 15, 14, 15, 15, 15, 15, 15, 15, 15, 15, 14]
Number of subjects: 6
Number of brain regions: 1
Number of sessions per subject:
  Subject jm031: 7 sessions
  Subject jm032: 7 sessions
  Subject jm038: 7 sessions
  Subject jm039: 7 sessions
  Subject jm040: 6 sessions
  Subject jm046: 7 sessions
Input dimension: 1
Output dimension: 1
Summary statistics (across all sessions):
  T: mean: 360.00, median: 360.00, min: 360, max: 360
  n_neurons: mean: 498.66', min: 221, max: 746
  Input range:
    time_from_session_start_s: [0.2, 1799.8]
  Output range:
    motion_energy_bin: [0.0, 4.0]
  Unique outputs per dimension (fraction of data):
    motion_energy_bin: {bin_0 (0.200), bin_1 (0.200), bin_2 (0.200), bin_3 (0.200), bin_4 (0.200)}
  Brain region distribution:
    barrel_cortex_L2_3: 20445 neurons

Per-session statistics:
  Mean T: 360.0, 360.0, 360.0, 360.0, 360.0, 360.0, 360.0, 360.0, 360.0, 360.0, 360.0, 360.0, 360.0, 360.0, 360.0, 360.0, 360.0, 360.0, 360.0, 360.0, 360.0, 360.0, 360.0, 360.0, 360.0, 360.0, 360.0, 360.0, 360.0, 360.0, 360.0, 360.0, 360.0, 360.0, 360.0, 360.0, 360.0, 360.0, 360.0, 360.0, 360.0
  Min T: 360, 360, 360, 360, 360, 360, 360, 360, 360, 360, 360, 360, 360, 360, 360, 360, 360, 360, 360, 360, 360, 360, 360, 360, 360, 360, 360, 360, 360, 360, 360, 360, 360, 360, 360, 360, 360, 360, 360, 360, 360
  Max T: 360, 360, 360, 360, 360, 360, 360, 360, 360, 360, 360, 360, 360, 360, 360, 360, 360, 360, 360, 360, 360, 360, 360, 360, 360, 360, 360, 360, 360, 360, 360, 360, 360, 360, 360, 360, 360, 360, 360, 360, 360
  n_neurons: 221, 221, 221, 221, 221, 221, 221, 370, 370, 370, 370, 370, 370, 370, 685, 685, 685, 685, 685, 685, 685, 746, 746, 746, 746, 746, 746, 746, 541, 541, 541, 541, 541, 541, 435, 435, 435, 435, 435, 435, 435
  Input range:
    0: [0.2, 1199.8] [0.2, 1199.8] [0.2, 1079.8] [0.2, 1079.8] [0.2, 1079.8] [0.2, 1199.8] [0.2, 1199.8] [0.2, 1199.8] [0.2, 1199.8] [0.2, 1079.8] [0.2, 1079.8] [0.2, 1079.8] [0.2, 1199.8] [0.2, 1199.8] [0.2, 1799.8] [0.2, 1799.8] [0.2, 1799.8] [0.2, 1799.8] [0.2, 1799.8] [0.2, 1799.8] [0.2, 1799.8] [0.2, 1799.8] [0.2, 1799.8] [0.2, 1799.8] [0.2, 1799.8] [0.2, 1679.8] [0.2, 1799.8] [0.2, 1799.8] [0.2, 1799.8] [0.2, 1799.8] [0.2, 1799.8] [0.2, 1679.8] [0.2, 1799.8] [0.2, 1799.8] [0.2, 1799.8] [0.2, 1799.8] [0.2, 1799.8] [0.2, 1799.8] [0.2, 1799.8] [0.2, 1799.8] [0.2, 1679.8] 
  Output range:
    0: [1.0, 4.0] [0.0, 4.0] [0.0, 4.0] [0.0, 4.0] [0.0, 4.0] [0.0, 4.0] [0.0, 4.0] [0.0, 4.0] [0.0, 4.0] [0.0, 4.0] [0.0, 4.0] [0.0, 4.0] [0.0, 4.0] [0.0, 4.0] [0.0, 4.0] [0.0, 4.0] [0.0, 4.0] [0.0, 4.0] [0.0, 4.0] [0.0, 4.0] [0.0, 4.0] [0.0, 4.0] [0.0, 4.0] [0.0, 4.0] [0.0, 4.0] [0.0, 4.0] [0.0, 4.0] [0.0, 4.0] [0.0, 4.0] [0.0, 4.0] [0.0, 4.0] [0.0, 4.0] [0.0, 4.0] [0.0, 4.0] [2.0, 4.0] [2.0, 4.0] [1.0, 4.0] [2.0, 4.0] [2.0, 4.0] [3.0, 4.0] [3.0, 4.0] 
  Output fraction of data:
motion_energy_bin: (0.000 0.049 0.699 0.782 0.592 0.761 0.128 0.621 0.241 0.787 0.661 0.489 0.225 0.004 0.483 0.458 0.360 0.231 0.322 0.247 0.133 0.023 0.059 0.092 0.092 0.070 0.068 0.003 0.423 0.036 0.209 0.057 0.011 0.023 0.000 0.000 0.000 0.000 0.000 0.000 0.000)  0.797 0.519 0.096 0.019 0.037 0.026 0.571 0.222 0.287 0.075 0.028 0.094 0.379 0.271 0.169 0.200 0.320 0.388 0.234 0.340 0.276 0.264 0.340 0.184 0.196 0.287 0.276 0.209 0.287 0.226 0.218 0.166 0.129 0.211 0.000 0.000 0.000 0.000 0.000 0.000 0.000)  0.146 0.179 0.049 0.015 0.032 0.025 0.052 0.035 0.120 0.046 0.022 0.035 0.048 0.491 0.124 0.109 0.137 0.156 0.158 0.216 0.282 0.309 0.274 0.354 0.349 0.320 0.317 0.445 0.107 0.465 0.224 0.276 0.460 0.379 0.503 0.161 0.080 0.111 0.019 0.000 0.000)  0.042 0.107 0.049 0.039 0.087 0.050 0.043 0.048 0.121 0.050 0.056 0.046 0.040 0.078 0.109 0.097 0.083 0.092 0.153 0.112 0.145 0.217 0.158 0.194 0.189 0.169 0.204 0.210 0.095 0.168 0.188 0.277 0.254 0.188 0.316 0.438 0.465 0.587 0.586 0.545 0.417)  0.015 0.145 0.106 0.146 0.252 0.138 0.207 0.074 0.230 0.042 0.232 0.337 0.309 0.156 0.114 0.135 0.099 0.133 0.134 0.085 0.164 0.187 0.169 0.176 0.174 0.154 0.135 0.133 0.088 0.106 0.162 0.224 0.147 0.199 0.182 0.401 0.455 0.302 0.396 0.455 0.583)  
Brain region: barrel_cortex_L2_3: 20445 neurons  
Training on 427 trials, testing on 109 trials
Using device: cuda
Using balanced loss with class weights:
  Output 0: [0.20102155 0.19471197 0.20154218 0.20037945 0.20234485]
Epoch [1/200], Loss: 6102.909370
Epoch [2/200], Loss: 4928.316826
Epoch [3/200], Loss: 3907.624443
Epoch [4/200], Loss: 3162.928477
Epoch [5/200], Loss: 2637.366482
Epoch [6/200], Loss: 2260.419569
Epoch [7/200], Loss: 2021.078028
Epoch [8/200], Loss: 1898.948308
Epoch [9/200], Loss: 1842.400531
Epoch [10/200], Loss: 1801.036277
Epoch [20/200], Loss: 1247.572305
Epoch [30/200], Loss: 734.606764
Epoch [40/200], Loss: 450.154347
Epoch [50/200], Loss: 290.605816
Epoch [60/200], Loss: 189.557433
Epoch [70/200], Loss: 137.014636
Epoch [80/200], Loss: 106.589146
Epoch [90/200], Loss: 100.321208
Epoch [100/200], Loss: 101.767813
Epoch [110/200], Loss: 91.133468
Epoch [120/200], Loss: 93.271819
Epoch [130/200], Loss: 84.656352
Epoch [140/200], Loss: 73.899192
Epoch [150/200], Loss: 66.147061
Epoch [160/200], Loss: 72.885060
Epoch [170/200], Loss: 77.332813
Epoch [180/200], Loss: 73.131850
Epoch [190/200], Loss: 81.983879
Epoch [200/200], Loss: 66.989039
Test Loss: 65.208150

Training Balanced Accuracy Scores (chance = 1/num_classes):
  0 (motion_energy_bin): 0.3931  (chance: 0.2000)

Validation Balanced Accuracy Scores (chance = 1/num_classes):
  0 (motion_energy_bin): 0.3865  (chance: 0.2000)
