Data format is valid, no errors or warnings.
Number of sessions: 171
Total number of trials: 41904
Number of trials per session: [39, 173, 150, 179, 152, 164, 110, 171, 225, 240, 179, 232, 176, 228, 127, 249, 257, 194, 281, 312, 283, 255, 303, 293, 311, 227, 335, 389, 393, 273, 393, 264, 299, 263, 376, 283, 145, 213, 144, 184, 252, 260, 262, 272, 269, 258, 222, 269, 249, 271, 228, 283, 245, 311, 323, 236, 179, 275, 258, 185, 367, 351, 267, 188, 317, 198, 215, 270, 310, 360, 324, 194, 300, 247, 290, 229, 303, 284, 337, 204, 275, 148, 244, 184, 314, 315, 215, 376, 223, 350, 350, 194, 328, 353, 297, 205, 247, 77, 294, 216, 107, 302, 125, 315, 321, 79, 336, 105, 336, 110, 368, 229, 254, 207, 367, 261, 148, 91, 305, 249, 135, 268, 204, 224, 190, 327, 188, 167, 96, 255, 186, 220, 234, 315, 283, 302, 201, 219, 203, 144, 226, 160, 311, 207, 302, 291, 313, 311, 348, 312, 301, 315, 86, 166, 286, 277, 242, 212, 256, 207, 257, 197, 227, 260, 220, 262, 309, 243, 243, 121, 129]
Number of subjects: 38
Number of brain regions: 2
Number of sessions per subject:
  Subject 403491: 2 sessions
  Subject 412366: 4 sessions
  Subject 412036: 3 sessions
  Subject 421136: 3 sessions
  Subject 425496: 4 sessions
  Subject 425493: 3 sessions
  Subject 431023: 4 sessions
  Subject 423606: 4 sessions
  Subject 429952: 4 sessions
  Subject 431252: 5 sessions
  Subject 440298: 3 sessions
  Subject 442709: 4 sessions
  Subject 445270: 6 sessions
  Subject 436662: 4 sessions
  Subject 445002: 4 sessions
  Subject 447663: 5 sessions
  Subject 450471: 7 sessions
  Subject 448900: 5 sessions
  Subject 449441: 4 sessions
  Subject 456564: 6 sessions
  Subject 453913: 3 sessions
  Subject 456916: 4 sessions
  Subject 456917: 4 sessions
  Subject 459773: 4 sessions
  Subject 468866: 7 sessions
  Subject 459777: 4 sessions
  Subject 457766: 9 sessions
  Subject 457841: 6 sessions
  Subject 467302: 4 sessions
  Subject 479426: 4 sessions
  Subject 495789: 4 sessions
  Subject 524274: 5 sessions
  Subject 533527: 5 sessions
  Subject 523927: 4 sessions
  Subject 544261: 5 sessions
  Subject 538219: 5 sessions
  Subject 546819: 5 sessions
  Subject 549976: 5 sessions
Input dimension: 0
Output dimension: 5
Summary statistics (across all sessions):
  T: mean: 24.00, median: 24.00, min: 24, max: 24
  n_neurons: mean: 170.57', min: 6, max: 666
  Input range:
  Output range:
    image_identity: [0.0, 15.0]
    image_change: [0.0, 1.0]
    running_speed_quintile: [0.0, 4.0]
    pupil_diameter_quintile: [0.0, 4.0]
    trial_outcome: [0.0, 3.0]
  Unique outputs per dimension (fraction of data):
    image_identity: {im000 (0.060), im031 (0.061), im035 (0.060), im045 (0.060), im054 (0.060), im061 (0.065), im062 (0.065), im063 (0.065), im065 (0.064), im066 (0.065), im069 (0.064), im073 (0.061), im075 (0.061), im077 (0.064), im085 (0.065), im106 (0.060)}
    image_change: {no_change (0.891), change (0.109)}
    running_speed_quintile: {speed_q1 (0.200), speed_q2 (0.200), speed_q3 (0.200), speed_q4 (0.200), speed_q5 (0.200)}
    pupil_diameter_quintile: {pupil_q1 (0.200), pupil_q2 (0.200), pupil_q3 (0.200), pupil_q4 (0.200), pupil_q5 (0.200)}
    trial_outcome: {hit (0.323), miss (0.552), false_alarm (0.019), correct_reject (0.106)}
  Brain region distribution:
    VISp: 29006 neurons
    VISl: 162 neurons

Per-session statistics:
  Mean T: 24.0, 24.0, 24.0, 24.0, 24.0, 24.0, 24.0, 24.0, 24.0, 24.0, 24.0, 24.0, 24.0, 24.0, 24.0, 24.0, 24.0, 24.0, 24.0, 24.0, 24.0, 24.0, 24.0, 24.0, 24.0, 24.0, 24.0, 24.0, 24.0, 24.0, 24.0, 24.0, 24.0, 24.0, 24.0, 24.0, 24.0, 24.0, 24.0, 24.0, 24.0, 24.0, 24.0, 24.0, 24.0, 24.0, 24.0, 24.0, 24.0, 24.0, 24.0, 24.0, 24.0, 24.0, 24.0, 24.0, 24.0, 24.0, 24.0, 24.0, 24.0, 24.0, 24.0, 24.0, 24.0, 24.0, 24.0, 24.0, 24.0, 24.0, 24.0, 24.0, 24.0, 24.0, 24.0, 24.0, 24.0, 24.0, 24.0, 24.0, 24.0, 24.0, 24.0, 24.0, 24.0, 24.0, 24.0, 24.0, 24.0, 24.0, 24.0, 24.0, 24.0, 24.0, 24.0, 24.0, 24.0, 24.0, 24.0, 24.0, 24.0, 24.0, 24.0, 24.0, 24.0, 24.0, 24.0, 24.0, 24.0, 24.0, 24.0, 24.0, 24.0, 24.0, 24.0, 24.0, 24.0, 24.0, 24.0, 24.0, 24.0, 24.0, 24.0, 24.0, 24.0, 24.0, 24.0, 24.0, 24.0, 24.0, 24.0, 24.0, 24.0, 24.0, 24.0, 24.0, 24.0, 24.0, 24.0, 24.0, 24.0, 24.0, 24.0, 24.0, 24.0, 24.0, 24.0, 24.0, 24.0, 24.0, 24.0, 24.0, 24.0, 24.0, 24.0, 24.0, 24.0, 24.0, 24.0, 24.0, 24.0, 24.0, 24.0, 24.0, 24.0, 24.0, 24.0, 24.0, 24.0, 24.0, 24.0
  Min T: 24, 24, 24, 24, 24, 24, 24, 24, 24, 24, 24, 24, 24, 24, 24, 24, 24, 24, 24, 24, 24, 24, 24, 24, 24, 24, 24, 24, 24, 24, 24, 24, 24, 24, 24, 24, 24, 24, 24, 24, 24, 24, 24, 24, 24, 24, 24, 24, 24, 24, 24, 24, 24, 24, 24, 24, 24, 24, 24, 24, 24, 24, 24, 24, 24, 24, 24, 24, 24, 24, 24, 24, 24, 24, 24, 24, 24, 24, 24, 24, 24, 24, 24, 24, 24, 24, 24, 24, 24, 24, 24, 24, 24, 24, 24, 24, 24, 24, 24, 24, 24, 24, 24, 24, 24, 24, 24, 24, 24, 24, 24, 24, 24, 24, 24, 24, 24, 24, 24, 24, 24, 24, 24, 24, 24, 24, 24, 24, 24, 24, 24, 24, 24, 24, 24, 24, 24, 24, 24, 24, 24, 24, 24, 24, 24, 24, 24, 24, 24, 24, 24, 24, 24, 24, 24, 24, 24, 24, 24, 24, 24, 24, 24, 24, 24, 24, 24, 24, 24, 24, 24
  Max T: 24, 24, 24, 24, 24, 24, 24, 24, 24, 24, 24, 24, 24, 24, 24, 24, 24, 24, 24, 24, 24, 24, 24, 24, 24, 24, 24, 24, 24, 24, 24, 24, 24, 24, 24, 24, 24, 24, 24, 24, 24, 24, 24, 24, 24, 24, 24, 24, 24, 24, 24, 24, 24, 24, 24, 24, 24, 24, 24, 24, 24, 24, 24, 24, 24, 24, 24, 24, 24, 24, 24, 24, 24, 24, 24, 24, 24, 24, 24, 24, 24, 24, 24, 24, 24, 24, 24, 24, 24, 24, 24, 24, 24, 24, 24, 24, 24, 24, 24, 24, 24, 24, 24, 24, 24, 24, 24, 24, 24, 24, 24, 24, 24, 24, 24, 24, 24, 24, 24, 24, 24, 24, 24, 24, 24, 24, 24, 24, 24, 24, 24, 24, 24, 24, 24, 24, 24, 24, 24, 24, 24, 24, 24, 24, 24, 24, 24, 24, 24, 24, 24, 24, 24, 24, 24, 24, 24, 24, 24, 24, 24, 24, 24, 24, 24, 24, 24, 24, 24, 24, 24
  n_neurons: 89, 142, 208, 27, 199, 221, 45, 190, 49, 39, 22, 251, 194, 286, 46, 196, 302, 200, 212, 164, 122, 436, 167, 410, 504, 110, 483, 29, 22, 157, 20, 161, 162, 146, 13, 143, 136, 429, 426, 556, 48, 537, 151, 188, 209, 123, 120, 242, 125, 233, 127, 64, 209, 49, 62, 151, 184, 63, 171, 108, 156, 175, 65, 98, 557, 77, 85, 604, 666, 469, 556, 52, 415, 83, 511, 98, 457, 463, 516, 81, 490, 85, 242, 83, 482, 164, 230, 115, 254, 134, 560, 245, 158, 504, 558, 197, 194, 18, 95, 180, 23, 69, 120, 88, 39, 9, 381, 12, 354, 14, 451, 17, 392, 88, 363, 14, 360, 340, 67, 34, 549, 78, 422, 43, 37, 13, 11, 15, 18, 511, 438, 517, 555, 13, 9, 9, 6, 22, 20, 18, 18, 16, 10, 8, 7, 7, 10, 18, 36, 13, 37, 30, 20, 21, 29, 18, 18, 25, 23, 26, 23, 20, 22, 21, 18, 10, 15, 10, 13, 17, 20
  Input range:
  Output range:
    0: [5.0, 14.0] [0.0, 15.0] [5.0, 14.0] [5.0, 14.0] [5.0, 14.0] [0.0, 15.0] [5.0, 14.0] [0.0, 15.0] [0.0, 15.0] [5.0, 14.0] [0.0, 15.0] [5.0, 14.0] [5.0, 14.0] [5.0, 14.0] [0.0, 15.0] [0.0, 15.0] [0.0, 15.0] [0.0, 15.0] [0.0, 15.0] [0.0, 15.0] [0.0, 15.0] [5.0, 14.0] [5.0, 14.0] [5.0, 14.0] [0.0, 15.0] [5.0, 14.0] [0.0, 15.0] [5.0, 14.0] [0.0, 15.0] [5.0, 14.0] [0.0, 15.0] [5.0, 14.0] [0.0, 15.0] [0.0, 15.0] [5.0, 14.0] [0.0, 15.0] [5.0, 14.0] [5.0, 14.0] [5.0, 14.0] [0.0, 15.0] [0.0, 15.0] [0.0, 15.0] [0.0, 15.0] [5.0, 14.0] [5.0, 14.0] [5.0, 14.0] [5.0, 14.0] [5.0, 14.0] [0.0, 15.0] [0.0, 15.0] [0.0, 15.0] [5.0, 14.0] [0.0, 15.0] [0.0, 15.0] [0.0, 15.0] [0.0, 15.0] [5.0, 14.0] [5.0, 14.0] [0.0, 15.0] [5.0, 14.0] [0.0, 15.0] [5.0, 14.0] [5.0, 14.0] [5.0, 14.0] [5.0, 14.0] [5.0, 14.0] [5.0, 14.0] [5.0, 14.0] [5.0, 14.0] [0.0, 15.0] [0.0, 15.0] [5.0, 14.0] [5.0, 14.0] [0.0, 15.0] [0.0, 15.0] [0.0, 15.0] [0.0, 15.0] [0.0, 15.0] [5.0, 14.0] [5.0, 14.0] [5.0, 14.0] [5.0, 14.0] [5.0, 14.0] [0.0, 15.0] [0.0, 15.0] [5.0, 14.0] [5.0, 14.0] [5.0, 14.0] [0.0, 15.0] [0.0, 15.0] [0.0, 15.0] [0.0, 15.0] [0.0, 15.0] [0.0, 15.0] [0.0, 15.0] [5.0, 14.0] [5.0, 14.0] [5.0, 14.0] [5.0, 14.0] [0.0, 15.0] [5.0, 14.0] [5.0, 14.0] [0.0, 15.0] [0.0, 15.0] [0.0, 15.0] [5.0, 14.0] [5.0, 14.0] [5.0, 14.0] [5.0, 14.0] [5.0, 14.0] [5.0, 14.0] [0.0, 15.0] [5.0, 14.0] [5.0, 14.0] [5.0, 14.0] [0.0, 15.0] [5.0, 14.0] [5.0, 14.0] [5.0, 14.0] [5.0, 14.0] [0.0, 15.0] [0.0, 15.0] [0.0, 15.0] [5.0, 14.0] [0.0, 15.0] [5.0, 14.0] [5.0, 14.0] [0.0, 15.0] [0.0, 15.0] [5.0, 14.0] [5.0, 14.0] [0.0, 15.0] [0.0, 15.0] [5.0, 14.0] [5.0, 14.0] [0.0, 15.0] [0.0, 15.0] [5.0, 14.0] [5.0, 14.0] [5.0, 14.0] [0.0, 15.0] [0.0, 15.0] [5.0, 14.0] [5.0, 14.0] [5.0, 14.0] [0.0, 15.0] [0.0, 15.0] [5.0, 14.0] [5.0, 14.0] [0.0, 15.0] [0.0, 15.0] [5.0, 14.0] [5.0, 14.0] [5.0, 14.0] [5.0, 14.0] [5.0, 14.0] [0.0, 15.0] [0.0, 15.0] [0.0, 15.0] [0.0, 15.0] [0.0, 15.0] [5.0, 14.0] [5.0, 14.0] [5.0, 14.0] [0.0, 15.0] [5.0, 14.0] [0.0, 15.0] [5.0, 14.0] [0.0, 15.0] [0.0, 15.0] [0.0, 15.0] 
    1: [0.0, 1.0] [0.0, 1.0] [0.0, 1.0] [0.0, 1.0] [0.0, 1.0] [0.0, 1.0] [0.0, 1.0] [0.0, 1.0] [0.0, 1.0] [0.0, 1.0] [0.0, 1.0] [0.0, 1.0] [0.0, 1.0] [0.0, 1.0] [0.0, 1.0] [0.0, 1.0] [0.0, 1.0] [0.0, 1.0] [0.0, 1.0] [0.0, 1.0] [0.0, 1.0] [0.0, 1.0] [0.0, 1.0] [0.0, 1.0] [0.0, 1.0] [0.0, 1.0] [0.0, 1.0] [0.0, 1.0] [0.0, 1.0] [0.0, 1.0] [0.0, 1.0] [0.0, 1.0] [0.0, 1.0] [0.0, 1.0] [0.0, 1.0] [0.0, 1.0] [0.0, 1.0] [0.0, 1.0] [0.0, 1.0] [0.0, 1.0] [0.0, 1.0] [0.0, 1.0] [0.0, 1.0] [0.0, 1.0] [0.0, 1.0] [0.0, 1.0] [0.0, 1.0] [0.0, 1.0] [0.0, 1.0] [0.0, 1.0] [0.0, 1.0] [0.0, 1.0] [0.0, 1.0] [0.0, 1.0] [0.0, 1.0] [0.0, 1.0] [0.0, 1.0] [0.0, 1.0] [0.0, 1.0] [0.0, 1.0] [0.0, 1.0] [0.0, 1.0] [0.0, 1.0] [0.0, 1.0] [0.0, 1.0] [0.0, 1.0] [0.0, 1.0] [0.0, 1.0] [0.0, 1.0] [0.0, 1.0] [0.0, 1.0] [0.0, 1.0] [0.0, 1.0] [0.0, 1.0] [0.0, 1.0] [0.0, 1.0] [0.0, 1.0] [0.0, 1.0] [0.0, 1.0] [0.0, 1.0] [0.0, 1.0] [0.0, 1.0] [0.0, 1.0] [0.0, 1.0] [0.0, 1.0] [0.0, 1.0] [0.0, 1.0] [0.0, 1.0] [0.0, 1.0] [0.0, 1.0] [0.0, 1.0] [0.0, 1.0] [0.0, 1.0] [0.0, 1.0] [0.0, 1.0] [0.0, 1.0] [0.0, 1.0] [0.0, 1.0] [0.0, 1.0] [0.0, 1.0] [0.0, 1.0] [0.0, 1.0] [0.0, 1.0] [0.0, 1.0] [0.0, 1.0] [0.0, 1.0] [0.0, 1.0] [0.0, 1.0] [0.0, 1.0] [0.0, 1.0] [0.0, 1.0] [0.0, 1.0] [0.0, 1.0] [0.0, 1.0] [0.0, 1.0] [0.0, 1.0] [0.0, 1.0] [0.0, 1.0] [0.0, 1.0] [0.0, 1.0] [0.0, 1.0] [0.0, 1.0] [0.0, 1.0] [0.0, 1.0] [0.0, 1.0] [0.0, 1.0] [0.0, 1.0] [0.0, 1.0] [0.0, 1.0] [0.0, 1.0] [0.0, 1.0] [0.0, 1.0] [0.0, 1.0] [0.0, 1.0] [0.0, 1.0] [0.0, 1.0] [0.0, 1.0] [0.0, 1.0] [0.0, 1.0] [0.0, 1.0] [0.0, 1.0] [0.0, 1.0] [0.0, 1.0] [0.0, 1.0] [0.0, 1.0] [0.0, 1.0] [0.0, 1.0] [0.0, 1.0] [0.0, 1.0] [0.0, 1.0] [0.0, 1.0] [0.0, 1.0] [0.0, 1.0] [0.0, 1.0] [0.0, 1.0] [0.0, 1.0] [0.0, 1.0] [0.0, 1.0] [0.0, 1.0] [0.0, 1.0] [0.0, 1.0] [0.0, 1.0] [0.0, 1.0] [0.0, 1.0] [0.0, 1.0] [0.0, 1.0] [0.0, 1.0] [0.0, 1.0] [0.0, 1.0] [0.0, 1.0] [0.0, 1.0] 
    2: [0.0, 4.0] [0.0, 1.0] [0.0, 4.0] [0.0, 4.0] [0.0, 4.0] [0.0, 4.0] [0.0, 4.0] [0.0, 4.0] [0.0, 4.0] [0.0, 2.0] [0.0, 2.0] [0.0, 4.0] [0.0, 3.0] [0.0, 4.0] [0.0, 4.0] [0.0, 4.0] [0.0, 4.0] [0.0, 4.0] [0.0, 4.0] [0.0, 3.0] [0.0, 3.0] [0.0, 4.0] [0.0, 3.0] [0.0, 4.0] [0.0, 4.0] [0.0, 3.0] [0.0, 4.0] [0.0, 4.0] [0.0, 4.0] [0.0, 4.0] [0.0, 4.0] [0.0, 4.0] [0.0, 4.0] [0.0, 4.0] [0.0, 4.0] [0.0, 4.0] [0.0, 4.0] [0.0, 4.0] [0.0, 3.0] [0.0, 3.0] [0.0, 4.0] [0.0, 4.0] [0.0, 4.0] [0.0, 4.0] [0.0, 4.0] [0.0, 4.0] [0.0, 4.0] [0.0, 4.0] [0.0, 4.0] [0.0, 4.0] [0.0, 4.0] [0.0, 4.0] [0.0, 4.0] [0.0, 4.0] [0.0, 4.0] [0.0, 4.0] [0.0, 4.0] [0.0, 4.0] [0.0, 4.0] [0.0, 4.0] [0.0, 4.0] [0.0, 4.0] [0.0, 4.0] [0.0, 4.0] [0.0, 4.0] [0.0, 4.0] [0.0, 4.0] [0.0, 4.0] [0.0, 4.0] [0.0, 4.0] [0.0, 4.0] [0.0, 4.0] [0.0, 4.0] [0.0, 4.0] [0.0, 4.0] [0.0, 4.0] [0.0, 4.0] [0.0, 4.0] [0.0, 4.0] [0.0, 4.0] [0.0, 4.0] [0.0, 4.0] [0.0, 4.0] [0.0, 4.0] [0.0, 4.0] [0.0, 4.0] [0.0, 4.0] [0.0, 4.0] [0.0, 4.0] [0.0, 4.0] [0.0, 4.0] [0.0, 4.0] [0.0, 4.0] [0.0, 4.0] [0.0, 3.0] [0.0, 4.0] [0.0, 4.0] [0.0, 3.0] [0.0, 4.0] [0.0, 4.0] [0.0, 3.0] [0.0, 4.0] [0.0, 4.0] [0.0, 4.0] [0.0, 4.0] [0.0, 3.0] [0.0, 4.0] [0.0, 4.0] [0.0, 4.0] [0.0, 3.0] [0.0, 4.0] [0.0, 3.0] [0.0, 4.0] [0.0, 2.0] [0.0, 4.0] [0.0, 2.0] [0.0, 4.0] [0.0, 4.0] [0.0, 2.0] [0.0, 2.0] [0.0, 4.0] [0.0, 2.0] [0.0, 4.0] [0.0, 2.0] [0.0, 2.0] [0.0, 4.0] [0.0, 4.0] [0.0, 4.0] [0.0, 4.0] [0.0, 4.0] [0.0, 4.0] [0.0, 4.0] [0.0, 4.0] [0.0, 2.0] [0.0, 2.0] [0.0, 2.0] [0.0, 2.0] [0.0, 4.0] [0.0, 4.0] [0.0, 4.0] [0.0, 4.0] [0.0, 4.0] [0.0, 2.0] [0.0, 3.0] [0.0, 2.0] [0.0, 2.0] [0.0, 2.0] [0.0, 4.0] [0.0, 4.0] [0.0, 4.0] [0.0, 4.0] [0.0, 4.0] [0.0, 3.0] [0.0, 3.0] [0.0, 4.0] [0.0, 4.0] [0.0, 4.0] [0.0, 4.0] [0.0, 4.0] [0.0, 4.0] [0.0, 4.0] [0.0, 4.0] [0.0, 4.0] [0.0, 4.0] [0.0, 4.0] [0.0, 2.0] [0.0, 4.0] [0.0, 2.0] [0.0, 2.0] [0.0, 2.0] [0.0, 2.0] 
    3: [1.0, 4.0] [0.0, 4.0] [0.0, 2.0] [0.0, 4.0] [0.0, 2.0] [0.0, 3.0] [0.0, 3.0] [0.0, 4.0] [1.0, 4.0] [0.0, 4.0] [0.0, 4.0] [0.0, 4.0] [0.0, 4.0] [0.0, 3.0] [0.0, 4.0] [0.0, 4.0] [0.0, 4.0] [0.0, 3.0] [0.0, 4.0] [0.0, 3.0] [0.0, 3.0] [0.0, 3.0] [0.0, 3.0] [0.0, 4.0] [0.0, 3.0] [0.0, 4.0] [0.0, 4.0] [0.0, 3.0] [0.0, 4.0] [0.0, 3.0] [0.0, 3.0] [0.0, 3.0] [0.0, 4.0] [0.0, 3.0] [0.0, 3.0] [0.0, 3.0] [1.0, 4.0] [0.0, 2.0] [0.0, 2.0] [0.0, 2.0] [0.0, 4.0] [0.0, 3.0] [0.0, 4.0] [0.0, 4.0] [0.0, 4.0] [0.0, 4.0] [0.0, 4.0] [0.0, 3.0] [0.0, 4.0] [1.0, 4.0] [0.0, 4.0] [0.0, 4.0] [1.0, 4.0] [1.0, 4.0] [0.0, 4.0] [0.0, 4.0] [0.0, 3.0] [0.0, 3.0] [0.0, 4.0] [0.0, 3.0] [0.0, 4.0] [0.0, 4.0] [0.0, 2.0] [0.0, 2.0] [1.0, 4.0] [0.0, 2.0] [0.0, 3.0] [2.0, 4.0] [1.0, 3.0] [1.0, 3.0] [0.0, 3.0] [0.0, 2.0] [1.0, 4.0] [0.0, 3.0] [1.0, 3.0] [0.0, 3.0] [1.0, 4.0] [0.0, 4.0] [0.0, 2.0] [0.0, 4.0] [0.0, 2.0] [2.0, 4.0] [0.0, 4.0] [2.0, 4.0] [0.0, 3.0] [1.0, 4.0] [0.0, 4.0] [1.0, 4.0] [0.0, 4.0] [0.0, 4.0] [0.0, 1.0] [0.0, 4.0] [2.0, 4.0] [0.0, 3.0] [0.0, 1.0] [2.0, 4.0] [0.0, 4.0] [0.0, 4.0] [1.0, 4.0] [1.0, 4.0] [0.0, 4.0] [0.0, 4.0] [2.0, 4.0] [0.0, 4.0] [0.0, 4.0] [0.0, 4.0] [0.0, 4.0] [0.0, 4.0] [0.0, 4.0] [0.0, 3.0] [0.0, 4.0] [0.0, 4.0] [1.0, 4.0] [0.0, 4.0] [0.0, 4.0] [0.0, 4.0] [1.0, 4.0] [1.0, 4.0] [0.0, 4.0] [0.0, 4.0] [1.0, 4.0] [0.0, 4.0] [3.0, 4.0] [0.0, 4.0] [0.0, 4.0] [0.0, 3.0] [0.0, 3.0] [0.0, 4.0] [0.0, 4.0] [0.0, 3.0] [0.0, 3.0] [0.0, 2.0] [0.0, 3.0] [0.0, 4.0] [1.0, 4.0] [4.0, 4.0] [3.0, 4.0] [0.0, 4.0] [1.0, 4.0] [2.0, 4.0] [2.0, 4.0] [1.0, 4.0] [3.0, 4.0] [3.0, 4.0] [0.0, 4.0] [0.0, 4.0] [0.0, 4.0] [2.0, 4.0] [1.0, 4.0] [3.0, 4.0] [2.0, 4.0] [1.0, 2.0] [0.0, 4.0] [0.0, 4.0] [0.0, 4.0] [0.0, 3.0] [0.0, 4.0] [1.0, 3.0] [0.0, 3.0] [2.0, 4.0] [1.0, 4.0] [0.0, 4.0] [3.0, 4.0] [4.0, 4.0] [3.0, 4.0] [0.0, 4.0] [3.0, 4.0] [0.0, 4.0] [0.0, 4.0] [0.0, 4.0] [0.0, 4.0] 
    4: [0.0, 2.0] [0.0, 3.0] [0.0, 3.0] [0.0, 3.0] [0.0, 3.0] [0.0, 3.0] [0.0, 3.0] [0.0, 3.0] [0.0, 3.0] [0.0, 3.0] [0.0, 3.0] [0.0, 3.0] [0.0, 3.0] [0.0, 3.0] [0.0, 3.0] [0.0, 3.0] [0.0, 3.0] [0.0, 3.0] [0.0, 3.0] [0.0, 3.0] [0.0, 3.0] [0.0, 3.0] [0.0, 3.0] [0.0, 3.0] [0.0, 3.0] [0.0, 3.0] [0.0, 3.0] [0.0, 3.0] [0.0, 3.0] [0.0, 3.0] [1.0, 3.0] [0.0, 3.0] [0.0, 3.0] [0.0, 3.0] [0.0, 3.0] [0.0, 3.0] [0.0, 3.0] [0.0, 3.0] [0.0, 3.0] [0.0, 3.0] [0.0, 3.0] [0.0, 3.0] [0.0, 3.0] [0.0, 3.0] [0.0, 3.0] [0.0, 3.0] [0.0, 3.0] [0.0, 3.0] [0.0, 3.0] [0.0, 3.0] [0.0, 3.0] [0.0, 3.0] [0.0, 3.0] [0.0, 3.0] [0.0, 3.0] [0.0, 3.0] [0.0, 3.0] [0.0, 3.0] [0.0, 3.0] [0.0, 3.0] [0.0, 3.0] [0.0, 3.0] [0.0, 3.0] [0.0, 3.0] [0.0, 3.0] [0.0, 3.0] [0.0, 3.0] [0.0, 3.0] [0.0, 3.0] [0.0, 3.0] [0.0, 3.0] [0.0, 3.0] [0.0, 3.0] [0.0, 3.0] [0.0, 3.0] [0.0, 3.0] [0.0, 3.0] [0.0, 3.0] [0.0, 3.0] [0.0, 3.0] [0.0, 3.0] [0.0, 3.0] [0.0, 3.0] [0.0, 3.0] [0.0, 3.0] [0.0, 3.0] [0.0, 3.0] [0.0, 3.0] [0.0, 3.0] [0.0, 3.0] [0.0, 3.0] [0.0, 3.0] [0.0, 3.0] [0.0, 3.0] [0.0, 3.0] [0.0, 3.0] [0.0, 3.0] [0.0, 3.0] [0.0, 3.0] [0.0, 3.0] [0.0, 3.0] [0.0, 3.0] [0.0, 3.0] [0.0, 3.0] [0.0, 3.0] [0.0, 3.0] [0.0, 3.0] [0.0, 3.0] [0.0, 3.0] [0.0, 3.0] [0.0, 3.0] [0.0, 3.0] [0.0, 3.0] [0.0, 3.0] [0.0, 3.0] [0.0, 3.0] [0.0, 3.0] [0.0, 3.0] [0.0, 3.0] [0.0, 3.0] [0.0, 3.0] [0.0, 3.0] [0.0, 3.0] [0.0, 3.0] [0.0, 3.0] [1.0, 3.0] [0.0, 3.0] [0.0, 3.0] [0.0, 3.0] [0.0, 3.0] [0.0, 3.0] [0.0, 3.0] [0.0, 3.0] [0.0, 3.0] [0.0, 3.0] [0.0, 3.0] [0.0, 3.0] [0.0, 3.0] [0.0, 3.0] [0.0, 3.0] [0.0, 3.0] [0.0, 3.0] [0.0, 3.0] [0.0, 3.0] [0.0, 3.0] [0.0, 3.0] [0.0, 3.0] [0.0, 3.0] [0.0, 3.0] [0.0, 3.0] [0.0, 3.0] [0.0, 3.0] [0.0, 3.0] [0.0, 3.0] [0.0, 3.0] [0.0, 3.0] [0.0, 3.0] [0.0, 3.0] [0.0, 3.0] [0.0, 3.0] [0.0, 3.0] [0.0, 3.0] [0.0, 3.0] [0.0, 3.0] [0.0, 3.0] [0.0, 3.0] [0.0, 3.0] [0.0, 3.0] [0.0, 3.0] [0.0, 3.0] [0.0, 3.0] 
  Output fraction of data:
image_identity: (0.000 0.135 0.000 0.000 0.000 0.124 0.000 0.125 0.126 0.000 0.116 0.000 0.000 0.000 0.126 0.118 0.135 0.126 0.127 0.122 0.131 0.000 0.000 0.000 0.127 0.000 0.122 0.000 0.122 0.000 0.129 0.000 0.125 0.127 0.000 0.136 0.000 0.000 0.000 0.128 0.125 0.131 0.126 0.000 0.000 0.000 0.000 0.000 0.135 0.118 0.118 0.000 0.125 0.119 0.127 0.117 0.000 0.000 0.126 0.000 0.128 0.000 0.000 0.000 0.000 0.000 0.000 0.000 0.000 0.114 0.124 0.000 0.000 0.124 0.124 0.122 0.124 0.111 0.000 0.000 0.000 0.000 0.000 0.126 0.125 0.000 0.000 0.000 0.127 0.121 0.128 0.131 0.127 0.125 0.126 0.000 0.000 0.000 0.000 0.139 0.000 0.000 0.099 0.117 0.121 0.000 0.000 0.000 0.000 0.000 0.000 0.118 0.000 0.000 0.000 0.129 0.000 0.000 0.000 0.000 0.138 0.106 0.123 0.000 0.126 0.000 0.000 0.126 0.115 0.000 0.000 0.126 0.131 0.000 0.000 0.126 0.101 0.000 0.000 0.000 0.113 0.125 0.000 0.000 0.000 0.129 0.113 0.000 0.000 0.125 0.123 0.000 0.000 0.000 0.000 0.000 0.124 0.127 0.127 0.114 0.129 0.000 0.000 0.000 0.124 0.000 0.125 0.000 0.133 0.137 0.111)  0.000 0.126 0.000 0.000 0.000 0.128 0.000 0.123 0.129 0.000 0.117 0.000 0.000 0.000 0.121 0.129 0.121 0.127 0.119 0.125 0.138 0.000 0.000 0.000 0.127 0.000 0.131 0.000 0.127 0.000 0.128 0.000 0.126 0.118 0.000 0.128 0.000 0.000 0.000 0.123 0.125 0.137 0.130 0.000 0.000 0.000 0.000 0.000 0.115 0.131 0.130 0.000 0.128 0.129 0.127 0.131 0.000 0.000 0.128 0.000 0.126 0.000 0.000 0.000 0.000 0.000 0.000 0.000 0.000 0.128 0.123 0.000 0.000 0.127 0.128 0.131 0.122 0.125 0.000 0.000 0.000 0.000 0.000 0.125 0.124 0.000 0.000 0.000 0.124 0.129 0.118 0.122 0.121 0.121 0.123 0.000 0.000 0.000 0.000 0.127 0.000 0.000 0.135 0.122 0.129 0.000 0.000 0.000 0.000 0.000 0.000 0.134 0.000 0.000 0.000 0.126 0.000 0.000 0.000 0.000 0.119 0.131 0.132 0.000 0.118 0.000 0.000 0.133 0.138 0.000 0.000 0.131 0.135 0.000 0.000 0.125 0.121 0.000 0.000 0.000 0.143 0.116 0.000 0.000 0.000 0.120 0.134 0.000 0.000 0.123 0.125 0.000 0.000 0.000 0.000 0.000 0.118 0.117 0.123 0.132 0.136 0.000 0.000 0.000 0.126 0.000 0.124 0.000 0.128 0.137 0.144)  0.000 0.129 0.000 0.000 0.000 0.128 0.000 0.117 0.124 0.000 0.121 0.000 0.000 0.000 0.126 0.120 0.125 0.129 0.128 0.126 0.120 0.000 0.000 0.000 0.120 0.000 0.122 0.000 0.123 0.000 0.120 0.000 0.120 0.133 0.000 0.125 0.000 0.000 0.000 0.125 0.131 0.128 0.122 0.000 0.000 0.000 0.000 0.000 0.128 0.119 0.112 0.000 0.120 0.127 0.130 0.130 0.000 0.000 0.120 0.000 0.116 0.000 0.000 0.000 0.000 0.000 0.000 0.000 0.000 0.126 0.120 0.000 0.000 0.130 0.123 0.125 0.130 0.127 0.000 0.000 0.000 0.000 0.000 0.122 0.119 0.000 0.000 0.000 0.133 0.120 0.124 0.135 0.126 0.127 0.115 0.000 0.000 0.000 0.000 0.130 0.000 0.000 0.123 0.127 0.128 0.000 0.000 0.000 0.000 0.000 0.000 0.130 0.000 0.000 0.000 0.128 0.000 0.000 0.000 0.000 0.111 0.135 0.124 0.000 0.126 0.000 0.000 0.109 0.146 0.000 0.000 0.116 0.112 0.000 0.000 0.125 0.141 0.000 0.000 0.000 0.121 0.131 0.000 0.000 0.000 0.125 0.132 0.000 0.000 0.125 0.122 0.000 0.000 0.000 0.000 0.000 0.126 0.124 0.129 0.118 0.113 0.000 0.000 0.000 0.111 0.000 0.129 0.000 0.122 0.119 0.113)  0.000 0.131 0.000 0.000 0.000 0.117 0.000 0.118 0.133 0.000 0.128 0.000 0.000 0.000 0.126 0.129 0.124 0.124 0.128 0.127 0.119 0.000 0.000 0.000 0.125 0.000 0.119 0.000 0.127 0.000 0.123 0.000 0.133 0.120 0.000 0.118 0.000 0.000 0.000 0.116 0.125 0.119 0.122 0.000 0.000 0.000 0.000 0.000 0.124 0.117 0.127 0.000 0.122 0.123 0.124 0.123 0.000 0.000 0.135 0.000 0.124 0.000 0.000 0.000 0.000 0.000 0.000 0.000 0.000 0.130 0.118 0.000 0.000 0.122 0.117 0.117 0.131 0.132 0.000 0.000 0.000 0.000 0.000 0.125 0.124 0.000 0.000 0.000 0.124 0.125 0.136 0.108 0.127 0.124 0.122 0.000 0.000 0.000 0.000 0.115 0.000 0.000 0.120 0.126 0.130 0.000 0.000 0.000 0.000 0.000 0.000 0.121 0.000 0.000 0.000 0.131 0.000 0.000 0.000 0.000 0.119 0.132 0.113 0.000 0.126 0.000 0.000 0.116 0.129 0.000 0.000 0.136 0.118 0.000 0.000 0.128 0.116 0.000 0.000 0.000 0.126 0.129 0.000 0.000 0.000 0.126 0.132 0.000 0.000 0.131 0.118 0.000 0.000 0.000 0.000 0.000 0.126 0.113 0.133 0.121 0.129 0.000 0.000 0.000 0.126 0.000 0.128 0.000 0.130 0.122 0.132)  0.000 0.125 0.000 0.000 0.000 0.124 0.000 0.135 0.120 0.000 0.128 0.000 0.000 0.000 0.126 0.124 0.127 0.124 0.120 0.127 0.121 0.000 0.000 0.000 0.125 0.000 0.124 0.000 0.124 0.000 0.126 0.000 0.120 0.124 0.000 0.124 0.000 0.000 0.000 0.116 0.121 0.119 0.136 0.000 0.000 0.000 0.000 0.000 0.123 0.129 0.132 0.000 0.124 0.130 0.130 0.123 0.000 0.000 0.129 0.000 0.128 0.000 0.000 0.000 0.000 0.000 0.000 0.000 0.000 0.122 0.135 0.000 0.000 0.130 0.129 0.129 0.118 0.129 0.000 0.000 0.000 0.000 0.000 0.127 0.125 0.000 0.000 0.000 0.124 0.130 0.114 0.134 0.125 0.125 0.121 0.000 0.000 0.000 0.000 0.122 0.000 0.000 0.144 0.121 0.121 0.000 0.000 0.000 0.000 0.000 0.000 0.119 0.000 0.000 0.000 0.125 0.000 0.000 0.000 0.000 0.119 0.123 0.132 0.000 0.123 0.000 0.000 0.124 0.094 0.000 0.000 0.127 0.134 0.000 0.000 0.123 0.120 0.000 0.000 0.000 0.117 0.116 0.000 0.000 0.000 0.125 0.130 0.000 0.000 0.125 0.127 0.000 0.000 0.000 0.000 0.000 0.128 0.121 0.121 0.127 0.123 0.000 0.000 0.000 0.127 0.000 0.124 0.000 0.121 0.134 0.116)  0.119 0.000 0.124 0.128 0.136 0.000 0.106 0.000 0.000 0.118 0.000 0.129 0.114 0.127 0.000 0.000 0.000 0.000 0.000 0.000 0.000 0.128 0.121 0.123 0.000 0.119 0.000 0.125 0.000 0.128 0.000 0.125 0.000 0.000 0.127 0.000 0.152 0.131 0.132 0.000 0.000 0.000 0.000 0.136 0.125 0.132 0.129 0.125 0.000 0.000 0.000 0.126 0.000 0.000 0.000 0.000 0.121 0.131 0.000 0.117 0.000 0.131 0.120 0.126 0.121 0.126 0.113 0.122 0.123 0.000 0.000 0.119 0.125 0.000 0.000 0.000 0.000 0.000 0.116 0.113 0.131 0.112 0.116 0.000 0.000 0.126 0.126 0.127 0.000 0.000 0.000 0.000 0.000 0.000 0.000 0.130 0.118 0.122 0.115 0.000 0.140 0.134 0.000 0.000 0.000 0.114 0.132 0.124 0.132 0.130 0.120 0.000 0.122 0.135 0.128 0.000 0.144 0.143 0.124 0.120 0.000 0.000 0.000 0.116 0.000 0.126 0.110 0.000 0.000 0.129 0.129 0.000 0.000 0.138 0.118 0.000 0.000 0.132 0.128 0.125 0.000 0.000 0.129 0.150 0.127 0.000 0.000 0.124 0.130 0.000 0.000 0.127 0.112 0.116 0.126 0.125 0.000 0.000 0.000 0.000 0.000 0.136 0.123 0.119 0.000 0.121 0.000 0.126 0.000 0.000 0.000)  0.179 0.000 0.113 0.123 0.125 0.000 0.118 0.000 0.000 0.121 0.000 0.128 0.125 0.130 0.000 0.000 0.000 0.000 0.000 0.000 0.000 0.125 0.124 0.126 0.000 0.116 0.000 0.119 0.000 0.123 0.000 0.125 0.000 0.000 0.126 0.000 0.135 0.129 0.125 0.000 0.000 0.000 0.000 0.124 0.123 0.130 0.140 0.131 0.000 0.000 0.000 0.129 0.000 0.000 0.000 0.000 0.117 0.135 0.000 0.128 0.000 0.128 0.126 0.122 0.118 0.123 0.121 0.119 0.126 0.000 0.000 0.134 0.121 0.000 0.000 0.000 0.000 0.000 0.124 0.127 0.129 0.128 0.126 0.000 0.000 0.122 0.124 0.123 0.000 0.000 0.000 0.000 0.000 0.000 0.000 0.137 0.124 0.143 0.139 0.000 0.121 0.126 0.000 0.000 0.000 0.134 0.124 0.130 0.125 0.136 0.122 0.000 0.124 0.114 0.125 0.000 0.131 0.099 0.123 0.126 0.000 0.000 0.000 0.129 0.000 0.117 0.130 0.000 0.000 0.132 0.132 0.000 0.000 0.134 0.129 0.000 0.000 0.112 0.128 0.127 0.000 0.000 0.123 0.127 0.130 0.000 0.000 0.127 0.126 0.000 0.000 0.124 0.156 0.120 0.128 0.121 0.000 0.000 0.000 0.000 0.000 0.131 0.132 0.129 0.000 0.121 0.000 0.125 0.000 0.000 0.000)  0.154 0.000 0.124 0.123 0.149 0.000 0.145 0.000 0.000 0.132 0.000 0.125 0.136 0.123 0.000 0.000 0.000 0.000 0.000 0.000 0.000 0.127 0.125 0.128 0.000 0.123 0.000 0.125 0.000 0.117 0.000 0.121 0.000 0.000 0.124 0.000 0.113 0.130 0.139 0.000 0.000 0.000 0.000 0.119 0.115 0.132 0.114 0.113 0.000 0.000 0.000 0.122 0.000 0.000 0.000 0.000 0.127 0.129 0.000 0.130 0.000 0.130 0.124 0.122 0.126 0.129 0.135 0.112 0.125 0.000 0.000 0.133 0.115 0.000 0.000 0.000 0.000 0.000 0.122 0.127 0.127 0.128 0.129 0.000 0.000 0.115 0.131 0.127 0.000 0.000 0.000 0.000 0.000 0.000 0.000 0.124 0.120 0.169 0.116 0.000 0.133 0.109 0.000 0.000 0.000 0.144 0.129 0.114 0.131 0.145 0.122 0.000 0.133 0.126 0.128 0.000 0.151 0.143 0.121 0.115 0.000 0.000 0.000 0.131 0.000 0.134 0.118 0.000 0.000 0.127 0.126 0.000 0.000 0.123 0.126 0.000 0.000 0.130 0.123 0.125 0.000 0.000 0.117 0.126 0.133 0.000 0.000 0.127 0.120 0.000 0.000 0.123 0.086 0.129 0.122 0.126 0.000 0.000 0.000 0.000 0.000 0.116 0.132 0.128 0.000 0.132 0.000 0.125 0.000 0.000 0.000)  0.061 0.000 0.145 0.119 0.114 0.000 0.122 0.000 0.000 0.118 0.000 0.131 0.116 0.124 0.000 0.000 0.000 0.000 0.000 0.000 0.000 0.124 0.125 0.121 0.000 0.129 0.000 0.123 0.000 0.127 0.000 0.126 0.000 0.000 0.122 0.000 0.131 0.117 0.129 0.000 0.000 0.000 0.000 0.132 0.124 0.119 0.126 0.129 0.000 0.000 0.000 0.126 0.000 0.000 0.000 0.000 0.128 0.120 0.000 0.126 0.000 0.127 0.120 0.126 0.128 0.131 0.126 0.132 0.120 0.000 0.000 0.124 0.125 0.000 0.000 0.000 0.000 0.000 0.129 0.126 0.126 0.142 0.130 0.000 0.000 0.120 0.115 0.122 0.000 0.000 0.000 0.000 0.000 0.000 0.000 0.112 0.122 0.125 0.125 0.000 0.103 0.124 0.000 0.000 0.000 0.101 0.121 0.124 0.125 0.125 0.125 0.000 0.132 0.116 0.123 0.000 0.081 0.132 0.123 0.137 0.000 0.000 0.000 0.124 0.000 0.124 0.128 0.000 0.000 0.127 0.129 0.000 0.000 0.102 0.123 0.000 0.000 0.127 0.128 0.118 0.000 0.000 0.126 0.119 0.120 0.000 0.000 0.123 0.119 0.000 0.000 0.130 0.132 0.133 0.133 0.129 0.000 0.000 0.000 0.000 0.000 0.128 0.110 0.121 0.000 0.122 0.000 0.126 0.000 0.000 0.000)  0.154 0.000 0.113 0.128 0.138 0.000 0.127 0.000 0.000 0.129 0.000 0.125 0.136 0.121 0.000 0.000 0.000 0.000 0.000 0.000 0.000 0.119 0.127 0.119 0.000 0.131 0.000 0.126 0.000 0.130 0.000 0.130 0.000 0.000 0.126 0.000 0.106 0.113 0.118 0.000 0.000 0.000 0.000 0.123 0.136 0.112 0.128 0.123 0.000 0.000 0.000 0.120 0.000 0.000 0.000 0.000 0.130 0.119 0.000 0.124 0.000 0.118 0.135 0.124 0.127 0.121 0.135 0.126 0.130 0.000 0.000 0.124 0.125 0.000 0.000 0.000 0.000 0.000 0.134 0.134 0.115 0.126 0.123 0.000 0.000 0.133 0.126 0.123 0.000 0.000 0.000 0.000 0.000 0.000 0.000 0.132 0.123 0.117 0.122 0.000 0.113 0.143 0.000 0.000 0.000 0.139 0.132 0.108 0.130 0.120 0.129 0.000 0.115 0.123 0.120 0.000 0.111 0.095 0.128 0.127 0.000 0.000 0.000 0.131 0.000 0.127 0.126 0.000 0.000 0.113 0.120 0.000 0.000 0.126 0.116 0.000 0.000 0.125 0.128 0.135 0.000 0.000 0.131 0.129 0.118 0.000 0.000 0.127 0.128 0.000 0.000 0.124 0.100 0.120 0.129 0.132 0.000 0.000 0.000 0.000 0.000 0.126 0.123 0.119 0.000 0.122 0.000 0.117 0.000 0.000 0.000)  0.077 0.000 0.127 0.131 0.112 0.000 0.127 0.000 0.000 0.128 0.000 0.116 0.117 0.115 0.000 0.000 0.000 0.000 0.000 0.000 0.000 0.125 0.130 0.126 0.000 0.132 0.000 0.133 0.000 0.117 0.000 0.124 0.000 0.000 0.125 0.000 0.131 0.127 0.111 0.000 0.000 0.000 0.000 0.124 0.125 0.129 0.122 0.120 0.000 0.000 0.000 0.131 0.000 0.000 0.000 0.000 0.125 0.116 0.000 0.124 0.000 0.123 0.124 0.133 0.124 0.119 0.121 0.132 0.124 0.000 0.000 0.130 0.133 0.000 0.000 0.000 0.000 0.000 0.128 0.123 0.116 0.138 0.123 0.000 0.000 0.121 0.118 0.128 0.000 0.000 0.000 0.000 0.000 0.000 0.000 0.122 0.128 0.130 0.126 0.000 0.114 0.120 0.000 0.000 0.000 0.127 0.113 0.124 0.120 0.118 0.127 0.000 0.125 0.123 0.123 0.000 0.124 0.110 0.123 0.130 0.000 0.000 0.000 0.124 0.000 0.129 0.138 0.000 0.000 0.129 0.124 0.000 0.000 0.133 0.132 0.000 0.000 0.125 0.113 0.125 0.000 0.000 0.118 0.118 0.123 0.000 0.000 0.122 0.132 0.000 0.000 0.122 0.131 0.123 0.133 0.122 0.000 0.000 0.000 0.000 0.000 0.115 0.132 0.123 0.000 0.134 0.000 0.126 0.000 0.000 0.000)  0.000 0.116 0.000 0.000 0.000 0.128 0.000 0.125 0.124 0.000 0.128 0.000 0.000 0.000 0.126 0.129 0.125 0.124 0.130 0.122 0.124 0.000 0.000 0.000 0.125 0.000 0.128 0.000 0.125 0.000 0.125 0.000 0.130 0.126 0.000 0.115 0.000 0.000 0.000 0.130 0.119 0.122 0.124 0.000 0.000 0.000 0.000 0.000 0.122 0.143 0.127 0.000 0.124 0.122 0.121 0.130 0.000 0.000 0.128 0.000 0.121 0.000 0.000 0.000 0.000 0.000 0.000 0.000 0.000 0.127 0.126 0.000 0.000 0.130 0.123 0.122 0.132 0.123 0.000 0.000 0.000 0.000 0.000 0.125 0.131 0.000 0.000 0.000 0.126 0.125 0.126 0.125 0.129 0.126 0.125 0.000 0.000 0.000 0.000 0.131 0.000 0.000 0.128 0.134 0.121 0.000 0.000 0.000 0.000 0.000 0.000 0.125 0.000 0.000 0.000 0.121 0.000 0.000 0.000 0.000 0.119 0.118 0.129 0.000 0.124 0.000 0.000 0.136 0.148 0.000 0.000 0.107 0.126 0.000 0.000 0.124 0.130 0.000 0.000 0.000 0.130 0.117 0.000 0.000 0.000 0.123 0.104 0.000 0.000 0.124 0.130 0.000 0.000 0.000 0.000 0.000 0.128 0.130 0.121 0.124 0.128 0.000 0.000 0.000 0.135 0.000 0.122 0.000 0.125 0.129 0.129)  0.000 0.112 0.000 0.000 0.000 0.128 0.000 0.129 0.118 0.000 0.128 0.000 0.000 0.000 0.126 0.127 0.123 0.124 0.125 0.126 0.121 0.000 0.000 0.000 0.129 0.000 0.130 0.000 0.127 0.000 0.129 0.000 0.127 0.122 0.000 0.129 0.000 0.000 0.000 0.130 0.131 0.117 0.124 0.000 0.000 0.000 0.000 0.000 0.132 0.122 0.123 0.000 0.127 0.120 0.121 0.124 0.000 0.000 0.122 0.000 0.125 0.000 0.000 0.000 0.000 0.000 0.000 0.000 0.000 0.132 0.125 0.000 0.000 0.126 0.129 0.122 0.127 0.127 0.000 0.000 0.000 0.000 0.000 0.130 0.127 0.000 0.000 0.000 0.135 0.126 0.129 0.120 0.119 0.126 0.133 0.000 0.000 0.000 0.000 0.120 0.000 0.000 0.137 0.133 0.121 0.000 0.000 0.000 0.000 0.000 0.000 0.131 0.000 0.000 0.000 0.123 0.000 0.000 0.000 0.000 0.156 0.132 0.126 0.000 0.123 0.000 0.000 0.128 0.137 0.000 0.000 0.126 0.121 0.000 0.000 0.127 0.139 0.000 0.000 0.000 0.124 0.127 0.000 0.000 0.000 0.120 0.129 0.000 0.000 0.125 0.128 0.000 0.000 0.000 0.000 0.000 0.124 0.142 0.124 0.140 0.118 0.000 0.000 0.000 0.115 0.000 0.127 0.000 0.122 0.127 0.119)  0.103 0.000 0.127 0.123 0.117 0.000 0.122 0.000 0.000 0.127 0.000 0.121 0.125 0.123 0.000 0.000 0.000 0.000 0.000 0.000 0.000 0.127 0.123 0.126 0.000 0.119 0.000 0.128 0.000 0.128 0.000 0.126 0.000 0.000 0.123 0.000 0.110 0.136 0.121 0.000 0.000 0.000 0.000 0.129 0.123 0.118 0.120 0.130 0.000 0.000 0.000 0.121 0.000 0.000 0.000 0.000 0.117 0.137 0.000 0.126 0.000 0.123 0.121 0.119 0.131 0.115 0.121 0.133 0.120 0.000 0.000 0.120 0.125 0.000 0.000 0.000 0.000 0.000 0.123 0.132 0.126 0.108 0.124 0.000 0.000 0.131 0.127 0.124 0.000 0.000 0.000 0.000 0.000 0.000 0.000 0.119 0.134 0.112 0.134 0.000 0.131 0.123 0.000 0.000 0.000 0.114 0.124 0.133 0.118 0.100 0.128 0.000 0.129 0.121 0.123 0.000 0.133 0.147 0.130 0.120 0.000 0.000 0.000 0.131 0.000 0.114 0.118 0.000 0.000 0.115 0.128 0.000 0.000 0.124 0.126 0.000 0.000 0.125 0.120 0.111 0.000 0.000 0.135 0.112 0.129 0.000 0.000 0.121 0.116 0.000 0.000 0.124 0.121 0.129 0.117 0.117 0.000 0.000 0.000 0.000 0.000 0.122 0.128 0.122 0.000 0.120 0.000 0.132 0.000 0.000 0.000)  0.154 0.000 0.127 0.124 0.109 0.000 0.133 0.000 0.000 0.128 0.000 0.125 0.131 0.136 0.000 0.000 0.000 0.000 0.000 0.000 0.000 0.124 0.124 0.130 0.000 0.131 0.000 0.122 0.000 0.128 0.000 0.123 0.000 0.000 0.127 0.000 0.122 0.117 0.125 0.000 0.000 0.000 0.000 0.114 0.129 0.128 0.122 0.129 0.000 0.000 0.000 0.126 0.000 0.000 0.000 0.000 0.134 0.114 0.000 0.124 0.000 0.120 0.131 0.128 0.125 0.134 0.128 0.124 0.133 0.000 0.000 0.117 0.131 0.000 0.000 0.000 0.000 0.000 0.126 0.118 0.130 0.117 0.130 0.000 0.000 0.132 0.133 0.126 0.000 0.000 0.000 0.000 0.000 0.000 0.000 0.124 0.130 0.083 0.123 0.000 0.144 0.121 0.000 0.000 0.000 0.127 0.125 0.143 0.119 0.125 0.127 0.000 0.121 0.143 0.131 0.000 0.125 0.132 0.128 0.124 0.000 0.000 0.000 0.114 0.000 0.129 0.132 0.000 0.000 0.128 0.113 0.000 0.000 0.121 0.131 0.000 0.000 0.123 0.131 0.135 0.000 0.000 0.120 0.120 0.119 0.000 0.000 0.129 0.128 0.000 0.000 0.127 0.163 0.130 0.112 0.127 0.000 0.000 0.000 0.000 0.000 0.126 0.119 0.138 0.000 0.129 0.000 0.123 0.000 0.000 0.000)  0.000 0.127 0.000 0.000 0.000 0.122 0.000 0.129 0.124 0.000 0.132 0.000 0.000 0.000 0.123 0.124 0.122 0.124 0.123 0.125 0.126 0.000 0.000 0.000 0.122 0.000 0.122 0.000 0.125 0.000 0.121 0.000 0.118 0.129 0.000 0.125 0.000 0.000 0.000 0.130 0.123 0.127 0.117 0.000 0.000 0.000 0.000 0.000 0.120 0.122 0.130 0.000 0.131 0.131 0.121 0.121 0.000 0.000 0.113 0.000 0.132 0.000 0.000 0.000 0.000 0.000 0.000 0.000 0.000 0.122 0.129 0.000 0.000 0.112 0.128 0.131 0.117 0.125 0.000 0.000 0.000 0.000 0.000 0.120 0.124 0.000 0.000 0.000 0.108 0.125 0.126 0.125 0.126 0.126 0.133 0.000 0.000 0.000 0.000 0.115 0.000 0.000 0.114 0.120 0.129 0.000 0.000 0.000 0.000 0.000 0.000 0.123 0.000 0.000 0.000 0.116 0.000 0.000 0.000 0.000 0.121 0.123 0.121 0.000 0.133 0.000 0.000 0.128 0.094 0.000 0.000 0.131 0.124 0.000 0.000 0.124 0.133 0.000 0.000 0.000 0.125 0.138 0.000 0.000 0.000 0.131 0.125 0.000 0.000 0.122 0.125 0.000 0.000 0.000 0.000 0.000 0.127 0.126 0.123 0.124 0.122 0.000 0.000 0.000 0.136 0.000 0.120 0.000 0.118 0.094 0.135)  
image_change: (0.891 0.891 0.889 0.892 0.891 0.892 0.889 0.891 0.891 0.890 0.890 0.891 0.890 0.890 0.891 0.890 0.892 0.890 0.891 0.891 0.891 0.890 0.890 0.891 0.891 0.891 0.891 0.890 0.891 0.891 0.890 0.891 0.890 0.891 0.890 0.891 0.891 0.890 0.891 0.890 0.891 0.890 0.889 0.892 0.892 0.891 0.890 0.890 0.892 0.891 0.890 0.890 0.891 0.891 0.890 0.891 0.891 0.891 0.891 0.891 0.891 0.890 0.891 0.891 0.890 0.890 0.890 0.889 0.891 0.890 0.889 0.890 0.891 0.890 0.891 0.891 0.891 0.889 0.890 0.891 0.891 0.891 0.891 0.891 0.891 0.891 0.891 0.891 0.890 0.890 0.890 0.889 0.891 0.892 0.891 0.891 0.891 0.888 0.893 0.891 0.889 0.890 0.890 0.890 0.891 0.888 0.890 0.892 0.891 0.890 0.891 0.890 0.890 0.892 0.891 0.890 0.889 0.889 0.890 0.890 0.892 0.891 0.890 0.891 0.891 0.890 0.890 0.891 0.893 0.891 0.890 0.890 0.893 0.890 0.891 0.891 0.892 0.892 0.890 0.889 0.889 0.890 0.891 0.890 0.890 0.888 0.891 0.891 0.891 0.891 0.891 0.891 0.890 0.890 0.891 0.891 0.892 0.890 0.892 0.891 0.891 0.891 0.892 0.890 0.891 0.892 0.891 0.891 0.891 0.890 0.891)  0.109 0.109 0.111 0.108 0.109 0.108 0.111 0.109 0.109 0.110 0.110 0.109 0.110 0.110 0.109 0.110 0.108 0.110 0.109 0.109 0.109 0.110 0.110 0.109 0.109 0.109 0.109 0.110 0.109 0.109 0.110 0.109 0.110 0.109 0.110 0.109 0.109 0.110 0.109 0.110 0.109 0.110 0.111 0.108 0.108 0.109 0.110 0.110 0.108 0.109 0.110 0.110 0.109 0.109 0.110 0.109 0.109 0.109 0.109 0.109 0.109 0.110 0.109 0.109 0.110 0.110 0.110 0.111 0.109 0.110 0.111 0.110 0.109 0.110 0.109 0.109 0.109 0.111 0.110 0.109 0.109 0.109 0.109 0.109 0.109 0.109 0.109 0.109 0.110 0.110 0.110 0.111 0.109 0.108 0.109 0.109 0.109 0.112 0.107 0.109 0.111 0.110 0.110 0.110 0.109 0.112 0.110 0.108 0.109 0.110 0.109 0.110 0.110 0.108 0.109 0.110 0.111 0.111 0.110 0.110 0.108 0.109 0.110 0.109 0.109 0.110 0.110 0.109 0.107 0.109 0.110 0.110 0.107 0.110 0.109 0.109 0.108 0.108 0.110 0.111 0.111 0.110 0.109 0.110 0.110 0.112 0.109 0.109 0.109 0.109 0.109 0.109 0.110 0.110 0.109 0.109 0.108 0.110 0.108 0.109 0.109 0.109 0.108 0.110 0.109 0.108 0.109 0.109 0.109 0.110 0.109)  
running_speed_quintile: (0.071 0.677 0.043 0.082 0.036 0.036 0.010 0.025 0.006 0.620 0.399 0.040 0.298 0.010 0.068 0.215 0.052 0.023 0.202 0.328 0.438 0.293 0.347 0.243 0.261 0.134 0.269 0.044 0.087 0.119 0.189 0.090 0.115 0.326 0.189 0.230 0.009 0.043 0.218 0.490 0.144 0.484 0.167 0.051 0.049 0.131 0.181 0.051 0.188 0.038 0.104 0.271 0.043 0.185 0.352 0.098 0.072 0.331 0.097 0.060 0.379 0.220 0.020 0.015 0.167 0.048 0.126 0.054 0.016 0.020 0.039 0.073 0.125 0.058 0.103 0.008 0.091 0.073 0.043 0.120 0.357 0.075 0.233 0.184 0.243 0.165 0.215 0.095 0.211 0.018 0.342 0.209 0.009 0.347 0.282 0.226 0.239 0.398 0.096 0.049 0.489 0.231 0.033 0.208 0.126 0.210 0.306 0.188 0.285 0.314 0.285 0.425 0.231 0.615 0.321 0.517 0.282 0.141 0.590 0.607 0.038 0.595 0.024 0.607 0.469 0.113 0.160 0.079 0.052 0.095 0.053 0.038 0.107 0.572 0.592 0.585 0.604 0.125 0.042 0.122 0.020 0.111 0.255 0.212 0.301 0.350 0.577 0.014 0.150 0.019 0.120 0.026 0.180 0.277 0.034 0.075 0.049 0.050 0.035 0.092 0.044 0.010 0.056 0.008 0.004 0.605 0.036 0.626 0.607 0.592 0.544)  0.304 0.323 0.191 0.125 0.177 0.108 0.053 0.173 0.015 0.379 0.470 0.150 0.424 0.142 0.252 0.285 0.089 0.109 0.202 0.268 0.329 0.210 0.265 0.203 0.212 0.148 0.204 0.045 0.094 0.098 0.208 0.111 0.112 0.256 0.184 0.178 0.135 0.157 0.294 0.447 0.167 0.392 0.125 0.141 0.211 0.119 0.129 0.138 0.143 0.142 0.097 0.271 0.150 0.156 0.232 0.084 0.186 0.206 0.120 0.094 0.202 0.137 0.081 0.075 0.158 0.099 0.173 0.124 0.052 0.041 0.092 0.113 0.105 0.097 0.074 0.075 0.067 0.093 0.058 0.141 0.227 0.122 0.130 0.122 0.188 0.140 0.096 0.130 0.119 0.123 0.476 0.125 0.103 0.392 0.462 0.170 0.182 0.505 0.141 0.216 0.417 0.226 0.142 0.152 0.174 0.403 0.337 0.380 0.289 0.486 0.300 0.473 0.331 0.354 0.281 0.451 0.343 0.318 0.380 0.357 0.086 0.371 0.105 0.361 0.432 0.197 0.213 0.206 0.064 0.054 0.034 0.027 0.131 0.318 0.333 0.317 0.343 0.157 0.099 0.255 0.080 0.235 0.484 0.358 0.512 0.470 0.388 0.037 0.111 0.034 0.141 0.046 0.553 0.437 0.064 0.072 0.095 0.139 0.104 0.169 0.134 0.057 0.242 0.035 0.027 0.387 0.093 0.374 0.386 0.401 0.437)  0.094 0.000 0.164 0.222 0.196 0.169 0.324 0.156 0.282 0.001 0.132 0.147 0.275 0.253 0.497 0.333 0.235 0.211 0.249 0.378 0.221 0.183 0.377 0.196 0.206 0.691 0.145 0.162 0.182 0.083 0.187 0.261 0.195 0.143 0.166 0.126 0.336 0.215 0.308 0.056 0.232 0.074 0.221 0.208 0.100 0.159 0.126 0.093 0.127 0.116 0.153 0.129 0.183 0.209 0.084 0.318 0.241 0.122 0.215 0.237 0.072 0.119 0.244 0.346 0.229 0.252 0.208 0.327 0.236 0.184 0.292 0.237 0.154 0.219 0.130 0.310 0.133 0.167 0.318 0.125 0.262 0.126 0.086 0.124 0.224 0.375 0.065 0.384 0.068 0.388 0.135 0.067 0.341 0.182 0.203 0.139 0.202 0.095 0.123 0.268 0.088 0.118 0.325 0.111 0.150 0.302 0.176 0.292 0.183 0.194 0.194 0.101 0.255 0.031 0.156 0.032 0.224 0.510 0.030 0.036 0.529 0.034 0.345 0.032 0.098 0.111 0.193 0.267 0.414 0.497 0.445 0.616 0.448 0.110 0.075 0.099 0.053 0.301 0.425 0.190 0.135 0.157 0.262 0.429 0.188 0.180 0.036 0.115 0.185 0.168 0.266 0.192 0.262 0.231 0.206 0.182 0.392 0.123 0.141 0.140 0.230 0.518 0.382 0.267 0.313 0.007 0.279 0.001 0.007 0.007 0.020)  0.105 0.000 0.205 0.269 0.319 0.195 0.216 0.239 0.308 0.000 0.000 0.324 0.002 0.304 0.182 0.086 0.257 0.269 0.092 0.027 0.011 0.103 0.011 0.078 0.075 0.028 0.123 0.348 0.199 0.277 0.127 0.385 0.338 0.264 0.201 0.240 0.243 0.532 0.180 0.007 0.202 0.041 0.235 0.390 0.130 0.365 0.227 0.094 0.296 0.086 0.342 0.252 0.160 0.276 0.107 0.279 0.150 0.141 0.220 0.325 0.121 0.247 0.407 0.191 0.212 0.216 0.284 0.356 0.355 0.331 0.259 0.309 0.098 0.344 0.116 0.262 0.114 0.189 0.515 0.163 0.154 0.097 0.152 0.125 0.178 0.296 0.142 0.299 0.182 0.425 0.035 0.182 0.366 0.072 0.053 0.238 0.214 0.001 0.434 0.070 0.007 0.211 0.085 0.241 0.435 0.085 0.076 0.118 0.082 0.006 0.122 0.001 0.086 0.000 0.138 0.000 0.066 0.032 0.000 0.000 0.316 0.000 0.475 0.000 0.000 0.145 0.087 0.155 0.164 0.325 0.337 0.275 0.172 0.000 0.000 0.000 0.000 0.398 0.383 0.409 0.543 0.429 0.000 0.001 0.000 0.000 0.000 0.348 0.313 0.552 0.371 0.378 0.006 0.054 0.375 0.305 0.461 0.404 0.232 0.300 0.363 0.394 0.304 0.507 0.449 0.000 0.369 0.000 0.000 0.000 0.000)  0.426 0.000 0.398 0.302 0.271 0.492 0.397 0.406 0.389 0.000 0.000 0.340 0.000 0.291 0.000 0.081 0.367 0.389 0.255 0.000 0.000 0.210 0.000 0.280 0.246 0.000 0.260 0.401 0.437 0.422 0.289 0.153 0.240 0.011 0.261 0.226 0.278 0.052 0.000 0.000 0.254 0.008 0.253 0.209 0.511 0.225 0.337 0.624 0.247 0.619 0.304 0.077 0.464 0.173 0.225 0.221 0.351 0.200 0.347 0.284 0.225 0.277 0.250 0.372 0.234 0.384 0.209 0.139 0.341 0.424 0.318 0.268 0.519 0.282 0.576 0.345 0.595 0.478 0.066 0.451 0.001 0.579 0.398 0.446 0.167 0.024 0.482 0.092 0.420 0.046 0.012 0.417 0.182 0.007 0.000 0.228 0.163 0.000 0.206 0.397 0.000 0.215 0.416 0.288 0.114 0.000 0.105 0.021 0.160 0.000 0.099 0.000 0.097 0.000 0.104 0.000 0.084 0.000 0.000 0.000 0.031 0.000 0.050 0.000 0.000 0.433 0.348 0.292 0.306 0.028 0.131 0.044 0.142 0.000 0.000 0.000 0.000 0.018 0.051 0.025 0.221 0.068 0.000 0.000 0.000 0.000 0.000 0.484 0.242 0.226 0.102 0.358 0.000 0.000 0.322 0.366 0.004 0.284 0.488 0.300 0.229 0.022 0.016 0.183 0.207 0.000 0.223 0.000 0.000 0.000 0.000)  
pupil_diameter_quintile: (0.000 0.498 0.169 0.001 0.793 0.535 0.011 0.012 0.000 0.301 0.770 0.306 0.484 0.189 0.016 0.336 0.080 0.334 0.199 0.433 0.529 0.457 0.324 0.110 0.499 0.059 0.217 0.309 0.029 0.018 0.263 0.058 0.019 0.513 0.788 0.081 0.000 0.512 0.902 0.928 0.093 0.748 0.103 0.006 0.022 0.014 0.165 0.001 0.065 0.000 0.013 0.156 0.000 0.000 0.247 0.091 0.072 0.663 0.109 0.017 0.419 0.190 0.906 0.719 0.000 0.789 0.208 0.000 0.000 0.000 0.379 0.653 0.000 0.027 0.000 0.010 0.000 0.004 0.506 0.008 0.871 0.000 0.182 0.000 0.486 0.000 0.189 0.000 0.068 0.001 0.981 0.014 0.000 0.937 0.999 0.000 0.022 0.389 0.000 0.000 0.279 0.012 0.000 0.000 0.000 0.137 0.001 0.127 0.001 0.643 0.001 0.297 0.000 0.020 0.001 0.702 0.000 0.000 0.457 0.468 0.000 0.510 0.000 0.542 0.006 0.501 0.252 0.038 0.216 0.938 0.613 0.802 0.522 0.003 0.000 0.000 0.000 0.062 0.000 0.000 0.000 0.000 0.000 0.000 0.084 0.008 0.053 0.000 0.000 0.000 0.000 0.000 0.043 0.014 0.001 0.078 0.005 0.000 0.003 0.000 0.000 0.082 0.000 0.000 0.000 0.012 0.000 0.609 0.224 0.048 0.009)  0.004 0.349 0.799 0.258 0.206 0.384 0.558 0.182 0.004 0.223 0.120 0.368 0.427 0.735 0.063 0.261 0.456 0.573 0.208 0.285 0.410 0.361 0.395 0.313 0.363 0.461 0.276 0.509 0.341 0.507 0.400 0.424 0.244 0.390 0.180 0.359 0.017 0.423 0.096 0.065 0.061 0.104 0.068 0.170 0.369 0.064 0.263 0.119 0.313 0.027 0.334 0.146 0.019 0.025 0.354 0.380 0.541 0.282 0.383 0.557 0.281 0.232 0.086 0.279 0.101 0.194 0.607 0.000 0.307 0.306 0.469 0.324 0.000 0.631 0.071 0.528 0.001 0.185 0.493 0.578 0.123 0.000 0.395 0.000 0.387 0.035 0.306 0.042 0.367 0.008 0.019 0.209 0.000 0.058 0.001 0.000 0.103 0.337 0.006 0.001 0.349 0.304 0.000 0.065 0.021 0.304 0.078 0.202 0.051 0.258 0.064 0.451 0.019 0.246 0.032 0.198 0.019 0.012 0.249 0.239 0.004 0.167 0.000 0.180 0.066 0.443 0.549 0.195 0.237 0.056 0.269 0.192 0.399 0.000 0.000 0.000 0.000 0.036 0.030 0.000 0.000 0.021 0.000 0.000 0.071 0.045 0.205 0.000 0.006 0.000 0.000 0.519 0.212 0.176 0.003 0.229 0.014 0.059 0.332 0.000 0.037 0.017 0.000 0.000 0.000 0.156 0.000 0.260 0.411 0.218 0.104)  0.200 0.114 0.032 0.502 0.001 0.079 0.414 0.288 0.170 0.118 0.044 0.178 0.081 0.075 0.089 0.037 0.174 0.093 0.055 0.258 0.057 0.181 0.233 0.381 0.108 0.320 0.298 0.166 0.403 0.370 0.288 0.461 0.440 0.095 0.027 0.376 0.183 0.065 0.001 0.007 0.349 0.085 0.042 0.686 0.497 0.375 0.306 0.702 0.504 0.242 0.546 0.155 0.354 0.611 0.170 0.474 0.338 0.049 0.422 0.396 0.177 0.459 0.007 0.003 0.299 0.018 0.137 0.002 0.673 0.575 0.152 0.023 0.083 0.329 0.671 0.434 0.058 0.654 0.002 0.331 0.006 0.325 0.177 0.006 0.055 0.105 0.243 0.077 0.167 0.032 0.000 0.306 0.074 0.004 0.000 0.016 0.340 0.175 0.161 0.231 0.188 0.378 0.082 0.240 0.081 0.349 0.186 0.259 0.151 0.077 0.173 0.139 0.156 0.338 0.118 0.043 0.200 0.248 0.145 0.145 0.059 0.125 0.000 0.132 0.221 0.055 0.196 0.398 0.414 0.004 0.117 0.007 0.072 0.000 0.000 0.000 0.000 0.130 0.146 0.006 0.079 0.143 0.000 0.000 0.064 0.124 0.222 0.003 0.251 0.000 0.040 0.481 0.278 0.247 0.045 0.663 0.096 0.853 0.641 0.023 0.426 0.018 0.000 0.000 0.000 0.319 0.000 0.102 0.235 0.358 0.222)  0.703 0.039 0.000 0.236 0.000 0.002 0.018 0.228 0.509 0.112 0.033 0.147 0.006 0.001 0.165 0.103 0.241 0.001 0.232 0.024 0.004 0.001 0.049 0.187 0.030 0.160 0.204 0.016 0.221 0.105 0.049 0.057 0.297 0.002 0.005 0.184 0.493 0.000 0.000 0.000 0.382 0.062 0.478 0.136 0.108 0.336 0.224 0.178 0.096 0.685 0.107 0.525 0.559 0.300 0.228 0.053 0.049 0.006 0.084 0.031 0.123 0.104 0.000 0.000 0.544 0.000 0.048 0.441 0.020 0.119 0.000 0.000 0.489 0.013 0.258 0.028 0.745 0.154 0.000 0.080 0.000 0.522 0.226 0.500 0.072 0.653 0.223 0.530 0.305 0.609 0.000 0.359 0.707 0.001 0.000 0.535 0.364 0.088 0.682 0.536 0.132 0.220 0.568 0.654 0.578 0.203 0.392 0.333 0.366 0.022 0.270 0.078 0.294 0.243 0.200 0.033 0.265 0.375 0.108 0.111 0.139 0.128 0.501 0.116 0.423 0.000 0.003 0.365 0.116 0.001 0.001 0.000 0.007 0.001 0.001 0.000 0.001 0.485 0.435 0.082 0.552 0.432 0.000 0.011 0.178 0.175 0.279 0.248 0.305 0.014 0.397 0.000 0.286 0.317 0.090 0.030 0.582 0.088 0.024 0.877 0.524 0.031 0.003 0.000 0.003 0.325 0.037 0.026 0.096 0.321 0.377)  0.093 0.001 0.000 0.003 0.000 0.000 0.000 0.290 0.317 0.247 0.034 0.001 0.002 0.000 0.666 0.264 0.049 0.000 0.305 0.000 0.000 0.000 0.000 0.009 0.000 0.000 0.005 0.000 0.006 0.000 0.000 0.000 0.001 0.000 0.000 0.000 0.307 0.000 0.000 0.000 0.116 0.000 0.310 0.001 0.003 0.210 0.041 0.000 0.023 0.047 0.001 0.018 0.068 0.064 0.001 0.002 0.000 0.000 0.002 0.000 0.001 0.016 0.000 0.000 0.056 0.000 0.000 0.558 0.000 0.000 0.000 0.000 0.428 0.000 0.000 0.000 0.196 0.003 0.000 0.001 0.000 0.154 0.020 0.494 0.000 0.207 0.038 0.351 0.092 0.350 0.000 0.111 0.219 0.000 0.000 0.449 0.171 0.011 0.152 0.232 0.053 0.086 0.350 0.042 0.320 0.007 0.343 0.079 0.431 0.000 0.493 0.035 0.532 0.153 0.648 0.024 0.516 0.364 0.042 0.036 0.798 0.070 0.499 0.030 0.284 0.000 0.000 0.004 0.018 0.000 0.000 0.000 0.000 0.995 0.999 1.000 0.999 0.288 0.390 0.911 0.370 0.404 1.000 0.989 0.604 0.648 0.240 0.749 0.438 0.986 0.563 0.000 0.181 0.247 0.861 0.000 0.304 0.000 0.000 0.099 0.012 0.852 0.997 1.000 0.997 0.187 0.963 0.003 0.034 0.055 0.288)  
trial_outcome: (0.744 0.561 0.520 0.335 0.441 0.415 0.636 0.450 0.542 0.242 0.358 0.534 0.744 0.693 0.661 0.703 0.568 0.799 0.413 0.215 0.357 0.518 0.277 0.505 0.479 0.379 0.221 0.015 0.003 0.220 0.000 0.352 0.311 0.342 0.005 0.244 0.503 0.587 0.625 0.761 0.556 0.585 0.565 0.335 0.468 0.554 0.527 0.301 0.590 0.306 0.706 0.466 0.327 0.444 0.164 0.263 0.430 0.251 0.264 0.503 0.049 0.140 0.243 0.484 0.104 0.449 0.698 0.204 0.039 0.011 0.046 0.649 0.290 0.587 0.231 0.546 0.234 0.303 0.104 0.657 0.327 0.777 0.467 0.842 0.334 0.305 0.530 0.082 0.574 0.194 0.011 0.552 0.323 0.003 0.071 0.517 0.547 0.714 0.347 0.792 0.607 0.351 0.776 0.035 0.259 0.734 0.030 0.514 0.036 0.600 0.008 0.301 0.114 0.314 0.005 0.234 0.142 0.604 0.170 0.221 0.778 0.231 0.480 0.196 0.384 0.000 0.473 0.407 0.781 0.475 0.613 0.745 0.641 0.041 0.194 0.175 0.443 0.338 0.409 0.604 0.058 0.625 0.167 0.275 0.106 0.155 0.141 0.161 0.080 0.115 0.226 0.283 0.686 0.301 0.126 0.217 0.446 0.505 0.344 0.353 0.358 0.234 0.335 0.162 0.327 0.298 0.152 0.280 0.272 0.636 0.752)  0.128 0.312 0.367 0.531 0.428 0.451 0.255 0.421 0.333 0.637 0.520 0.336 0.136 0.189 0.213 0.181 0.300 0.077 0.456 0.657 0.516 0.361 0.601 0.365 0.395 0.493 0.651 0.861 0.868 0.648 0.878 0.523 0.569 0.529 0.872 0.629 0.372 0.291 0.243 0.120 0.317 0.296 0.321 0.529 0.398 0.314 0.351 0.580 0.273 0.568 0.171 0.417 0.547 0.431 0.712 0.606 0.441 0.622 0.612 0.368 0.826 0.738 0.629 0.388 0.773 0.429 0.181 0.681 0.832 0.869 0.846 0.227 0.583 0.291 0.641 0.328 0.640 0.585 0.777 0.216 0.545 0.095 0.406 0.033 0.541 0.568 0.344 0.790 0.309 0.686 0.866 0.340 0.552 0.864 0.805 0.351 0.324 0.182 0.510 0.083 0.280 0.526 0.104 0.844 0.614 0.165 0.848 0.352 0.836 0.282 0.864 0.576 0.768 0.551 0.866 0.648 0.750 0.286 0.708 0.659 0.089 0.642 0.402 0.679 0.489 0.884 0.404 0.461 0.073 0.400 0.263 0.136 0.218 0.841 0.678 0.695 0.423 0.530 0.468 0.285 0.827 0.256 0.704 0.604 0.772 0.739 0.732 0.714 0.793 0.756 0.648 0.587 0.198 0.578 0.745 0.657 0.421 0.373 0.523 0.517 0.518 0.640 0.533 0.715 0.545 0.569 0.722 0.593 0.601 0.240 0.124)  0.128 0.046 0.100 0.022 0.072 0.049 0.027 0.041 0.022 0.017 0.028 0.026 0.040 0.026 0.024 0.008 0.039 0.026 0.004 0.013 0.007 0.012 0.030 0.027 0.010 0.044 0.006 0.000 0.003 0.011 0.000 0.023 0.023 0.008 0.000 0.021 0.055 0.019 0.062 0.043 0.012 0.015 0.011 0.026 0.007 0.023 0.009 0.022 0.028 0.015 0.026 0.025 0.033 0.003 0.009 0.017 0.056 0.036 0.031 0.054 0.003 0.000 0.041 0.059 0.009 0.040 0.037 0.007 0.000 0.006 0.003 0.036 0.027 0.004 0.010 0.017 0.020 0.011 0.009 0.044 0.015 0.081 0.016 0.049 0.010 0.006 0.028 0.000 0.018 0.006 0.000 0.021 0.006 0.000 0.000 0.015 0.024 0.052 0.003 0.032 0.065 0.007 0.016 0.006 0.000 0.076 0.012 0.048 0.009 0.045 0.000 0.026 0.008 0.019 0.000 0.011 0.014 0.033 0.003 0.012 0.037 0.007 0.025 0.013 0.032 0.000 0.037 0.012 0.073 0.024 0.038 0.005 0.034 0.006 0.011 0.003 0.040 0.064 0.034 0.049 0.000 0.056 0.013 0.034 0.013 0.010 0.006 0.013 0.006 0.006 0.017 0.013 0.081 0.030 0.014 0.018 0.017 0.005 0.051 0.043 0.019 0.015 0.035 0.008 0.018 0.038 0.016 0.025 0.021 0.066 0.039)  0.000 0.081 0.013 0.112 0.059 0.085 0.082 0.088 0.102 0.104 0.095 0.103 0.080 0.092 0.102 0.108 0.093 0.098 0.128 0.115 0.120 0.110 0.092 0.102 0.116 0.084 0.122 0.123 0.127 0.121 0.122 0.102 0.097 0.122 0.122 0.106 0.069 0.103 0.069 0.076 0.115 0.104 0.103 0.110 0.126 0.109 0.113 0.097 0.108 0.111 0.096 0.092 0.094 0.122 0.115 0.114 0.073 0.091 0.093 0.076 0.123 0.123 0.086 0.069 0.114 0.081 0.084 0.107 0.129 0.114 0.105 0.088 0.100 0.117 0.117 0.109 0.106 0.102 0.110 0.083 0.113 0.047 0.111 0.076 0.115 0.121 0.098 0.128 0.099 0.114 0.123 0.088 0.119 0.133 0.125 0.117 0.105 0.052 0.139 0.093 0.047 0.116 0.104 0.114 0.128 0.025 0.110 0.086 0.119 0.073 0.128 0.096 0.110 0.116 0.128 0.107 0.095 0.077 0.118 0.108 0.096 0.119 0.093 0.112 0.095 0.116 0.085 0.120 0.073 0.102 0.086 0.114 0.107 0.111 0.117 0.126 0.095 0.068 0.089 0.062 0.115 0.062 0.116 0.087 0.109 0.096 0.121 0.113 0.121 0.122 0.110 0.117 0.035 0.090 0.115 0.108 0.116 0.118 0.082 0.087 0.105 0.112 0.097 0.115 0.109 0.095 0.110 0.103 0.107 0.058 0.085)  
Brain region: VISp: 29006 neurons, VISl: 162 neurons  
Data verification complete.
