Data format is valid, no errors or warnings.
Number of sessions: 44
Total number of trials: 13762
Number of trials per session: [302, 245, 210, 252, 390, 214, 226, 230, 318, 301, 246, 193, 474, 465, 314, 265, 389, 380, 242, 363, 360, 284, 216, 297, 250, 323, 321, 295, 338, 349, 381, 325, 291, 404, 340, 384, 292, 343, 392, 287, 305, 427, 238, 301]
Number of subjects: 14
Number of brain regions: 2
Number of sessions per subject:
  Subject JEB6: 1 sessions
  Subject JEB7: 2 sessions
  Subject EKH1: 1 sessions
  Subject EKH3: 1 sessions
  Subject JGR2: 2 sessions
  Subject JGR3: 1 sessions
  Subject JEB15: 4 sessions
  Subject JEB14: 4 sessions
  Subject JEB13: 5 sessions
  Subject JEB19: 4 sessions
  Subject JEB11: 2 sessions
  Subject JEB12: 2 sessions
  Subject JEB23: 7 sessions
  Subject JEB24: 8 sessions
Input dimension: 1
Output dimension: 6
Summary statistics (across all sessions):
  T: mean: 100.00, median: 100.00, min: 100, max: 100
  n_neurons: mean: 55.82', min: 17, max: 141
  Input range:
    time_from_go_cue: [-2.5, 2.5]
  Output range:
    lick_direction: [0.0, 2.0]
    context: [0.0, 1.0]
    outcome: [0.0, 2.0]
    tongue_velocity: [0.0, 2.0]
    paw_velocity: [0.0, 2.0]
    motion_energy: [0.0, 1.0]
  Unique outputs per dimension (fraction of data):
    lick_direction: {left (0.423), right (0.446), none (0.131)}
    context: {WC (0.097), DR (0.903)}
    outcome: {incorrect (0.120), correct (0.749), ignore (0.131)}
    tongue_velocity: {below_median (0.051), above_median (0.051), not_visible (0.897)}
    paw_velocity: {below_median (0.476), above_median (0.476), not_visible (0.048)}
    motion_energy: {below_median (0.500), above_median (0.500)}
  Brain region distribution:
    ALM: 2311 neurons
    tjM1: 145 neurons

Per-session statistics:
  Mean T: 100.0, 100.0, 100.0, 100.0, 100.0, 100.0, 100.0, 100.0, 100.0, 100.0, 100.0, 100.0, 100.0, 100.0, 100.0, 100.0, 100.0, 100.0, 100.0, 100.0, 100.0, 100.0, 100.0, 100.0, 100.0, 100.0, 100.0, 100.0, 100.0, 100.0, 100.0, 100.0, 100.0, 100.0, 100.0, 100.0, 100.0, 100.0, 100.0, 100.0, 100.0, 100.0, 100.0, 100.0
  Min T: 100, 100, 100, 100, 100, 100, 100, 100, 100, 100, 100, 100, 100, 100, 100, 100, 100, 100, 100, 100, 100, 100, 100, 100, 100, 100, 100, 100, 100, 100, 100, 100, 100, 100, 100, 100, 100, 100, 100, 100, 100, 100, 100, 100
  Max T: 100, 100, 100, 100, 100, 100, 100, 100, 100, 100, 100, 100, 100, 100, 100, 100, 100, 100, 100, 100, 100, 100, 100, 100, 100, 100, 100, 100, 100, 100, 100, 100, 100, 100, 100, 100, 100, 100, 100, 100, 100, 100, 100, 100
  n_neurons: 29, 66, 27, 48, 66, 29, 53, 28, 141, 68, 54, 31, 83, 77, 134, 96, 48, 85, 115, 31, 51, 35, 36, 67, 33, 63, 67, 57, 39, 93, 57, 71, 35, 51, 49, 59, 17, 31, 24, 54, 34, 37, 42, 45
  Input range:
    0: [-2.5, 2.5] [-2.5, 2.5] [-2.5, 2.5] [-2.5, 2.5] [-2.5, 2.5] [-2.5, 2.5] [-2.5, 2.5] [-2.5, 2.5] [-2.5, 2.5] [-2.5, 2.5] [-2.5, 2.5] [-2.5, 2.5] [-2.5, 2.5] [-2.5, 2.5] [-2.5, 2.5] [-2.5, 2.5] [-2.5, 2.5] [-2.5, 2.5] [-2.5, 2.5] [-2.5, 2.5] [-2.5, 2.5] [-2.5, 2.5] [-2.5, 2.5] [-2.5, 2.5] [-2.5, 2.5] [-2.5, 2.5] [-2.5, 2.5] [-2.5, 2.5] [-2.5, 2.5] [-2.5, 2.5] [-2.5, 2.5] [-2.5, 2.5] [-2.5, 2.5] [-2.5, 2.5] [-2.5, 2.5] [-2.5, 2.5] [-2.5, 2.5] [-2.5, 2.5] [-2.5, 2.5] [-2.5, 2.5] [-2.5, 2.5] [-2.5, 2.5] [-2.5, 2.5] [-2.5, 2.5] 
  Output range:
    0: [0.0, 2.0] [0.0, 2.0] [0.0, 2.0] [0.0, 2.0] [0.0, 2.0] [0.0, 2.0] [0.0, 2.0] [0.0, 2.0] [0.0, 2.0] [0.0, 2.0] [0.0, 2.0] [0.0, 2.0] [0.0, 2.0] [0.0, 2.0] [0.0, 2.0] [0.0, 2.0] [0.0, 2.0] [0.0, 2.0] [0.0, 2.0] [0.0, 2.0] [0.0, 2.0] [0.0, 2.0] [0.0, 2.0] [0.0, 2.0] [0.0, 2.0] [0.0, 2.0] [0.0, 2.0] [0.0, 2.0] [0.0, 2.0] [0.0, 2.0] [0.0, 2.0] [0.0, 2.0] [0.0, 2.0] [0.0, 2.0] [0.0, 2.0] [0.0, 2.0] [0.0, 1.0] [0.0, 2.0] [0.0, 2.0] [0.0, 2.0] [0.0, 2.0] [0.0, 2.0] [0.0, 2.0] [0.0, 2.0] 
    1: [0.0, 1.0] [0.0, 1.0] [0.0, 1.0] [0.0, 1.0] [0.0, 1.0] [0.0, 1.0] [0.0, 1.0] [0.0, 1.0] [0.0, 1.0] [0.0, 1.0] [0.0, 1.0] [0.0, 1.0] [1.0, 1.0] [0.0, 1.0] [0.0, 1.0] [0.0, 1.0] [0.0, 1.0] [0.0, 1.0] [0.0, 1.0] [1.0, 1.0] [1.0, 1.0] [0.0, 1.0] [0.0, 1.0] [0.0, 1.0] [0.0, 1.0] [0.0, 1.0] [0.0, 1.0] [0.0, 1.0] [0.0, 1.0] [1.0, 1.0] [1.0, 1.0] [0.0, 1.0] [0.0, 1.0] [1.0, 1.0] [1.0, 1.0] [1.0, 1.0] [0.0, 1.0] [0.0, 1.0] [1.0, 1.0] [0.0, 1.0] [1.0, 1.0] [1.0, 1.0] [0.0, 1.0] [1.0, 1.0] 
    2: [0.0, 2.0] [0.0, 2.0] [0.0, 2.0] [0.0, 2.0] [0.0, 2.0] [0.0, 2.0] [0.0, 2.0] [0.0, 2.0] [0.0, 2.0] [0.0, 2.0] [0.0, 2.0] [0.0, 2.0] [0.0, 2.0] [0.0, 2.0] [0.0, 2.0] [0.0, 2.0] [0.0, 2.0] [0.0, 2.0] [0.0, 2.0] [0.0, 2.0] [0.0, 2.0] [0.0, 2.0] [0.0, 2.0] [0.0, 2.0] [0.0, 2.0] [0.0, 2.0] [0.0, 2.0] [0.0, 2.0] [0.0, 2.0] [0.0, 2.0] [0.0, 2.0] [0.0, 2.0] [0.0, 2.0] [0.0, 2.0] [0.0, 2.0] [0.0, 2.0] [0.0, 1.0] [0.0, 2.0] [0.0, 2.0] [0.0, 2.0] [0.0, 2.0] [0.0, 2.0] [0.0, 2.0] [0.0, 2.0] 
    3: [0.0, 2.0] [0.0, 2.0] [0.0, 2.0] [0.0, 2.0] [0.0, 2.0] [0.0, 2.0] [0.0, 2.0] [0.0, 2.0] [0.0, 2.0] [0.0, 2.0] [0.0, 2.0] [0.0, 2.0] [0.0, 2.0] [0.0, 2.0] [0.0, 2.0] [0.0, 2.0] [0.0, 2.0] [0.0, 2.0] [0.0, 2.0] [0.0, 2.0] [0.0, 2.0] [0.0, 2.0] [0.0, 2.0] [0.0, 2.0] [0.0, 2.0] [0.0, 2.0] [0.0, 2.0] [0.0, 2.0] [0.0, 2.0] [0.0, 2.0] [0.0, 2.0] [0.0, 2.0] [0.0, 2.0] [0.0, 2.0] [0.0, 2.0] [0.0, 2.0] [0.0, 2.0] [0.0, 2.0] [0.0, 2.0] [0.0, 2.0] [0.0, 2.0] [0.0, 2.0] [0.0, 2.0] [0.0, 2.0] 
    4: [0.0, 2.0] [0.0, 2.0] [0.0, 2.0] [0.0, 2.0] [0.0, 2.0] [0.0, 2.0] [0.0, 2.0] [0.0, 2.0] [0.0, 2.0] [0.0, 2.0] [0.0, 2.0] [0.0, 2.0] [0.0, 2.0] [0.0, 2.0] [0.0, 2.0] [0.0, 2.0] [0.0, 2.0] [0.0, 2.0] [0.0, 2.0] [0.0, 2.0] [0.0, 2.0] [0.0, 2.0] [0.0, 1.0] [0.0, 2.0] [0.0, 1.0] [0.0, 2.0] [0.0, 2.0] [0.0, 2.0] [0.0, 2.0] [0.0, 2.0] [0.0, 2.0] [0.0, 2.0] [0.0, 2.0] [0.0, 2.0] [0.0, 2.0] [0.0, 2.0] [0.0, 2.0] [0.0, 2.0] [0.0, 2.0] [0.0, 2.0] [0.0, 2.0] [0.0, 2.0] [0.0, 2.0] [0.0, 2.0] 
    5: [0.0, 1.0] [0.0, 1.0] [0.0, 1.0] [0.0, 1.0] [0.0, 1.0] [0.0, 1.0] [0.0, 1.0] [0.0, 1.0] [0.0, 1.0] [0.0, 1.0] [0.0, 1.0] [0.0, 1.0] [0.0, 1.0] [0.0, 1.0] [0.0, 1.0] [0.0, 1.0] [0.0, 1.0] [0.0, 1.0] [0.0, 1.0] [0.0, 1.0] [0.0, 1.0] [0.0, 1.0] [0.0, 1.0] [0.0, 1.0] [0.0, 1.0] [0.0, 1.0] [0.0, 1.0] [0.0, 1.0] [0.0, 1.0] [0.0, 1.0] [0.0, 1.0] [0.0, 1.0] [0.0, 1.0] [0.0, 1.0] [0.0, 1.0] [0.0, 1.0] [0.0, 1.0] [0.0, 1.0] [0.0, 1.0] [0.0, 1.0] [0.0, 1.0] [0.0, 1.0] [0.0, 1.0] [0.0, 1.0] 
  Output fraction of data:
lick_direction: (0.424 0.392 0.357 0.413 0.444 0.458 0.473 0.465 0.447 0.439 0.362 0.378 0.580 0.445 0.290 0.325 0.344 0.237 0.483 0.449 0.394 0.423 0.352 0.246 0.336 0.341 0.364 0.478 0.450 0.507 0.499 0.415 0.481 0.463 0.441 0.599 0.469 0.391 0.388 0.467 0.439 0.436 0.403 0.442)  0.437 0.461 0.390 0.437 0.382 0.407 0.389 0.374 0.292 0.362 0.276 0.332 0.416 0.512 0.653 0.555 0.560 0.484 0.446 0.501 0.503 0.282 0.324 0.313 0.336 0.480 0.455 0.403 0.399 0.453 0.457 0.508 0.340 0.431 0.465 0.346 0.531 0.531 0.556 0.495 0.498 0.525 0.529 0.515)  0.139 0.147 0.252 0.151 0.174 0.136 0.137 0.161 0.261 0.199 0.362 0.290 0.004 0.043 0.057 0.121 0.095 0.279 0.070 0.050 0.103 0.296 0.324 0.441 0.328 0.180 0.181 0.119 0.151 0.040 0.045 0.077 0.179 0.106 0.094 0.055 0.000 0.079 0.056 0.038 0.062 0.040 0.067 0.043)  
context: (0.328 0.331 0.343 0.274 0.226 0.280 0.252 0.304 0.066 0.103 0.179 0.135 0.000 0.009 0.038 0.192 0.054 0.124 0.012 0.000 0.000 0.391 0.389 0.360 0.336 0.050 0.112 0.031 0.030 0.000 0.000 0.003 0.024 0.000 0.000 0.000 0.007 0.006 0.000 0.003 0.000 0.000 0.013 0.000)  0.672 0.669 0.657 0.726 0.774 0.720 0.748 0.696 0.934 0.897 0.821 0.865 1.000 0.991 0.962 0.808 0.946 0.876 0.988 1.000 1.000 0.609 0.611 0.640 0.664 0.950 0.888 0.969 0.970 1.000 1.000 0.997 0.976 1.000 1.000 1.000 0.993 0.994 1.000 0.997 1.000 1.000 0.987 1.000)  
outcome: (0.079 0.167 0.105 0.071 0.054 0.126 0.102 0.196 0.075 0.063 0.045 0.041 0.053 0.090 0.322 0.268 0.231 0.189 0.223 0.187 0.228 0.151 0.111 0.071 0.080 0.087 0.103 0.207 0.183 0.049 0.102 0.074 0.100 0.067 0.074 0.104 0.154 0.090 0.110 0.178 0.089 0.059 0.076 0.086)  0.781 0.686 0.643 0.778 0.772 0.738 0.761 0.643 0.664 0.738 0.593 0.668 0.943 0.867 0.621 0.611 0.674 0.532 0.707 0.763 0.669 0.553 0.565 0.488 0.592 0.734 0.717 0.675 0.666 0.911 0.853 0.849 0.722 0.827 0.832 0.841 0.846 0.831 0.834 0.784 0.849 0.902 0.857 0.870)  0.139 0.147 0.252 0.151 0.174 0.136 0.137 0.161 0.261 0.199 0.362 0.290 0.004 0.043 0.057 0.121 0.095 0.279 0.070 0.050 0.103 0.296 0.324 0.441 0.328 0.180 0.181 0.119 0.151 0.040 0.045 0.077 0.179 0.106 0.094 0.055 0.000 0.079 0.056 0.038 0.062 0.040 0.067 0.043)  
tongue_velocity: (0.066 0.072 0.068 0.063 0.061 0.027 0.043 0.040 0.049 0.030 0.027 0.045 0.061 0.044 0.028 0.039 0.053 0.036 0.060 0.058 0.047 0.030 0.011 0.012 0.023 0.072 0.075 0.050 0.046 0.088 0.066 0.070 0.054 0.054 0.070 0.053 0.063 0.039 0.048 0.068 0.069 0.049 0.046 0.047)  0.066 0.072 0.068 0.063 0.061 0.027 0.043 0.040 0.049 0.030 0.027 0.045 0.061 0.044 0.028 0.039 0.053 0.036 0.060 0.058 0.047 0.030 0.011 0.012 0.023 0.072 0.075 0.050 0.046 0.088 0.066 0.070 0.055 0.054 0.070 0.053 0.063 0.039 0.048 0.068 0.069 0.049 0.046 0.047)  0.867 0.856 0.865 0.874 0.878 0.946 0.915 0.920 0.901 0.940 0.945 0.909 0.877 0.912 0.944 0.921 0.895 0.928 0.879 0.884 0.906 0.939 0.978 0.976 0.954 0.855 0.850 0.901 0.908 0.823 0.868 0.859 0.891 0.893 0.860 0.894 0.874 0.922 0.904 0.864 0.862 0.901 0.907 0.906)  
paw_velocity: (0.499 0.497 0.498 0.475 0.498 0.498 0.496 0.497 0.499 0.500 0.496 0.500 0.500 0.500 0.495 0.485 0.470 0.402 0.480 0.484 0.428 0.500 0.500 0.500 0.500 0.462 0.466 0.466 0.464 0.464 0.466 0.462 0.461 0.464 0.462 0.466 0.462 0.466 0.464 0.465 0.464 0.464 0.462 0.465)  0.499 0.497 0.498 0.475 0.498 0.498 0.496 0.497 0.499 0.500 0.496 0.500 0.500 0.500 0.495 0.485 0.470 0.402 0.480 0.484 0.428 0.500 0.500 0.500 0.500 0.462 0.466 0.466 0.464 0.464 0.466 0.462 0.461 0.464 0.462 0.466 0.462 0.466 0.464 0.465 0.464 0.464 0.462 0.465)  0.003 0.006 0.003 0.050 0.003 0.004 0.007 0.005 0.001 0.001 0.008 0.000 0.000 0.001 0.010 0.031 0.060 0.195 0.040 0.032 0.144 0.000 0.000 0.000 0.000 0.075 0.069 0.068 0.072 0.071 0.068 0.077 0.078 0.071 0.075 0.068 0.077 0.069 0.072 0.070 0.072 0.073 0.075 0.071)  
motion_energy: (0.500 0.500 0.500 0.500 0.500 0.500 0.500 0.500 0.500 0.500 0.500 0.500 0.500 0.500 0.500 0.500 0.500 0.500 0.500 0.500 0.500 0.500 0.500 0.500 0.500 0.500 0.500 0.500 0.500 0.500 0.500 0.500 0.500 0.500 0.500 0.500 0.500 0.500 0.500 0.500 0.500 0.500 0.500 0.500)  0.500 0.500 0.500 0.500 0.500 0.500 0.500 0.500 0.500 0.500 0.500 0.500 0.500 0.500 0.500 0.500 0.500 0.500 0.500 0.500 0.500 0.500 0.500 0.500 0.500 0.500 0.500 0.500 0.500 0.500 0.500 0.500 0.500 0.500 0.500 0.500 0.500 0.500 0.500 0.500 0.500 0.500 0.500 0.500)  
Brain region: ALM: 2311 neurons, tjM1: 145 neurons  
Data verification complete.
