Data format is valid, no errors or warnings.
Number of sessions: 41
Total number of trials: 1090
Number of trials per session: [20, 20, 20, 20, 20, 20, 20, 20, 20, 20, 20, 20, 20, 20, 30, 30, 30, 30, 30, 30, 30, 30, 30, 30, 30, 30, 30, 30, 30, 30, 30, 30, 30, 30, 30, 30, 30, 30, 30, 30, 30]
Number of subjects: 6
Number of brain regions: 1
Number of sessions per subject:
  Subject jm031: 7 sessions
  Subject jm032: 7 sessions
  Subject jm038: 7 sessions
  Subject jm039: 7 sessions
  Subject jm040: 6 sessions
  Subject jm046: 7 sessions
Input dimension: 1
Output dimension: 1
Summary statistics (across all sessions):
  T: mean: 1800.00, median: 1800.00, min: 1800, max: 1800
  n_neurons: mean: 498.66', min: 221, max: 746
  Input range:
    time: [0.0, 60.0]
  Output range:
    motion_energy: [0.0, 4.0]
  Unique outputs per dimension (fraction of data):
    motion_energy: {level_0 (0.200), level_1 (0.200), level_2 (0.200), level_3 (0.200), level_4 (0.200)}
  Brain region distribution:
    barrel_cortex: 20445 neurons

Per-session statistics:
  Mean T: 1800.0, 1800.0, 1800.0, 1800.0, 1800.0, 1800.0, 1800.0, 1800.0, 1800.0, 1800.0, 1800.0, 1800.0, 1800.0, 1800.0, 1800.0, 1800.0, 1800.0, 1800.0, 1800.0, 1800.0, 1800.0, 1800.0, 1800.0, 1800.0, 1800.0, 1800.0, 1800.0, 1800.0, 1800.0, 1800.0, 1800.0, 1800.0, 1800.0, 1800.0, 1800.0, 1800.0, 1800.0, 1800.0, 1800.0, 1800.0, 1800.0
  Min T: 1800, 1800, 1800, 1800, 1800, 1800, 1800, 1800, 1800, 1800, 1800, 1800, 1800, 1800, 1800, 1800, 1800, 1800, 1800, 1800, 1800, 1800, 1800, 1800, 1800, 1800, 1800, 1800, 1800, 1800, 1800, 1800, 1800, 1800, 1800, 1800, 1800, 1800, 1800, 1800, 1800
  Max T: 1800, 1800, 1800, 1800, 1800, 1800, 1800, 1800, 1800, 1800, 1800, 1800, 1800, 1800, 1800, 1800, 1800, 1800, 1800, 1800, 1800, 1800, 1800, 1800, 1800, 1800, 1800, 1800, 1800, 1800, 1800, 1800, 1800, 1800, 1800, 1800, 1800, 1800, 1800, 1800, 1800
  n_neurons: 221, 221, 221, 221, 221, 221, 221, 370, 370, 370, 370, 370, 370, 370, 685, 685, 685, 685, 685, 685, 685, 746, 746, 746, 746, 746, 746, 746, 541, 541, 541, 541, 541, 541, 435, 435, 435, 435, 435, 435, 435
  Input range:
    0: [0.0, 60.0] [0.0, 60.0] [0.0, 60.0] [0.0, 60.0] [0.0, 60.0] [0.0, 60.0] [0.0, 60.0] [0.0, 60.0] [0.0, 60.0] [0.0, 60.0] [0.0, 60.0] [0.0, 60.0] [0.0, 60.0] [0.0, 60.0] [0.0, 60.0] [0.0, 60.0] [0.0, 60.0] [0.0, 60.0] [0.0, 60.0] [0.0, 60.0] [0.0, 60.0] [0.0, 60.0] [0.0, 60.0] [0.0, 60.0] [0.0, 60.0] [0.0, 60.0] [0.0, 60.0] [0.0, 60.0] [0.0, 60.0] [0.0, 60.0] [0.0, 60.0] [0.0, 60.0] [0.0, 60.0] [0.0, 60.0] [0.0, 60.0] [0.0, 60.0] [0.0, 60.0] [0.0, 60.0] [0.0, 60.0] [0.0, 60.0] [0.0, 60.0] 
  Output range:
    0: [0.0, 4.0] [0.0, 4.0] [0.0, 4.0] [0.0, 4.0] [0.0, 4.0] [0.0, 4.0] [0.0, 4.0] [0.0, 4.0] [0.0, 4.0] [0.0, 4.0] [0.0, 4.0] [0.0, 4.0] [0.0, 4.0] [0.0, 4.0] [0.0, 4.0] [0.0, 4.0] [0.0, 4.0] [0.0, 4.0] [0.0, 4.0] [0.0, 4.0] [0.0, 4.0] [0.0, 4.0] [0.0, 4.0] [0.0, 4.0] [0.0, 4.0] [0.0, 4.0] [0.0, 4.0] [0.0, 4.0] [0.0, 4.0] [0.0, 4.0] [0.0, 4.0] [0.0, 4.0] [0.0, 4.0] [0.0, 4.0] [0.0, 4.0] [0.0, 4.0] [0.0, 4.0] [0.0, 4.0] [0.0, 4.0] [0.0, 4.0] [0.0, 4.0] 
  Output fraction of data:
motion_energy: (0.000 0.000 0.000 0.000 0.000 0.000 0.000 0.000 0.000 0.000 0.000 0.422 0.637 0.000 0.000 0.000 0.000 0.377 0.000 0.000 0.559 0.000 0.092 0.149 0.400 0.310 0.394 0.265 0.000 0.000 0.008 0.152 0.094 0.380 0.528 0.200 0.673 0.635 0.003 0.689 0.654)  0.000 0.000 0.000 0.000 0.000 0.000 0.000 0.000 0.000 0.000 0.052 0.179 0.037 0.138 0.198 0.536 0.221 0.348 0.404 0.248 0.194 0.219 0.480 0.385 0.264 0.318 0.295 0.350 0.000 0.012 0.391 0.339 0.416 0.236 0.211 0.317 0.075 0.131 0.272 0.060 0.076)  0.000 0.000 0.000 0.000 0.564 0.000 0.650 0.000 0.337 0.000 0.627 0.045 0.022 0.581 0.403 0.226 0.413 0.104 0.266 0.393 0.069 0.307 0.183 0.193 0.119 0.145 0.124 0.180 0.477 0.400 0.244 0.186 0.215 0.138 0.079 0.125 0.048 0.065 0.205 0.030 0.047)  0.000 0.618 0.815 0.820 0.141 0.792 0.144 0.000 0.394 0.000 0.080 0.079 0.069 0.138 0.262 0.112 0.263 0.067 0.204 0.265 0.064 0.300 0.119 0.147 0.100 0.108 0.094 0.106 0.413 0.452 0.215 0.182 0.173 0.122 0.074 0.159 0.063 0.065 0.332 0.031 0.047)  1.000 0.382 0.185 0.179 0.295 0.208 0.206 1.000 0.269 1.000 0.241 0.276 0.234 0.144 0.137 0.126 0.103 0.104 0.125 0.093 0.114 0.175 0.126 0.126 0.117 0.119 0.093 0.100 0.111 0.136 0.142 0.141 0.102 0.123 0.108 0.199 0.142 0.103 0.188 0.190 0.177)  
Brain region: barrel_cortex: 20445 neurons  
Data verification complete.
