Data format is valid, no errors or warnings.
Number of sessions: 284
Total number of trials: 85230
Number of trials per session: [365, 291, 405, 305, 403, 215, 229, 205, 407, 147, 338, 404, 162, 336, 403, 230, 334, 317, 408, 349, 314, 354, 408, 319, 409, 319, 318, 95, 180, 404, 286, 288, 218, 249, 403, 259, 405, 211, 271, 262, 402, 227, 266, 225, 269, 404, 402, 318, 251, 255, 410, 131, 131, 39, 405, 190, 151, 188, 155, 112, 166, 405, 243, 172, 404, 402, 225, 408, 404, 242, 180, 234, 271, 403, 176, 408, 230, 251, 267, 129, 407, 195, 406, 406, 293, 400, 315, 285, 260, 402, 307, 293, 312, 228, 412, 338, 396, 397, 293, 403, 409, 271, 403, 302, 270, 293, 381, 406, 405, 405, 146, 213, 402, 402, 145, 185, 263, 268, 409, 274, 254, 286, 263, 399, 405, 402, 406, 228, 279, 279, 265, 409, 231, 290, 327, 251, 407, 329, 406, 405, 246, 184, 280, 270, 189, 387, 403, 378, 406, 267, 189, 334, 200, 279, 215, 403, 324, 410, 372, 406, 343, 200, 252, 304, 410, 291, 230, 307, 410, 291, 405, 347, 405, 206, 288, 149, 402, 250, 339, 186, 323, 400, 407, 409, 220, 380, 232, 356, 362, 407, 330, 205, 368, 307, 410, 300, 263, 79, 405, 348, 257, 117, 401, 173, 334, 379, 405, 406, 405, 363, 81, 373, 105, 338, 117, 378, 286, 248, 407, 370, 209, 209, 209, 209, 209, 209, 209, 279, 257, 406, 406, 406, 406, 92, 138, 265, 265, 265, 216, 287, 287, 287, 287, 287, 287, 287, 404, 309, 309, 309, 309, 309, 309, 309, 405, 239, 239, 239, 239, 239, 406, 406, 406, 406, 406, 406, 406, 196, 196, 196, 196, 196, 394, 407, 217, 181, 403, 107, 269, 407, 189, 224, 258, 404]
Number of subjects: 38
Number of brain regions: 2
Number of sessions per subject:
  Subject 403491: 4 sessions
  Subject 412036: 6 sessions
  Subject 412366: 6 sessions
  Subject 421136: 5 sessions
  Subject 423606: 6 sessions
  Subject 425493: 5 sessions
  Subject 425496: 6 sessions
  Subject 429952: 7 sessions
  Subject 431023: 5 sessions
  Subject 431252: 7 sessions
  Subject 436662: 6 sessions
  Subject 440298: 5 sessions
  Subject 442709: 6 sessions
  Subject 445002: 6 sessions
  Subject 445270: 8 sessions
  Subject 447663: 7 sessions
  Subject 448900: 7 sessions
  Subject 449441: 6 sessions
  Subject 450471: 9 sessions
  Subject 453913: 5 sessions
  Subject 456564: 8 sessions
  Subject 456916: 6 sessions
  Subject 456917: 6 sessions
  Subject 457766: 11 sessions
  Subject 457841: 45 sessions
  Subject 459773: 6 sessions
  Subject 459777: 6 sessions
  Subject 467302: 6 sessions
  Subject 468866: 9 sessions
  Subject 479426: 6 sessions
  Subject 495789: 6 sessions
  Subject 523927: 6 sessions
  Subject 524274: 7 sessions
  Subject 533527: 7 sessions
  Subject 538219: 7 sessions
  Subject 544261: 6 sessions
  Subject 546819: 7 sessions
  Subject 549976: 7 sessions
Input dimension: 0
Output dimension: 5
Summary statistics (across all sessions):
  T: mean: 236.48, median: 264.55, min: 77, max: 391
  n_neurons: mean: 148.40', min: 4, max: 666
  Input range:
  Output range:
    image_identity: [0.0, 17.0]
    image_change: [0.0, 1.0]
    running_speed_bin: [0.0, 4.0]
    pupil_diameter_bin: [0.0, 4.0]
    trial_outcome: [0.0, 3.0]
  Unique outputs per dimension (fraction of data):
    image_identity: {blank (0.001), im000 (0.059), im031 (0.060), im035 (0.059), im045 (0.060), im054 (0.059), im061 (0.061), im062 (0.061), im063 (0.062), im065 (0.061), im066 (0.061), im069 (0.061), im073 (0.059), im075 (0.060), im077 (0.061), im085 (0.062), im106 (0.059), omitted (0.036)}
    image_change: {no_change (0.993), change (0.007)}
    running_speed_bin: {bin_0 (0.150), bin_1 (0.096), bin_2 (0.104), bin_3 (0.166), bin_4 (0.484)}
    pupil_diameter_bin: {bin_0 (0.835), bin_1 (0.112), bin_2 (0.027), bin_3 (0.017), bin_4 (0.008)}
    trial_outcome: {hit (0.186), miss (0.688), false_alarm (0.011), correct_reject (0.115)}
  Brain region distribution:
    VISl: 238 neurons
    VISp: 41909 neurons

Per-session statistics:
  Mean T: 263.9, 266.2, 268.1, 263.9, 269.1, 260.8, 258.9, 259.9, 266.2, 251.2, 268.9, 268.5, 253.1, 263.6, 269.3, 259.5, 265.2, 267.5, 266.4, 267.7, 264.7, 267.7, 266.1, 268.5, 265.1, 269.5, 263.9, 248.2, 261.0, 268.9, 264.2, 263.7, 264.4, 259.5, 269.7, 260.5, 268.1, 260.5, 264.9, 265.8, 270.4, 259.5, 265.4, 265.2, 263.8, 268.4, 270.1, 260.9, 265.1, 261.6, 264.5, 252.4, 248.2, 245.8, 268.2, 256.7, 253.0, 260.7, 246.0, 255.2, 251.4, 268.3, 266.0, 249.0, 268.8, 269.7, 255.9, 266.0, 268.9, 258.3, 256.4, 261.3, 268.7, 269.2, 260.5, 265.9, 258.9, 269.8, 261.3, 255.0, 266.8, 255.2, 267.0, 267.0, 259.5, 270.8, 264.4, 267.1, 263.2, 269.5, 260.5, 264.8, 264.0, 262.6, 263.4, 269.2, 266.7, 268.4, 269.1, 269.1, 265.3, 261.1, 268.0, 262.1, 263.0, 262.7, 269.8, 266.9, 267.5, 267.7, 251.9, 263.7, 270.0, 269.6, 251.5, 263.0, 265.9, 266.9, 265.3, 268.7, 260.4, 265.1, 264.5, 272.0, 267.9, 270.0, 267.0, 266.5, 266.7, 267.6, 262.4, 265.2, 267.7, 265.1, 269.9, 260.9, 266.5, 267.0, 267.1, 267.9, 264.3, 257.0, 269.3, 265.0, 261.7, 265.3, 269.4, 264.8, 267.0, 263.3, 251.1, 264.8, 256.5, 264.7, 264.6, 269.3, 267.6, 264.3, 266.3, 266.9, 266.6, 259.0, 269.2, 262.9, 264.6, 267.6, 258.6, 267.2, 264.1, 266.4, 268.0, 266.3, 267.6, 264.2, 264.4, 252.3, 269.7, 263.2, 264.2, 258.8, 267.7, 271.8, 266.6, 264.9, 256.7, 269.2, 260.4, 267.2, 264.9, 265.9, 268.1, 266.0, 265.0, 260.8, 264.8, 263.5, 258.7, 235.7, 268.1, 266.8, 266.7, 248.5, 270.8, 269.3, 264.9, 266.5, 268.1, 267.0, 268.1, 269.8, 237.6, 266.7, 257.9, 268.0, 251.0, 265.9, 264.7, 257.4, 266.2, 273.6, 92.2, 92.2, 92.2, 92.2, 92.2, 92.2, 92.2, 261.3, 264.0, 92.8, 92.8, 92.8, 92.8, 246.2, 259.9, 89.7, 89.7, 89.7, 267.7, 91.1, 91.1, 91.0, 91.0, 91.0, 91.0, 91.0, 268.4, 91.2, 91.2, 91.2, 91.2, 91.2, 91.3, 91.3, 268.4, 89.4, 89.4, 89.4, 89.4, 89.4, 92.8, 92.8, 92.8, 92.8, 92.8, 92.8, 92.8, 91.6, 91.6, 91.6, 91.5, 91.5, 271.2, 266.5, 260.7, 260.7, 269.0, 243.4, 265.4, 266.3, 255.3, 267.7, 264.9, 268.8
  Min T: 224, 224, 224, 224, 224, 224, 224, 224, 224, 224, 224, 224, 224, 224, 224, 224, 224, 224, 224, 224, 224, 224, 224, 224, 224, 224, 224, 224, 224, 224, 224, 224, 224, 224, 224, 224, 224, 224, 224, 224, 224, 224, 225, 224, 224, 224, 224, 224, 224, 224, 224, 224, 224, 225, 224, 225, 224, 224, 224, 224, 224, 224, 224, 224, 224, 224, 224, 224, 224, 224, 224, 224, 224, 224, 224, 224, 224, 224, 224, 224, 224, 224, 224, 224, 224, 224, 224, 224, 224, 224, 224, 224, 224, 224, 224, 224, 224, 224, 224, 224, 224, 224, 224, 224, 224, 224, 224, 224, 224, 224, 224, 224, 224, 224, 224, 224, 224, 224, 224, 224, 224, 224, 224, 224, 224, 224, 224, 224, 224, 224, 224, 224, 224, 224, 224, 224, 224, 224, 224, 224, 224, 217, 224, 224, 224, 224, 224, 224, 224, 224, 224, 224, 224, 224, 224, 224, 224, 224, 224, 224, 224, 224, 224, 224, 224, 224, 224, 224, 224, 224, 224, 224, 224, 224, 224, 224, 224, 224, 224, 224, 224, 224, 224, 224, 224, 224, 224, 224, 224, 224, 224, 224, 224, 224, 224, 224, 224, 224, 224, 224, 224, 224, 224, 224, 224, 224, 224, 224, 224, 224, 224, 224, 224, 224, 224, 224, 224, 224, 224, 224, 77, 77, 78, 78, 78, 78, 78, 224, 224, 77, 77, 78, 78, 224, 224, 77, 77, 77, 224, 77, 77, 77, 77, 77, 78, 78, 224, 78, 78, 77, 77, 77, 77, 77, 224, 78, 78, 78, 77, 77, 77, 77, 78, 78, 78, 77, 77, 77, 77, 78, 77, 78, 224, 224, 224, 224, 224, 224, 224, 224, 224, 224, 224, 224
  Max T: 388, 388, 388, 388, 388, 388, 389, 388, 389, 387, 388, 388, 387, 388, 388, 388, 388, 389, 389, 388, 388, 388, 388, 388, 388, 388, 389, 388, 387, 388, 388, 388, 388, 388, 388, 388, 388, 388, 388, 389, 389, 388, 388, 388, 388, 388, 388, 389, 389, 388, 388, 365, 387, 341, 391, 389, 387, 388, 341, 388, 387, 388, 388, 388, 388, 387, 387, 388, 388, 388, 365, 388, 388, 388, 388, 388, 387, 388, 388, 388, 388, 388, 388, 388, 387, 388, 389, 388, 388, 388, 388, 388, 388, 388, 388, 387, 388, 388, 387, 388, 388, 387, 388, 388, 388, 388, 388, 388, 388, 388, 387, 388, 387, 388, 388, 388, 387, 388, 388, 388, 388, 388, 387, 388, 388, 388, 388, 388, 388, 388, 388, 388, 388, 388, 388, 388, 388, 388, 388, 389, 388, 388, 388, 387, 388, 388, 388, 388, 387, 388, 387, 388, 387, 387, 387, 388, 388, 388, 388, 388, 388, 388, 388, 388, 387, 388, 387, 388, 388, 388, 388, 388, 388, 388, 388, 365, 388, 388, 388, 388, 387, 388, 388, 387, 388, 388, 387, 388, 388, 388, 388, 388, 388, 388, 388, 388, 388, 271, 388, 388, 388, 364, 388, 388, 388, 388, 388, 388, 388, 388, 387, 388, 364, 388, 388, 388, 388, 387, 388, 388, 135, 135, 135, 135, 135, 135, 135, 388, 388, 135, 135, 135, 135, 363, 388, 135, 135, 135, 388, 135, 135, 135, 135, 135, 135, 135, 388, 135, 135, 135, 135, 135, 135, 135, 388, 135, 135, 135, 134, 134, 135, 135, 135, 135, 135, 135, 135, 135, 135, 135, 135, 135, 388, 388, 388, 388, 388, 365, 387, 388, 388, 388, 388, 388
  n_neurons: 13, 9, 10, 9, 10, 6, 22, 20, 11, 18, 18, 27, 16, 10, 9, 8, 7, 7, 9, 10, 18, 36, 18, 13, 10, 37, 30, 20, 21, 40, 29, 18, 25, 18, 19, 23, 37, 26, 23, 20, 22, 22, 21, 18, 10, 13, 21, 15, 10, 13, 13, 17, 20, 89, 132, 142, 208, 27, 199, 45, 221, 205, 33, 190, 186, 44, 49, 190, 39, 39, 22, 251, 226, 253, 194, 67, 286, 196, 302, 46, 39, 200, 157, 206, 212, 156, 164, 122, 436, 458, 167, 410, 504, 110, 478, 483, 29, 22, 157, 14, 20, 161, 17, 162, 146, 143, 13, 16, 175, 193, 136, 429, 129, 487, 426, 556, 537, 151, 530, 209, 48, 188, 123, 183, 273, 138, 179, 120, 242, 233, 125, 254, 127, 64, 49, 209, 62, 62, 155, 148, 151, 184, 63, 171, 108, 156, 51, 175, 551, 65, 98, 557, 77, 604, 85, 586, 666, 112, 469, 478, 556, 52, 83, 415, 110, 511, 98, 457, 91, 463, 477, 516, 487, 81, 490, 85, 578, 242, 164, 83, 482, 245, 132, 76, 230, 115, 254, 134, 560, 150, 158, 245, 504, 558, 252, 197, 194, 18, 128, 95, 180, 23, 50, 120, 69, 88, 15, 85, 59, 39, 9, 381, 12, 354, 14, 451, 392, 17, 478, 363, 12, 12, 12, 22, 14, 6, 10, 14, 360, 13, 12, 23, 12, 340, 549, 8, 17, 9, 422, 8, 12, 12, 23, 8, 9, 6, 12, 11, 10, 13, 15, 6, 7, 5, 405, 8, 16, 7, 8, 4, 11, 11, 11, 18, 8, 10, 5, 8, 7, 10, 8, 4, 13, 14, 11, 15, 7, 18, 511, 534, 438, 517, 555, 591
  Input range:
  Output range:
    0: [0.0, 17.0] [0.0, 17.0] [0.0, 17.0] [0.0, 17.0] [0.0, 17.0] [0.0, 17.0] [0.0, 17.0] [0.0, 17.0] [0.0, 17.0] [0.0, 17.0] [0.0, 17.0] [0.0, 17.0] [0.0, 17.0] [0.0, 17.0] [0.0, 17.0] [0.0, 17.0] [0.0, 17.0] [0.0, 17.0] [0.0, 17.0] [0.0, 17.0] [0.0, 17.0] [0.0, 17.0] [0.0, 17.0] [0.0, 17.0] [0.0, 17.0] [0.0, 17.0] [0.0, 17.0] [0.0, 17.0] [0.0, 17.0] [0.0, 17.0] [0.0, 17.0] [0.0, 17.0] [0.0, 17.0] [0.0, 17.0] [0.0, 17.0] [0.0, 17.0] [0.0, 17.0] [0.0, 17.0] [0.0, 17.0] [0.0, 17.0] [0.0, 17.0] [0.0, 17.0] [0.0, 17.0] [0.0, 17.0] [0.0, 17.0] [0.0, 17.0] [0.0, 17.0] [0.0, 17.0] [0.0, 17.0] [0.0, 17.0] [0.0, 17.0] [0.0, 17.0] [0.0, 17.0] [0.0, 17.0] [0.0, 17.0] [0.0, 17.0] [0.0, 17.0] [0.0, 17.0] [0.0, 17.0] [0.0, 17.0] [0.0, 17.0] [0.0, 17.0] [0.0, 17.0] [0.0, 17.0] [0.0, 17.0] [0.0, 17.0] [0.0, 17.0] [0.0, 17.0] [0.0, 17.0] [0.0, 17.0] [0.0, 17.0] [0.0, 17.0] [0.0, 17.0] [0.0, 17.0] [0.0, 17.0] [0.0, 17.0] [0.0, 17.0] [0.0, 17.0] [0.0, 17.0] [0.0, 17.0] [0.0, 17.0] [0.0, 17.0] [0.0, 17.0] [0.0, 17.0] [0.0, 17.0] [0.0, 17.0] [0.0, 17.0] [0.0, 17.0] [0.0, 17.0] [0.0, 17.0] [0.0, 17.0] [0.0, 17.0] [0.0, 17.0] [0.0, 17.0] [0.0, 17.0] [0.0, 17.0] [0.0, 17.0] [0.0, 17.0] [0.0, 17.0] [0.0, 17.0] [0.0, 17.0] [0.0, 17.0] [0.0, 17.0] [0.0, 17.0] [0.0, 17.0] [0.0, 17.0] [0.0, 17.0] [0.0, 17.0] [0.0, 17.0] [0.0, 17.0] [0.0, 17.0] [0.0, 17.0] [0.0, 17.0] [0.0, 17.0] [0.0, 17.0] [0.0, 17.0] [0.0, 17.0] [0.0, 17.0] [0.0, 17.0] [0.0, 17.0] [0.0, 17.0] [0.0, 17.0] [0.0, 17.0] [0.0, 17.0] [0.0, 17.0] [0.0, 17.0] [0.0, 17.0] [0.0, 17.0] [0.0, 17.0] [0.0, 17.0] [0.0, 17.0] [0.0, 17.0] [0.0, 17.0] [0.0, 17.0] [0.0, 17.0] [0.0, 17.0] [0.0, 17.0] [0.0, 17.0] [0.0, 17.0] [0.0, 17.0] [0.0, 17.0] [0.0, 17.0] [0.0, 17.0] [0.0, 17.0] [0.0, 17.0] [0.0, 17.0] [0.0, 17.0] [0.0, 17.0] [0.0, 17.0] [0.0, 17.0] [0.0, 17.0] [0.0, 17.0] [0.0, 17.0] [0.0, 17.0] [0.0, 17.0] [0.0, 17.0] [0.0, 17.0] [0.0, 17.0] [0.0, 17.0] [0.0, 17.0] [0.0, 17.0] [0.0, 17.0] [0.0, 17.0] [0.0, 17.0] [0.0, 17.0] [0.0, 17.0] [0.0, 17.0] [0.0, 17.0] [0.0, 17.0] [0.0, 17.0] [0.0, 17.0] [0.0, 17.0] [0.0, 17.0] [0.0, 17.0] [0.0, 17.0] [0.0, 17.0] [0.0, 17.0] [0.0, 17.0] [0.0, 17.0] [0.0, 17.0] [0.0, 17.0] [0.0, 17.0] [0.0, 17.0] [0.0, 17.0] [0.0, 17.0] [0.0, 17.0] [0.0, 17.0] [0.0, 17.0] [0.0, 17.0] [0.0, 17.0] [0.0, 17.0] [0.0, 17.0] [0.0, 17.0] [0.0, 17.0] [0.0, 17.0] [0.0, 17.0] [0.0, 17.0] [0.0, 17.0] [0.0, 17.0] [0.0, 17.0] [0.0, 17.0] [0.0, 17.0] [0.0, 17.0] [0.0, 17.0] [0.0, 17.0] [0.0, 17.0] [0.0, 17.0] [0.0, 17.0] [0.0, 17.0] [0.0, 17.0] [0.0, 17.0] [0.0, 17.0] [0.0, 17.0] [0.0, 17.0] [0.0, 17.0] [0.0, 17.0] [0.0, 17.0] [0.0, 17.0] [0.0, 17.0] [0.0, 17.0] [0.0, 17.0] [0.0, 17.0] [0.0, 17.0] [0.0, 17.0] [0.0, 17.0] [0.0, 17.0] [0.0, 17.0] [0.0, 17.0] [0.0, 17.0] [0.0, 17.0] [0.0, 17.0] [0.0, 17.0] [0.0, 17.0] [0.0, 17.0] [0.0, 17.0] [0.0, 17.0] [0.0, 17.0] [0.0, 17.0] [0.0, 17.0] [0.0, 17.0] [0.0, 17.0] [0.0, 17.0] [0.0, 17.0] [0.0, 17.0] [0.0, 17.0] [0.0, 17.0] [0.0, 17.0] [0.0, 17.0] [0.0, 17.0] [0.0, 17.0] [0.0, 17.0] [0.0, 17.0] [0.0, 17.0] [0.0, 17.0] [0.0, 17.0] [0.0, 17.0] [0.0, 17.0] [0.0, 17.0] [0.0, 17.0] [0.0, 17.0] [0.0, 17.0] [0.0, 17.0] [0.0, 17.0] [0.0, 17.0] [0.0, 17.0] [0.0, 17.0] [0.0, 17.0] [0.0, 17.0] [0.0, 17.0] [0.0, 17.0] [0.0, 17.0] [0.0, 17.0] [0.0, 17.0] [0.0, 17.0] [0.0, 17.0] [0.0, 17.0] [0.0, 17.0] [0.0, 17.0] [0.0, 17.0] [0.0, 17.0] [0.0, 17.0] [0.0, 17.0] [0.0, 17.0] [0.0, 17.0] 
    1: [0.0, 1.0] [0.0, 1.0] [0.0, 1.0] [0.0, 1.0] [0.0, 1.0] [0.0, 1.0] [0.0, 1.0] [0.0, 1.0] [0.0, 1.0] [0.0, 1.0] [0.0, 1.0] [0.0, 1.0] [0.0, 1.0] [0.0, 1.0] [0.0, 1.0] [0.0, 1.0] [0.0, 1.0] [0.0, 1.0] [0.0, 1.0] [0.0, 1.0] [0.0, 1.0] [0.0, 1.0] [0.0, 1.0] [0.0, 1.0] [0.0, 1.0] [0.0, 1.0] [0.0, 1.0] [0.0, 1.0] [0.0, 1.0] [0.0, 1.0] [0.0, 1.0] [0.0, 1.0] [0.0, 1.0] [0.0, 1.0] [0.0, 1.0] [0.0, 1.0] [0.0, 1.0] [0.0, 1.0] [0.0, 1.0] [0.0, 1.0] [0.0, 1.0] [0.0, 1.0] [0.0, 1.0] [0.0, 1.0] [0.0, 1.0] [0.0, 1.0] [0.0, 1.0] [0.0, 1.0] [0.0, 1.0] [0.0, 1.0] [0.0, 1.0] [0.0, 1.0] [0.0, 1.0] [0.0, 1.0] [0.0, 1.0] [0.0, 1.0] [0.0, 1.0] [0.0, 1.0] [0.0, 1.0] [0.0, 1.0] [0.0, 1.0] [0.0, 1.0] [0.0, 1.0] [0.0, 1.0] [0.0, 1.0] [0.0, 1.0] [0.0, 1.0] [0.0, 1.0] [0.0, 1.0] [0.0, 1.0] [0.0, 1.0] [0.0, 1.0] [0.0, 1.0] [0.0, 1.0] [0.0, 1.0] [0.0, 1.0] [0.0, 1.0] [0.0, 1.0] [0.0, 1.0] [0.0, 1.0] [0.0, 1.0] [0.0, 1.0] [0.0, 1.0] [0.0, 1.0] [0.0, 1.0] [0.0, 1.0] [0.0, 1.0] [0.0, 1.0] [0.0, 1.0] [0.0, 1.0] [0.0, 1.0] [0.0, 1.0] [0.0, 1.0] [0.0, 1.0] [0.0, 1.0] [0.0, 1.0] [0.0, 1.0] [0.0, 1.0] [0.0, 1.0] [0.0, 1.0] [0.0, 1.0] [0.0, 1.0] [0.0, 1.0] [0.0, 1.0] [0.0, 1.0] [0.0, 1.0] [0.0, 1.0] [0.0, 1.0] [0.0, 1.0] [0.0, 1.0] [0.0, 1.0] [0.0, 1.0] [0.0, 1.0] [0.0, 1.0] [0.0, 1.0] [0.0, 1.0] [0.0, 1.0] [0.0, 1.0] [0.0, 1.0] [0.0, 1.0] [0.0, 1.0] [0.0, 1.0] [0.0, 1.0] [0.0, 1.0] [0.0, 1.0] [0.0, 1.0] [0.0, 1.0] [0.0, 1.0] [0.0, 1.0] [0.0, 1.0] [0.0, 1.0] [0.0, 1.0] [0.0, 1.0] [0.0, 1.0] [0.0, 1.0] [0.0, 1.0] [0.0, 1.0] [0.0, 1.0] [0.0, 1.0] [0.0, 1.0] [0.0, 1.0] [0.0, 1.0] [0.0, 1.0] [0.0, 1.0] [0.0, 1.0] [0.0, 1.0] [0.0, 1.0] [0.0, 1.0] [0.0, 1.0] [0.0, 1.0] [0.0, 1.0] [0.0, 1.0] [0.0, 1.0] [0.0, 1.0] [0.0, 1.0] [0.0, 1.0] [0.0, 1.0] [0.0, 1.0] [0.0, 1.0] [0.0, 1.0] [0.0, 1.0] [0.0, 1.0] [0.0, 1.0] [0.0, 1.0] [0.0, 1.0] [0.0, 1.0] [0.0, 1.0] [0.0, 1.0] [0.0, 1.0] [0.0, 1.0] [0.0, 1.0] [0.0, 1.0] [0.0, 1.0] [0.0, 1.0] [0.0, 1.0] [0.0, 1.0] [0.0, 1.0] [0.0, 1.0] [0.0, 1.0] [0.0, 1.0] [0.0, 1.0] [0.0, 1.0] [0.0, 1.0] [0.0, 1.0] [0.0, 1.0] [0.0, 1.0] [0.0, 1.0] [0.0, 1.0] [0.0, 1.0] [0.0, 1.0] [0.0, 1.0] [0.0, 1.0] [0.0, 1.0] [0.0, 1.0] [0.0, 1.0] [0.0, 1.0] [0.0, 1.0] [0.0, 1.0] [0.0, 1.0] [0.0, 1.0] [0.0, 1.0] [0.0, 1.0] [0.0, 1.0] [0.0, 1.0] [0.0, 1.0] [0.0, 1.0] [0.0, 1.0] [0.0, 1.0] [0.0, 1.0] [0.0, 1.0] [0.0, 1.0] [0.0, 1.0] [0.0, 1.0] [0.0, 1.0] [0.0, 1.0] [0.0, 1.0] [0.0, 1.0] [0.0, 1.0] [0.0, 1.0] [0.0, 1.0] [0.0, 1.0] [0.0, 1.0] [0.0, 1.0] [0.0, 1.0] [0.0, 1.0] [0.0, 1.0] [0.0, 1.0] [0.0, 1.0] [0.0, 1.0] [0.0, 1.0] [0.0, 1.0] [0.0, 1.0] [0.0, 1.0] [0.0, 1.0] [0.0, 1.0] [0.0, 1.0] [0.0, 1.0] [0.0, 1.0] [0.0, 1.0] [0.0, 1.0] [0.0, 1.0] [0.0, 1.0] [0.0, 1.0] [0.0, 1.0] [0.0, 1.0] [0.0, 1.0] [0.0, 1.0] [0.0, 1.0] [0.0, 1.0] [0.0, 1.0] [0.0, 1.0] [0.0, 1.0] [0.0, 1.0] [0.0, 1.0] [0.0, 1.0] [0.0, 1.0] [0.0, 1.0] [0.0, 1.0] [0.0, 1.0] [0.0, 1.0] [0.0, 1.0] [0.0, 1.0] [0.0, 1.0] [0.0, 1.0] [0.0, 1.0] [0.0, 1.0] [0.0, 1.0] [0.0, 1.0] [0.0, 1.0] [0.0, 1.0] [0.0, 1.0] [0.0, 1.0] [0.0, 1.0] [0.0, 1.0] [0.0, 1.0] [0.0, 1.0] [0.0, 1.0] [0.0, 1.0] [0.0, 1.0] [0.0, 1.0] [0.0, 1.0] [0.0, 1.0] [0.0, 1.0] [0.0, 1.0] 
    2: [0.0, 4.0] [0.0, 4.0] [0.0, 4.0] [0.0, 4.0] [0.0, 4.0] [0.0, 4.0] [0.0, 4.0] [0.0, 4.0] [0.0, 4.0] [0.0, 4.0] [0.0, 4.0] [0.0, 4.0] [0.0, 4.0] [0.0, 4.0] [0.0, 4.0] [0.0, 4.0] [0.0, 4.0] [0.0, 4.0] [0.0, 4.0] [0.0, 4.0] [0.0, 4.0] [0.0, 4.0] [0.0, 4.0] [0.0, 4.0] [0.0, 4.0] [0.0, 4.0] [0.0, 4.0] [0.0, 4.0] [0.0, 4.0] [0.0, 4.0] [0.0, 4.0] [0.0, 4.0] [0.0, 4.0] [0.0, 4.0] [0.0, 4.0] [0.0, 4.0] [0.0, 4.0] [0.0, 4.0] [0.0, 4.0] [0.0, 4.0] [0.0, 4.0] [0.0, 4.0] [0.0, 4.0] [0.0, 4.0] [0.0, 4.0] [0.0, 4.0] [0.0, 4.0] [0.0, 4.0] [0.0, 4.0] [0.0, 4.0] [0.0, 4.0] [0.0, 4.0] [0.0, 4.0] [0.0, 4.0] [0.0, 4.0] [0.0, 3.0] [0.0, 4.0] [0.0, 4.0] [0.0, 4.0] [0.0, 4.0] [0.0, 4.0] [0.0, 4.0] [0.0, 4.0] [0.0, 4.0] [0.0, 4.0] [0.0, 4.0] [0.0, 4.0] [0.0, 4.0] [0.0, 4.0] [0.0, 4.0] [0.0, 4.0] [0.0, 4.0] [0.0, 4.0] [0.0, 4.0] [0.0, 4.0] [0.0, 4.0] [0.0, 4.0] [0.0, 4.0] [0.0, 4.0] [0.0, 4.0] [0.0, 4.0] [0.0, 4.0] [0.0, 4.0] [0.0, 4.0] [0.0, 4.0] [0.0, 4.0] [0.0, 4.0] [0.0, 4.0] [0.0, 4.0] [0.0, 4.0] [0.0, 4.0] [0.0, 4.0] [0.0, 4.0] [0.0, 4.0] [0.0, 4.0] [0.0, 4.0] [0.0, 4.0] [0.0, 4.0] [0.0, 4.0] [0.0, 4.0] [0.0, 4.0] [0.0, 4.0] [0.0, 4.0] [0.0, 4.0] [0.0, 4.0] [0.0, 4.0] [0.0, 4.0] [0.0, 4.0] [0.0, 4.0] [0.0, 4.0] [0.0, 4.0] [0.0, 4.0] [0.0, 4.0] [0.0, 4.0] [0.0, 4.0] [0.0, 4.0] [0.0, 4.0] [0.0, 4.0] [0.0, 4.0] [0.0, 4.0] [0.0, 4.0] [0.0, 4.0] [0.0, 4.0] [0.0, 4.0] [0.0, 4.0] [0.0, 4.0] [0.0, 4.0] [0.0, 4.0] [0.0, 4.0] [0.0, 4.0] [0.0, 4.0] [0.0, 4.0] [0.0, 4.0] [0.0, 4.0] [0.0, 4.0] [0.0, 4.0] [0.0, 4.0] [0.0, 4.0] [0.0, 4.0] [0.0, 4.0] [0.0, 4.0] [0.0, 4.0] [0.0, 4.0] [0.0, 4.0] [0.0, 4.0] [0.0, 4.0] [0.0, 4.0] [0.0, 4.0] [0.0, 4.0] [0.0, 4.0] [0.0, 4.0] [0.0, 4.0] [0.0, 4.0] [0.0, 4.0] [0.0, 4.0] [0.0, 4.0] [0.0, 4.0] [0.0, 4.0] [0.0, 4.0] [0.0, 4.0] [0.0, 4.0] [0.0, 4.0] [0.0, 4.0] [0.0, 4.0] [0.0, 4.0] [0.0, 4.0] [0.0, 4.0] [0.0, 4.0] [0.0, 4.0] [0.0, 4.0] [0.0, 4.0] [0.0, 4.0] [0.0, 4.0] [0.0, 4.0] [0.0, 4.0] [0.0, 4.0] [0.0, 4.0] [0.0, 4.0] [0.0, 4.0] [0.0, 4.0] [0.0, 4.0] [0.0, 4.0] [0.0, 4.0] [0.0, 4.0] [0.0, 4.0] [0.0, 4.0] [0.0, 4.0] [0.0, 4.0] [0.0, 4.0] [0.0, 4.0] [0.0, 4.0] [0.0, 4.0] [0.0, 4.0] [0.0, 4.0] [0.0, 4.0] [0.0, 4.0] [0.0, 4.0] [0.0, 4.0] [0.0, 4.0] [0.0, 4.0] [0.0, 4.0] [0.0, 4.0] [0.0, 4.0] [0.0, 4.0] [0.0, 4.0] [0.0, 4.0] [0.0, 4.0] [0.0, 4.0] [0.0, 4.0] [0.0, 4.0] [0.0, 4.0] [0.0, 4.0] [0.0, 4.0] [0.0, 4.0] [0.0, 4.0] [0.0, 4.0] [0.0, 4.0] [0.0, 4.0] [0.0, 4.0] [0.0, 4.0] [0.0, 4.0] [0.0, 4.0] [0.0, 4.0] [0.0, 4.0] [0.0, 4.0] [0.0, 4.0] [0.0, 4.0] [0.0, 4.0] [0.0, 4.0] [0.0, 4.0] [0.0, 4.0] [0.0, 4.0] [0.0, 4.0] [0.0, 4.0] [0.0, 4.0] [0.0, 4.0] [0.0, 4.0] [0.0, 4.0] [0.0, 4.0] [0.0, 4.0] [0.0, 4.0] [0.0, 4.0] [0.0, 4.0] [0.0, 4.0] [0.0, 4.0] [0.0, 4.0] [0.0, 4.0] [0.0, 4.0] [0.0, 4.0] [0.0, 4.0] [0.0, 4.0] [0.0, 4.0] [0.0, 4.0] [0.0, 4.0] [0.0, 4.0] [0.0, 4.0] [0.0, 4.0] [0.0, 4.0] [0.0, 4.0] [0.0, 4.0] [0.0, 4.0] [0.0, 4.0] [0.0, 4.0] [0.0, 4.0] [0.0, 4.0] [0.0, 4.0] [0.0, 4.0] [0.0, 4.0] [0.0, 4.0] [0.0, 4.0] [0.0, 4.0] [0.0, 4.0] [0.0, 4.0] [0.0, 4.0] [0.0, 4.0] [0.0, 4.0] [0.0, 4.0] [0.0, 4.0] [0.0, 4.0] [0.0, 4.0] [0.0, 4.0] [0.0, 4.0] [0.0, 4.0] [0.0, 4.0] 
    3: [0.0, 4.0] [0.0, 4.0] [0.0, 4.0] [0.0, 4.0] [0.0, 4.0] [0.0, 4.0] [0.0, 1.0] [0.0, 2.0] [0.0, 3.0] [0.0, 2.0] [0.0, 2.0] [0.0, 3.0] [0.0, 2.0] [0.0, 4.0] [0.0, 4.0] [0.0, 4.0] [0.0, 4.0] [0.0, 4.0] [0.0, 4.0] [0.0, 3.0] [0.0, 2.0] [0.0, 2.0] [0.0, 2.0] [0.0, 3.0] [0.0, 2.0] [0.0, 2.0] [0.0, 0.0] [0.0, 2.0] [0.0, 2.0] [0.0, 4.0] [0.0, 4.0] [0.0, 0.0] [0.0, 0.0] [0.0, 2.0] [0.0, 1.0] [0.0, 0.0] [0.0, 0.0] [0.0, 1.0] [0.0, 1.0] [0.0, 4.0] [0.0, 3.0] [0.0, 3.0] [0.0, 2.0] [0.0, 3.0] [0.0, 2.0] [0.0, 1.0] [0.0, 2.0] [0.0, 3.0] [0.0, 0.0] [0.0, 1.0] [0.0, 2.0] [0.0, 1.0] [0.0, 2.0] [0.0, 1.0] [0.0, 2.0] [0.0, 4.0] [0.0, 0.0] [0.0, 1.0] [0.0, 0.0] [0.0, 0.0] [0.0, 0.0] [0.0, 0.0] [0.0, 0.0] [0.0, 2.0] [0.0, 0.0] [0.0, 1.0] [0.0, 2.0] [0.0, 0.0] [0.0, 2.0] [0.0, 2.0] [0.0, 1.0] [0.0, 1.0] [0.0, 0.0] [0.0, 1.0] [0.0, 1.0] [0.0, 3.0] [0.0, 0.0] [0.0, 1.0] [0.0, 1.0] [0.0, 2.0] [0.0, 3.0] [0.0, 0.0] [0.0, 1.0] [0.0, 1.0] [0.0, 3.0] [0.0, 0.0] [0.0, 0.0] [0.0, 0.0] [0.0, 0.0] [0.0, 1.0] [0.0, 0.0] [0.0, 1.0] [0.0, 0.0] [0.0, 0.0] [0.0, 1.0] [0.0, 1.0] [0.0, 0.0] [0.0, 1.0] [0.0, 0.0] [0.0, 1.0] [0.0, 0.0] [0.0, 0.0] [0.0, 0.0] [0.0, 0.0] [0.0, 0.0] [0.0, 0.0] [0.0, 0.0] [0.0, 1.0] [0.0, 0.0] [0.0, 0.0] [0.0, 2.0] [0.0, 0.0] [0.0, 1.0] [0.0, 0.0] [0.0, 0.0] [0.0, 0.0] [0.0, 0.0] [0.0, 1.0] [0.0, 1.0] [0.0, 1.0] [0.0, 1.0] [0.0, 1.0] [0.0, 4.0] [0.0, 1.0] [0.0, 1.0] [0.0, 2.0] [0.0, 0.0] [0.0, 1.0] [0.0, 0.0] [0.0, 1.0] [0.0, 1.0] [0.0, 1.0] [0.0, 1.0] [0.0, 1.0] [0.0, 1.0] [0.0, 1.0] [0.0, 1.0] [0.0, 1.0] [0.0, 1.0] [0.0, 1.0] [0.0, 1.0] [0.0, 1.0] [0.0, 0.0] [0.0, 1.0] [0.0, 0.0] [0.0, 1.0] [0.0, 0.0] [0.0, 1.0] [0.0, 0.0] [0.0, 0.0] [0.0, 0.0] [0.0, 1.0] [0.0, 0.0] [0.0, 1.0] [0.0, 0.0] [0.0, 1.0] [0.0, 0.0] [0.0, 0.0] [0.0, 0.0] [0.0, 2.0] [0.0, 0.0] [0.0, 0.0] [0.0, 0.0] [0.0, 2.0] [0.0, 1.0] [0.0, 0.0] [0.0, 0.0] [0.0, 1.0] [0.0, 1.0] [0.0, 1.0] [0.0, 1.0] [0.0, 0.0] [0.0, 0.0] [0.0, 0.0] [0.0, 0.0] [0.0, 1.0] [0.0, 0.0] [0.0, 1.0] [0.0, 2.0] [0.0, 2.0] [0.0, 0.0] [0.0, 0.0] [0.0, 1.0] [0.0, 4.0] [0.0, 1.0] [0.0, 3.0] [0.0, 1.0] [0.0, 2.0] [0.0, 0.0] [0.0, 1.0] [0.0, 1.0] [0.0, 1.0] [0.0, 0.0] [0.0, 0.0] [0.0, 0.0] [0.0, 4.0] [0.0, 3.0] [0.0, 1.0] [0.0, 2.0] [0.0, 2.0] [0.0, 3.0] [0.0, 2.0] [0.0, 2.0] [0.0, 4.0] [0.0, 1.0] [0.0, 1.0] [0.0, 3.0] [0.0, 4.0] [0.0, 1.0] [0.0, 1.0] [0.0, 1.0] [0.0, 3.0] [0.0, 1.0] [0.0, 2.0] [0.0, 0.0] [0.0, 3.0] [0.0, 4.0] [0.0, 2.0] [0.0, 4.0] [0.0, 3.0] [0.0, 2.0] [0.0, 2.0] [0.0, 2.0] [0.0, 2.0] [0.0, 2.0] [0.0, 2.0] [0.0, 2.0] [0.0, 2.0] [0.0, 4.0] [0.0, 3.0] [0.0, 3.0] [0.0, 3.0] [0.0, 3.0] [0.0, 2.0] [0.0, 4.0] [0.0, 1.0] [0.0, 1.0] [0.0, 1.0] [0.0, 4.0] [0.0, 2.0] [0.0, 2.0] [0.0, 2.0] [0.0, 2.0] [0.0, 2.0] [0.0, 2.0] [0.0, 2.0] [0.0, 4.0] [0.0, 1.0] [0.0, 1.0] [0.0, 1.0] [0.0, 1.0] [0.0, 1.0] [0.0, 1.0] [0.0, 1.0] [0.0, 4.0] [0.0, 1.0] [0.0, 1.0] [0.0, 1.0] [0.0, 1.0] [0.0, 1.0] [0.0, 2.0] [0.0, 2.0] [0.0, 2.0] [0.0, 2.0] [0.0, 2.0] [0.0, 2.0] [0.0, 2.0] [0.0, 2.0] [0.0, 2.0] [0.0, 2.0] [0.0, 2.0] [0.0, 2.0] [0.0, 2.0] [0.0, 0.0] [0.0, 0.0] [0.0, 1.0] [0.0, 0.0] [0.0, 1.0] [0.0, 0.0] [0.0, 0.0] [0.0, 0.0] [0.0, 0.0] [0.0, 0.0] [0.0, 0.0] 
    4: [0.0, 3.0] [0.0, 3.0] [1.0, 3.0] [0.0, 3.0] [1.0, 3.0] [0.0, 3.0] [0.0, 3.0] [0.0, 3.0] [1.0, 3.0] [0.0, 3.0] [0.0, 3.0] [1.0, 3.0] [0.0, 3.0] [0.0, 3.0] [1.0, 3.0] [0.0, 3.0] [0.0, 3.0] [0.0, 3.0] [1.0, 3.0] [0.0, 3.0] [0.0, 3.0] [0.0, 3.0] [1.0, 3.0] [0.0, 3.0] [1.0, 3.0] [0.0, 3.0] [0.0, 3.0] [0.0, 3.0] [0.0, 3.0] [1.0, 3.0] [0.0, 3.0] [0.0, 3.0] [0.0, 3.0] [0.0, 3.0] [1.0, 3.0] [0.0, 3.0] [1.0, 3.0] [0.0, 3.0] [0.0, 3.0] [0.0, 3.0] [1.0, 3.0] [0.0, 3.0] [0.0, 3.0] [0.0, 3.0] [0.0, 3.0] [1.0, 3.0] [1.0, 3.0] [0.0, 3.0] [0.0, 3.0] [0.0, 3.0] [1.0, 3.0] [0.0, 3.0] [0.0, 3.0] [0.0, 2.0] [1.0, 3.0] [0.0, 3.0] [0.0, 3.0] [0.0, 3.0] [0.0, 3.0] [0.0, 3.0] [0.0, 3.0] [1.0, 3.0] [0.0, 3.0] [0.0, 3.0] [1.0, 3.0] [1.0, 3.0] [0.0, 3.0] [1.0, 3.0] [1.0, 3.0] [0.0, 3.0] [0.0, 3.0] [0.0, 3.0] [0.0, 3.0] [1.0, 3.0] [0.0, 3.0] [1.0, 3.0] [0.0, 3.0] [0.0, 3.0] [0.0, 3.0] [0.0, 3.0] [1.0, 3.0] [0.0, 3.0] [1.0, 3.0] [1.0, 3.0] [0.0, 3.0] [1.0, 3.0] [0.0, 3.0] [0.0, 3.0] [0.0, 3.0] [1.0, 3.0] [0.0, 3.0] [0.0, 3.0] [0.0, 3.0] [0.0, 3.0] [1.0, 3.0] [0.0, 3.0] [0.0, 3.0] [0.0, 3.0] [0.0, 3.0] [1.0, 3.0] [1.0, 3.0] [0.0, 3.0] [1.0, 3.0] [0.0, 3.0] [0.0, 3.0] [0.0, 3.0] [0.0, 3.0] [1.0, 3.0] [1.0, 3.0] [1.0, 3.0] [0.0, 3.0] [0.0, 3.0] [1.0, 3.0] [1.0, 3.0] [0.0, 3.0] [0.0, 3.0] [0.0, 3.0] [0.0, 3.0] [1.0, 3.0] [0.0, 3.0] [0.0, 3.0] [0.0, 3.0] [0.0, 3.0] [1.0, 3.0] [1.0, 3.0] [1.0, 3.0] [1.0, 3.0] [0.0, 3.0] [0.0, 3.0] [0.0, 3.0] [0.0, 3.0] [1.0, 3.0] [0.0, 3.0] [0.0, 3.0] [0.0, 3.0] [0.0, 3.0] [1.0, 3.0] [0.0, 3.0] [1.0, 3.0] [1.0, 3.0] [0.0, 3.0] [0.0, 3.0] [0.0, 3.0] [0.0, 3.0] [0.0, 3.0] [0.0, 3.0] [1.0, 3.0] [0.0, 3.0] [1.0, 3.0] [0.0, 3.0] [0.0, 3.0] [0.0, 3.0] [0.0, 3.0] [0.0, 3.0] [0.0, 3.0] [1.0, 3.0] [0.0, 3.0] [1.0, 3.0] [0.0, 3.0] [1.0, 3.0] [0.0, 3.0] [0.0, 3.0] [0.0, 3.0] [0.0, 3.0] [1.0, 3.0] [0.0, 3.0] [0.0, 3.0] [0.0, 3.0] [1.0, 3.0] [0.0, 3.0] [1.0, 3.0] [0.0, 3.0] [1.0, 3.0] [0.0, 3.0] [0.0, 3.0] [0.0, 3.0] [1.0, 3.0] [0.0, 3.0] [0.0, 3.0] [0.0, 3.0] [0.0, 3.0] [1.0, 3.0] [1.0, 3.0] [1.0, 3.0] [0.0, 3.0] [0.0, 3.0] [0.0, 3.0] [0.0, 3.0] [0.0, 3.0] [1.0, 3.0] [0.0, 3.0] [0.0, 3.0] [0.0, 3.0] [0.0, 3.0] [1.0, 3.0] [0.0, 3.0] [0.0, 3.0] [0.0, 3.0] [1.0, 3.0] [0.0, 3.0] [0.0, 3.0] [0.0, 3.0] [1.0, 3.0] [0.0, 3.0] [0.0, 3.0] [0.0, 3.0] [1.0, 3.0] [1.0, 3.0] [1.0, 3.0] [0.0, 3.0] [0.0, 3.0] [0.0, 3.0] [0.0, 3.0] [0.0, 3.0] [0.0, 3.0] [0.0, 3.0] [0.0, 3.0] [0.0, 3.0] [1.0, 3.0] [0.0, 3.0] [0.0, 3.0] [0.0, 3.0] [0.0, 3.0] [0.0, 3.0] [0.0, 3.0] [0.0, 3.0] [0.0, 3.0] [0.0, 3.0] [0.0, 3.0] [1.0, 3.0] [1.0, 3.0] [1.0, 3.0] [1.0, 3.0] [0.0, 3.0] [0.0, 3.0] [0.0, 3.0] [0.0, 3.0] [0.0, 3.0] [0.0, 3.0] [0.0, 3.0] [0.0, 3.0] [0.0, 3.0] [0.0, 3.0] [0.0, 3.0] [0.0, 3.0] [0.0, 3.0] [1.0, 3.0] [0.0, 3.0] [0.0, 3.0] [0.0, 3.0] [0.0, 3.0] [0.0, 3.0] [0.0, 3.0] [0.0, 3.0] [1.0, 3.0] [0.0, 3.0] [0.0, 3.0] [0.0, 3.0] [0.0, 3.0] [0.0, 3.0] [1.0, 3.0] [1.0, 3.0] [1.0, 3.0] [1.0, 3.0] [1.0, 3.0] [1.0, 3.0] [1.0, 3.0] [0.0, 3.0] [0.0, 3.0] [0.0, 3.0] [0.0, 3.0] [0.0, 3.0] [1.0, 3.0] [1.0, 3.0] [0.0, 3.0] [0.0, 3.0] [1.0, 3.0] [0.0, 3.0] [0.0, 3.0] [1.0, 3.0] [0.0, 3.0] [0.0, 3.0] [0.0, 3.0] [1.0, 3.0] 
  Output fraction of data:
image_identity: (0.001 0.001 0.001 0.001 0.001 0.001 0.001 0.001 0.001 0.001 0.001 0.001 0.001 0.001 0.001 0.001 0.001 0.001 0.001 0.001 0.001 0.001 0.001 0.001 0.001 0.001 0.001 0.001 0.001 0.001 0.001 0.001 0.001 0.001 0.001 0.001 0.001 0.001 0.001 0.001 0.001 0.001 0.001 0.002 0.001 0.001 0.001 0.001 0.001 0.001 0.001 0.001 0.001 0.002 0.004 0.004 0.001 0.001 0.001 0.000 0.001 0.001 0.001 0.001 0.001 0.001 0.001 0.001 0.001 0.001 0.001 0.001 0.001 0.001 0.001 0.001 0.001 0.001 0.001 0.001 0.001 0.001 0.001 0.001 0.001 0.001 0.001 0.001 0.001 0.001 0.001 0.001 0.001 0.001 0.001 0.001 0.001 0.001 0.001 0.001 0.001 0.001 0.001 0.001 0.001 0.001 0.001 0.001 0.001 0.001 0.001 0.001 0.001 0.001 0.001 0.001 0.001 0.001 0.001 0.001 0.001 0.001 0.001 0.001 0.001 0.001 0.001 0.001 0.001 0.001 0.001 0.001 0.001 0.001 0.001 0.001 0.001 0.001 0.001 0.001 0.001 0.001 0.001 0.001 0.001 0.001 0.001 0.001 0.001 0.001 0.001 0.001 0.001 0.001 0.001 0.001 0.001 0.001 0.001 0.001 0.001 0.001 0.001 0.001 0.001 0.001 0.001 0.001 0.001 0.001 0.001 0.001 0.001 0.001 0.001 0.001 0.001 0.001 0.001 0.001 0.001 0.001 0.001 0.001 0.001 0.001 0.001 0.001 0.001 0.001 0.001 0.001 0.001 0.001 0.001 0.001 0.001 0.002 0.001 0.001 0.001 0.001 0.001 0.001 0.001 0.001 0.001 0.001 0.001 0.001 0.001 0.001 0.001 0.001 0.001 0.001 0.001 0.001 0.001 0.001 0.001 0.001 0.001 0.001 0.001 0.001 0.001 0.001 0.001 0.001 0.001 0.001 0.001 0.001 0.001 0.001 0.001 0.001 0.001 0.001 0.001 0.001 0.002 0.002 0.001 0.001 0.001 0.001 0.001 0.001 0.001 0.001 0.001 0.001 0.001 0.001 0.001 0.001 0.001 0.001 0.001 0.001 0.001 0.001 0.001 0.001 0.001 0.001 0.001 0.001 0.001 0.001 0.001 0.001 0.001 0.001 0.001 0.001 0.001 0.001 0.001 0.001 0.001 0.001)  0.000 0.000 0.000 0.120 0.116 0.095 0.000 0.000 0.000 0.000 0.124 0.119 0.114 0.000 0.000 0.000 0.000 0.124 0.125 0.116 0.000 0.000 0.000 0.124 0.112 0.119 0.000 0.000 0.000 0.000 0.000 0.000 0.117 0.113 0.119 0.115 0.113 0.105 0.125 0.000 0.000 0.000 0.000 0.126 0.000 0.000 0.124 0.120 0.000 0.121 0.118 0.134 0.107 0.000 0.000 0.118 0.000 0.000 0.000 0.000 0.116 0.122 0.117 0.128 0.121 0.117 0.119 0.000 0.000 0.000 0.116 0.000 0.000 0.000 0.000 0.119 0.000 0.113 0.127 0.125 0.000 0.116 0.000 0.123 0.122 0.000 0.119 0.124 0.000 0.000 0.000 0.000 0.128 0.000 0.120 0.117 0.000 0.121 0.000 0.121 0.120 0.000 0.120 0.118 0.127 0.128 0.000 0.000 0.000 0.124 0.000 0.000 0.000 0.000 0.000 0.120 0.125 0.116 0.123 0.000 0.126 0.000 0.000 0.118 0.000 0.000 0.000 0.000 0.000 0.114 0.132 0.121 0.110 0.000 0.114 0.121 0.121 0.123 0.118 0.126 0.114 0.000 0.000 0.117 0.000 0.120 0.000 0.000 0.122 0.000 0.000 0.000 0.000 0.000 0.000 0.000 0.000 0.000 0.106 0.000 0.115 0.000 0.122 0.000 0.114 0.123 0.119 0.119 0.000 0.104 0.116 0.000 0.000 0.000 0.000 0.000 0.121 0.000 0.000 0.123 0.123 0.000 0.000 0.124 0.000 0.000 0.121 0.112 0.119 0.127 0.125 0.126 0.115 0.122 0.121 0.000 0.000 0.000 0.000 0.000 0.122 0.000 0.000 0.118 0.000 0.118 0.000 0.121 0.120 0.115 0.000 0.000 0.000 0.000 0.000 0.000 0.000 0.114 0.000 0.000 0.000 0.000 0.000 0.000 0.000 0.000 0.000 0.123 0.000 0.000 0.000 0.000 0.000 0.000 0.141 0.000 0.000 0.000 0.119 0.112 0.112 0.112 0.112 0.112 0.112 0.112 0.124 0.000 0.000 0.000 0.000 0.000 0.000 0.000 0.127 0.000 0.000 0.000 0.000 0.000 0.119 0.119 0.119 0.119 0.119 0.120 0.120 0.130 0.130 0.130 0.129 0.129 0.000 0.000 0.000 0.106 0.123 0.096 0.000 0.000 0.000 0.118 0.118 0.122)  0.000 0.000 0.000 0.116 0.127 0.120 0.000 0.000 0.000 0.000 0.129 0.119 0.114 0.000 0.000 0.000 0.000 0.121 0.117 0.125 0.000 0.000 0.000 0.114 0.122 0.115 0.000 0.000 0.000 0.000 0.000 0.000 0.116 0.117 0.118 0.116 0.119 0.128 0.123 0.000 0.000 0.000 0.000 0.120 0.000 0.000 0.119 0.118 0.000 0.123 0.122 0.127 0.139 0.000 0.000 0.120 0.000 0.000 0.000 0.000 0.124 0.126 0.132 0.112 0.126 0.121 0.124 0.000 0.000 0.000 0.124 0.000 0.000 0.000 0.000 0.118 0.000 0.129 0.117 0.119 0.000 0.125 0.000 0.120 0.120 0.000 0.115 0.138 0.000 0.000 0.000 0.000 0.122 0.000 0.119 0.128 0.000 0.124 0.000 0.117 0.125 0.000 0.113 0.126 0.114 0.127 0.000 0.000 0.000 0.127 0.000 0.000 0.000 0.000 0.000 0.127 0.131 0.122 0.124 0.000 0.119 0.000 0.000 0.126 0.000 0.000 0.000 0.000 0.000 0.134 0.108 0.117 0.132 0.000 0.120 0.120 0.118 0.121 0.120 0.118 0.128 0.000 0.000 0.122 0.000 0.126 0.000 0.000 0.123 0.000 0.000 0.000 0.000 0.000 0.000 0.000 0.000 0.000 0.123 0.000 0.121 0.000 0.121 0.000 0.121 0.119 0.123 0.120 0.000 0.117 0.123 0.000 0.000 0.000 0.000 0.000 0.116 0.000 0.000 0.124 0.117 0.000 0.000 0.121 0.000 0.000 0.121 0.119 0.114 0.125 0.114 0.114 0.119 0.120 0.124 0.000 0.000 0.000 0.000 0.000 0.127 0.000 0.000 0.121 0.000 0.115 0.000 0.119 0.115 0.124 0.000 0.000 0.000 0.000 0.000 0.000 0.000 0.126 0.000 0.000 0.000 0.000 0.000 0.000 0.000 0.000 0.000 0.117 0.000 0.000 0.000 0.000 0.000 0.000 0.114 0.000 0.000 0.000 0.138 0.116 0.116 0.116 0.116 0.116 0.116 0.116 0.121 0.000 0.000 0.000 0.000 0.000 0.000 0.000 0.118 0.000 0.000 0.000 0.000 0.000 0.123 0.123 0.123 0.123 0.123 0.123 0.123 0.118 0.118 0.118 0.118 0.118 0.000 0.000 0.000 0.133 0.119 0.137 0.000 0.000 0.000 0.130 0.130 0.119)  0.000 0.000 0.000 0.116 0.115 0.130 0.000 0.000 0.000 0.000 0.117 0.118 0.127 0.000 0.000 0.000 0.000 0.117 0.124 0.127 0.000 0.000 0.000 0.122 0.116 0.126 0.000 0.000 0.000 0.000 0.000 0.000 0.119 0.126 0.117 0.125 0.123 0.118 0.119 0.000 0.000 0.000 0.000 0.107 0.000 0.000 0.119 0.120 0.000 0.123 0.120 0.122 0.113 0.000 0.000 0.127 0.000 0.000 0.000 0.000 0.131 0.122 0.119 0.108 0.123 0.123 0.119 0.000 0.000 0.000 0.118 0.000 0.000 0.000 0.000 0.120 0.000 0.114 0.114 0.125 0.000 0.133 0.000 0.122 0.119 0.000 0.127 0.110 0.000 0.000 0.000 0.000 0.110 0.000 0.118 0.119 0.000 0.116 0.000 0.115 0.119 0.000 0.122 0.121 0.122 0.118 0.000 0.000 0.000 0.113 0.000 0.000 0.000 0.000 0.000 0.114 0.119 0.118 0.120 0.000 0.125 0.000 0.000 0.120 0.000 0.000 0.000 0.000 0.000 0.114 0.124 0.124 0.116 0.000 0.117 0.120 0.122 0.127 0.116 0.121 0.132 0.000 0.000 0.120 0.000 0.122 0.000 0.000 0.113 0.000 0.000 0.000 0.000 0.000 0.000 0.000 0.000 0.000 0.119 0.000 0.120 0.000 0.123 0.000 0.122 0.119 0.123 0.127 0.000 0.124 0.120 0.000 0.000 0.000 0.000 0.000 0.116 0.000 0.000 0.122 0.116 0.000 0.000 0.124 0.000 0.000 0.135 0.112 0.121 0.117 0.118 0.132 0.124 0.113 0.120 0.000 0.000 0.000 0.000 0.000 0.131 0.000 0.000 0.131 0.000 0.120 0.000 0.118 0.122 0.127 0.000 0.000 0.000 0.000 0.000 0.000 0.000 0.120 0.000 0.000 0.000 0.000 0.000 0.000 0.000 0.000 0.000 0.124 0.000 0.000 0.000 0.000 0.000 0.000 0.104 0.000 0.000 0.000 0.114 0.123 0.123 0.123 0.123 0.123 0.123 0.123 0.113 0.000 0.000 0.000 0.000 0.000 0.000 0.000 0.115 0.000 0.000 0.000 0.000 0.000 0.119 0.119 0.119 0.119 0.119 0.119 0.119 0.115 0.115 0.115 0.115 0.115 0.000 0.000 0.000 0.122 0.116 0.137 0.000 0.000 0.000 0.108 0.123 0.120)  0.000 0.000 0.000 0.128 0.125 0.120 0.000 0.000 0.000 0.000 0.126 0.130 0.122 0.000 0.000 0.000 0.000 0.126 0.121 0.120 0.000 0.000 0.000 0.127 0.127 0.113 0.000 0.000 0.000 0.000 0.000 0.000 0.108 0.122 0.112 0.134 0.122 0.115 0.116 0.000 0.000 0.000 0.000 0.116 0.000 0.000 0.122 0.120 0.000 0.121 0.118 0.118 0.129 0.000 0.000 0.124 0.000 0.000 0.000 0.000 0.115 0.117 0.114 0.114 0.121 0.118 0.133 0.000 0.000 0.000 0.124 0.000 0.000 0.000 0.000 0.124 0.000 0.127 0.116 0.120 0.000 0.121 0.000 0.116 0.126 0.000 0.124 0.110 0.000 0.000 0.000 0.000 0.121 0.000 0.126 0.116 0.000 0.120 0.000 0.121 0.121 0.000 0.117 0.133 0.118 0.119 0.000 0.000 0.000 0.122 0.000 0.000 0.000 0.000 0.000 0.118 0.113 0.121 0.117 0.000 0.116 0.000 0.000 0.128 0.000 0.000 0.000 0.000 0.000 0.127 0.120 0.122 0.125 0.000 0.124 0.124 0.115 0.120 0.123 0.124 0.116 0.000 0.000 0.133 0.000 0.116 0.000 0.000 0.117 0.000 0.000 0.000 0.000 0.000 0.000 0.000 0.000 0.000 0.123 0.000 0.116 0.000 0.114 0.000 0.123 0.110 0.119 0.126 0.000 0.126 0.122 0.000 0.000 0.000 0.000 0.000 0.132 0.000 0.000 0.120 0.121 0.000 0.000 0.116 0.000 0.000 0.122 0.126 0.131 0.117 0.124 0.109 0.119 0.119 0.119 0.000 0.000 0.000 0.000 0.000 0.126 0.000 0.000 0.123 0.000 0.122 0.000 0.123 0.123 0.126 0.000 0.000 0.000 0.000 0.000 0.000 0.000 0.117 0.000 0.000 0.000 0.000 0.000 0.000 0.000 0.000 0.000 0.116 0.000 0.000 0.000 0.000 0.000 0.000 0.115 0.000 0.000 0.000 0.098 0.125 0.125 0.125 0.125 0.125 0.125 0.125 0.127 0.000 0.000 0.000 0.000 0.000 0.000 0.000 0.117 0.000 0.000 0.000 0.000 0.000 0.131 0.131 0.131 0.131 0.131 0.131 0.131 0.116 0.116 0.116 0.115 0.115 0.000 0.000 0.000 0.118 0.122 0.119 0.000 0.000 0.000 0.133 0.118 0.123)  0.000 0.000 0.000 0.121 0.117 0.119 0.000 0.000 0.000 0.000 0.114 0.120 0.110 0.000 0.000 0.000 0.000 0.122 0.122 0.124 0.000 0.000 0.000 0.120 0.117 0.120 0.000 0.000 0.000 0.000 0.000 0.000 0.115 0.123 0.122 0.118 0.122 0.121 0.122 0.000 0.000 0.000 0.000 0.130 0.000 0.000 0.118 0.116 0.000 0.117 0.118 0.122 0.108 0.000 0.000 0.131 0.000 0.000 0.000 0.000 0.121 0.117 0.124 0.131 0.114 0.124 0.121 0.000 0.000 0.000 0.123 0.000 0.000 0.000 0.000 0.120 0.000 0.125 0.125 0.120 0.000 0.116 0.000 0.117 0.115 0.000 0.122 0.122 0.000 0.000 0.000 0.000 0.118 0.000 0.115 0.119 0.000 0.113 0.000 0.123 0.120 0.000 0.122 0.114 0.114 0.118 0.000 0.000 0.000 0.119 0.000 0.000 0.000 0.000 0.000 0.113 0.117 0.133 0.125 0.000 0.121 0.000 0.000 0.117 0.000 0.000 0.000 0.000 0.000 0.121 0.114 0.118 0.125 0.000 0.130 0.121 0.117 0.119 0.108 0.123 0.121 0.000 0.000 0.129 0.000 0.125 0.000 0.000 0.124 0.000 0.000 0.000 0.000 0.000 0.000 0.000 0.000 0.000 0.124 0.000 0.119 0.000 0.125 0.000 0.113 0.136 0.120 0.117 0.000 0.133 0.124 0.000 0.000 0.000 0.000 0.000 0.119 0.000 0.000 0.122 0.121 0.000 0.000 0.119 0.000 0.000 0.119 0.126 0.112 0.125 0.115 0.120 0.119 0.115 0.116 0.000 0.000 0.000 0.000 0.000 0.120 0.000 0.000 0.139 0.000 0.118 0.000 0.122 0.116 0.114 0.000 0.000 0.000 0.000 0.000 0.000 0.000 0.122 0.000 0.000 0.000 0.000 0.000 0.000 0.000 0.000 0.000 0.118 0.000 0.000 0.000 0.000 0.000 0.000 0.112 0.000 0.000 0.000 0.122 0.120 0.120 0.120 0.121 0.121 0.121 0.121 0.116 0.000 0.000 0.000 0.000 0.000 0.000 0.000 0.126 0.000 0.000 0.000 0.000 0.000 0.116 0.116 0.116 0.116 0.116 0.115 0.115 0.114 0.114 0.114 0.115 0.115 0.000 0.000 0.000 0.120 0.123 0.109 0.000 0.000 0.000 0.121 0.130 0.124)  0.117 0.115 0.122 0.000 0.000 0.000 0.124 0.119 0.118 0.114 0.000 0.000 0.000 0.128 0.123 0.132 0.121 0.000 0.000 0.000 0.122 0.120 0.122 0.000 0.000 0.000 0.119 0.107 0.119 0.118 0.118 0.126 0.000 0.000 0.000 0.000 0.000 0.000 0.000 0.122 0.121 0.122 0.114 0.000 0.119 0.124 0.000 0.000 0.122 0.000 0.000 0.000 0.000 0.117 0.115 0.000 0.116 0.125 0.128 0.104 0.000 0.000 0.000 0.000 0.000 0.000 0.000 0.117 0.123 0.109 0.000 0.120 0.118 0.116 0.109 0.000 0.119 0.000 0.000 0.000 0.124 0.000 0.117 0.000 0.000 0.112 0.000 0.000 0.121 0.125 0.112 0.120 0.000 0.110 0.000 0.000 0.116 0.000 0.120 0.000 0.000 0.117 0.000 0.000 0.000 0.000 0.121 0.121 0.119 0.000 0.146 0.133 0.121 0.128 0.125 0.000 0.000 0.000 0.000 0.122 0.000 0.129 0.122 0.000 0.118 0.124 0.125 0.118 0.118 0.000 0.000 0.000 0.000 0.123 0.000 0.000 0.000 0.000 0.000 0.000 0.000 0.115 0.125 0.000 0.115 0.000 0.114 0.127 0.000 0.116 0.121 0.117 0.119 0.117 0.108 0.121 0.111 0.114 0.000 0.116 0.000 0.115 0.000 0.121 0.000 0.000 0.000 0.000 0.124 0.000 0.000 0.112 0.127 0.105 0.122 0.105 0.000 0.116 0.121 0.000 0.000 0.117 0.123 0.000 0.116 0.120 0.000 0.000 0.000 0.000 0.000 0.000 0.000 0.000 0.000 0.110 0.113 0.110 0.112 0.116 0.000 0.131 0.117 0.000 0.120 0.000 0.117 0.000 0.000 0.000 0.106 0.118 0.118 0.134 0.134 0.114 0.112 0.000 0.116 0.118 0.132 0.132 0.132 0.132 0.132 0.132 0.132 0.000 0.126 0.117 0.117 0.118 0.118 0.135 0.000 0.116 0.116 0.116 0.000 0.000 0.000 0.000 0.000 0.000 0.000 0.000 0.000 0.117 0.117 0.117 0.117 0.117 0.117 0.117 0.000 0.115 0.115 0.115 0.115 0.115 0.000 0.000 0.000 0.000 0.000 0.000 0.000 0.000 0.000 0.000 0.000 0.000 0.125 0.124 0.111 0.000 0.000 0.000 0.123 0.115 0.126 0.000 0.000 0.000)  0.123 0.123 0.117 0.000 0.000 0.000 0.114 0.126 0.123 0.128 0.000 0.000 0.000 0.115 0.119 0.132 0.121 0.000 0.000 0.000 0.123 0.120 0.125 0.000 0.000 0.000 0.120 0.149 0.122 0.120 0.126 0.116 0.000 0.000 0.000 0.000 0.000 0.000 0.000 0.128 0.123 0.127 0.124 0.000 0.116 0.121 0.000 0.000 0.113 0.000 0.000 0.000 0.000 0.186 0.122 0.000 0.108 0.113 0.123 0.124 0.000 0.000 0.000 0.000 0.000 0.000 0.000 0.111 0.125 0.113 0.000 0.121 0.119 0.119 0.121 0.000 0.130 0.000 0.000 0.000 0.124 0.000 0.123 0.000 0.000 0.118 0.000 0.000 0.121 0.123 0.122 0.120 0.000 0.111 0.000 0.000 0.120 0.000 0.117 0.000 0.000 0.121 0.000 0.000 0.000 0.000 0.122 0.121 0.123 0.000 0.128 0.121 0.118 0.119 0.123 0.000 0.000 0.000 0.000 0.121 0.000 0.117 0.129 0.000 0.115 0.114 0.122 0.129 0.127 0.000 0.000 0.000 0.000 0.123 0.000 0.000 0.000 0.000 0.000 0.000 0.000 0.119 0.127 0.000 0.121 0.000 0.123 0.121 0.000 0.119 0.120 0.115 0.122 0.120 0.121 0.122 0.118 0.118 0.000 0.129 0.000 0.126 0.000 0.116 0.000 0.000 0.000 0.000 0.117 0.000 0.000 0.120 0.117 0.119 0.119 0.125 0.000 0.122 0.114 0.000 0.000 0.118 0.117 0.000 0.121 0.130 0.000 0.000 0.000 0.000 0.000 0.000 0.000 0.000 0.000 0.131 0.122 0.136 0.112 0.120 0.000 0.122 0.118 0.000 0.118 0.000 0.114 0.000 0.000 0.000 0.132 0.120 0.125 0.118 0.136 0.118 0.121 0.000 0.122 0.123 0.113 0.113 0.113 0.113 0.113 0.113 0.113 0.000 0.124 0.117 0.117 0.117 0.117 0.092 0.000 0.126 0.126 0.127 0.000 0.000 0.000 0.000 0.000 0.000 0.000 0.000 0.000 0.114 0.114 0.114 0.114 0.114 0.114 0.114 0.000 0.122 0.122 0.121 0.122 0.122 0.000 0.000 0.000 0.000 0.000 0.000 0.000 0.000 0.000 0.000 0.000 0.000 0.111 0.117 0.138 0.000 0.000 0.000 0.129 0.116 0.129 0.000 0.000 0.000)  0.119 0.117 0.123 0.000 0.000 0.000 0.125 0.116 0.117 0.113 0.000 0.000 0.000 0.117 0.117 0.131 0.128 0.000 0.000 0.000 0.127 0.115 0.125 0.000 0.000 0.000 0.113 0.096 0.124 0.118 0.123 0.118 0.000 0.000 0.000 0.000 0.000 0.000 0.000 0.114 0.119 0.126 0.125 0.000 0.132 0.125 0.000 0.000 0.124 0.000 0.000 0.000 0.000 0.146 0.124 0.000 0.124 0.128 0.139 0.132 0.000 0.000 0.000 0.000 0.000 0.000 0.000 0.120 0.123 0.127 0.000 0.127 0.120 0.122 0.132 0.000 0.115 0.000 0.000 0.000 0.117 0.000 0.122 0.000 0.000 0.117 0.000 0.000 0.120 0.116 0.127 0.126 0.000 0.118 0.000 0.000 0.122 0.000 0.119 0.000 0.000 0.125 0.000 0.000 0.000 0.000 0.118 0.117 0.118 0.000 0.115 0.132 0.122 0.123 0.140 0.000 0.000 0.000 0.000 0.113 0.000 0.119 0.119 0.000 0.121 0.124 0.117 0.112 0.118 0.000 0.000 0.000 0.000 0.122 0.000 0.000 0.000 0.000 0.000 0.000 0.000 0.123 0.115 0.000 0.120 0.000 0.114 0.124 0.000 0.119 0.119 0.115 0.122 0.112 0.125 0.126 0.125 0.115 0.000 0.116 0.000 0.138 0.000 0.112 0.000 0.000 0.000 0.000 0.113 0.000 0.000 0.117 0.123 0.126 0.125 0.126 0.000 0.126 0.113 0.000 0.000 0.124 0.123 0.000 0.124 0.120 0.000 0.000 0.000 0.000 0.000 0.000 0.000 0.000 0.000 0.119 0.125 0.160 0.119 0.119 0.000 0.121 0.114 0.000 0.115 0.000 0.126 0.000 0.000 0.000 0.134 0.122 0.108 0.127 0.133 0.120 0.125 0.000 0.125 0.122 0.119 0.119 0.119 0.119 0.119 0.119 0.119 0.000 0.125 0.118 0.118 0.118 0.118 0.142 0.000 0.111 0.111 0.111 0.000 0.000 0.000 0.000 0.000 0.000 0.000 0.000 0.000 0.118 0.118 0.118 0.118 0.118 0.118 0.118 0.000 0.128 0.128 0.128 0.128 0.128 0.000 0.000 0.000 0.000 0.000 0.000 0.000 0.000 0.000 0.000 0.000 0.000 0.127 0.117 0.119 0.000 0.000 0.000 0.116 0.120 0.123 0.000 0.000 0.000)  0.112 0.121 0.117 0.000 0.000 0.000 0.123 0.116 0.112 0.109 0.000 0.000 0.000 0.124 0.123 0.104 0.117 0.000 0.000 0.000 0.119 0.120 0.116 0.000 0.000 0.000 0.124 0.126 0.118 0.119 0.130 0.121 0.000 0.000 0.000 0.000 0.000 0.000 0.000 0.119 0.120 0.106 0.117 0.000 0.109 0.120 0.000 0.000 0.121 0.000 0.000 0.000 0.000 0.064 0.117 0.000 0.144 0.114 0.113 0.117 0.000 0.000 0.000 0.000 0.000 0.000 0.000 0.125 0.115 0.111 0.000 0.122 0.125 0.118 0.112 0.000 0.115 0.000 0.000 0.000 0.125 0.000 0.123 0.000 0.000 0.121 0.000 0.000 0.125 0.116 0.124 0.117 0.000 0.131 0.000 0.000 0.119 0.000 0.122 0.000 0.000 0.116 0.000 0.000 0.000 0.000 0.123 0.121 0.118 0.000 0.132 0.110 0.120 0.124 0.117 0.000 0.000 0.000 0.000 0.123 0.000 0.125 0.119 0.000 0.115 0.125 0.119 0.127 0.126 0.000 0.000 0.000 0.000 0.117 0.000 0.000 0.000 0.000 0.000 0.000 0.000 0.119 0.116 0.000 0.120 0.000 0.115 0.119 0.000 0.113 0.122 0.128 0.123 0.122 0.125 0.115 0.121 0.126 0.000 0.114 0.000 0.115 0.000 0.121 0.000 0.000 0.000 0.000 0.120 0.000 0.000 0.123 0.118 0.115 0.121 0.132 0.000 0.124 0.128 0.000 0.000 0.127 0.121 0.000 0.111 0.113 0.000 0.000 0.000 0.000 0.000 0.000 0.000 0.000 0.000 0.115 0.112 0.138 0.128 0.127 0.000 0.103 0.123 0.000 0.121 0.000 0.125 0.000 0.000 0.000 0.099 0.123 0.121 0.118 0.116 0.118 0.116 0.000 0.120 0.115 0.107 0.107 0.107 0.107 0.107 0.107 0.107 0.000 0.125 0.117 0.117 0.117 0.117 0.117 0.000 0.121 0.121 0.121 0.000 0.000 0.000 0.000 0.000 0.000 0.000 0.000 0.000 0.124 0.124 0.124 0.124 0.124 0.124 0.124 0.000 0.126 0.126 0.126 0.126 0.126 0.000 0.000 0.000 0.000 0.000 0.000 0.000 0.000 0.000 0.000 0.000 0.000 0.126 0.122 0.122 0.000 0.000 0.000 0.133 0.123 0.121 0.000 0.000 0.000)  0.115 0.113 0.122 0.000 0.000 0.000 0.124 0.127 0.124 0.132 0.000 0.000 0.000 0.121 0.125 0.116 0.118 0.000 0.000 0.000 0.121 0.123 0.117 0.000 0.000 0.000 0.119 0.094 0.106 0.117 0.119 0.121 0.000 0.000 0.000 0.000 0.000 0.000 0.000 0.120 0.117 0.118 0.115 0.000 0.115 0.119 0.000 0.000 0.120 0.000 0.000 0.000 0.000 0.151 0.119 0.000 0.114 0.120 0.131 0.124 0.000 0.000 0.000 0.000 0.000 0.000 0.000 0.121 0.117 0.126 0.000 0.119 0.124 0.118 0.131 0.000 0.120 0.000 0.000 0.000 0.121 0.000 0.117 0.000 0.000 0.128 0.000 0.000 0.121 0.127 0.122 0.115 0.000 0.121 0.000 0.000 0.121 0.000 0.126 0.000 0.000 0.126 0.000 0.000 0.000 0.000 0.122 0.122 0.122 0.000 0.103 0.104 0.119 0.118 0.110 0.000 0.000 0.000 0.000 0.132 0.000 0.121 0.118 0.000 0.118 0.117 0.128 0.128 0.117 0.000 0.000 0.000 0.000 0.124 0.000 0.000 0.000 0.000 0.000 0.000 0.000 0.127 0.126 0.000 0.131 0.000 0.122 0.122 0.000 0.132 0.119 0.124 0.119 0.129 0.133 0.117 0.117 0.122 0.000 0.125 0.000 0.117 0.000 0.117 0.000 0.000 0.000 0.000 0.123 0.000 0.000 0.129 0.118 0.138 0.117 0.123 0.000 0.120 0.123 0.000 0.000 0.116 0.115 0.000 0.128 0.124 0.000 0.000 0.000 0.000 0.000 0.000 0.000 0.000 0.000 0.120 0.122 0.114 0.117 0.116 0.000 0.134 0.123 0.000 0.134 0.000 0.112 0.000 0.000 0.000 0.131 0.125 0.110 0.122 0.113 0.123 0.126 0.000 0.122 0.116 0.120 0.120 0.120 0.120 0.120 0.121 0.121 0.000 0.114 0.120 0.120 0.120 0.120 0.087 0.000 0.121 0.121 0.121 0.000 0.000 0.000 0.000 0.000 0.000 0.000 0.000 0.000 0.121 0.121 0.121 0.121 0.121 0.121 0.121 0.000 0.122 0.122 0.122 0.122 0.122 0.000 0.000 0.000 0.000 0.000 0.000 0.000 0.000 0.000 0.000 0.000 0.000 0.117 0.116 0.106 0.000 0.000 0.000 0.117 0.115 0.121 0.000 0.000 0.000)  0.123 0.127 0.117 0.000 0.000 0.000 0.113 0.107 0.117 0.131 0.000 0.000 0.000 0.114 0.114 0.121 0.112 0.000 0.000 0.000 0.114 0.127 0.116 0.000 0.000 0.000 0.121 0.127 0.126 0.127 0.124 0.120 0.000 0.000 0.000 0.000 0.000 0.000 0.000 0.126 0.119 0.128 0.119 0.000 0.129 0.119 0.000 0.000 0.118 0.000 0.000 0.000 0.000 0.073 0.111 0.000 0.122 0.126 0.111 0.123 0.000 0.000 0.000 0.000 0.000 0.000 0.000 0.123 0.118 0.125 0.000 0.110 0.115 0.117 0.112 0.000 0.111 0.000 0.000 0.000 0.118 0.000 0.113 0.000 0.000 0.120 0.000 0.000 0.119 0.118 0.121 0.124 0.000 0.125 0.000 0.000 0.126 0.000 0.109 0.000 0.000 0.122 0.000 0.000 0.000 0.000 0.118 0.118 0.119 0.000 0.125 0.121 0.125 0.117 0.113 0.000 0.000 0.000 0.000 0.119 0.000 0.118 0.124 0.000 0.121 0.119 0.116 0.117 0.114 0.000 0.000 0.000 0.000 0.122 0.000 0.000 0.000 0.000 0.000 0.000 0.000 0.121 0.110 0.000 0.119 0.000 0.119 0.112 0.000 0.120 0.128 0.120 0.120 0.127 0.115 0.117 0.126 0.129 0.000 0.116 0.000 0.130 0.000 0.131 0.000 0.000 0.000 0.000 0.121 0.000 0.000 0.116 0.121 0.125 0.119 0.133 0.000 0.116 0.115 0.000 0.000 0.121 0.116 0.000 0.112 0.119 0.000 0.000 0.000 0.000 0.000 0.000 0.000 0.000 0.000 0.126 0.129 0.122 0.119 0.122 0.000 0.113 0.127 0.000 0.118 0.000 0.117 0.000 0.000 0.000 0.129 0.116 0.122 0.115 0.130 0.123 0.115 0.000 0.119 0.118 0.120 0.120 0.120 0.120 0.120 0.120 0.120 0.000 0.115 0.126 0.127 0.126 0.126 0.104 0.000 0.126 0.126 0.126 0.000 0.000 0.000 0.000 0.000 0.000 0.000 0.000 0.000 0.118 0.118 0.118 0.118 0.118 0.118 0.118 0.000 0.115 0.115 0.114 0.115 0.115 0.000 0.000 0.000 0.000 0.000 0.000 0.000 0.000 0.000 0.000 0.000 0.000 0.121 0.118 0.134 0.000 0.000 0.000 0.118 0.116 0.120 0.000 0.000 0.000)  0.000 0.000 0.000 0.117 0.121 0.125 0.000 0.000 0.000 0.000 0.118 0.118 0.122 0.000 0.000 0.000 0.000 0.123 0.118 0.110 0.000 0.000 0.000 0.116 0.120 0.125 0.000 0.000 0.000 0.000 0.000 0.000 0.123 0.120 0.125 0.118 0.124 0.126 0.120 0.000 0.000 0.000 0.000 0.125 0.000 0.000 0.120 0.119 0.000 0.116 0.118 0.115 0.122 0.000 0.000 0.120 0.000 0.000 0.000 0.000 0.129 0.117 0.121 0.124 0.114 0.119 0.121 0.000 0.000 0.000 0.119 0.000 0.000 0.000 0.000 0.118 0.000 0.122 0.130 0.122 0.000 0.120 0.000 0.121 0.123 0.000 0.117 0.118 0.000 0.000 0.000 0.000 0.121 0.000 0.118 0.128 0.000 0.123 0.000 0.122 0.118 0.000 0.121 0.123 0.120 0.114 0.000 0.000 0.000 0.115 0.000 0.000 0.000 0.000 0.000 0.130 0.118 0.117 0.117 0.000 0.109 0.000 0.000 0.117 0.000 0.000 0.000 0.000 0.000 0.133 0.120 0.125 0.123 0.000 0.112 0.120 0.123 0.118 0.122 0.115 0.123 0.000 0.000 0.116 0.000 0.120 0.000 0.000 0.123 0.000 0.000 0.000 0.000 0.000 0.000 0.000 0.000 0.000 0.121 0.000 0.124 0.000 0.130 0.000 0.121 0.122 0.115 0.123 0.000 0.121 0.117 0.000 0.000 0.000 0.000 0.000 0.124 0.000 0.000 0.123 0.123 0.000 0.000 0.112 0.000 0.000 0.122 0.122 0.118 0.113 0.124 0.122 0.127 0.119 0.115 0.000 0.000 0.000 0.000 0.000 0.121 0.000 0.000 0.118 0.000 0.126 0.000 0.113 0.122 0.125 0.000 0.000 0.000 0.000 0.000 0.000 0.000 0.117 0.000 0.000 0.000 0.000 0.000 0.000 0.000 0.000 0.000 0.124 0.000 0.000 0.000 0.000 0.000 0.000 0.108 0.000 0.000 0.000 0.136 0.111 0.111 0.111 0.111 0.111 0.111 0.111 0.113 0.000 0.000 0.000 0.000 0.000 0.000 0.000 0.126 0.000 0.000 0.000 0.000 0.000 0.117 0.117 0.117 0.117 0.117 0.117 0.117 0.118 0.118 0.118 0.118 0.118 0.000 0.000 0.000 0.124 0.119 0.131 0.000 0.000 0.000 0.107 0.118 0.117)  0.000 0.000 0.000 0.123 0.120 0.136 0.000 0.000 0.000 0.000 0.119 0.122 0.122 0.000 0.000 0.000 0.000 0.114 0.119 0.124 0.000 0.000 0.000 0.115 0.117 0.125 0.000 0.000 0.000 0.000 0.000 0.000 0.134 0.121 0.121 0.119 0.125 0.131 0.122 0.000 0.000 0.000 0.000 0.112 0.000 0.000 0.120 0.126 0.000 0.128 0.118 0.123 0.113 0.000 0.000 0.115 0.000 0.000 0.000 0.000 0.123 0.124 0.126 0.125 0.118 0.117 0.116 0.000 0.000 0.000 0.123 0.000 0.000 0.000 0.000 0.125 0.000 0.124 0.120 0.113 0.000 0.123 0.000 0.123 0.122 0.000 0.122 0.116 0.000 0.000 0.000 0.000 0.130 0.000 0.125 0.124 0.000 0.125 0.000 0.125 0.122 0.000 0.121 0.122 0.119 0.123 0.000 0.000 0.000 0.119 0.000 0.000 0.000 0.000 0.000 0.130 0.119 0.126 0.119 0.000 0.132 0.000 0.000 0.121 0.000 0.000 0.000 0.000 0.000 0.114 0.131 0.115 0.120 0.000 0.122 0.128 0.111 0.114 0.129 0.113 0.114 0.000 0.000 0.120 0.000 0.110 0.000 0.000 0.117 0.000 0.000 0.000 0.000 0.000 0.000 0.000 0.000 0.000 0.124 0.000 0.120 0.000 0.126 0.000 0.120 0.119 0.123 0.124 0.000 0.119 0.125 0.000 0.000 0.000 0.000 0.000 0.120 0.000 0.000 0.124 0.124 0.000 0.000 0.120 0.000 0.000 0.126 0.125 0.122 0.119 0.120 0.127 0.118 0.126 0.126 0.000 0.000 0.000 0.000 0.000 0.115 0.000 0.000 0.121 0.000 0.122 0.000 0.124 0.124 0.119 0.000 0.000 0.000 0.000 0.000 0.000 0.000 0.124 0.000 0.000 0.000 0.000 0.000 0.000 0.000 0.000 0.000 0.122 0.000 0.000 0.000 0.000 0.000 0.000 0.155 0.000 0.000 0.000 0.127 0.134 0.134 0.134 0.134 0.134 0.134 0.134 0.127 0.000 0.000 0.000 0.000 0.000 0.000 0.000 0.115 0.000 0.000 0.000 0.000 0.000 0.119 0.119 0.119 0.119 0.119 0.119 0.119 0.123 0.123 0.123 0.123 0.123 0.000 0.000 0.000 0.125 0.126 0.142 0.000 0.000 0.000 0.126 0.112 0.115)  0.125 0.120 0.118 0.000 0.000 0.000 0.121 0.125 0.120 0.111 0.000 0.000 0.000 0.122 0.122 0.108 0.121 0.000 0.000 0.000 0.118 0.111 0.122 0.000 0.000 0.000 0.123 0.129 0.123 0.122 0.117 0.116 0.000 0.000 0.000 0.000 0.000 0.000 0.000 0.120 0.126 0.126 0.118 0.000 0.117 0.117 0.000 0.000 0.126 0.000 0.000 0.000 0.000 0.090 0.123 0.000 0.125 0.116 0.117 0.122 0.000 0.000 0.000 0.000 0.000 0.000 0.000 0.118 0.126 0.128 0.000 0.125 0.123 0.125 0.121 0.000 0.132 0.000 0.000 0.000 0.119 0.000 0.120 0.000 0.000 0.120 0.000 0.000 0.124 0.117 0.122 0.121 0.000 0.119 0.000 0.000 0.122 0.000 0.123 0.000 0.000 0.126 0.000 0.000 0.000 0.000 0.122 0.123 0.119 0.000 0.105 0.125 0.114 0.111 0.122 0.000 0.000 0.000 0.000 0.120 0.000 0.126 0.108 0.000 0.128 0.117 0.119 0.114 0.122 0.000 0.000 0.000 0.000 0.114 0.000 0.000 0.000 0.000 0.000 0.000 0.000 0.115 0.131 0.000 0.118 0.000 0.122 0.117 0.000 0.118 0.116 0.117 0.113 0.120 0.116 0.116 0.118 0.114 0.000 0.120 0.000 0.116 0.000 0.122 0.000 0.000 0.000 0.000 0.125 0.000 0.000 0.122 0.113 0.122 0.123 0.109 0.000 0.114 0.124 0.000 0.000 0.119 0.124 0.000 0.126 0.115 0.000 0.000 0.000 0.000 0.000 0.000 0.000 0.000 0.000 0.118 0.126 0.103 0.126 0.121 0.000 0.118 0.118 0.000 0.123 0.000 0.130 0.000 0.000 0.000 0.111 0.113 0.130 0.111 0.086 0.122 0.120 0.000 0.121 0.119 0.114 0.114 0.113 0.113 0.113 0.114 0.114 0.000 0.120 0.121 0.121 0.121 0.121 0.149 0.000 0.117 0.117 0.117 0.000 0.000 0.000 0.000 0.000 0.000 0.000 0.000 0.000 0.127 0.127 0.126 0.126 0.126 0.127 0.127 0.000 0.125 0.125 0.124 0.125 0.125 0.000 0.000 0.000 0.000 0.000 0.000 0.000 0.000 0.000 0.000 0.000 0.000 0.110 0.118 0.110 0.000 0.000 0.000 0.110 0.125 0.127 0.000 0.000 0.000)  0.126 0.129 0.118 0.000 0.000 0.000 0.114 0.131 0.123 0.134 0.000 0.000 0.000 0.122 0.119 0.120 0.123 0.000 0.000 0.000 0.116 0.125 0.119 0.000 0.000 0.000 0.125 0.143 0.126 0.120 0.104 0.128 0.000 0.000 0.000 0.000 0.000 0.000 0.000 0.112 0.116 0.110 0.134 0.000 0.120 0.116 0.000 0.000 0.118 0.000 0.000 0.000 0.000 0.146 0.126 0.000 0.123 0.125 0.110 0.126 0.000 0.000 0.000 0.000 0.000 0.000 0.000 0.125 0.119 0.121 0.000 0.118 0.126 0.127 0.124 0.000 0.128 0.000 0.000 0.000 0.116 0.000 0.129 0.000 0.000 0.126 0.000 0.000 0.118 0.121 0.120 0.125 0.000 0.125 0.000 0.000 0.115 0.000 0.125 0.000 0.000 0.112 0.000 0.000 0.000 0.000 0.120 0.119 0.119 0.000 0.112 0.115 0.120 0.119 0.122 0.000 0.000 0.000 0.000 0.125 0.000 0.111 0.126 0.000 0.123 0.118 0.114 0.127 0.123 0.000 0.000 0.000 0.000 0.123 0.000 0.000 0.000 0.000 0.000 0.000 0.000 0.131 0.107 0.000 0.128 0.000 0.124 0.117 0.000 0.129 0.122 0.127 0.130 0.116 0.123 0.129 0.124 0.120 0.000 0.125 0.000 0.109 0.000 0.128 0.000 0.000 0.000 0.000 0.117 0.000 0.000 0.120 0.128 0.115 0.121 0.118 0.000 0.128 0.119 0.000 0.000 0.117 0.119 0.000 0.127 0.118 0.000 0.000 0.000 0.000 0.000 0.000 0.000 0.000 0.000 0.131 0.118 0.085 0.125 0.124 0.000 0.133 0.119 0.000 0.116 0.000 0.120 0.000 0.000 0.000 0.130 0.119 0.138 0.114 0.117 0.127 0.125 0.000 0.114 0.128 0.141 0.141 0.140 0.141 0.141 0.141 0.141 0.000 0.119 0.120 0.119 0.119 0.119 0.138 0.000 0.122 0.122 0.122 0.000 0.000 0.000 0.000 0.000 0.000 0.000 0.000 0.000 0.125 0.125 0.126 0.126 0.126 0.126 0.126 0.000 0.111 0.111 0.112 0.112 0.112 0.000 0.000 0.000 0.000 0.000 0.000 0.000 0.000 0.000 0.000 0.000 0.000 0.122 0.124 0.123 0.000 0.000 0.000 0.125 0.126 0.104 0.000 0.000 0.000)  0.000 0.000 0.000 0.125 0.118 0.124 0.000 0.000 0.000 0.000 0.113 0.114 0.134 0.000 0.000 0.000 0.000 0.119 0.121 0.118 0.000 0.000 0.000 0.121 0.122 0.121 0.000 0.000 0.000 0.000 0.000 0.000 0.133 0.126 0.124 0.119 0.115 0.120 0.120 0.000 0.000 0.000 0.000 0.135 0.000 0.000 0.122 0.123 0.000 0.122 0.128 0.106 0.137 0.000 0.000 0.116 0.000 0.000 0.000 0.000 0.118 0.116 0.110 0.127 0.126 0.116 0.120 0.000 0.000 0.000 0.125 0.000 0.000 0.000 0.000 0.119 0.000 0.121 0.121 0.126 0.000 0.115 0.000 0.118 0.119 0.000 0.121 0.127 0.000 0.000 0.000 0.000 0.119 0.000 0.123 0.118 0.000 0.119 0.000 0.119 0.117 0.000 0.123 0.113 0.122 0.121 0.000 0.000 0.000 0.118 0.000 0.000 0.000 0.000 0.000 0.119 0.124 0.118 0.118 0.000 0.119 0.000 0.000 0.110 0.000 0.000 0.000 0.000 0.000 0.114 0.121 0.118 0.121 0.000 0.126 0.120 0.129 0.120 0.124 0.119 0.114 0.000 0.000 0.112 0.000 0.122 0.000 0.000 0.121 0.000 0.000 0.000 0.000 0.000 0.000 0.000 0.000 0.000 0.117 0.000 0.124 0.000 0.110 0.000 0.127 0.123 0.127 0.110 0.000 0.120 0.117 0.000 0.000 0.000 0.000 0.000 0.118 0.000 0.000 0.118 0.117 0.000 0.000 0.121 0.000 0.000 0.107 0.117 0.125 0.116 0.121 0.119 0.122 0.126 0.119 0.000 0.000 0.000 0.000 0.000 0.110 0.000 0.000 0.104 0.000 0.118 0.000 0.117 0.118 0.116 0.000 0.000 0.000 0.000 0.000 0.000 0.000 0.122 0.000 0.000 0.000 0.000 0.000 0.000 0.000 0.000 0.000 0.116 0.000 0.000 0.000 0.000 0.000 0.000 0.124 0.000 0.000 0.000 0.117 0.124 0.124 0.124 0.124 0.124 0.124 0.124 0.117 0.000 0.000 0.000 0.000 0.000 0.000 0.000 0.117 0.000 0.000 0.000 0.000 0.000 0.120 0.120 0.120 0.120 0.120 0.120 0.120 0.130 0.130 0.130 0.129 0.130 0.000 0.000 0.000 0.120 0.117 0.101 0.000 0.000 0.000 0.125 0.123 0.120)  0.040 0.034 0.044 0.034 0.042 0.030 0.039 0.032 0.044 0.027 0.039 0.039 0.033 0.035 0.038 0.034 0.037 0.033 0.032 0.035 0.039 0.038 0.037 0.039 0.046 0.035 0.034 0.027 0.034 0.036 0.038 0.034 0.034 0.031 0.042 0.035 0.036 0.035 0.031 0.037 0.038 0.035 0.032 0.027 0.040 0.038 0.036 0.037 0.037 0.029 0.039 0.032 0.031 0.025 0.038 0.025 0.023 0.031 0.027 0.029 0.023 0.038 0.036 0.032 0.036 0.043 0.026 0.040 0.034 0.038 0.028 0.037 0.029 0.038 0.037 0.036 0.031 0.024 0.029 0.029 0.036 0.030 0.036 0.038 0.032 0.036 0.032 0.034 0.030 0.035 0.030 0.030 0.029 0.040 0.034 0.031 0.039 0.039 0.039 0.036 0.037 0.035 0.040 0.029 0.043 0.033 0.034 0.037 0.043 0.043 0.033 0.038 0.041 0.040 0.028 0.027 0.033 0.029 0.036 0.025 0.032 0.033 0.035 0.041 0.040 0.041 0.039 0.027 0.034 0.029 0.028 0.040 0.026 0.031 0.034 0.026 0.042 0.037 0.038 0.040 0.038 0.030 0.042 0.031 0.026 0.038 0.046 0.039 0.041 0.033 0.031 0.037 0.031 0.037 0.033 0.035 0.039 0.041 0.043 0.038 0.039 0.033 0.028 0.032 0.038 0.028 0.030 0.035 0.039 0.036 0.035 0.040 0.034 0.033 0.032 0.028 0.034 0.033 0.040 0.024 0.038 0.039 0.042 0.041 0.033 0.039 0.027 0.041 0.037 0.039 0.038 0.031 0.036 0.040 0.042 0.029 0.032 0.032 0.041 0.034 0.027 0.026 0.039 0.026 0.035 0.039 0.038 0.042 0.038 0.033 0.028 0.042 0.028 0.040 0.034 0.034 0.039 0.038 0.039 0.040 0.034 0.034 0.034 0.034 0.034 0.034 0.034 0.040 0.032 0.041 0.042 0.041 0.041 0.034 0.026 0.040 0.040 0.039 0.028 0.034 0.034 0.034 0.034 0.034 0.034 0.034 0.040 0.034 0.034 0.034 0.035 0.035 0.035 0.035 0.038 0.035 0.035 0.035 0.035 0.035 0.036 0.036 0.036 0.036 0.036 0.036 0.036 0.035 0.035 0.035 0.036 0.036 0.040 0.043 0.035 0.031 0.035 0.028 0.028 0.042 0.028 0.031 0.027 0.039)  
image_change: (0.993 0.994 0.993 0.994 0.993 0.994 0.993 0.994 0.993 0.994 0.993 0.993 0.994 0.994 0.993 0.994 0.993 0.994 0.994 0.994 0.993 0.993 0.993 0.993 0.993 0.994 0.994 0.994 0.994 0.994 0.993 0.994 0.994 0.994 0.993 0.994 0.994 0.994 0.994 0.993 0.993 0.994 0.994 0.994 0.993 0.993 0.994 0.993 0.993 0.994 0.993 0.994 0.994 0.994 0.993 0.995 0.995 0.994 0.994 0.994 0.995 0.993 0.994 0.994 0.994 0.993 0.994 0.993 0.994 0.994 0.994 0.993 0.994 0.994 0.994 0.994 0.994 0.995 0.994 0.994 0.994 0.994 0.994 0.993 0.994 0.994 0.994 0.994 0.994 0.994 0.994 0.994 0.994 0.993 0.994 0.994 0.993 0.993 0.993 0.994 0.993 0.994 0.993 0.994 0.993 0.994 0.994 0.993 0.993 0.993 0.994 0.993 0.993 0.993 0.994 0.994 0.994 0.994 0.993 0.995 0.994 0.994 0.994 0.993 0.993 0.993 0.993 0.994 0.994 0.994 0.994 0.993 0.995 0.994 0.994 0.994 0.993 0.993 0.993 0.993 0.993 0.994 0.993 0.994 0.994 0.993 0.993 0.993 0.993 0.994 0.994 0.993 0.994 0.993 0.994 0.994 0.993 0.993 0.993 0.993 0.993 0.994 0.994 0.994 0.993 0.994 0.994 0.994 0.993 0.994 0.994 0.993 0.994 0.994 0.994 0.994 0.994 0.994 0.993 0.994 0.993 0.993 0.993 0.993 0.994 0.993 0.994 0.993 0.993 0.993 0.993 0.994 0.994 0.993 0.993 0.994 0.994 0.994 0.993 0.994 0.994 0.994 0.993 0.994 0.994 0.993 0.993 0.993 0.993 0.994 0.994 0.993 0.994 0.993 0.993 0.994 0.993 0.993 0.993 0.993 0.982 0.982 0.982 0.982 0.982 0.982 0.982 0.993 0.994 0.980 0.980 0.980 0.980 0.993 0.994 0.980 0.980 0.980 0.994 0.982 0.982 0.982 0.982 0.982 0.982 0.982 0.993 0.981 0.981 0.981 0.981 0.981 0.981 0.981 0.993 0.981 0.981 0.981 0.981 0.981 0.981 0.981 0.981 0.981 0.981 0.981 0.981 0.981 0.981 0.981 0.981 0.981 0.993 0.993 0.994 0.994 0.994 0.994 0.994 0.993 0.994 0.994 0.994 0.993)  0.007 0.006 0.007 0.006 0.007 0.006 0.007 0.006 0.007 0.006 0.007 0.007 0.006 0.006 0.007 0.006 0.007 0.006 0.006 0.006 0.007 0.007 0.007 0.007 0.007 0.006 0.006 0.006 0.006 0.006 0.007 0.006 0.006 0.006 0.007 0.006 0.006 0.006 0.006 0.007 0.007 0.006 0.006 0.006 0.007 0.007 0.006 0.007 0.007 0.006 0.007 0.006 0.006 0.006 0.007 0.005 0.005 0.006 0.006 0.006 0.005 0.007 0.006 0.006 0.006 0.007 0.006 0.007 0.006 0.006 0.006 0.007 0.006 0.006 0.006 0.006 0.006 0.005 0.006 0.006 0.006 0.006 0.006 0.007 0.006 0.006 0.006 0.006 0.006 0.006 0.006 0.006 0.006 0.007 0.006 0.006 0.007 0.007 0.007 0.006 0.007 0.006 0.007 0.006 0.007 0.006 0.006 0.007 0.007 0.007 0.006 0.007 0.007 0.007 0.006 0.006 0.006 0.006 0.007 0.005 0.006 0.006 0.006 0.007 0.007 0.007 0.007 0.006 0.006 0.006 0.006 0.007 0.005 0.006 0.006 0.006 0.007 0.007 0.007 0.007 0.007 0.006 0.007 0.006 0.006 0.007 0.007 0.007 0.007 0.006 0.006 0.007 0.006 0.007 0.006 0.006 0.007 0.007 0.007 0.007 0.007 0.006 0.006 0.006 0.007 0.006 0.006 0.006 0.007 0.006 0.006 0.007 0.006 0.006 0.006 0.006 0.006 0.006 0.007 0.006 0.007 0.007 0.007 0.007 0.006 0.007 0.006 0.007 0.007 0.007 0.007 0.006 0.006 0.007 0.007 0.006 0.006 0.006 0.007 0.006 0.006 0.006 0.007 0.006 0.006 0.007 0.007 0.007 0.007 0.006 0.006 0.007 0.006 0.007 0.007 0.006 0.007 0.007 0.007 0.007 0.018 0.018 0.018 0.018 0.018 0.018 0.018 0.007 0.006 0.020 0.020 0.020 0.020 0.007 0.006 0.020 0.020 0.020 0.006 0.018 0.018 0.018 0.018 0.018 0.018 0.018 0.007 0.019 0.019 0.019 0.019 0.019 0.019 0.019 0.007 0.019 0.019 0.019 0.019 0.019 0.019 0.019 0.019 0.019 0.019 0.019 0.019 0.019 0.019 0.019 0.019 0.019 0.007 0.007 0.006 0.006 0.006 0.006 0.006 0.007 0.006 0.006 0.006 0.007)  
running_speed_bin: (0.213 0.250 0.250 0.251 0.253 0.245 0.087 0.040 0.093 0.082 0.024 0.091 0.079 0.130 0.126 0.103 0.168 0.186 0.228 0.237 0.012 0.095 0.048 0.016 0.061 0.083 0.019 0.132 0.139 0.205 0.027 0.049 0.035 0.036 0.054 0.027 0.002 0.066 0.034 0.026 0.101 0.048 0.011 0.010 0.347 0.355 0.100 0.036 0.356 0.346 0.367 0.319 0.325 0.065 0.196 0.321 0.039 0.061 0.036 0.009 0.031 0.023 0.011 0.026 0.337 0.001 0.006 0.014 0.011 0.347 0.247 0.033 0.142 0.195 0.215 0.259 0.013 0.159 0.044 0.064 0.184 0.018 0.282 0.120 0.141 0.232 0.191 0.256 0.147 0.238 0.185 0.109 0.130 0.079 0.198 0.130 0.033 0.062 0.094 0.123 0.124 0.067 0.119 0.083 0.199 0.152 0.126 0.139 0.241 0.207 0.013 0.035 0.102 0.209 0.148 0.329 0.312 0.083 0.315 0.038 0.073 0.053 0.072 0.228 0.134 0.158 0.274 0.093 0.042 0.034 0.109 0.138 0.060 0.175 0.114 0.038 0.309 0.212 0.190 0.260 0.057 0.062 0.196 0.064 0.049 0.176 0.344 0.111 0.161 0.022 0.013 0.113 0.030 0.050 0.069 0.299 0.024 0.173 0.024 0.156 0.041 0.049 0.038 0.082 0.102 0.069 0.010 0.061 0.014 0.051 0.133 0.042 0.323 0.075 0.223 0.057 0.249 0.145 0.079 0.112 0.160 0.173 0.208 0.018 0.136 0.060 0.134 0.018 0.242 0.259 0.009 0.132 0.225 0.211 0.147 0.137 0.152 0.310 0.310 0.058 0.056 0.318 0.129 0.048 0.131 0.095 0.229 0.138 0.153 0.066 0.171 0.173 0.148 0.161 0.216 0.151 0.155 0.274 0.169 0.172 0.239 0.239 0.238 0.238 0.238 0.235 0.235 0.350 0.144 0.263 0.261 0.262 0.262 0.134 0.037 0.285 0.285 0.285 0.033 0.328 0.328 0.323 0.326 0.326 0.330 0.330 0.368 0.341 0.341 0.343 0.342 0.342 0.341 0.341 0.138 0.285 0.285 0.289 0.285 0.285 0.318 0.318 0.316 0.316 0.316 0.317 0.317 0.257 0.257 0.258 0.258 0.259 0.111 0.222 0.144 0.084 0.319 0.057 0.077 0.180 0.044 0.034 0.117 0.270)  0.255 0.256 0.267 0.244 0.294 0.257 0.042 0.017 0.029 0.034 0.006 0.041 0.030 0.134 0.139 0.114 0.152 0.154 0.208 0.276 0.002 0.043 0.018 0.002 0.022 0.036 0.002 0.100 0.140 0.182 0.011 0.026 0.012 0.015 0.032 0.008 0.000 0.017 0.009 0.004 0.078 0.024 0.002 0.001 0.188 0.193 0.073 0.017 0.196 0.184 0.157 0.196 0.169 0.022 0.093 0.269 0.006 0.022 0.005 0.004 0.002 0.007 0.002 0.004 0.185 0.000 0.002 0.006 0.003 0.209 0.147 0.010 0.059 0.103 0.097 0.104 0.003 0.069 0.016 0.023 0.112 0.001 0.158 0.056 0.063 0.153 0.108 0.129 0.120 0.255 0.116 0.109 0.111 0.031 0.212 0.120 0.012 0.030 0.034 0.066 0.066 0.019 0.065 0.020 0.086 0.063 0.064 0.063 0.130 0.104 0.006 0.005 0.100 0.091 0.057 0.146 0.154 0.058 0.183 0.007 0.060 0.017 0.041 0.247 0.069 0.178 0.240 0.063 0.005 0.007 0.055 0.071 0.022 0.087 0.057 0.008 0.181 0.105 0.198 0.242 0.040 0.028 0.103 0.035 0.007 0.158 0.198 0.089 0.080 0.003 0.004 0.050 0.013 0.018 0.039 0.163 0.004 0.185 0.003 0.139 0.011 0.023 0.020 0.027 0.084 0.003 0.001 0.006 0.005 0.010 0.133 0.011 0.185 0.024 0.116 0.007 0.110 0.048 0.079 0.018 0.080 0.058 0.214 0.004 0.041 0.042 0.039 0.009 0.112 0.242 0.005 0.039 0.116 0.102 0.054 0.050 0.063 0.114 0.190 0.033 0.018 0.118 0.102 0.004 0.084 0.085 0.079 0.037 0.141 0.046 0.055 0.135 0.066 0.129 0.109 0.130 0.099 0.136 0.177 0.140 0.307 0.307 0.306 0.311 0.311 0.313 0.313 0.119 0.113 0.253 0.257 0.255 0.255 0.055 0.014 0.263 0.263 0.262 0.017 0.213 0.213 0.214 0.211 0.211 0.211 0.211 0.127 0.186 0.186 0.186 0.185 0.185 0.185 0.185 0.113 0.254 0.254 0.252 0.254 0.254 0.243 0.243 0.246 0.248 0.248 0.248 0.248 0.181 0.181 0.182 0.183 0.182 0.028 0.079 0.028 0.024 0.159 0.006 0.015 0.060 0.007 0.002 0.028 0.089)  0.242 0.261 0.265 0.252 0.283 0.260 0.051 0.019 0.034 0.043 0.007 0.048 0.036 0.144 0.137 0.116 0.162 0.179 0.227 0.258 0.002 0.050 0.021 0.002 0.025 0.043 0.002 0.111 0.139 0.192 0.014 0.030 0.015 0.015 0.033 0.009 0.000 0.023 0.011 0.006 0.081 0.030 0.002 0.002 0.222 0.224 0.076 0.019 0.226 0.218 0.186 0.226 0.208 0.028 0.114 0.265 0.009 0.030 0.007 0.004 0.004 0.009 0.003 0.007 0.218 0.000 0.002 0.008 0.004 0.241 0.173 0.013 0.074 0.124 0.120 0.131 0.005 0.087 0.019 0.030 0.127 0.002 0.193 0.068 0.074 0.171 0.125 0.153 0.128 0.247 0.131 0.104 0.114 0.036 0.209 0.119 0.015 0.037 0.042 0.080 0.080 0.023 0.080 0.025 0.107 0.078 0.080 0.078 0.152 0.125 0.007 0.007 0.099 0.112 0.071 0.186 0.187 0.062 0.221 0.011 0.061 0.019 0.044 0.238 0.084 0.171 0.246 0.063 0.008 0.009 0.059 0.085 0.023 0.107 0.065 0.010 0.216 0.128 0.191 0.243 0.037 0.033 0.122 0.038 0.008 0.162 0.235 0.091 0.095 0.005 0.004 0.059 0.015 0.023 0.042 0.195 0.005 0.178 0.004 0.142 0.015 0.025 0.021 0.028 0.084 0.005 0.002 0.007 0.006 0.011 0.128 0.013 0.219 0.032 0.135 0.010 0.136 0.055 0.077 0.024 0.098 0.070 0.202 0.005 0.045 0.045 0.045 0.011 0.139 0.252 0.006 0.045 0.143 0.124 0.066 0.059 0.074 0.147 0.214 0.036 0.023 0.154 0.102 0.006 0.093 0.086 0.101 0.047 0.140 0.051 0.071 0.150 0.084 0.133 0.140 0.133 0.113 0.168 0.181 0.142 0.253 0.253 0.256 0.251 0.251 0.252 0.252 0.156 0.117 0.231 0.230 0.229 0.229 0.068 0.017 0.243 0.243 0.243 0.018 0.223 0.223 0.229 0.228 0.228 0.223 0.223 0.166 0.209 0.209 0.209 0.210 0.210 0.212 0.212 0.120 0.243 0.243 0.242 0.245 0.245 0.260 0.260 0.260 0.258 0.258 0.256 0.256 0.192 0.192 0.188 0.190 0.188 0.038 0.101 0.038 0.037 0.186 0.009 0.019 0.075 0.009 0.002 0.035 0.114)  0.213 0.207 0.179 0.205 0.141 0.220 0.207 0.198 0.103 0.179 0.085 0.076 0.181 0.498 0.449 0.394 0.440 0.394 0.202 0.217 0.043 0.100 0.068 0.053 0.073 0.144 0.043 0.543 0.386 0.258 0.067 0.070 0.099 0.098 0.150 0.097 0.007 0.136 0.108 0.148 0.184 0.274 0.069 0.074 0.241 0.227 0.128 0.120 0.221 0.249 0.285 0.251 0.295 0.235 0.172 0.145 0.155 0.128 0.162 0.123 0.124 0.081 0.057 0.159 0.244 0.006 0.048 0.074 0.031 0.202 0.377 0.140 0.352 0.126 0.435 0.236 0.198 0.301 0.138 0.282 0.177 0.147 0.171 0.090 0.198 0.226 0.212 0.269 0.148 0.131 0.221 0.155 0.154 0.166 0.127 0.134 0.049 0.088 0.079 0.124 0.164 0.089 0.122 0.092 0.176 0.119 0.140 0.154 0.153 0.122 0.214 0.146 0.076 0.150 0.220 0.286 0.243 0.121 0.206 0.174 0.161 0.174 0.099 0.139 0.124 0.103 0.145 0.094 0.114 0.129 0.107 0.129 0.080 0.194 0.148 0.142 0.192 0.155 0.110 0.133 0.145 0.207 0.154 0.151 0.145 0.112 0.189 0.103 0.148 0.109 0.145 0.146 0.139 0.154 0.153 0.190 0.088 0.106 0.070 0.134 0.138 0.116 0.109 0.117 0.101 0.095 0.110 0.084 0.044 0.113 0.131 0.095 0.207 0.107 0.179 0.100 0.215 0.091 0.141 0.098 0.154 0.159 0.126 0.031 0.067 0.141 0.076 0.145 0.421 0.139 0.143 0.081 0.351 0.422 0.135 0.162 0.182 0.361 0.196 0.105 0.231 0.276 0.124 0.172 0.152 0.093 0.212 0.139 0.139 0.119 0.380 0.226 0.322 0.208 0.413 0.212 0.251 0.362 0.183 0.187 0.194 0.194 0.194 0.192 0.192 0.193 0.193 0.340 0.208 0.158 0.157 0.159 0.159 0.378 0.175 0.195 0.195 0.197 0.172 0.225 0.225 0.222 0.223 0.223 0.224 0.224 0.296 0.255 0.255 0.253 0.254 0.254 0.254 0.254 0.109 0.209 0.209 0.209 0.208 0.208 0.168 0.168 0.167 0.167 0.167 0.168 0.168 0.322 0.322 0.323 0.321 0.323 0.173 0.262 0.197 0.201 0.294 0.100 0.082 0.222 0.062 0.084 0.182 0.343)  0.077 0.026 0.040 0.047 0.029 0.018 0.612 0.725 0.742 0.663 0.878 0.744 0.674 0.094 0.149 0.273 0.078 0.087 0.136 0.012 0.941 0.712 0.845 0.927 0.819 0.693 0.933 0.114 0.196 0.163 0.882 0.824 0.840 0.835 0.731 0.858 0.990 0.758 0.838 0.815 0.556 0.624 0.916 0.913 0.002 0.001 0.623 0.807 0.001 0.003 0.004 0.008 0.004 0.650 0.425 0.000 0.791 0.758 0.790 0.860 0.839 0.879 0.927 0.804 0.016 0.993 0.942 0.899 0.951 0.000 0.056 0.804 0.372 0.452 0.133 0.270 0.782 0.383 0.783 0.600 0.400 0.831 0.195 0.667 0.524 0.218 0.363 0.192 0.457 0.128 0.348 0.523 0.491 0.688 0.254 0.497 0.892 0.784 0.751 0.606 0.565 0.803 0.615 0.780 0.432 0.588 0.590 0.566 0.324 0.442 0.759 0.808 0.622 0.438 0.505 0.053 0.104 0.676 0.075 0.769 0.645 0.737 0.744 0.149 0.589 0.390 0.094 0.688 0.830 0.821 0.670 0.578 0.815 0.436 0.616 0.801 0.101 0.400 0.310 0.122 0.720 0.670 0.425 0.713 0.792 0.393 0.033 0.606 0.515 0.861 0.834 0.632 0.802 0.755 0.697 0.153 0.879 0.359 0.899 0.429 0.795 0.787 0.812 0.746 0.630 0.828 0.877 0.842 0.932 0.815 0.475 0.839 0.066 0.763 0.347 0.826 0.290 0.660 0.624 0.748 0.507 0.539 0.249 0.941 0.711 0.711 0.707 0.817 0.086 0.107 0.838 0.704 0.164 0.142 0.597 0.593 0.529 0.068 0.089 0.768 0.672 0.133 0.543 0.769 0.539 0.641 0.378 0.640 0.427 0.717 0.323 0.316 0.380 0.368 0.122 0.374 0.382 0.060 0.291 0.359 0.006 0.006 0.006 0.007 0.007 0.006 0.006 0.035 0.418 0.095 0.095 0.095 0.095 0.364 0.757 0.013 0.013 0.013 0.761 0.012 0.012 0.012 0.012 0.012 0.012 0.012 0.043 0.009 0.009 0.009 0.009 0.009 0.008 0.008 0.519 0.008 0.008 0.008 0.008 0.008 0.011 0.011 0.011 0.011 0.011 0.011 0.011 0.048 0.048 0.048 0.049 0.048 0.650 0.335 0.593 0.653 0.042 0.828 0.807 0.463 0.878 0.879 0.638 0.184)  
pupil_diameter_bin: (0.005 0.006 0.000 0.001 0.014 0.008 0.866 0.702 0.508 0.164 0.765 0.626 0.741 0.005 0.001 0.033 0.477 0.396 0.649 0.812 0.352 0.668 0.278 0.055 0.539 0.571 1.000 0.783 0.783 0.548 0.187 1.000 1.000 0.840 1.000 1.000 1.000 0.994 1.000 0.318 0.040 0.016 0.005 0.138 0.847 0.933 0.409 0.140 1.000 0.949 0.920 0.945 0.769 0.939 0.775 0.995 1.000 1.000 1.000 1.000 1.000 1.000 1.000 0.710 1.000 0.640 0.780 1.000 0.302 0.826 0.984 1.000 1.000 0.999 1.000 0.668 1.000 0.874 0.982 0.451 0.712 1.000 0.922 0.862 0.841 1.000 1.000 1.000 1.000 0.999 1.000 0.998 1.000 1.000 1.000 0.998 1.000 0.999 1.000 0.997 1.000 1.000 1.000 1.000 1.000 1.000 1.000 0.998 1.000 1.000 0.819 1.000 0.995 1.000 1.000 1.000 1.000 0.838 0.999 1.000 0.956 1.000 0.845 0.997 0.983 0.957 1.000 0.988 1.000 0.981 0.993 0.931 0.999 0.995 0.978 0.986 0.943 1.000 0.997 0.999 1.000 1.000 1.000 1.000 1.000 1.000 1.000 0.997 1.000 1.000 1.000 0.994 1.000 0.723 1.000 0.969 1.000 1.000 1.000 0.421 1.000 1.000 1.000 0.695 1.000 1.000 1.000 0.954 0.982 1.000 0.999 1.000 1.000 1.000 1.000 0.949 1.000 0.990 0.868 0.654 1.000 1.000 0.930 0.026 0.991 0.764 0.968 0.837 1.000 0.965 0.932 0.979 1.000 1.000 1.000 0.537 0.900 0.995 0.920 0.912 0.792 0.953 0.840 0.596 0.947 0.992 0.925 0.718 0.968 0.907 0.999 0.761 0.962 0.718 1.000 0.626 0.564 0.977 0.684 0.453 0.911 0.911 0.912 0.911 0.911 0.911 0.911 0.957 0.369 0.802 0.801 0.801 0.801 0.717 0.269 0.981 0.981 0.981 0.713 0.958 0.958 0.958 0.958 0.958 0.958 0.958 0.934 0.969 0.969 0.969 0.969 0.969 0.969 0.969 0.789 0.977 0.977 0.978 0.978 0.978 0.966 0.966 0.966 0.966 0.966 0.966 0.966 0.806 0.806 0.805 0.805 0.806 1.000 1.000 1.000 1.000 1.000 0.952 1.000 1.000 1.000 1.000 1.000 1.000)  0.021 0.192 0.092 0.210 0.251 0.366 0.134 0.294 0.389 0.819 0.234 0.363 0.256 0.049 0.193 0.265 0.331 0.295 0.165 0.150 0.645 0.330 0.679 0.483 0.453 0.412 0.000 0.142 0.167 0.329 0.347 0.000 0.000 0.121 0.000 0.000 0.000 0.006 0.000 0.469 0.240 0.338 0.759 0.708 0.112 0.067 0.532 0.793 0.000 0.051 0.070 0.055 0.202 0.061 0.224 0.004 0.000 0.000 0.000 0.000 0.000 0.000 0.000 0.286 0.000 0.360 0.220 0.000 0.696 0.174 0.016 0.000 0.000 0.001 0.000 0.200 0.000 0.126 0.018 0.531 0.275 0.000 0.078 0.138 0.158 0.000 0.000 0.000 0.000 0.001 0.000 0.002 0.000 0.000 0.000 0.002 0.000 0.001 0.000 0.003 0.000 0.000 0.000 0.000 0.000 0.000 0.000 0.002 0.000 0.000 0.181 0.000 0.005 0.000 0.000 0.000 0.000 0.162 0.001 0.000 0.044 0.000 0.154 0.003 0.017 0.042 0.000 0.012 0.000 0.019 0.007 0.069 0.001 0.005 0.022 0.014 0.057 0.000 0.003 0.001 0.000 0.000 0.000 0.000 0.000 0.000 0.000 0.003 0.000 0.000 0.000 0.006 0.000 0.277 0.000 0.031 0.000 0.000 0.000 0.571 0.000 0.000 0.000 0.304 0.000 0.000 0.000 0.046 0.018 0.000 0.001 0.000 0.000 0.000 0.000 0.051 0.000 0.010 0.130 0.338 0.000 0.000 0.070 0.947 0.009 0.235 0.032 0.162 0.000 0.035 0.068 0.021 0.000 0.000 0.000 0.429 0.100 0.005 0.075 0.088 0.195 0.047 0.160 0.352 0.053 0.008 0.073 0.279 0.032 0.093 0.001 0.233 0.038 0.280 0.000 0.350 0.408 0.023 0.291 0.433 0.087 0.087 0.086 0.087 0.087 0.087 0.087 0.043 0.445 0.146 0.146 0.146 0.146 0.281 0.719 0.019 0.019 0.019 0.273 0.041 0.041 0.042 0.042 0.042 0.041 0.041 0.052 0.031 0.031 0.031 0.031 0.031 0.031 0.031 0.200 0.023 0.023 0.022 0.022 0.022 0.033 0.033 0.033 0.033 0.033 0.033 0.033 0.167 0.167 0.168 0.168 0.167 0.000 0.000 0.000 0.000 0.000 0.048 0.000 0.000 0.000 0.000 0.000 0.000)  0.097 0.350 0.187 0.391 0.313 0.338 0.000 0.004 0.093 0.017 0.000 0.011 0.003 0.244 0.312 0.352 0.148 0.205 0.122 0.029 0.003 0.002 0.044 0.217 0.008 0.017 0.000 0.075 0.050 0.099 0.171 0.000 0.000 0.039 0.000 0.000 0.000 0.000 0.000 0.210 0.612 0.572 0.236 0.154 0.041 0.000 0.059 0.067 0.000 0.000 0.009 0.000 0.029 0.000 0.001 0.001 0.000 0.000 0.000 0.000 0.000 0.000 0.000 0.004 0.000 0.000 0.000 0.000 0.002 0.000 0.000 0.000 0.000 0.000 0.000 0.125 0.000 0.000 0.000 0.018 0.013 0.000 0.000 0.000 0.000 0.000 0.000 0.000 0.000 0.000 0.000 0.000 0.000 0.000 0.000 0.000 0.000 0.000 0.000 0.000 0.000 0.000 0.000 0.000 0.000 0.000 0.000 0.000 0.000 0.000 0.000 0.000 0.000 0.000 0.000 0.000 0.000 0.000 0.000 0.000 0.000 0.000 0.000 0.000 0.000 0.001 0.000 0.000 0.000 0.000 0.000 0.000 0.000 0.000 0.000 0.000 0.000 0.000 0.000 0.000 0.000 0.000 0.000 0.000 0.000 0.000 0.000 0.000 0.000 0.000 0.000 0.000 0.000 0.000 0.000 0.000 0.000 0.000 0.000 0.008 0.000 0.000 0.000 0.001 0.000 0.000 0.000 0.000 0.000 0.000 0.000 0.000 0.000 0.000 0.000 0.000 0.000 0.000 0.002 0.009 0.000 0.000 0.000 0.022 0.000 0.001 0.000 0.001 0.000 0.000 0.000 0.000 0.000 0.000 0.000 0.028 0.000 0.000 0.005 0.000 0.012 0.000 0.000 0.045 0.000 0.000 0.002 0.002 0.000 0.000 0.000 0.006 0.000 0.002 0.000 0.025 0.021 0.000 0.017 0.112 0.002 0.002 0.002 0.002 0.002 0.002 0.002 0.000 0.118 0.052 0.052 0.051 0.051 0.002 0.010 0.000 0.000 0.000 0.011 0.001 0.001 0.001 0.001 0.001 0.001 0.001 0.007 0.000 0.000 0.000 0.000 0.000 0.000 0.000 0.008 0.000 0.000 0.000 0.000 0.000 0.001 0.001 0.001 0.001 0.001 0.001 0.001 0.027 0.027 0.027 0.027 0.027 0.000 0.000 0.000 0.000 0.000 0.000 0.000 0.000 0.000 0.000 0.000 0.000)  0.338 0.282 0.302 0.284 0.257 0.222 0.000 0.000 0.010 0.000 0.000 0.000 0.000 0.651 0.395 0.287 0.045 0.102 0.062 0.009 0.000 0.000 0.000 0.244 0.000 0.000 0.000 0.000 0.000 0.017 0.222 0.000 0.000 0.000 0.000 0.000 0.000 0.000 0.000 0.001 0.108 0.074 0.000 0.000 0.000 0.000 0.000 0.000 0.000 0.000 0.000 0.000 0.000 0.000 0.000 0.000 0.000 0.000 0.000 0.000 0.000 0.000 0.000 0.000 0.000 0.000 0.000 0.000 0.000 0.000 0.000 0.000 0.000 0.000 0.000 0.007 0.000 0.000 0.000 0.000 0.000 0.000 0.000 0.000 0.000 0.000 0.000 0.000 0.000 0.000 0.000 0.000 0.000 0.000 0.000 0.000 0.000 0.000 0.000 0.000 0.000 0.000 0.000 0.000 0.000 0.000 0.000 0.000 0.000 0.000 0.000 0.000 0.000 0.000 0.000 0.000 0.000 0.000 0.000 0.000 0.000 0.000 0.000 0.000 0.000 0.000 0.000 0.000 0.000 0.000 0.000 0.000 0.000 0.000 0.000 0.000 0.000 0.000 0.000 0.000 0.000 0.000 0.000 0.000 0.000 0.000 0.000 0.000 0.000 0.000 0.000 0.000 0.000 0.000 0.000 0.000 0.000 0.000 0.000 0.000 0.000 0.000 0.000 0.000 0.000 0.000 0.000 0.000 0.000 0.000 0.000 0.000 0.000 0.000 0.000 0.000 0.000 0.000 0.000 0.000 0.000 0.000 0.000 0.003 0.000 0.000 0.000 0.000 0.000 0.000 0.000 0.000 0.000 0.000 0.000 0.003 0.000 0.000 0.000 0.000 0.001 0.000 0.000 0.004 0.000 0.000 0.000 0.000 0.000 0.000 0.000 0.000 0.000 0.000 0.000 0.000 0.005 0.000 0.006 0.001 0.000 0.000 0.000 0.000 0.000 0.000 0.000 0.000 0.047 0.001 0.001 0.001 0.001 0.000 0.002 0.000 0.000 0.000 0.003 0.000 0.000 0.000 0.000 0.000 0.000 0.000 0.006 0.000 0.000 0.000 0.000 0.000 0.000 0.000 0.002 0.000 0.000 0.000 0.000 0.000 0.000 0.000 0.000 0.000 0.000 0.000 0.000 0.000 0.000 0.000 0.000 0.000 0.000 0.000 0.000 0.000 0.000 0.000 0.000 0.000 0.000 0.000 0.000 0.000)  0.539 0.170 0.419 0.115 0.166 0.066 0.000 0.000 0.000 0.000 0.000 0.000 0.000 0.051 0.100 0.062 0.000 0.001 0.001 0.000 0.000 0.000 0.000 0.000 0.000 0.000 0.000 0.000 0.000 0.007 0.073 0.000 0.000 0.000 0.000 0.000 0.000 0.000 0.000 0.002 0.000 0.000 0.000 0.000 0.000 0.000 0.000 0.000 0.000 0.000 0.000 0.000 0.000 0.000 0.000 0.000 0.000 0.000 0.000 0.000 0.000 0.000 0.000 0.000 0.000 0.000 0.000 0.000 0.000 0.000 0.000 0.000 0.000 0.000 0.000 0.000 0.000 0.000 0.000 0.000 0.000 0.000 0.000 0.000 0.000 0.000 0.000 0.000 0.000 0.000 0.000 0.000 0.000 0.000 0.000 0.000 0.000 0.000 0.000 0.000 0.000 0.000 0.000 0.000 0.000 0.000 0.000 0.000 0.000 0.000 0.000 0.000 0.000 0.000 0.000 0.000 0.000 0.000 0.000 0.000 0.000 0.000 0.000 0.000 0.000 0.000 0.000 0.000 0.000 0.000 0.000 0.000 0.000 0.000 0.000 0.000 0.000 0.000 0.000 0.000 0.000 0.000 0.000 0.000 0.000 0.000 0.000 0.000 0.000 0.000 0.000 0.000 0.000 0.000 0.000 0.000 0.000 0.000 0.000 0.000 0.000 0.000 0.000 0.000 0.000 0.000 0.000 0.000 0.000 0.000 0.000 0.000 0.000 0.000 0.000 0.000 0.000 0.000 0.000 0.000 0.000 0.000 0.000 0.002 0.000 0.000 0.000 0.000 0.000 0.000 0.000 0.000 0.000 0.000 0.000 0.003 0.000 0.000 0.000 0.000 0.000 0.000 0.000 0.003 0.000 0.000 0.000 0.000 0.000 0.000 0.000 0.000 0.000 0.000 0.000 0.000 0.001 0.000 0.002 0.000 0.000 0.000 0.000 0.000 0.000 0.000 0.000 0.000 0.022 0.000 0.000 0.000 0.000 0.000 0.001 0.000 0.000 0.000 0.001 0.000 0.000 0.000 0.000 0.000 0.000 0.000 0.001 0.000 0.000 0.000 0.000 0.000 0.000 0.000 0.001 0.000 0.000 0.000 0.000 0.000 0.000 0.000 0.000 0.000 0.000 0.000 0.000 0.000 0.000 0.000 0.000 0.000 0.000 0.000 0.000 0.000 0.000 0.000 0.000 0.000 0.000 0.000 0.000 0.000)  
trial_outcome: (0.045 0.192 0.000 0.170 0.000 0.421 0.324 0.401 0.000 0.600 0.072 0.000 0.622 0.162 0.000 0.244 0.094 0.154 0.000 0.151 0.155 0.082 0.000 0.107 0.000 0.213 0.281 0.683 0.292 0.000 0.120 0.214 0.507 0.445 0.000 0.351 0.000 0.356 0.341 0.265 0.000 0.324 0.154 0.324 0.291 0.000 0.000 0.149 0.269 0.261 0.000 0.630 0.757 0.741 0.000 0.567 0.515 0.317 0.436 0.623 0.408 0.000 0.382 0.453 0.000 0.000 0.533 0.000 0.000 0.230 0.338 0.535 0.581 0.000 0.747 0.000 0.711 0.699 0.551 0.657 0.000 0.803 0.000 0.000 0.403 0.000 0.212 0.353 0.501 0.000 0.280 0.502 0.473 0.376 0.000 0.221 0.014 0.002 0.203 0.000 0.000 0.344 0.000 0.308 0.328 0.232 0.006 0.000 0.000 0.000 0.496 0.584 0.000 0.000 0.615 0.768 0.575 0.561 0.000 0.462 0.556 0.316 0.545 0.000 0.000 0.000 0.000 0.501 0.290 0.305 0.578 0.000 0.698 0.456 0.428 0.331 0.000 0.166 0.000 0.000 0.241 0.409 0.243 0.259 0.495 0.050 0.000 0.135 0.000 0.240 0.489 0.099 0.444 0.202 0.695 0.000 0.039 0.000 0.014 0.000 0.041 0.634 0.578 0.283 0.000 0.240 0.541 0.240 0.000 0.299 0.000 0.097 0.000 0.656 0.317 0.772 0.000 0.459 0.289 0.846 0.327 0.000 0.000 0.000 0.517 0.085 0.566 0.191 0.010 0.000 0.324 0.526 0.002 0.071 0.000 0.524 0.527 0.708 0.000 0.344 0.722 0.588 0.000 0.774 0.337 0.031 0.000 0.000 0.000 0.241 0.718 0.029 0.488 0.033 0.593 0.012 0.098 0.318 0.000 0.006 0.308 0.308 0.308 0.308 0.308 0.308 0.308 0.223 0.077 0.000 0.000 0.000 0.000 0.601 0.757 0.217 0.217 0.217 0.451 0.241 0.241 0.241 0.241 0.241 0.241 0.241 0.000 0.164 0.164 0.164 0.164 0.164 0.164 0.164 0.000 0.187 0.187 0.187 0.187 0.187 0.000 0.000 0.000 0.000 0.000 0.000 0.000 0.383 0.383 0.383 0.383 0.382 0.000 0.000 0.438 0.393 0.000 0.808 0.452 0.000 0.606 0.723 0.585 0.000)  0.838 0.685 0.874 0.702 0.876 0.445 0.546 0.475 0.877 0.289 0.798 0.876 0.255 0.707 0.870 0.631 0.781 0.722 0.870 0.730 0.726 0.798 0.872 0.764 0.870 0.663 0.589 0.205 0.585 0.880 0.747 0.665 0.363 0.427 0.869 0.520 0.876 0.516 0.537 0.608 0.881 0.544 0.726 0.546 0.575 0.874 0.871 0.727 0.606 0.613 0.868 0.248 0.118 0.139 0.872 0.300 0.369 0.552 0.440 0.264 0.464 0.875 0.500 0.417 0.874 0.876 0.340 0.869 0.872 0.644 0.538 0.330 0.298 0.880 0.133 0.871 0.175 0.178 0.324 0.222 0.871 0.079 0.872 0.874 0.463 0.869 0.660 0.522 0.365 0.870 0.596 0.361 0.404 0.491 0.877 0.656 0.857 0.873 0.672 0.870 0.878 0.536 0.879 0.570 0.540 0.645 0.873 0.879 0.874 0.877 0.379 0.292 0.877 0.874 0.248 0.116 0.296 0.330 0.874 0.409 0.325 0.558 0.321 0.876 0.874 0.878 0.876 0.374 0.592 0.575 0.292 0.877 0.176 0.418 0.445 0.545 0.878 0.711 0.873 0.874 0.629 0.462 0.634 0.614 0.378 0.828 0.871 0.742 0.873 0.634 0.386 0.772 0.439 0.685 0.179 0.876 0.835 0.874 0.863 0.875 0.831 0.243 0.293 0.589 0.878 0.634 0.335 0.635 0.864 0.580 0.874 0.779 0.878 0.224 0.555 0.098 0.873 0.416 0.582 0.031 0.547 0.875 0.878 0.878 0.360 0.787 0.317 0.683 0.862 0.872 0.554 0.364 0.871 0.806 0.872 0.348 0.344 0.181 0.866 0.528 0.148 0.294 0.876 0.104 0.538 0.843 0.879 0.872 0.869 0.636 0.161 0.845 0.371 0.844 0.288 0.866 0.766 0.564 0.880 0.868 0.556 0.556 0.556 0.556 0.556 0.556 0.556 0.656 0.791 0.879 0.879 0.879 0.879 0.289 0.099 0.653 0.653 0.653 0.423 0.631 0.631 0.631 0.631 0.631 0.631 0.631 0.873 0.710 0.710 0.710 0.710 0.710 0.710 0.710 0.871 0.689 0.689 0.689 0.689 0.689 0.876 0.876 0.876 0.876 0.876 0.876 0.876 0.496 0.496 0.496 0.496 0.496 0.870 0.878 0.430 0.484 0.868 0.062 0.421 0.877 0.270 0.154 0.285 0.873)  0.006 0.009 0.000 0.003 0.000 0.037 0.062 0.033 0.000 0.049 0.003 0.000 0.056 0.011 0.000 0.033 0.010 0.011 0.000 0.005 0.012 0.005 0.000 0.006 0.000 0.015 0.016 0.081 0.025 0.000 0.013 0.015 0.008 0.015 0.000 0.047 0.000 0.039 0.017 0.023 0.000 0.032 0.008 0.019 0.037 0.000 0.000 0.016 0.023 0.019 0.000 0.068 0.037 0.120 0.000 0.039 0.104 0.020 0.070 0.031 0.047 0.000 0.023 0.041 0.000 0.000 0.021 0.000 0.000 0.014 0.025 0.031 0.018 0.000 0.035 0.000 0.026 0.009 0.037 0.021 0.000 0.024 0.000 0.000 0.004 0.000 0.012 0.007 0.011 0.000 0.030 0.031 0.010 0.041 0.000 0.006 0.000 0.002 0.009 0.000 0.000 0.020 0.000 0.023 0.008 0.018 0.000 0.000 0.000 0.000 0.053 0.019 0.003 0.000 0.059 0.040 0.020 0.010 0.000 0.006 0.012 0.022 0.022 0.000 0.000 0.000 0.000 0.008 0.023 0.014 0.026 0.000 0.028 0.031 0.003 0.031 0.000 0.008 0.000 0.000 0.016 0.053 0.034 0.031 0.050 0.006 0.000 0.000 0.000 0.039 0.058 0.010 0.038 0.006 0.036 0.000 0.000 0.000 0.005 0.000 0.002 0.034 0.003 0.027 0.000 0.009 0.017 0.020 0.000 0.015 0.000 0.011 0.000 0.040 0.013 0.083 0.000 0.017 0.006 0.047 0.015 0.000 0.000 0.000 0.028 0.000 0.026 0.007 0.000 0.000 0.005 0.019 0.000 0.000 0.000 0.020 0.024 0.048 0.000 0.003 0.028 0.056 0.000 0.013 0.008 0.006 0.000 0.000 0.000 0.000 0.097 0.010 0.047 0.008 0.048 0.000 0.006 0.028 0.000 0.000 0.016 0.016 0.016 0.016 0.016 0.016 0.016 0.014 0.007 0.000 0.000 0.000 0.000 0.032 0.037 0.014 0.014 0.014 0.021 0.007 0.007 0.007 0.007 0.007 0.007 0.007 0.000 0.003 0.003 0.003 0.003 0.003 0.003 0.003 0.000 0.012 0.012 0.012 0.012 0.012 0.000 0.000 0.000 0.000 0.000 0.000 0.000 0.027 0.027 0.027 0.027 0.027 0.000 0.000 0.040 0.010 0.000 0.065 0.022 0.000 0.037 0.005 0.031 0.000)  0.111 0.114 0.126 0.125 0.124 0.098 0.068 0.091 0.123 0.062 0.127 0.124 0.067 0.119 0.130 0.092 0.114 0.113 0.130 0.114 0.107 0.116 0.128 0.123 0.130 0.108 0.113 0.031 0.098 0.120 0.121 0.105 0.122 0.113 0.131 0.081 0.124 0.089 0.106 0.103 0.119 0.099 0.112 0.112 0.097 0.126 0.129 0.109 0.102 0.107 0.132 0.055 0.088 0.000 0.128 0.094 0.012 0.111 0.055 0.082 0.081 0.125 0.095 0.088 0.126 0.124 0.107 0.131 0.128 0.111 0.099 0.105 0.103 0.120 0.084 0.129 0.088 0.115 0.089 0.100 0.129 0.095 0.128 0.126 0.130 0.131 0.116 0.117 0.123 0.130 0.094 0.106 0.113 0.091 0.123 0.117 0.129 0.122 0.116 0.130 0.122 0.100 0.121 0.099 0.124 0.105 0.121 0.121 0.126 0.123 0.072 0.105 0.120 0.126 0.078 0.076 0.109 0.099 0.126 0.123 0.107 0.104 0.113 0.124 0.126 0.122 0.124 0.117 0.095 0.106 0.104 0.123 0.098 0.095 0.124 0.093 0.122 0.115 0.127 0.126 0.115 0.075 0.089 0.096 0.077 0.116 0.129 0.122 0.127 0.087 0.067 0.119 0.079 0.106 0.089 0.124 0.126 0.126 0.118 0.125 0.126 0.089 0.126 0.102 0.122 0.117 0.106 0.105 0.136 0.106 0.126 0.113 0.122 0.079 0.114 0.046 0.127 0.108 0.123 0.076 0.111 0.125 0.122 0.122 0.096 0.129 0.091 0.119 0.128 0.128 0.118 0.090 0.127 0.123 0.128 0.108 0.104 0.063 0.134 0.125 0.103 0.062 0.124 0.110 0.117 0.120 0.121 0.128 0.131 0.123 0.023 0.115 0.094 0.115 0.071 0.121 0.130 0.089 0.120 0.127 0.120 0.120 0.120 0.120 0.120 0.120 0.120 0.107 0.125 0.121 0.121 0.121 0.121 0.079 0.107 0.115 0.115 0.115 0.104 0.121 0.121 0.121 0.121 0.121 0.121 0.121 0.127 0.123 0.123 0.123 0.123 0.123 0.123 0.123 0.129 0.113 0.113 0.113 0.113 0.113 0.124 0.124 0.124 0.124 0.124 0.124 0.124 0.094 0.094 0.094 0.094 0.094 0.130 0.122 0.093 0.113 0.132 0.065 0.106 0.123 0.087 0.118 0.099 0.127)  
Brain region: VISl: 238 neurons, VISp: 41909 neurons  
Data verification complete.
