Data format is valid, no errors or warnings.
Number of sessions: 152
Total number of trials: 12216
Number of trials per session: [80, 80, 80, 80, 80, 80, 80, 80, 80, 80, 80, 80, 80, 80, 80, 80, 80, 80, 80, 80, 80, 80, 80, 80, 80, 80, 80, 80, 80, 80, 80, 80, 80, 80, 80, 80, 80, 80, 60, 80, 80, 80, 80, 80, 80, 80, 80, 80, 80, 80, 80, 80, 80, 80, 80, 80, 80, 80, 80, 80, 80, 80, 80, 80, 80, 80, 80, 80, 80, 80, 80, 80, 80, 80, 80, 80, 80, 80, 80, 80, 80, 80, 80, 80, 80, 80, 80, 80, 80, 80, 80, 80, 80, 80, 80, 80, 80, 80, 80, 80, 80, 80, 80, 80, 80, 80, 80, 80, 80, 80, 80, 80, 80, 80, 80, 80, 80, 80, 80, 90, 80, 80, 80, 100, 80, 80, 75, 41, 80, 80, 80, 80, 50, 80, 80, 80, 80, 80, 100, 80, 100, 80, 80, 80, 100, 100, 80, 80, 80, 100, 80, 100]
Number of subjects: 11
Number of brain regions: 1
Number of sessions per subject:
  Subject m3: 14 sessions
  Subject m4: 14 sessions
  Subject m7: 14 sessions
  Subject m11: 12 sessions
  Subject m12: 14 sessions
  Subject m13: 14 sessions
  Subject m14: 14 sessions
  Subject m15: 14 sessions
  Subject m17: 14 sessions
  Subject m18: 14 sessions
  Subject m19: 14 sessions
Input dimension: 4
Output dimension: 6
Summary statistics (across all sessions):
  T: mean: 298.07, median: 271.12, min: 123, max: 10968
  n_neurons: mean: 912.36', min: 155, max: 2341
  Input range:
    time from trial start (s): [0.0, 707.2]
    environment type: [0.0, 1.0]
    trial number: [0.0, 99.0]
    previous trial outcome: [0.0, 1.0]
  Output range:
    distance to reward zone: [0.0, 6.0]
    absolute position: [0.0, 4.0]
    speed: [0.0, 4.0]
    lick: [0.0, 1.0]
    reward zone location: [0.0, 2.0]
    reward outcome: [0.0, 1.0]
  Unique outputs per dimension (fraction of data):
    distance to reward zone: {< -50 cm (0.452), -50 to < -10 cm (0.074), -10 to < 0 cm (0.054), inside reward zone (0.173), > 0 to 10 cm (0.015), > 10 to 50 cm (0.052), > 50 cm (0.179)}
    absolute position: {< 90 cm (0.421), 90 to < 180 cm (0.130), 180 to < 270 cm (0.169), 270 to 360 cm (0.166), > 360 cm (0.114)}
    speed: {< 2 cm/s (0.113), 2 to < 10 cm/s (0.069), 10 to < 20 cm/s (0.108), 20 to 40 cm/s (0.273), > 40 cm/s (0.437)}
    lick: {no lick (0.818), lick (0.182)}
    reward zone location: {A (0.331), B (0.331), C (0.339)}
    reward outcome: {omitted (0.156), rewarded (0.844)}
  Brain region distribution:
    CA1: 138678 neurons

Per-session statistics:
  Mean T: 246.0, 260.4, 256.9, 262.4, 253.4, 242.9, 242.8, 247.9, 242.7, 269.0, 271.9, 247.7, 219.0, 213.1, 214.1, 215.9, 234.3, 206.2, 219.8, 215.7, 199.3, 221.5, 261.3, 212.7, 219.2, 199.5, 273.4, 268.2, 260.7, 243.2, 234.1, 221.9, 240.0, 229.3, 232.7, 265.4, 307.9, 272.4, 233.8, 241.9, 281.4, 295.0, 280.6, 232.3, 238.8, 223.2, 213.1, 217.2, 192.6, 209.1, 210.7, 193.3, 188.7, 223.3, 297.9, 259.1, 270.4, 322.1, 280.6, 238.7, 222.9, 229.1, 207.5, 236.3, 229.5, 191.1, 203.3, 256.6, 281.3, 242.1, 272.5, 283.2, 349.2, 406.8, 357.4, 272.1, 379.4, 304.9, 237.6, 243.4, 272.7, 233.8, 283.3, 285.7, 349.3, 329.7, 375.4, 311.7, 291.4, 290.2, 284.1, 268.6, 292.6, 274.1, 246.1, 269.2, 326.5, 306.7, 366.0, 405.3, 387.3, 307.1, 369.8, 379.9, 314.5, 397.4, 323.4, 342.9, 285.4, 291.8, 422.2, 356.4, 326.8, 352.3, 425.7, 314.4, 318.8, 353.9, 328.7, 292.2, 310.6, 318.9, 225.1, 227.7, 509.3, 435.6, 535.2, 992.0, 575.2, 447.0, 399.0, 470.7, 841.1, 623.7, 394.2, 508.2, 498.5, 642.4, 274.9, 288.7, 283.8, 242.0, 281.1, 262.6, 217.0, 211.5, 222.8, 254.2, 220.0, 235.0, 231.2, 278.9
  Min T: 171, 185, 188, 189, 179, 173, 172, 183, 178, 198, 205, 194, 143, 152, 145, 143, 147, 156, 152, 147, 131, 149, 174, 149, 147, 134, 123, 166, 185, 166, 159, 152, 155, 149, 164, 175, 165, 184, 165, 167, 194, 191, 193, 157, 161, 160, 150, 144, 137, 140, 137, 131, 132, 138, 182, 171, 168, 204, 167, 175, 145, 140, 140, 140, 150, 129, 142, 146, 186, 160, 176, 194, 270, 280, 234, 174, 264, 198, 162, 167, 185, 151, 208, 198, 233, 221, 240, 208, 211, 200, 214, 202, 198, 186, 182, 187, 206, 202, 236, 263, 270, 215, 201, 225, 212, 254, 248, 180, 201, 204, 257, 220, 226, 237, 232, 200, 189, 213, 204, 170, 215, 186, 146, 162, 271, 282, 303, 343, 252, 239, 232, 246, 305, 245, 267, 307, 306, 347, 183, 186, 150, 136, 148, 141, 143, 127, 129, 140, 130, 147, 141, 146
  Max T: 412, 562, 497, 744, 483, 375, 685, 476, 650, 651, 506, 415, 370, 601, 370, 418, 365, 397, 446, 389, 495, 506, 479, 461, 466, 307, 465, 513, 485, 408, 356, 401, 387, 576, 356, 501, 591, 461, 400, 372, 549, 1054, 446, 394, 457, 485, 410, 458, 347, 344, 332, 392, 387, 347, 917, 760, 947, 1058, 725, 441, 415, 446, 366, 486, 678, 344, 645, 1105, 541, 633, 771, 606, 550, 1311, 657, 465, 660, 575, 586, 683, 471, 471, 417, 449, 565, 537, 867, 649, 458, 500, 463, 467, 489, 477, 391, 467, 545, 552, 553, 674, 648, 521, 649, 627, 504, 732, 688, 576, 502, 446, 1578, 810, 1250, 989, 2044, 611, 925, 1142, 891, 1603, 752, 1319, 732, 758, 1968, 1285, 1821, 10968, 4381, 3539, 1873, 1946, 10299, 10715, 983, 1566, 1417, 1497, 723, 715, 559, 662, 514, 635, 501, 595, 424, 390, 353, 457, 480, 545
  n_neurons: 155, 168, 189, 176, 174, 181, 190, 198, 204, 209, 245, 219, 1780, 1112, 1143, 1017, 1306, 1084, 1478, 1494, 1121, 1327, 1323, 1184, 1118, 1354, 686, 550, 616, 503, 704, 519, 834, 707, 557, 603, 657, 595, 479, 749, 981, 592, 753, 648, 603, 619, 927, 990, 500, 727, 554, 611, 483, 876, 1133, 1045, 1426, 1167, 1483, 1041, 1308, 1307, 1070, 1283, 754, 1127, 875, 1195, 591, 442, 676, 506, 838, 491, 690, 593, 539, 683, 629, 747, 468, 770, 2281, 1639, 2341, 1634, 2115, 1378, 1726, 2314, 1696, 1899, 1382, 1927, 1433, 1955, 528, 407, 465, 550, 472, 504, 596, 566, 434, 469, 378, 558, 428, 589, 1052, 917, 1059, 814, 1022, 818, 787, 783, 768, 930, 1000, 1030, 980, 1050, 983, 926, 1031, 1016, 1066, 1068, 1011, 1287, 1019, 1100, 990, 1039, 886, 1066, 1298, 1186, 1155, 1013, 1111, 1142, 1020, 1034, 900, 886, 973, 969, 988, 1192
  Input range:
    0: [0.0, 26.5] [0.0, 36.2] [0.0, 32.0] [0.0, 47.9] [0.0, 31.1] [0.0, 24.1] [0.0, 44.1] [0.0, 30.6] [0.0, 41.8] [0.0, 41.9] [0.0, 32.6] [0.0, 26.7] [0.0, 23.8] [0.0, 38.7] [0.0, 23.8] [0.0, 26.9] [0.0, 23.5] [0.0, 25.5] [0.0, 28.7] [0.0, 25.0] [0.0, 31.9] [0.0, 32.6] [0.0, 30.8] [0.0, 29.7] [0.0, 30.0] [0.0, 19.7] [0.0, 29.9] [0.0, 33.0] [0.0, 31.2] [0.0, 26.2] [0.0, 22.9] [0.0, 25.8] [0.0, 24.9] [0.0, 37.1] [0.0, 22.9] [0.0, 32.2] [0.0, 38.0] [0.0, 29.7] [0.0, 25.7] [0.0, 23.9] [0.0, 35.3] [0.0, 67.9] [0.0, 28.7] [0.0, 25.3] [0.0, 29.4] [0.0, 31.2] [0.0, 26.4] [0.0, 29.5] [0.0, 22.3] [0.0, 22.1] [0.0, 21.3] [0.0, 25.2] [0.0, 24.9] [0.0, 22.3] [0.0, 59.1] [0.0, 48.9] [0.0, 61.0] [0.0, 68.2] [0.0, 46.7] [0.0, 28.4] [0.0, 26.7] [0.0, 28.7] [0.0, 23.5] [0.0, 31.3] [0.0, 43.7] [0.0, 22.1] [0.0, 41.5] [0.0, 71.2] [0.0, 34.8] [0.0, 40.8] [0.0, 49.7] [0.0, 39.0] [0.0, 35.4] [0.0, 84.5] [0.0, 42.3] [0.0, 29.9] [0.0, 42.5] [0.0, 37.0] [0.0, 37.7] [0.0, 44.0] [0.0, 30.3] [0.0, 30.3] [0.0, 26.8] [0.0, 28.9] [0.0, 36.4] [0.0, 34.6] [0.0, 55.8] [0.0, 41.8] [0.0, 29.5] [0.0, 32.2] [0.0, 29.8] [0.0, 30.0] [0.0, 31.5] [0.0, 30.7] [0.0, 25.1] [0.0, 30.0] [0.0, 35.1] [0.0, 35.5] [0.0, 35.6] [0.0, 43.4] [0.0, 41.7] [0.0, 33.5] [0.0, 41.8] [0.0, 40.4] [0.0, 32.4] [0.0, 47.1] [0.0, 44.3] [0.0, 37.1] [0.0, 32.3] [0.0, 28.7] [0.0, 101.7] [0.0, 52.2] [0.0, 80.5] [0.0, 63.7] [0.0, 131.7] [0.0, 39.3] [0.0, 59.6] [0.0, 73.6] [0.0, 57.4] [0.0, 103.3] [0.0, 48.4] [0.0, 85.0] [0.0, 47.1] [0.0, 48.8] [0.0, 126.8] [0.0, 82.8] [0.0, 117.4] [0.0, 707.2] [0.0, 282.4] [0.0, 228.1] [0.0, 120.7] [0.0, 125.4] [0.0, 664.1] [0.0, 690.9] [0.0, 63.3] [0.0, 100.9] [0.0, 91.3] [0.0, 96.5] [0.0, 46.6] [0.0, 46.0] [0.0, 36.0] [0.0, 42.6] [0.0, 33.1] [0.0, 40.9] [0.0, 32.2] [0.0, 38.3] [0.0, 27.3] [0.0, 25.1] [0.0, 22.7] [0.0, 29.4] [0.0, 30.9] [0.0, 35.1] 
    1: [0.0, 0.0] [0.0, 0.0] [0.0, 0.0] [0.0, 0.0] [0.0, 0.0] [0.0, 1.0] [1.0, 1.0] [1.0, 1.0] [1.0, 1.0] [1.0, 1.0] [1.0, 1.0] [1.0, 1.0] [0.0, 0.0] [0.0, 0.0] [0.0, 0.0] [0.0, 0.0] [0.0, 0.0] [0.0, 0.0] [0.0, 0.0] [0.0, 1.0] [1.0, 1.0] [1.0, 1.0] [1.0, 1.0] [1.0, 1.0] [1.0, 1.0] [1.0, 1.0] [0.0, 0.0] [0.0, 0.0] [0.0, 0.0] [0.0, 0.0] [0.0, 0.0] [0.0, 0.0] [0.0, 0.0] [0.0, 1.0] [1.0, 1.0] [1.0, 1.0] [1.0, 1.0] [1.0, 1.0] [1.0, 1.0] [1.0, 1.0] [0.0, 0.0] [0.0, 0.0] [0.0, 0.0] [0.0, 0.0] [0.0, 0.0] [0.0, 0.0] [0.0, 0.0] [0.0, 1.0] [1.0, 1.0] [1.0, 1.0] [1.0, 1.0] [1.0, 1.0] [1.0, 1.0] [1.0, 1.0] [0.0, 0.0] [0.0, 0.0] [0.0, 0.0] [0.0, 0.0] [0.0, 0.0] [0.0, 0.0] [0.0, 0.0] [0.0, 1.0] [1.0, 1.0] [1.0, 1.0] [1.0, 1.0] [1.0, 1.0] [1.0, 1.0] [1.0, 1.0] [1.0, 1.0] [1.0, 1.0] [1.0, 1.0] [1.0, 1.0] [1.0, 1.0] [1.0, 1.0] [1.0, 1.0] [0.0, 1.0] [0.0, 0.0] [0.0, 0.0] [0.0, 0.0] [0.0, 0.0] [0.0, 0.0] [0.0, 0.0] [1.0, 1.0] [1.0, 1.0] [1.0, 1.0] [1.0, 1.0] [1.0, 1.0] [1.0, 1.0] [1.0, 1.0] [0.0, 1.0] [0.0, 0.0] [0.0, 0.0] [0.0, 0.0] [0.0, 0.0] [0.0, 0.0] [0.0, 0.0] [0.0, 0.0] [0.0, 0.0] [0.0, 0.0] [0.0, 0.0] [0.0, 0.0] [0.0, 0.0] [0.0, 0.0] [0.0, 1.0] [1.0, 1.0] [1.0, 1.0] [1.0, 1.0] [1.0, 1.0] [1.0, 1.0] [1.0, 1.0] [0.0, 0.0] [0.0, 0.0] [0.0, 0.0] [0.0, 0.0] [0.0, 0.0] [0.0, 0.0] [0.0, 0.0] [0.0, 1.0] [1.0, 1.0] [1.0, 1.0] [1.0, 1.0] [1.0, 1.0] [1.0, 1.0] [1.0, 1.0] [0.0, 0.0] [0.0, 0.0] [0.0, 0.0] [0.0, 0.0] [0.0, 0.0] [0.0, 0.0] [0.0, 0.0] [0.0, 1.0] [1.0, 1.0] [1.0, 1.0] [1.0, 1.0] [1.0, 1.0] [1.0, 1.0] [1.0, 1.0] [0.0, 0.0] [0.0, 0.0] [0.0, 0.0] [0.0, 0.0] [0.0, 0.0] [0.0, 0.0] [0.0, 0.0] [0.0, 1.0] [1.0, 1.0] [1.0, 1.0] [1.0, 1.0] [1.0, 1.0] [1.0, 1.0] [1.0, 1.0] 
    2: [0.0, 79.0] [0.0, 79.0] [0.0, 79.0] [0.0, 79.0] [0.0, 79.0] [0.0, 79.0] [0.0, 79.0] [0.0, 79.0] [0.0, 79.0] [0.0, 79.0] [0.0, 79.0] [0.0, 79.0] [0.0, 79.0] [0.0, 79.0] [0.0, 79.0] [0.0, 79.0] [0.0, 79.0] [0.0, 79.0] [0.0, 79.0] [0.0, 79.0] [0.0, 79.0] [0.0, 79.0] [0.0, 79.0] [0.0, 79.0] [0.0, 79.0] [0.0, 79.0] [0.0, 79.0] [0.0, 79.0] [0.0, 79.0] [0.0, 79.0] [0.0, 79.0] [0.0, 79.0] [0.0, 79.0] [0.0, 79.0] [0.0, 79.0] [0.0, 79.0] [0.0, 79.0] [0.0, 79.0] [0.0, 59.0] [0.0, 79.0] [0.0, 79.0] [0.0, 79.0] [0.0, 79.0] [0.0, 79.0] [0.0, 79.0] [0.0, 79.0] [0.0, 79.0] [0.0, 79.0] [0.0, 79.0] [0.0, 79.0] [0.0, 79.0] [0.0, 79.0] [0.0, 79.0] [0.0, 79.0] [0.0, 79.0] [0.0, 79.0] [0.0, 79.0] [0.0, 79.0] [0.0, 79.0] [0.0, 79.0] [0.0, 79.0] [0.0, 79.0] [0.0, 79.0] [0.0, 79.0] [0.0, 79.0] [0.0, 79.0] [0.0, 79.0] [0.0, 79.0] [0.0, 79.0] [0.0, 79.0] [0.0, 79.0] [0.0, 79.0] [0.0, 79.0] [0.0, 79.0] [0.0, 79.0] [0.0, 79.0] [0.0, 79.0] [0.0, 79.0] [0.0, 79.0] [0.0, 79.0] [0.0, 79.0] [0.0, 79.0] [0.0, 79.0] [0.0, 79.0] [0.0, 79.0] [0.0, 79.0] [0.0, 79.0] [0.0, 79.0] [0.0, 79.0] [0.0, 79.0] [0.0, 79.0] [0.0, 79.0] [0.0, 79.0] [0.0, 79.0] [0.0, 79.0] [0.0, 79.0] [0.0, 79.0] [0.0, 79.0] [0.0, 79.0] [0.0, 79.0] [0.0, 79.0] [0.0, 79.0] [0.0, 79.0] [0.0, 79.0] [0.0, 79.0] [0.0, 79.0] [0.0, 79.0] [0.0, 79.0] [0.0, 79.0] [0.0, 79.0] [0.0, 79.0] [0.0, 79.0] [0.0, 79.0] [0.0, 79.0] [0.0, 79.0] [0.0, 79.0] [0.0, 79.0] [0.0, 79.0] [0.0, 79.0] [0.0, 89.0] [0.0, 79.0] [0.0, 79.0] [0.0, 79.0] [0.0, 99.0] [0.0, 79.0] [0.0, 79.0] [0.0, 74.0] [0.0, 40.0] [0.0, 79.0] [0.0, 79.0] [0.0, 79.0] [0.0, 79.0] [0.0, 49.0] [0.0, 79.0] [0.0, 79.0] [0.0, 79.0] [0.0, 79.0] [0.0, 79.0] [0.0, 99.0] [0.0, 79.0] [0.0, 99.0] [0.0, 79.0] [0.0, 79.0] [0.0, 79.0] [0.0, 99.0] [0.0, 99.0] [0.0, 79.0] [0.0, 79.0] [0.0, 79.0] [0.0, 99.0] [0.0, 79.0] [0.0, 99.0] 
    3: [0.0, 1.0] [0.0, 1.0] [0.0, 1.0] [0.0, 1.0] [0.0, 1.0] [0.0, 1.0] [0.0, 1.0] [0.0, 1.0] [0.0, 1.0] [0.0, 1.0] [0.0, 1.0] [0.0, 1.0] [0.0, 1.0] [0.0, 1.0] [0.0, 1.0] [0.0, 1.0] [0.0, 1.0] [0.0, 1.0] [0.0, 1.0] [0.0, 1.0] [0.0, 1.0] [0.0, 1.0] [0.0, 1.0] [0.0, 1.0] [0.0, 1.0] [0.0, 1.0] [0.0, 1.0] [0.0, 1.0] [0.0, 1.0] [0.0, 1.0] [0.0, 1.0] [0.0, 1.0] [0.0, 1.0] [0.0, 1.0] [0.0, 1.0] [0.0, 1.0] [0.0, 1.0] [0.0, 1.0] [0.0, 1.0] [0.0, 1.0] [0.0, 1.0] [0.0, 1.0] [0.0, 1.0] [0.0, 1.0] [0.0, 1.0] [0.0, 1.0] [0.0, 1.0] [0.0, 1.0] [0.0, 1.0] [0.0, 1.0] [0.0, 1.0] [0.0, 1.0] [0.0, 1.0] [0.0, 1.0] [0.0, 1.0] [0.0, 1.0] [0.0, 1.0] [0.0, 1.0] [0.0, 1.0] [0.0, 1.0] [0.0, 1.0] [0.0, 1.0] [0.0, 1.0] [0.0, 1.0] [0.0, 1.0] [0.0, 1.0] [0.0, 1.0] [0.0, 1.0] [0.0, 1.0] [0.0, 1.0] [0.0, 1.0] [0.0, 1.0] [0.0, 1.0] [0.0, 1.0] [0.0, 1.0] [0.0, 1.0] [0.0, 1.0] [0.0, 1.0] [0.0, 1.0] [0.0, 1.0] [0.0, 1.0] [0.0, 1.0] [0.0, 1.0] [0.0, 1.0] [0.0, 1.0] [0.0, 1.0] [0.0, 1.0] [0.0, 1.0] [0.0, 1.0] [0.0, 1.0] [0.0, 1.0] [0.0, 1.0] [0.0, 1.0] [0.0, 1.0] [0.0, 1.0] [0.0, 1.0] [0.0, 1.0] [0.0, 1.0] [0.0, 1.0] [0.0, 1.0] [0.0, 1.0] [0.0, 1.0] [0.0, 1.0] [0.0, 1.0] [0.0, 1.0] [0.0, 1.0] [0.0, 1.0] [0.0, 1.0] [0.0, 1.0] [0.0, 1.0] [0.0, 1.0] [0.0, 1.0] [0.0, 1.0] [0.0, 1.0] [0.0, 1.0] [0.0, 1.0] [0.0, 1.0] [0.0, 1.0] [0.0, 1.0] [0.0, 1.0] [0.0, 1.0] [0.0, 1.0] [0.0, 1.0] [0.0, 1.0] [0.0, 1.0] [0.0, 1.0] [0.0, 1.0] [0.0, 1.0] [0.0, 1.0] [0.0, 1.0] [0.0, 1.0] [0.0, 1.0] [0.0, 1.0] [0.0, 1.0] [0.0, 1.0] [0.0, 1.0] [0.0, 1.0] [0.0, 1.0] [0.0, 1.0] [0.0, 1.0] [0.0, 1.0] [0.0, 1.0] [0.0, 1.0] [0.0, 1.0] [0.0, 1.0] [0.0, 1.0] [0.0, 1.0] [0.0, 1.0] [0.0, 1.0] [0.0, 1.0] [0.0, 1.0] [0.0, 1.0] 
  Output range:
    0: [0.0, 6.0] [0.0, 6.0] [0.0, 6.0] [0.0, 6.0] [0.0, 6.0] [0.0, 6.0] [0.0, 6.0] [0.0, 6.0] [0.0, 6.0] [0.0, 6.0] [0.0, 6.0] [0.0, 6.0] [0.0, 6.0] [0.0, 6.0] [0.0, 6.0] [0.0, 6.0] [0.0, 6.0] [0.0, 6.0] [0.0, 6.0] [0.0, 6.0] [0.0, 6.0] [0.0, 6.0] [0.0, 6.0] [0.0, 6.0] [0.0, 6.0] [0.0, 6.0] [0.0, 6.0] [0.0, 6.0] [0.0, 6.0] [0.0, 6.0] [0.0, 6.0] [0.0, 6.0] [0.0, 6.0] [0.0, 6.0] [0.0, 6.0] [0.0, 6.0] [0.0, 6.0] [0.0, 6.0] [0.0, 6.0] [0.0, 6.0] [0.0, 6.0] [0.0, 6.0] [0.0, 6.0] [0.0, 6.0] [0.0, 6.0] [0.0, 6.0] [0.0, 6.0] [0.0, 6.0] [0.0, 6.0] [0.0, 6.0] [0.0, 6.0] [0.0, 6.0] [0.0, 6.0] [0.0, 6.0] [0.0, 6.0] [0.0, 6.0] [0.0, 6.0] [0.0, 6.0] [0.0, 6.0] [0.0, 6.0] [0.0, 6.0] [0.0, 6.0] [0.0, 6.0] [0.0, 6.0] [0.0, 6.0] [0.0, 6.0] [0.0, 6.0] [0.0, 6.0] [0.0, 6.0] [0.0, 6.0] [0.0, 6.0] [0.0, 6.0] [0.0, 6.0] [0.0, 6.0] [0.0, 6.0] [0.0, 6.0] [0.0, 6.0] [0.0, 6.0] [0.0, 6.0] [0.0, 6.0] [0.0, 6.0] [0.0, 6.0] [0.0, 6.0] [0.0, 6.0] [0.0, 6.0] [0.0, 6.0] [0.0, 6.0] [0.0, 6.0] [0.0, 6.0] [0.0, 6.0] [0.0, 6.0] [0.0, 6.0] [0.0, 6.0] [0.0, 6.0] [0.0, 6.0] [0.0, 6.0] [0.0, 6.0] [0.0, 6.0] [0.0, 6.0] [0.0, 6.0] [0.0, 6.0] [0.0, 6.0] [0.0, 6.0] [0.0, 6.0] [0.0, 6.0] [0.0, 6.0] [0.0, 6.0] [0.0, 6.0] [0.0, 6.0] [0.0, 6.0] [0.0, 6.0] [0.0, 6.0] [0.0, 6.0] [0.0, 6.0] [0.0, 6.0] [0.0, 6.0] [0.0, 6.0] [0.0, 6.0] [0.0, 6.0] [0.0, 6.0] [0.0, 6.0] [0.0, 6.0] [0.0, 6.0] [0.0, 6.0] [0.0, 6.0] [0.0, 6.0] [0.0, 6.0] [0.0, 6.0] [0.0, 6.0] [0.0, 6.0] [0.0, 6.0] [0.0, 6.0] [0.0, 6.0] [0.0, 6.0] [0.0, 6.0] [0.0, 6.0] [0.0, 6.0] [0.0, 6.0] [0.0, 6.0] [0.0, 6.0] [0.0, 6.0] [0.0, 6.0] [0.0, 6.0] [0.0, 6.0] [0.0, 6.0] [0.0, 6.0] [0.0, 6.0] [0.0, 6.0] [0.0, 6.0] [0.0, 6.0] [0.0, 6.0] [0.0, 6.0] 
    1: [0.0, 4.0] [0.0, 4.0] [0.0, 4.0] [0.0, 4.0] [0.0, 4.0] [0.0, 4.0] [0.0, 4.0] [0.0, 4.0] [0.0, 4.0] [0.0, 4.0] [0.0, 4.0] [0.0, 4.0] [0.0, 4.0] [0.0, 4.0] [0.0, 4.0] [0.0, 4.0] [0.0, 4.0] [0.0, 4.0] [0.0, 4.0] [0.0, 4.0] [0.0, 4.0] [0.0, 4.0] [0.0, 4.0] [0.0, 4.0] [0.0, 4.0] [0.0, 4.0] [0.0, 4.0] [0.0, 4.0] [0.0, 4.0] [0.0, 4.0] [0.0, 4.0] [0.0, 4.0] [0.0, 4.0] [0.0, 4.0] [0.0, 4.0] [0.0, 4.0] [0.0, 4.0] [0.0, 4.0] [0.0, 4.0] [0.0, 4.0] [0.0, 4.0] [0.0, 4.0] [0.0, 4.0] [0.0, 4.0] [0.0, 4.0] [0.0, 4.0] [0.0, 4.0] [0.0, 4.0] [0.0, 4.0] [0.0, 4.0] [0.0, 4.0] [0.0, 4.0] [0.0, 4.0] [0.0, 4.0] [0.0, 4.0] [0.0, 4.0] [0.0, 4.0] [0.0, 4.0] [0.0, 4.0] [0.0, 4.0] [0.0, 4.0] [0.0, 4.0] [0.0, 4.0] [0.0, 4.0] [0.0, 4.0] [0.0, 4.0] [0.0, 4.0] [0.0, 4.0] [0.0, 4.0] [0.0, 4.0] [0.0, 4.0] [0.0, 4.0] [0.0, 4.0] [0.0, 4.0] [0.0, 4.0] [0.0, 4.0] [0.0, 4.0] [0.0, 4.0] [0.0, 4.0] [0.0, 4.0] [0.0, 4.0] [0.0, 4.0] [0.0, 4.0] [0.0, 4.0] [0.0, 4.0] [0.0, 4.0] [0.0, 4.0] [0.0, 4.0] [0.0, 4.0] [0.0, 4.0] [0.0, 4.0] [0.0, 4.0] [0.0, 4.0] [0.0, 4.0] [0.0, 4.0] [0.0, 4.0] [0.0, 4.0] [0.0, 4.0] [0.0, 4.0] [0.0, 4.0] [0.0, 4.0] [0.0, 4.0] [0.0, 4.0] [0.0, 4.0] [0.0, 4.0] [0.0, 4.0] [0.0, 4.0] [0.0, 4.0] [0.0, 4.0] [0.0, 4.0] [0.0, 4.0] [0.0, 4.0] [0.0, 4.0] [0.0, 4.0] [0.0, 4.0] [0.0, 4.0] [0.0, 4.0] [0.0, 4.0] [0.0, 4.0] [0.0, 4.0] [0.0, 4.0] [0.0, 4.0] [0.0, 4.0] [0.0, 4.0] [0.0, 4.0] [0.0, 4.0] [0.0, 4.0] [0.0, 4.0] [0.0, 4.0] [0.0, 4.0] [0.0, 4.0] [0.0, 4.0] [0.0, 4.0] [0.0, 4.0] [0.0, 4.0] [0.0, 4.0] [0.0, 4.0] [0.0, 4.0] [0.0, 4.0] [0.0, 4.0] [0.0, 4.0] [0.0, 4.0] [0.0, 4.0] [0.0, 4.0] [0.0, 4.0] [0.0, 4.0] [0.0, 4.0] [0.0, 4.0] [0.0, 4.0] [0.0, 4.0] [0.0, 4.0] [0.0, 4.0] 
    2: [0.0, 4.0] [0.0, 4.0] [0.0, 4.0] [0.0, 4.0] [0.0, 4.0] [0.0, 4.0] [0.0, 4.0] [0.0, 4.0] [0.0, 4.0] [0.0, 4.0] [0.0, 4.0] [0.0, 4.0] [0.0, 4.0] [0.0, 4.0] [0.0, 4.0] [0.0, 4.0] [0.0, 4.0] [0.0, 4.0] [0.0, 4.0] [0.0, 4.0] [0.0, 4.0] [0.0, 4.0] [0.0, 4.0] [0.0, 4.0] [0.0, 4.0] [0.0, 4.0] [0.0, 4.0] [0.0, 4.0] [0.0, 4.0] [0.0, 4.0] [0.0, 4.0] [0.0, 4.0] [0.0, 4.0] [0.0, 4.0] [0.0, 4.0] [0.0, 4.0] [0.0, 4.0] [0.0, 4.0] [0.0, 4.0] [0.0, 4.0] [0.0, 4.0] [0.0, 4.0] [0.0, 4.0] [0.0, 4.0] [0.0, 4.0] [0.0, 4.0] [0.0, 4.0] [0.0, 4.0] [0.0, 4.0] [0.0, 4.0] [0.0, 4.0] [0.0, 4.0] [0.0, 4.0] [0.0, 4.0] [0.0, 4.0] [0.0, 4.0] [0.0, 4.0] [0.0, 4.0] [0.0, 4.0] [0.0, 4.0] [0.0, 4.0] [0.0, 4.0] [0.0, 4.0] [0.0, 4.0] [0.0, 4.0] [0.0, 4.0] [0.0, 4.0] [0.0, 4.0] [0.0, 4.0] [0.0, 4.0] [0.0, 4.0] [0.0, 4.0] [0.0, 4.0] [0.0, 4.0] [0.0, 4.0] [0.0, 4.0] [0.0, 4.0] [0.0, 4.0] [0.0, 4.0] [0.0, 4.0] [0.0, 4.0] [0.0, 4.0] [0.0, 4.0] [0.0, 4.0] [0.0, 4.0] [0.0, 4.0] [0.0, 4.0] [0.0, 4.0] [0.0, 4.0] [0.0, 4.0] [0.0, 4.0] [0.0, 4.0] [0.0, 4.0] [0.0, 4.0] [0.0, 4.0] [0.0, 4.0] [0.0, 4.0] [0.0, 4.0] [0.0, 4.0] [0.0, 4.0] [0.0, 4.0] [0.0, 4.0] [0.0, 4.0] [0.0, 4.0] [0.0, 4.0] [0.0, 4.0] [0.0, 4.0] [0.0, 4.0] [0.0, 4.0] [0.0, 4.0] [0.0, 4.0] [0.0, 4.0] [0.0, 4.0] [0.0, 4.0] [0.0, 4.0] [0.0, 4.0] [0.0, 4.0] [0.0, 4.0] [0.0, 4.0] [0.0, 4.0] [0.0, 4.0] [0.0, 4.0] [0.0, 4.0] [0.0, 4.0] [0.0, 4.0] [0.0, 4.0] [0.0, 4.0] [0.0, 4.0] [0.0, 4.0] [0.0, 4.0] [0.0, 4.0] [0.0, 4.0] [0.0, 4.0] [0.0, 4.0] [0.0, 4.0] [0.0, 4.0] [0.0, 4.0] [0.0, 4.0] [0.0, 4.0] [0.0, 4.0] [0.0, 4.0] [0.0, 4.0] [0.0, 4.0] [0.0, 4.0] [0.0, 4.0] [0.0, 4.0] [0.0, 4.0] [0.0, 4.0] [0.0, 4.0] [0.0, 4.0] [0.0, 4.0] [0.0, 4.0] 
    3: [0.0, 1.0] [0.0, 1.0] [0.0, 1.0] [0.0, 1.0] [0.0, 1.0] [0.0, 1.0] [0.0, 1.0] [0.0, 1.0] [0.0, 1.0] [0.0, 1.0] [0.0, 1.0] [0.0, 1.0] [0.0, 1.0] [0.0, 1.0] [0.0, 1.0] [0.0, 1.0] [0.0, 1.0] [0.0, 1.0] [0.0, 1.0] [0.0, 1.0] [0.0, 1.0] [0.0, 1.0] [0.0, 1.0] [0.0, 1.0] [0.0, 1.0] [0.0, 1.0] [0.0, 1.0] [0.0, 1.0] [0.0, 1.0] [0.0, 1.0] [0.0, 1.0] [0.0, 1.0] [0.0, 1.0] [0.0, 1.0] [0.0, 1.0] [0.0, 1.0] [0.0, 1.0] [0.0, 1.0] [0.0, 1.0] [0.0, 1.0] [0.0, 1.0] [0.0, 1.0] [0.0, 1.0] [0.0, 1.0] [0.0, 1.0] [0.0, 1.0] [0.0, 1.0] [0.0, 1.0] [0.0, 1.0] [0.0, 1.0] [0.0, 1.0] [0.0, 1.0] [0.0, 1.0] [0.0, 1.0] [0.0, 1.0] [0.0, 1.0] [0.0, 1.0] [0.0, 1.0] [0.0, 1.0] [0.0, 1.0] [0.0, 1.0] [0.0, 1.0] [0.0, 1.0] [0.0, 1.0] [0.0, 1.0] [0.0, 1.0] [0.0, 1.0] [0.0, 1.0] [0.0, 1.0] [0.0, 1.0] [0.0, 1.0] [0.0, 1.0] [0.0, 1.0] [0.0, 1.0] [0.0, 1.0] [0.0, 1.0] [0.0, 1.0] [0.0, 1.0] [0.0, 1.0] [0.0, 1.0] [0.0, 1.0] [0.0, 1.0] [0.0, 1.0] [0.0, 1.0] [0.0, 1.0] [0.0, 1.0] [0.0, 1.0] [0.0, 1.0] [0.0, 1.0] [0.0, 1.0] [0.0, 1.0] [0.0, 1.0] [0.0, 1.0] [0.0, 1.0] [0.0, 1.0] [0.0, 1.0] [0.0, 1.0] [0.0, 1.0] [0.0, 1.0] [0.0, 1.0] [0.0, 1.0] [0.0, 1.0] [0.0, 1.0] [0.0, 1.0] [0.0, 1.0] [0.0, 1.0] [0.0, 1.0] [0.0, 1.0] [0.0, 1.0] [0.0, 1.0] [0.0, 1.0] [0.0, 1.0] [0.0, 1.0] [0.0, 1.0] [0.0, 1.0] [0.0, 1.0] [0.0, 1.0] [0.0, 1.0] [0.0, 1.0] [0.0, 1.0] [0.0, 1.0] [0.0, 1.0] [0.0, 1.0] [0.0, 1.0] [0.0, 1.0] [0.0, 1.0] [0.0, 1.0] [0.0, 1.0] [0.0, 1.0] [0.0, 1.0] [0.0, 1.0] [0.0, 1.0] [0.0, 1.0] [0.0, 1.0] [0.0, 1.0] [0.0, 1.0] [0.0, 1.0] [0.0, 1.0] [0.0, 1.0] [0.0, 1.0] [0.0, 1.0] [0.0, 1.0] [0.0, 1.0] [0.0, 1.0] [0.0, 1.0] [0.0, 1.0] [0.0, 1.0] [0.0, 1.0] [0.0, 1.0] [0.0, 1.0] [0.0, 1.0] [0.0, 1.0] 
    4: [0.0, 1.0] [0.0, 0.0] [0.0, 2.0] [2.0, 2.0] [1.0, 2.0] [1.0, 2.0] [2.0, 2.0] [0.0, 2.0] [0.0, 0.0] [0.0, 1.0] [1.0, 1.0] [1.0, 2.0] [1.0, 1.0] [1.0, 1.0] [1.0, 2.0] [2.0, 2.0] [0.0, 2.0] [0.0, 0.0] [0.0, 1.0] [0.0, 1.0] [0.0, 0.0] [0.0, 2.0] [2.0, 2.0] [1.0, 2.0] [1.0, 1.0] [0.0, 1.0] [2.0, 2.0] [2.0, 2.0] [1.0, 2.0] [1.0, 1.0] [0.0, 1.0] [0.0, 0.0] [0.0, 2.0] [0.0, 2.0] [0.0, 0.0] [0.0, 1.0] [1.0, 1.0] [1.0, 2.0] [2.0, 2.0] [0.0, 2.0] [0.0, 0.0] [0.0, 0.0] [0.0, 1.0] [1.0, 1.0] [1.0, 2.0] [2.0, 2.0] [0.0, 2.0] [0.0, 2.0] [2.0, 2.0] [1.0, 2.0] [1.0, 1.0] [0.0, 1.0] [0.0, 0.0] [0.0, 2.0] [0.0, 0.0] [0.0, 0.0] [0.0, 2.0] [2.0, 2.0] [1.0, 2.0] [1.0, 1.0] [0.0, 1.0] [0.0, 1.0] [1.0, 1.0] [1.0, 2.0] [2.0, 2.0] [0.0, 2.0] [0.0, 0.0] [0.0, 1.0] [1.0, 1.0] [1.0, 1.0] [1.0, 2.0] [2.0, 2.0] [0.0, 2.0] [0.0, 0.0] [0.0, 1.0] [0.0, 1.0] [0.0, 0.0] [0.0, 2.0] [2.0, 2.0] [1.0, 2.0] [1.0, 1.0] [0.0, 1.0] [0.0, 0.0] [0.0, 0.0] [0.0, 1.0] [1.0, 1.0] [1.0, 2.0] [2.0, 2.0] [0.0, 2.0] [0.0, 2.0] [2.0, 2.0] [1.0, 2.0] [1.0, 1.0] [0.0, 1.0] [0.0, 0.0] [0.0, 2.0] [2.0, 2.0] [2.0, 2.0] [1.0, 2.0] [1.0, 1.0] [0.0, 1.0] [0.0, 0.0] [0.0, 2.0] [0.0, 2.0] [0.0, 0.0] [0.0, 1.0] [1.0, 1.0] [1.0, 2.0] [2.0, 2.0] [0.0, 2.0] [2.0, 2.0] [2.0, 2.0] [0.0, 2.0] [0.0, 0.0] [0.0, 1.0] [1.0, 1.0] [1.0, 2.0] [1.0, 2.0] [1.0, 1.0] [0.0, 1.0] [0.0, 0.0] [0.0, 2.0] [2.0, 2.0] [1.0, 2.0] [1.0, 1.0] [1.0, 1.0] [0.0, 1.0] [0.0, 0.0] [0.0, 2.0] [2.0, 2.0] [1.0, 2.0] [1.0, 2.0] [2.0, 2.0] [0.0, 2.0] [0.0, 0.0] [0.0, 1.0] [1.0, 1.0] [1.0, 2.0] [0.0, 0.0] [0.0, 0.0] [0.0, 2.0] [2.0, 2.0] [1.0, 2.0] [1.0, 1.0] [0.0, 1.0] [0.0, 1.0] [1.0, 1.0] [1.0, 2.0] [2.0, 2.0] [0.0, 2.0] [0.0, 0.0] [0.0, 1.0] 
    5: [0.0, 1.0] [0.0, 1.0] [0.0, 1.0] [0.0, 1.0] [0.0, 1.0] [0.0, 1.0] [0.0, 1.0] [0.0, 1.0] [0.0, 1.0] [0.0, 1.0] [0.0, 1.0] [0.0, 1.0] [0.0, 1.0] [0.0, 1.0] [0.0, 1.0] [0.0, 1.0] [0.0, 1.0] [0.0, 1.0] [0.0, 1.0] [0.0, 1.0] [0.0, 1.0] [0.0, 1.0] [0.0, 1.0] [0.0, 1.0] [0.0, 1.0] [0.0, 1.0] [0.0, 1.0] [0.0, 1.0] [0.0, 1.0] [0.0, 1.0] [0.0, 1.0] [0.0, 1.0] [0.0, 1.0] [0.0, 1.0] [0.0, 1.0] [0.0, 1.0] [0.0, 1.0] [0.0, 1.0] [0.0, 1.0] [0.0, 1.0] [0.0, 1.0] [0.0, 1.0] [0.0, 1.0] [0.0, 1.0] [0.0, 1.0] [0.0, 1.0] [0.0, 1.0] [0.0, 1.0] [0.0, 1.0] [0.0, 1.0] [0.0, 1.0] [0.0, 1.0] [0.0, 1.0] [0.0, 1.0] [0.0, 1.0] [0.0, 1.0] [0.0, 1.0] [0.0, 1.0] [0.0, 1.0] [0.0, 1.0] [0.0, 1.0] [0.0, 1.0] [0.0, 1.0] [0.0, 1.0] [0.0, 1.0] [0.0, 1.0] [0.0, 1.0] [0.0, 1.0] [0.0, 1.0] [0.0, 1.0] [0.0, 1.0] [0.0, 1.0] [0.0, 1.0] [0.0, 1.0] [0.0, 1.0] [0.0, 1.0] [0.0, 1.0] [0.0, 1.0] [0.0, 1.0] [0.0, 1.0] [0.0, 1.0] [0.0, 1.0] [0.0, 1.0] [0.0, 1.0] [0.0, 1.0] [0.0, 1.0] [0.0, 1.0] [0.0, 1.0] [0.0, 1.0] [0.0, 1.0] [0.0, 1.0] [0.0, 1.0] [0.0, 1.0] [0.0, 1.0] [0.0, 1.0] [0.0, 1.0] [0.0, 1.0] [0.0, 1.0] [0.0, 1.0] [0.0, 1.0] [0.0, 1.0] [0.0, 1.0] [0.0, 1.0] [0.0, 1.0] [0.0, 1.0] [0.0, 1.0] [0.0, 1.0] [0.0, 1.0] [0.0, 1.0] [0.0, 1.0] [0.0, 1.0] [0.0, 1.0] [0.0, 1.0] [0.0, 1.0] [0.0, 1.0] [0.0, 1.0] [0.0, 1.0] [0.0, 1.0] [0.0, 1.0] [0.0, 1.0] [0.0, 1.0] [0.0, 1.0] [0.0, 1.0] [0.0, 1.0] [0.0, 1.0] [0.0, 1.0] [0.0, 1.0] [0.0, 1.0] [0.0, 1.0] [0.0, 1.0] [0.0, 1.0] [0.0, 1.0] [0.0, 1.0] [0.0, 1.0] [0.0, 1.0] [0.0, 1.0] [0.0, 1.0] [0.0, 1.0] [0.0, 1.0] [0.0, 1.0] [0.0, 1.0] [0.0, 1.0] [0.0, 1.0] [0.0, 1.0] [0.0, 1.0] [0.0, 1.0] [0.0, 1.0] [0.0, 1.0] [0.0, 1.0] [0.0, 1.0] [0.0, 1.0] [0.0, 1.0] 
  Output fraction of data:
distance to reward zone: (0.361 0.332 0.526 0.569 0.510 0.543 0.577 0.416 0.331 0.405 0.439 0.508 0.542 0.527 0.567 0.654 0.438 0.368 0.450 0.430 0.397 0.580 0.626 0.541 0.492 0.419 0.671 0.672 0.561 0.482 0.401 0.326 0.541 0.437 0.363 0.430 0.472 0.612 0.618 0.436 0.324 0.295 0.444 0.498 0.592 0.592 0.442 0.548 0.611 0.541 0.518 0.407 0.407 0.586 0.302 0.356 0.558 0.604 0.531 0.488 0.386 0.423 0.483 0.533 0.627 0.475 0.336 0.404 0.489 0.502 0.589 0.648 0.402 0.247 0.362 0.360 0.237 0.530 0.611 0.486 0.452 0.362 0.324 0.312 0.391 0.454 0.536 0.530 0.370 0.498 0.531 0.478 0.441 0.350 0.328 0.490 0.563 0.557 0.413 0.419 0.333 0.293 0.516 0.385 0.304 0.368 0.359 0.532 0.484 0.378 0.365 0.372 0.307 0.213 0.322 0.326 0.408 0.327 0.294 0.326 0.239 0.481 0.652 0.446 0.472 0.380 0.298 0.471 0.542 0.639 0.478 0.543 0.760 0.553 0.286 0.411 0.431 0.452 0.326 0.317 0.606 0.620 0.543 0.476 0.405 0.433 0.481 0.565 0.585 0.428 0.320 0.424)  0.065 0.066 0.068 0.074 0.071 0.081 0.069 0.067 0.082 0.082 0.083 0.086 0.071 0.059 0.068 0.067 0.059 0.095 0.083 0.072 0.064 0.057 0.079 0.078 0.090 0.078 0.085 0.077 0.070 0.070 0.068 0.091 0.067 0.066 0.082 0.084 0.070 0.076 0.075 0.078 0.092 0.097 0.072 0.080 0.074 0.059 0.068 0.074 0.063 0.071 0.078 0.072 0.073 0.069 0.076 0.100 0.067 0.069 0.071 0.062 0.069 0.088 0.066 0.082 0.073 0.059 0.061 0.064 0.073 0.077 0.065 0.065 0.060 0.070 0.062 0.073 0.050 0.067 0.062 0.058 0.064 0.071 0.077 0.088 0.071 0.078 0.082 0.075 0.073 0.076 0.078 0.075 0.080 0.076 0.079 0.073 0.079 0.086 0.084 0.069 0.068 0.082 0.058 0.063 0.065 0.063 0.066 0.079 0.067 0.049 0.050 0.039 0.049 0.041 0.050 0.062 0.050 0.040 0.047 0.038 0.025 0.042 0.085 0.063 0.073 0.069 0.054 0.050 0.051 0.077 0.075 0.085 0.069 0.071 0.104 0.118 0.121 0.117 0.096 0.139 0.101 0.111 0.103 0.128 0.091 0.106 0.097 0.117 0.117 0.081 0.096 0.117)  0.038 0.044 0.030 0.070 0.044 0.050 0.047 0.039 0.080 0.073 0.060 0.043 0.019 0.016 0.020 0.020 0.020 0.041 0.050 0.043 0.055 0.030 0.026 0.021 0.040 0.055 0.020 0.019 0.017 0.018 0.021 0.040 0.026 0.030 0.055 0.036 0.020 0.021 0.024 0.026 0.034 0.045 0.026 0.030 0.028 0.038 0.038 0.031 0.029 0.038 0.032 0.030 0.050 0.029 0.023 0.034 0.022 0.025 0.032 0.023 0.040 0.043 0.028 0.028 0.024 0.027 0.075 0.064 0.021 0.020 0.017 0.019 0.019 0.030 0.017 0.025 0.045 0.028 0.019 0.018 0.020 0.028 0.023 0.024 0.038 0.030 0.030 0.050 0.036 0.041 0.137 0.086 0.136 0.134 0.147 0.093 0.044 0.080 0.083 0.054 0.099 0.113 0.059 0.082 0.202 0.108 0.157 0.085 0.129 0.056 0.084 0.199 0.027 0.138 0.084 0.104 0.167 0.135 0.054 0.081 0.065 0.065 0.037 0.049 0.021 0.034 0.048 0.091 0.080 0.039 0.083 0.040 0.022 0.020 0.076 0.070 0.091 0.074 0.028 0.048 0.032 0.044 0.041 0.054 0.039 0.047 0.036 0.042 0.047 0.028 0.065 0.057)  0.206 0.201 0.192 0.180 0.168 0.177 0.207 0.195 0.169 0.180 0.201 0.222 0.135 0.167 0.170 0.152 0.138 0.168 0.160 0.151 0.169 0.140 0.152 0.169 0.168 0.168 0.111 0.130 0.144 0.172 0.161 0.168 0.159 0.166 0.137 0.146 0.182 0.141 0.151 0.151 0.180 0.176 0.160 0.177 0.176 0.218 0.157 0.177 0.196 0.169 0.176 0.187 0.180 0.156 0.139 0.171 0.146 0.164 0.141 0.158 0.170 0.170 0.161 0.175 0.154 0.160 0.173 0.213 0.124 0.153 0.139 0.143 0.137 0.160 0.173 0.179 0.186 0.160 0.189 0.181 0.179 0.212 0.167 0.206 0.206 0.203 0.214 0.232 0.184 0.201 0.158 0.190 0.162 0.158 0.151 0.191 0.174 0.170 0.184 0.182 0.202 0.176 0.175 0.183 0.159 0.214 0.213 0.170 0.216 0.233 0.346 0.287 0.242 0.226 0.179 0.254 0.217 0.263 0.263 0.164 0.221 0.168 0.123 0.235 0.142 0.205 0.220 0.143 0.111 0.137 0.155 0.162 0.093 0.148 0.166 0.155 0.160 0.161 0.119 0.154 0.122 0.130 0.118 0.138 0.131 0.155 0.160 0.146 0.151 0.132 0.154 0.143)  0.017 0.014 0.015 0.018 0.017 0.010 0.014 0.013 0.010 0.011 0.012 0.013 0.012 0.014 0.016 0.013 0.015 0.014 0.020 0.015 0.015 0.014 0.014 0.013 0.013 0.013 0.015 0.014 0.014 0.016 0.013 0.014 0.016 0.018 0.014 0.014 0.018 0.016 0.015 0.014 0.012 0.014 0.016 0.015 0.014 0.014 0.011 0.015 0.014 0.018 0.013 0.015 0.009 0.017 0.018 0.015 0.015 0.018 0.016 0.014 0.018 0.015 0.017 0.020 0.016 0.014 0.012 0.016 0.014 0.016 0.017 0.019 0.019 0.019 0.020 0.016 0.020 0.017 0.014 0.020 0.015 0.014 0.017 0.013 0.017 0.014 0.016 0.019 0.015 0.013 0.012 0.014 0.012 0.018 0.012 0.012 0.015 0.016 0.018 0.013 0.014 0.012 0.015 0.011 0.011 0.022 0.012 0.014 0.014 0.015 0.037 0.022 0.016 0.020 0.017 0.020 0.013 0.016 0.032 0.018 0.012 0.014 0.013 0.015 0.014 0.014 0.021 0.009 0.017 0.013 0.014 0.013 0.007 0.010 0.015 0.011 0.011 0.013 0.012 0.015 0.010 0.012 0.011 0.012 0.015 0.013 0.014 0.014 0.014 0.017 0.016 0.014)  0.054 0.048 0.049 0.052 0.052 0.043 0.048 0.049 0.057 0.057 0.044 0.047 0.049 0.051 0.059 0.055 0.058 0.042 0.051 0.051 0.045 0.052 0.056 0.048 0.047 0.046 0.051 0.047 0.056 0.049 0.051 0.052 0.053 0.052 0.049 0.056 0.052 0.050 0.057 0.052 0.042 0.064 0.054 0.045 0.049 0.046 0.045 0.046 0.052 0.056 0.045 0.048 0.036 0.046 0.080 0.047 0.057 0.064 0.062 0.053 0.057 0.049 0.062 0.064 0.058 0.060 0.056 0.048 0.072 0.060 0.063 0.059 0.070 0.065 0.073 0.067 0.066 0.069 0.059 0.080 0.061 0.052 0.049 0.050 0.059 0.057 0.047 0.057 0.059 0.051 0.053 0.045 0.040 0.050 0.040 0.042 0.073 0.054 0.056 0.050 0.046 0.042 0.051 0.048 0.041 0.049 0.046 0.049 0.053 0.056 0.064 0.041 0.084 0.071 0.049 0.065 0.050 0.070 0.075 0.064 0.045 0.058 0.041 0.058 0.056 0.057 0.055 0.026 0.040 0.054 0.051 0.065 0.023 0.037 0.051 0.044 0.041 0.049 0.044 0.050 0.040 0.045 0.042 0.045 0.052 0.043 0.051 0.044 0.049 0.049 0.052 0.049)  0.258 0.294 0.120 0.038 0.139 0.096 0.037 0.221 0.271 0.192 0.161 0.080 0.172 0.166 0.100 0.039 0.272 0.272 0.186 0.237 0.255 0.127 0.046 0.129 0.150 0.221 0.047 0.041 0.138 0.193 0.286 0.308 0.138 0.230 0.301 0.233 0.186 0.085 0.060 0.243 0.316 0.309 0.228 0.156 0.066 0.033 0.240 0.110 0.034 0.107 0.138 0.242 0.246 0.097 0.363 0.277 0.136 0.055 0.149 0.201 0.260 0.211 0.183 0.098 0.047 0.204 0.287 0.190 0.207 0.172 0.110 0.046 0.294 0.408 0.293 0.280 0.396 0.129 0.047 0.156 0.209 0.261 0.343 0.307 0.219 0.163 0.074 0.037 0.265 0.119 0.030 0.111 0.129 0.213 0.243 0.098 0.052 0.038 0.161 0.213 0.238 0.282 0.126 0.227 0.217 0.175 0.147 0.072 0.037 0.213 0.054 0.041 0.275 0.291 0.298 0.168 0.094 0.148 0.235 0.308 0.394 0.172 0.049 0.134 0.223 0.240 0.305 0.210 0.159 0.040 0.144 0.092 0.026 0.162 0.303 0.191 0.145 0.134 0.375 0.278 0.088 0.039 0.141 0.147 0.267 0.204 0.161 0.071 0.037 0.265 0.298 0.197)  
absolute position: (0.460 0.549 0.456 0.335 0.379 0.367 0.388 0.456 0.593 0.452 0.354 0.335 0.451 0.449 0.418 0.426 0.425 0.606 0.471 0.514 0.603 0.495 0.349 0.395 0.400 0.534 0.438 0.391 0.405 0.390 0.453 0.542 0.437 0.442 0.562 0.435 0.378 0.399 0.376 0.430 0.547 0.539 0.443 0.415 0.422 0.410 0.471 0.484 0.417 0.424 0.450 0.496 0.640 0.461 0.464 0.578 0.453 0.364 0.372 0.417 0.463 0.440 0.423 0.377 0.436 0.509 0.560 0.428 0.397 0.413 0.414 0.405 0.365 0.419 0.371 0.441 0.427 0.429 0.366 0.362 0.379 0.459 0.510 0.538 0.401 0.352 0.301 0.291 0.404 0.398 0.310 0.339 0.359 0.484 0.619 0.447 0.332 0.336 0.278 0.330 0.478 0.592 0.429 0.430 0.656 0.431 0.297 0.330 0.321 0.440 0.238 0.264 0.339 0.545 0.370 0.282 0.304 0.257 0.259 0.401 0.468 0.431 0.403 0.365 0.388 0.302 0.440 0.703 0.512 0.371 0.276 0.362 0.599 0.523 0.552 0.448 0.313 0.247 0.507 0.582 0.457 0.345 0.351 0.344 0.505 0.420 0.388 0.361 0.365 0.442 0.551 0.395)  0.137 0.158 0.127 0.107 0.121 0.119 0.089 0.124 0.135 0.143 0.147 0.120 0.143 0.122 0.103 0.113 0.149 0.122 0.148 0.142 0.143 0.127 0.128 0.131 0.158 0.131 0.109 0.127 0.129 0.144 0.159 0.150 0.134 0.131 0.137 0.163 0.145 0.140 0.108 0.137 0.137 0.151 0.163 0.139 0.103 0.084 0.114 0.110 0.092 0.108 0.122 0.134 0.115 0.134 0.173 0.145 0.145 0.109 0.138 0.116 0.151 0.164 0.105 0.091 0.085 0.121 0.153 0.159 0.146 0.145 0.117 0.113 0.163 0.173 0.155 0.146 0.177 0.143 0.114 0.106 0.119 0.151 0.147 0.156 0.168 0.160 0.153 0.095 0.124 0.150 0.089 0.117 0.139 0.144 0.137 0.123 0.104 0.102 0.129 0.139 0.124 0.126 0.133 0.135 0.127 0.135 0.108 0.114 0.070 0.137 0.056 0.050 0.135 0.164 0.143 0.088 0.057 0.061 0.065 0.128 0.138 0.109 0.106 0.087 0.137 0.128 0.132 0.087 0.096 0.150 0.197 0.133 0.059 0.099 0.145 0.195 0.197 0.128 0.118 0.140 0.143 0.118 0.171 0.225 0.149 0.177 0.161 0.117 0.088 0.120 0.151 0.198)  0.192 0.101 0.115 0.128 0.198 0.189 0.100 0.096 0.085 0.223 0.306 0.196 0.196 0.225 0.161 0.115 0.126 0.088 0.198 0.149 0.081 0.106 0.150 0.199 0.256 0.159 0.125 0.154 0.177 0.238 0.166 0.100 0.125 0.119 0.101 0.176 0.252 0.165 0.134 0.128 0.092 0.093 0.172 0.259 0.191 0.098 0.113 0.111 0.102 0.201 0.257 0.174 0.082 0.132 0.114 0.089 0.122 0.131 0.177 0.227 0.172 0.199 0.244 0.175 0.106 0.098 0.091 0.231 0.196 0.226 0.159 0.130 0.140 0.161 0.206 0.180 0.138 0.127 0.131 0.198 0.248 0.188 0.111 0.109 0.221 0.282 0.210 0.144 0.132 0.141 0.132 0.238 0.343 0.206 0.077 0.112 0.127 0.119 0.239 0.279 0.214 0.087 0.120 0.115 0.077 0.263 0.414 0.231 0.093 0.096 0.071 0.058 0.082 0.111 0.207 0.419 0.255 0.244 0.385 0.236 0.161 0.112 0.143 0.261 0.209 0.285 0.184 0.057 0.126 0.118 0.175 0.199 0.101 0.101 0.103 0.177 0.314 0.240 0.095 0.090 0.146 0.156 0.193 0.251 0.145 0.207 0.252 0.214 0.132 0.133 0.102 0.206)  0.107 0.102 0.193 0.310 0.192 0.213 0.310 0.193 0.087 0.093 0.095 0.240 0.103 0.101 0.191 0.226 0.181 0.087 0.093 0.098 0.082 0.153 0.244 0.154 0.093 0.088 0.204 0.213 0.169 0.106 0.110 0.095 0.182 0.178 0.095 0.110 0.112 0.184 0.235 0.176 0.109 0.126 0.112 0.091 0.185 0.301 0.201 0.191 0.273 0.173 0.086 0.097 0.078 0.176 0.124 0.089 0.167 0.241 0.181 0.113 0.107 0.092 0.116 0.219 0.234 0.150 0.089 0.094 0.146 0.116 0.164 0.210 0.169 0.135 0.146 0.129 0.132 0.169 0.255 0.203 0.134 0.108 0.118 0.105 0.106 0.112 0.232 0.337 0.207 0.211 0.357 0.214 0.081 0.085 0.081 0.228 0.282 0.319 0.219 0.117 0.099 0.093 0.192 0.208 0.071 0.095 0.092 0.223 0.396 0.202 0.469 0.507 0.265 0.086 0.082 0.107 0.263 0.305 0.132 0.107 0.129 0.180 0.232 0.172 0.119 0.122 0.126 0.067 0.151 0.238 0.234 0.190 0.178 0.185 0.096 0.091 0.083 0.244 0.136 0.091 0.167 0.272 0.175 0.095 0.109 0.084 0.097 0.215 0.301 0.180 0.088 0.098)  0.103 0.091 0.109 0.121 0.111 0.112 0.113 0.130 0.100 0.089 0.098 0.109 0.108 0.102 0.127 0.120 0.119 0.097 0.089 0.096 0.092 0.117 0.130 0.121 0.092 0.089 0.125 0.115 0.119 0.123 0.112 0.113 0.122 0.130 0.105 0.116 0.113 0.113 0.147 0.129 0.115 0.091 0.110 0.097 0.099 0.107 0.102 0.104 0.116 0.094 0.085 0.099 0.086 0.098 0.125 0.099 0.114 0.155 0.132 0.127 0.106 0.106 0.112 0.138 0.138 0.122 0.107 0.089 0.116 0.100 0.146 0.143 0.163 0.112 0.122 0.104 0.127 0.133 0.134 0.130 0.120 0.095 0.114 0.093 0.104 0.094 0.104 0.132 0.134 0.100 0.112 0.092 0.077 0.082 0.086 0.090 0.156 0.125 0.136 0.134 0.085 0.102 0.127 0.112 0.069 0.076 0.089 0.102 0.119 0.126 0.166 0.121 0.180 0.094 0.197 0.104 0.121 0.133 0.160 0.128 0.104 0.169 0.116 0.115 0.146 0.163 0.118 0.086 0.115 0.123 0.118 0.116 0.062 0.092 0.104 0.089 0.092 0.142 0.145 0.097 0.086 0.108 0.110 0.085 0.092 0.112 0.101 0.093 0.114 0.125 0.107 0.103)  
speed: (0.088 0.088 0.074 0.104 0.077 0.081 0.101 0.101 0.108 0.121 0.109 0.112 0.012 0.025 0.020 0.019 0.016 0.035 0.038 0.029 0.043 0.040 0.044 0.047 0.051 0.052 0.016 0.018 0.022 0.025 0.017 0.016 0.013 0.022 0.013 0.025 0.067 0.027 0.020 0.020 0.061 0.097 0.033 0.027 0.034 0.053 0.039 0.041 0.037 0.026 0.032 0.030 0.031 0.020 0.045 0.049 0.051 0.074 0.031 0.031 0.024 0.020 0.003 0.034 0.023 0.012 0.042 0.083 0.019 0.033 0.043 0.044 0.010 0.050 0.029 0.020 0.063 0.045 0.063 0.053 0.039 0.055 0.043 0.079 0.102 0.102 0.155 0.126 0.100 0.095 0.135 0.117 0.129 0.135 0.115 0.120 0.077 0.072 0.124 0.122 0.198 0.141 0.115 0.150 0.216 0.220 0.217 0.141 0.193 0.149 0.371 0.366 0.128 0.241 0.273 0.193 0.275 0.251 0.204 0.196 0.170 0.236 0.053 0.131 0.176 0.163 0.241 0.538 0.311 0.200 0.164 0.190 0.478 0.344 0.103 0.163 0.174 0.211 0.042 0.030 0.018 0.028 0.033 0.040 0.009 0.032 0.020 0.015 0.011 0.014 0.028 0.046)  0.045 0.045 0.038 0.037 0.036 0.036 0.039 0.043 0.044 0.039 0.038 0.042 0.027 0.051 0.048 0.046 0.039 0.043 0.042 0.039 0.040 0.037 0.037 0.040 0.033 0.041 0.040 0.043 0.041 0.050 0.042 0.051 0.048 0.055 0.046 0.044 0.051 0.043 0.042 0.046 0.065 0.055 0.049 0.048 0.049 0.053 0.056 0.053 0.051 0.051 0.051 0.054 0.054 0.044 0.046 0.050 0.045 0.055 0.045 0.041 0.071 0.068 0.055 0.053 0.050 0.044 0.074 0.093 0.046 0.053 0.049 0.048 0.056 0.081 0.064 0.060 0.066 0.056 0.056 0.060 0.052 0.061 0.054 0.057 0.059 0.051 0.061 0.058 0.045 0.056 0.054 0.047 0.046 0.048 0.054 0.052 0.058 0.064 0.055 0.060 0.049 0.044 0.038 0.048 0.040 0.043 0.058 0.055 0.037 0.037 0.085 0.067 0.103 0.063 0.072 0.052 0.061 0.072 0.091 0.072 0.096 0.096 0.046 0.057 0.153 0.086 0.094 0.089 0.075 0.108 0.095 0.164 0.135 0.133 0.140 0.237 0.265 0.277 0.041 0.100 0.058 0.074 0.045 0.069 0.034 0.054 0.049 0.064 0.065 0.035 0.085 0.074)  0.046 0.051 0.043 0.038 0.040 0.041 0.053 0.047 0.055 0.049 0.059 0.051 0.036 0.042 0.049 0.042 0.047 0.046 0.057 0.043 0.046 0.042 0.038 0.028 0.028 0.044 0.064 0.051 0.050 0.049 0.043 0.089 0.063 0.065 0.082 0.089 0.087 0.054 0.044 0.046 0.113 0.135 0.076 0.070 0.084 0.064 0.054 0.058 0.047 0.053 0.054 0.051 0.065 0.046 0.075 0.099 0.051 0.098 0.087 0.052 0.079 0.099 0.060 0.109 0.075 0.056 0.080 0.104 0.085 0.058 0.062 0.067 0.160 0.201 0.139 0.092 0.161 0.113 0.047 0.053 0.059 0.061 0.075 0.078 0.159 0.098 0.231 0.096 0.066 0.090 0.078 0.079 0.097 0.077 0.070 0.066 0.190 0.181 0.211 0.232 0.167 0.086 0.126 0.158 0.065 0.151 0.129 0.195 0.075 0.064 0.083 0.062 0.090 0.065 0.138 0.112 0.091 0.113 0.113 0.082 0.114 0.118 0.061 0.082 0.244 0.195 0.194 0.120 0.159 0.123 0.152 0.172 0.142 0.113 0.127 0.179 0.163 0.248 0.102 0.212 0.212 0.163 0.218 0.253 0.097 0.123 0.106 0.163 0.119 0.113 0.132 0.224)  0.199 0.168 0.224 0.218 0.216 0.218 0.159 0.167 0.166 0.248 0.249 0.200 0.198 0.099 0.166 0.161 0.242 0.154 0.182 0.172 0.117 0.119 0.356 0.173 0.212 0.133 0.393 0.378 0.371 0.290 0.246 0.152 0.270 0.217 0.114 0.314 0.419 0.355 0.310 0.320 0.284 0.256 0.347 0.175 0.172 0.104 0.112 0.176 0.105 0.142 0.125 0.131 0.072 0.249 0.443 0.256 0.379 0.486 0.403 0.167 0.144 0.198 0.137 0.251 0.225 0.121 0.072 0.138 0.400 0.231 0.339 0.357 0.640 0.590 0.605 0.336 0.594 0.429 0.187 0.195 0.282 0.174 0.384 0.296 0.371 0.368 0.255 0.309 0.351 0.322 0.224 0.207 0.197 0.175 0.159 0.231 0.306 0.211 0.335 0.445 0.370 0.307 0.555 0.392 0.239 0.359 0.181 0.249 0.211 0.223 0.161 0.102 0.364 0.240 0.275 0.183 0.167 0.203 0.241 0.182 0.278 0.256 0.262 0.205 0.355 0.427 0.406 0.244 0.405 0.468 0.351 0.352 0.211 0.385 0.430 0.297 0.249 0.242 0.298 0.142 0.269 0.148 0.225 0.130 0.189 0.161 0.199 0.174 0.168 0.218 0.093 0.150)  0.622 0.648 0.622 0.603 0.631 0.625 0.648 0.641 0.627 0.544 0.546 0.594 0.727 0.784 0.718 0.732 0.656 0.722 0.681 0.717 0.754 0.762 0.524 0.712 0.677 0.730 0.488 0.510 0.516 0.587 0.652 0.692 0.606 0.642 0.745 0.528 0.375 0.522 0.584 0.568 0.478 0.457 0.495 0.681 0.661 0.725 0.740 0.673 0.761 0.728 0.738 0.734 0.777 0.642 0.389 0.546 0.474 0.286 0.434 0.708 0.682 0.615 0.745 0.553 0.626 0.767 0.732 0.582 0.450 0.624 0.507 0.484 0.134 0.077 0.163 0.493 0.115 0.357 0.648 0.640 0.567 0.650 0.444 0.490 0.310 0.381 0.298 0.411 0.438 0.436 0.510 0.550 0.532 0.565 0.602 0.530 0.370 0.471 0.274 0.140 0.216 0.422 0.166 0.252 0.439 0.227 0.415 0.360 0.484 0.527 0.300 0.402 0.316 0.391 0.243 0.461 0.405 0.361 0.351 0.467 0.342 0.293 0.579 0.526 0.071 0.129 0.066 0.009 0.051 0.101 0.238 0.121 0.035 0.026 0.201 0.124 0.149 0.023 0.517 0.516 0.444 0.587 0.479 0.509 0.671 0.631 0.627 0.584 0.636 0.620 0.662 0.505)  
lick: (0.867 0.868 0.845 0.852 0.867 0.849 0.833 0.820 0.832 0.786 0.830 0.821 0.888 0.878 0.891 0.887 0.880 0.893 0.877 0.883 0.871 0.822 0.853 0.822 0.849 0.820 0.900 0.858 0.837 0.861 0.868 0.888 0.841 0.857 0.887 0.850 0.858 0.812 0.878 0.840 0.876 0.779 0.863 0.893 0.881 0.903 0.864 0.866 0.879 0.887 0.879 0.858 0.871 0.812 0.842 0.853 0.813 0.823 0.750 0.846 0.855 0.821 0.846 0.802 0.815 0.819 0.841 0.770 0.842 0.830 0.844 0.840 0.822 0.874 0.843 0.860 0.898 0.822 0.792 0.814 0.850 0.822 0.843 0.867 0.791 0.879 0.832 0.838 0.841 0.829 0.834 0.815 0.819 0.819 0.817 0.803 0.839 0.859 0.839 0.833 0.816 0.807 0.812 0.805 0.768 0.748 0.759 0.790 0.738 0.735 0.837 0.770 0.763 0.815 0.836 0.828 0.784 0.794 0.803 0.803 0.834 0.758 0.908 0.788 0.818 0.824 0.839 0.831 0.871 0.762 0.705 0.792 0.781 0.784 0.782 0.767 0.714 0.522 0.772 0.801 0.764 0.751 0.762 0.755 0.767 0.744 0.778 0.759 0.791 0.760 0.836 0.792)  0.133 0.132 0.155 0.148 0.133 0.151 0.167 0.180 0.168 0.214 0.170 0.179 0.112 0.122 0.109 0.113 0.120 0.107 0.123 0.117 0.129 0.178 0.147 0.178 0.151 0.180 0.100 0.142 0.163 0.139 0.132 0.112 0.159 0.143 0.113 0.150 0.142 0.188 0.122 0.160 0.124 0.221 0.137 0.107 0.119 0.097 0.136 0.134 0.121 0.113 0.121 0.142 0.129 0.188 0.158 0.147 0.187 0.177 0.250 0.154 0.145 0.179 0.154 0.198 0.185 0.181 0.159 0.230 0.158 0.170 0.156 0.160 0.178 0.126 0.157 0.140 0.102 0.178 0.208 0.186 0.150 0.178 0.157 0.133 0.209 0.121 0.168 0.162 0.159 0.171 0.166 0.185 0.181 0.181 0.183 0.197 0.161 0.141 0.161 0.167 0.184 0.193 0.188 0.195 0.232 0.252 0.241 0.210 0.262 0.265 0.163 0.230 0.237 0.185 0.164 0.172 0.216 0.206 0.197 0.197 0.166 0.242 0.092 0.212 0.182 0.176 0.161 0.169 0.129 0.238 0.295 0.208 0.219 0.216 0.218 0.233 0.286 0.478 0.228 0.199 0.236 0.249 0.238 0.245 0.233 0.256 0.222 0.241 0.209 0.240 0.164 0.208)  
reward zone location: (0.591 1.000 0.377 0.000 0.000 0.000 0.000 0.624 1.000 0.359 0.000 0.000 0.000 0.000 0.000 0.000 0.648 1.000 0.343 0.609 1.000 0.349 0.000 0.000 0.000 0.613 0.000 0.000 0.000 0.000 0.631 1.000 0.362 0.608 1.000 0.346 0.000 0.000 0.000 0.618 1.000 1.000 0.335 0.000 0.000 0.000 0.631 0.347 0.000 0.000 0.000 0.610 1.000 0.317 1.000 1.000 0.338 0.000 0.000 0.000 0.603 0.351 0.000 0.000 0.000 0.608 1.000 0.345 0.000 0.000 0.000 0.000 0.609 1.000 0.399 0.595 1.000 0.332 0.000 0.000 0.000 0.610 1.000 1.000 0.338 0.000 0.000 0.000 0.639 0.357 0.000 0.000 0.000 0.604 1.000 0.360 0.000 0.000 0.000 0.000 0.592 1.000 0.347 0.610 1.000 0.317 0.000 0.000 0.000 0.613 0.000 0.000 0.604 1.000 0.321 0.000 0.000 0.000 0.000 0.658 1.000 0.333 0.000 0.000 0.000 0.000 0.696 1.000 0.354 0.000 0.000 0.000 0.000 0.407 1.000 0.371 0.000 0.000 1.000 1.000 0.289 0.000 0.000 0.000 0.705 0.278 0.000 0.000 0.000 0.686 1.000 0.251)  0.409 0.000 0.000 0.000 0.623 0.372 0.000 0.000 0.000 0.641 1.000 0.361 1.000 1.000 0.386 0.000 0.000 0.000 0.657 0.391 0.000 0.000 0.000 0.585 1.000 0.387 0.000 0.000 0.641 1.000 0.369 0.000 0.000 0.000 0.000 0.654 1.000 0.339 0.000 0.000 0.000 0.000 0.665 1.000 0.379 0.000 0.000 0.000 0.000 0.610 1.000 0.390 0.000 0.000 0.000 0.000 0.000 0.000 0.620 1.000 0.397 0.649 1.000 0.336 0.000 0.000 0.000 0.655 1.000 1.000 0.370 0.000 0.000 0.000 0.601 0.405 0.000 0.000 0.000 0.651 1.000 0.390 0.000 0.000 0.662 1.000 0.343 0.000 0.000 0.000 0.000 0.606 1.000 0.396 0.000 0.000 0.000 0.000 0.630 1.000 0.408 0.000 0.000 0.000 0.000 0.683 1.000 0.338 0.000 0.000 0.000 0.000 0.000 0.000 0.679 1.000 0.422 0.589 1.000 0.342 0.000 0.000 0.000 0.677 1.000 1.000 0.304 0.000 0.000 0.000 0.632 0.419 0.000 0.000 0.000 0.629 1.000 0.365 0.000 0.000 0.000 0.000 0.635 1.000 0.295 0.722 1.000 0.340 0.000 0.000 0.000 0.749)  0.000 0.000 0.623 1.000 0.377 0.628 1.000 0.376 0.000 0.000 0.000 0.639 0.000 0.000 0.614 1.000 0.352 0.000 0.000 0.000 0.000 0.651 1.000 0.415 0.000 0.000 1.000 1.000 0.359 0.000 0.000 0.000 0.638 0.392 0.000 0.000 0.000 0.661 1.000 0.382 0.000 0.000 0.000 0.000 0.621 1.000 0.369 0.653 1.000 0.390 0.000 0.000 0.000 0.683 0.000 0.000 0.662 1.000 0.380 0.000 0.000 0.000 0.000 0.664 1.000 0.392 0.000 0.000 0.000 0.000 0.630 1.000 0.391 0.000 0.000 0.000 0.000 0.668 1.000 0.349 0.000 0.000 0.000 0.000 0.000 0.000 0.657 1.000 0.361 0.643 1.000 0.394 0.000 0.000 0.000 0.640 1.000 1.000 0.370 0.000 0.000 0.000 0.653 0.390 0.000 0.000 0.000 0.662 1.000 0.387 1.000 1.000 0.396 0.000 0.000 0.000 0.578 0.411 0.000 0.000 0.000 0.667 1.000 0.323 0.000 0.000 0.000 0.000 0.646 1.000 0.368 0.581 1.000 0.593 0.000 0.000 0.000 0.635 0.000 0.000 0.711 1.000 0.365 0.000 0.000 0.000 0.000 0.660 1.000 0.314 0.000 0.000)  
reward outcome: (0.079 0.235 0.129 0.118 0.184 0.144 0.173 0.115 0.225 0.118 0.180 0.129 0.156 0.114 0.148 0.141 0.117 0.135 0.149 0.213 0.223 0.218 0.157 0.157 0.248 0.156 0.290 0.201 0.147 0.118 0.175 0.156 0.186 0.145 0.250 0.175 0.156 0.244 0.181 0.110 0.173 0.140 0.230 0.202 0.204 0.190 0.129 0.118 0.163 0.214 0.195 0.117 0.163 0.199 0.163 0.194 0.135 0.082 0.141 0.224 0.169 0.168 0.203 0.138 0.192 0.126 0.127 0.176 0.187 0.126 0.134 0.216 0.149 0.184 0.139 0.143 0.141 0.094 0.077 0.176 0.213 0.043 0.155 0.145 0.185 0.200 0.139 0.135 0.111 0.120 0.142 0.176 0.260 0.165 0.135 0.065 0.156 0.184 0.092 0.175 0.135 0.121 0.221 0.126 0.193 0.124 0.113 0.203 0.145 0.189 0.095 0.128 0.109 0.151 0.145 0.162 0.117 0.173 0.166 0.181 0.114 0.156 0.214 0.137 0.167 0.118 0.165 0.080 0.269 0.145 0.163 0.119 0.025 0.128 0.207 0.119 0.119 0.163 0.125 0.173 0.182 0.145 0.150 0.123 0.165 0.084 0.174 0.221 0.127 0.224 0.219 0.168)  0.921 0.765 0.871 0.882 0.816 0.856 0.827 0.885 0.775 0.882 0.820 0.871 0.844 0.886 0.852 0.859 0.883 0.865 0.851 0.787 0.777 0.782 0.843 0.843 0.752 0.844 0.710 0.799 0.853 0.882 0.825 0.844 0.814 0.855 0.750 0.825 0.844 0.756 0.819 0.890 0.827 0.860 0.770 0.798 0.796 0.810 0.871 0.882 0.837 0.786 0.805 0.883 0.837 0.801 0.837 0.806 0.865 0.918 0.859 0.776 0.831 0.832 0.797 0.862 0.808 0.874 0.873 0.824 0.813 0.874 0.866 0.784 0.851 0.816 0.861 0.857 0.859 0.906 0.923 0.824 0.787 0.957 0.845 0.855 0.815 0.800 0.861 0.865 0.889 0.880 0.858 0.824 0.740 0.835 0.865 0.935 0.844 0.816 0.908 0.825 0.865 0.879 0.779 0.874 0.807 0.876 0.887 0.797 0.855 0.811 0.905 0.872 0.891 0.849 0.855 0.838 0.883 0.827 0.834 0.819 0.886 0.844 0.786 0.863 0.833 0.882 0.835 0.920 0.731 0.855 0.837 0.881 0.975 0.872 0.793 0.881 0.881 0.837 0.875 0.827 0.818 0.855 0.850 0.877 0.835 0.916 0.826 0.779 0.873 0.776 0.781 0.832)  
Brain region: CA1: 138678 neurons  
Training on 9772 trials, testing on 2444 trials
Using device: cuda
Using balanced loss with class weights:
  Output 0: [0.01693285 0.10396597 0.14367992 0.04454466 0.5022742  0.1457629
 0.04283945]
  Output 1: [0.077051   0.2500717  0.19276987 0.19653858 0.28356886]
  Output 2: [0.22568782 0.37751397 0.2417006  0.09530249 0.05979509]
  Output 3: [0.18296754 0.81703246]
  Output 4: [0.33766478 0.3358745  0.32646072]
  Output 5: [0.8420445  0.15795554]
Session 82: Using random projection to 2000 of 2281 neurons for SVD initialization
Session 84: Using random projection to 2000 of 2341 neurons for SVD initialization
Session 86: Using random projection to 2000 of 2115 neurons for SVD initialization
Session 89: Using random projection to 2000 of 2314 neurons for SVD initialization
Epoch [1/200], Loss: 158.876653
Epoch [2/200], Loss: 139.438452
Epoch [3/200], Loss: 130.535710
Epoch [4/200], Loss: 125.126722
Epoch [5/200], Loss: 120.972777
Epoch [6/200], Loss: 116.881713
Epoch [7/200], Loss: 112.656253
Epoch [8/200], Loss: 108.420954
Epoch [9/200], Loss: 104.378319
Epoch [10/200], Loss: 100.628112
Epoch [20/200], Loss: 70.908105
Epoch [30/200], Loss: 50.992315
Epoch [40/200], Loss: 37.185538
Epoch [50/200], Loss: 27.131143
Epoch [60/200], Loss: 19.427188
Epoch [70/200], Loss: 13.290682
Epoch [80/200], Loss: 8.358681
Epoch [90/200], Loss: 4.674318
Epoch [100/200], Loss: 2.856160
Epoch [110/200], Loss: 2.268799
Epoch [120/200], Loss: 1.787804
Epoch [130/200], Loss: 1.462199
Epoch [140/200], Loss: 1.344193
Epoch [150/200], Loss: 1.284048
Epoch [160/200], Loss: 1.275239
Epoch [170/200], Loss: 1.260685
Epoch [180/200], Loss: 1.262271
Epoch [190/200], Loss: 1.251342
Epoch [200/200], Loss: 1.256527
Test Loss: 1.122726

Training Balanced Accuracy Scores (chance = 1/num_classes):
  0 (distance to reward zone): 0.4445  (chance: 0.1429)
  1 (absolute position): 0.5220  (chance: 0.2000)
  2 (speed): 0.4597  (chance: 0.2000)
  3 (lick): 0.6143  (chance: 0.5000)
  4 (reward zone location): 0.7978  (chance: 0.3333)
  5 (reward outcome): 0.5691  (chance: 0.5000)

Validation Balanced Accuracy Scores (chance = 1/num_classes):
  0 (distance to reward zone): 0.3950  (chance: 0.1429)
  1 (absolute position): 0.4986  (chance: 0.2000)
  2 (speed): 0.4303  (chance: 0.2000)
  3 (lick): 0.6025  (chance: 0.5000)
  4 (reward zone location): 0.7537  (chance: 0.3333)
  5 (reward outcome): 0.5163  (chance: 0.5000)
train_decoder.py finished successfully.
