Data format is valid, no errors or warnings.
Number of sessions: 89
Total number of trials: 38110
Number of trials per session: [400, 282, 201, 145, 379, 345, 503, 218, 402, 238, 605, 259, 269, 429, 475, 431, 259, 403, 348, 237, 210, 84, 470, 303, 300, 320, 402, 636, 251, 452, 459, 518, 305, 485, 408, 423, 370, 719, 453, 418, 568, 789, 578, 457, 453, 492, 419, 368, 398, 450, 455, 511, 658, 629, 306, 479, 435, 457, 405, 680, 373, 511, 669, 722, 466, 399, 428, 503, 499, 561, 534, 501, 501, 600, 309, 473, 520, 455, 248, 471, 454, 402, 267, 506, 400, 407, 335, 426, 369]
Number of subjects: 19
Number of brain regions: 5
Number of sessions per subject:
  Subject TX83: 3 sessions
  Subject TX88: 6 sessions
  Subject TX105: 5 sessions
  Subject TX104: 2 sessions
  Subject TX119: 8 sessions
  Subject TX123: 8 sessions
  Subject DR10: 6 sessions
  Subject DR15: 5 sessions
  Subject TX85: 2 sessions
  Subject VR2: 7 sessions
  Subject TX60: 5 sessions
  Subject TX108: 7 sessions
  Subject TX109: 6 sessions
  Subject TX61: 5 sessions
  Subject TX124: 3 sessions
  Subject LZ13: 4 sessions
  Subject LZ16: 4 sessions
  Subject TX139: 2 sessions
  Subject TX140: 1 sessions
Input dimension: 4
Output dimension: 4
Summary statistics (across all sessions):
  T: mean: 59.30, median: 48.68, min: 18, max: 5621
  n_neurons: mean: 5000.00', min: 5000, max: 5000
  Input range:
    time_to_sound_cue: [-725.3, 1770.8]
    day_of_training: [0.0, 15.0]
    time_since_trial_start: [-0.3, 1772.7]
    reward_availability: [0.0, 1.0]
  Output range:
    visual_stimulus: [0.0, 14.0]
    licking: [0.0, 1.0]
    position_bin: [0.0, 3.0]
    running_speed_bin: [0.0, 3.0]
  Unique outputs per dimension (fraction of data):
    visual_stimulus: {circle1 (0.265), circle2 (0.050), circle3 (0.009), leaf1 (0.280), leaf1_swap1 (0.017), leaf1_swap2 (0.018), leaf2 (0.127), leaf3 (0.035), rock1 (0.070), rock2 (0.012), wood1 (0.059), wood1_swap1 (0.007), wood1_swap2 (0.008), wood2 (0.032), wood5 (0.011)}
    licking: {not_licking (0.973), licking (0.027)}
    position_bin: {0-1m (0.194), 1-2m (0.159), 2-3m (0.161), 3-4m (0.486)}
    running_speed_bin: {Q1_slowest (0.092), Q2 (0.409), Q3 (0.250), Q4_fastest (0.249)}
  Brain region distribution:
    V1: 172691 neurons
    mHV: 111004 neurons
    lHV: 45850 neurons
    aHV: 61791 neurons
    unassigned: 53664 neurons

Per-session statistics:
  Mean T: 50.9, 72.2, 136.1, 132.6, 40.6, 46.0, 62.9, 133.7, 62.8, 101.8, 46.1, 59.4, 59.8, 36.1, 61.4, 51.7, 110.6, 74.2, 69.3, 97.1, 107.3, 170.6, 37.7, 57.7, 65.1, 62.4, 83.4, 46.2, 98.4, 32.1, 41.4, 46.3, 85.8, 46.3, 57.4, 62.7, 46.6, 40.6, 50.6, 69.5, 31.8, 42.5, 33.7, 37.7, 43.6, 48.7, 40.9, 59.5, 63.2, 68.8, 59.4, 46.5, 26.1, 44.9, 92.0, 40.5, 42.5, 44.3, 54.9, 37.6, 74.5, 47.4, 41.5, 28.4, 57.6, 75.6, 41.1, 36.7, 34.5, 40.6, 46.6, 36.7, 34.8, 47.8, 110.6, 35.1, 30.7, 44.3, 116.4, 40.6, 39.6, 42.5, 70.9, 37.5, 58.8, 54.7, 60.7, 46.8, 72.0
  Min T: 31, 31, 31, 32, 27, 23, 18, 31, 31, 31, 31, 31, 31, 23, 24, 31, 31, 31, 22, 23, 33, 43, 22, 18, 31, 31, 31, 31, 32, 23, 23, 31, 31, 31, 31, 31, 31, 22, 31, 31, 23, 23, 23, 30, 29, 30, 29, 30, 30, 31, 31, 24, 23, 31, 31, 31, 31, 31, 31, 22, 31, 31, 23, 23, 31, 31, 31, 21, 19, 23, 23, 23, 23, 31, 32, 23, 23, 31, 31, 31, 31, 31, 31, 22, 31, 30, 30, 29, 30
  Max T: 356, 481, 1277, 1279, 413, 370, 442, 1294, 324, 657, 359, 246, 449, 432, 1284, 281, 1276, 643, 981, 1772, 658, 1293, 93, 916, 877, 1293, 657, 491, 656, 138, 487, 255, 671, 458, 262, 849, 941, 141, 545, 1280, 329, 1283, 598, 217, 558, 378, 770, 563, 444, 5621, 419, 1237, 91, 165, 827, 169, 168, 220, 835, 127, 657, 184, 562, 179, 309, 2655, 170, 196, 96, 696, 934, 838, 492, 381, 1294, 1284, 111, 317, 1294, 166, 129, 100, 1289, 261, 571, 724, 752, 1274, 1270
  n_neurons: 5000, 5000, 5000, 5000, 5000, 5000, 5000, 5000, 5000, 5000, 5000, 5000, 5000, 5000, 5000, 5000, 5000, 5000, 5000, 5000, 5000, 5000, 5000, 5000, 5000, 5000, 5000, 5000, 5000, 5000, 5000, 5000, 5000, 5000, 5000, 5000, 5000, 5000, 5000, 5000, 5000, 5000, 5000, 5000, 5000, 5000, 5000, 5000, 5000, 5000, 5000, 5000, 5000, 5000, 5000, 5000, 5000, 5000, 5000, 5000, 5000, 5000, 5000, 5000, 5000, 5000, 5000, 5000, 5000, 5000, 5000, 5000, 5000, 5000, 5000, 5000, 5000, 5000, 5000, 5000, 5000, 5000, 5000, 5000, 5000, 5000, 5000, 5000, 5000
  Input range:
    0: [-39.5, 109.8] [-65.2, 146.6] [-275.9, 399.9] [-233.5, 398.2] [-73.8, 127.0] [-79.8, 114.8] [-94.5, 86.8] [-404.1, 402.4] [-65.9, 98.3] [-204.4, 198.6] [-69.1, 83.8] [-41.7, 49.5] [-119.1, 120.6] [-60.6, 132.7] [-401.4, 398.9] [-47.2, 68.6] [-271.6, 326.2] [-115.2, 185.4] [-83.6, 305.4] [-221.2, 556.0] [-200.5, 198.2] [-401.4, 400.3] [-15.5, 24.6] [-203.1, 283.9] [-77.1, 271.0] [-401.3, 401.1] [-203.8, 188.2] [-145.5, 129.3] [-200.7, 150.3] [-35.5, 40.7] [-150.5, 100.6] [-39.1, 75.9] [-204.7, 198.2] [-43.4, 100.8] [-50.6, 79.0] [-150.2, 265.0] [-39.8, 293.9] [-28.9, 38.2] [-76.8, 170.1] [-239.2, 391.6] [-30.6, 101.2] [-401.0, 377.7] [-157.5, 184.6] [-42.3, 66.3] [-170.7, 125.0] [-105.3, 84.1] [-28.3, 230.0] [-173.3, 133.4] [-126.2, 138.1] [-93.6, 1770.8] [-127.2, 73.5] [-251.0, 388.0] [-25.4, 18.6] [-35.1, 27.5] [-150.7, 256.1] [-45.3, 44.9] [-40.3, 24.8] [-20.1, 67.8] [-23.5, 253.8] [-27.8, 36.9] [-203.7, 201.7] [-35.4, 33.0] [-128.2, 173.3] [-53.3, 20.8] [-91.8, 81.5] [-725.3, 793.3] [-13.8, 39.5] [-25.3, 59.4] [-18.0, 22.5] [-213.6, 47.0] [-110.2, 282.9] [-161.6, 261.4] [-53.0, 152.8] [-76.9, 69.6] [-404.4, 367.0] [-402.3, 162.3] [-26.0, 31.9] [-37.1, 80.7] [-404.4, 187.9] [-29.6, 37.2] [-25.2, 23.4] [-16.0, 29.0] [-273.8, 403.3] [-35.6, 75.9] [-43.3, 146.1] [-33.8, 226.0] [-15.0, 231.7] [-104.3, 397.4] [-184.6, 395.3] 
    1: [0.0, 0.0] [0.0, 0.0] [0.0, 0.0] [0.0, 0.0] [0.0, 0.0] [0.0, 0.0] [0.0, 0.0] [0.0, 0.0] [0.0, 0.0] [1.0, 1.0] [1.0, 1.0] [1.0, 1.0] [1.0, 1.0] [1.0, 1.0] [1.0, 1.0] [1.0, 1.0] [1.0, 1.0] [1.0, 1.0] [0.0, 0.0] [0.0, 0.0] [0.0, 0.0] [0.0, 0.0] [1.0, 1.0] [1.0, 1.0] [1.0, 1.0] [1.0, 1.0] [1.0, 1.0] [1.0, 1.0] [1.0, 1.0] [1.0, 1.0] [1.0, 1.0] [1.0, 1.0] [1.0, 1.0] [1.0, 1.0] [1.0, 1.0] [1.0, 1.0] [1.0, 1.0] [1.0, 1.0] [1.0, 1.0] [1.0, 1.0] [1.0, 1.0] [1.0, 1.0] [1.0, 1.0] [1.0, 1.0] [2.0, 2.0] [1.0, 1.0] [2.0, 2.0] [1.0, 1.0] [1.0, 1.0] [1.0, 1.0] [1.0, 1.0] [1.0, 1.0] [1.0, 1.0] [1.0, 1.0] [1.0, 1.0] [1.0, 1.0] [1.0, 1.0] [1.0, 1.0] [1.0, 1.0] [1.0, 1.0] [2.0, 2.0] [1.0, 1.0] [1.0, 1.0] [1.0, 1.0] [1.0, 1.0] [1.0, 1.0] [1.0, 1.0] [1.0, 1.0] [1.0, 1.0] [1.0, 1.0] [3.0, 3.0] [1.0, 1.0] [1.0, 1.0] [7.0, 7.0] [13.0, 13.0] [10.0, 10.0] [12.0, 12.0] [6.0, 6.0] [9.0, 9.0] [10.0, 10.0] [8.0, 8.0] [6.0, 6.0] [15.0, 15.0] [9.0, 9.0] [1.0, 1.0] [1.0, 1.0] [1.0, 1.0] [1.0, 1.0] [1.0, 1.0] 
    2: [-0.3, 111.9] [-0.3, 151.4] [-0.3, 402.5] [-0.3, 402.9] [-0.3, 129.7] [-0.3, 116.2] [-0.3, 138.8] [-0.3, 407.8] [-0.3, 101.7] [-0.3, 206.8] [-0.3, 112.7] [-0.3, 77.0] [-0.3, 141.1] [-0.3, 135.9] [-0.3, 404.6] [-0.3, 88.3] [-0.3, 402.0] [-0.3, 202.5] [-0.3, 308.9] [-0.3, 558.4] [-0.3, 207.2] [-0.3, 407.4] [-0.3, 28.8] [-0.3, 288.5] [-0.3, 276.2] [-0.3, 407.4] [-0.3, 206.8] [-0.3, 154.5] [-0.3, 206.4] [-0.3, 43.1] [-0.3, 153.1] [-0.3, 79.9] [-0.3, 211.1] [-0.3, 144.1] [-0.3, 82.0] [-0.3, 267.4] [-0.3, 296.5] [-0.3, 44.0] [-0.3, 171.3] [-0.3, 403.3] [-0.3, 103.3] [-0.3, 404.4] [-0.3, 188.0] [-0.3, 67.9] [-0.3, 175.6] [-0.3, 118.9] [-0.3, 242.3] [-0.3, 177.2] [-0.3, 139.7] [-0.3, 1772.7] [-0.3, 131.6] [-0.3, 389.6] [-0.3, 28.1] [-0.3, 51.7] [-0.3, 260.4] [-0.3, 53.0] [-0.3, 52.6] [-0.3, 69.0] [-0.3, 262.9] [-0.3, 39.7] [-0.3, 206.9] [-0.3, 57.6] [-0.3, 176.7] [-0.3, 55.9] [-0.3, 96.9] [-0.3, 837.1] [-0.3, 53.3] [-0.3, 61.2] [-0.3, 29.8] [-0.3, 219.1] [-0.3, 294.2] [-0.3, 263.7] [-0.3, 154.7] [-0.3, 119.6] [-0.3, 407.7] [-0.3, 404.5] [-0.3, 34.5] [-0.3, 99.6] [-0.3, 407.6] [-0.3, 51.8] [-0.3, 40.1] [-0.3, 31.2] [-0.3, 406.2] [-0.3, 81.8] [-0.3, 179.7] [-0.3, 227.9] [-0.3, 236.7] [-0.3, 401.3] [-0.3, 400.3] 
    3: [0.0, 0.0] [0.0, 0.0] [0.0, 0.0] [0.0, 0.0] [0.0, 0.0] [0.0, 0.0] [0.0, 0.0] [0.0, 0.0] [0.0, 0.0] [0.0, 0.0] [0.0, 0.0] [0.0, 0.0] [0.0, 0.0] [0.0, 0.0] [0.0, 0.0] [0.0, 0.0] [0.0, 0.0] [0.0, 0.0] [0.0, 1.0] [0.0, 1.0] [0.0, 1.0] [0.0, 1.0] [0.0, 1.0] [0.0, 1.0] [0.0, 1.0] [0.0, 1.0] [0.0, 0.0] [0.0, 0.0] [0.0, 0.0] [0.0, 0.0] [0.0, 0.0] [0.0, 0.0] [0.0, 0.0] [0.0, 1.0] [0.0, 1.0] [0.0, 1.0] [0.0, 1.0] [0.0, 1.0] [0.0, 0.0] [0.0, 0.0] [0.0, 0.0] [0.0, 0.0] [0.0, 0.0] [0.0, 0.0] [0.0, 0.0] [0.0, 0.0] [0.0, 0.0] [0.0, 0.0] [0.0, 0.0] [0.0, 0.0] [0.0, 0.0] [0.0, 0.0] [0.0, 0.0] [0.0, 0.0] [0.0, 0.0] [0.0, 1.0] [0.0, 1.0] [0.0, 1.0] [0.0, 1.0] [0.0, 1.0] [0.0, 0.0] [0.0, 0.0] [0.0, 0.0] [0.0, 0.0] [0.0, 1.0] [0.0, 1.0] [0.0, 1.0] [0.0, 1.0] [0.0, 1.0] [0.0, 0.0] [0.0, 0.0] [0.0, 0.0] [0.0, 0.0] [0.0, 0.0] [0.0, 0.0] [0.0, 0.0] [0.0, 0.0] [0.0, 0.0] [0.0, 0.0] [0.0, 1.0] [0.0, 1.0] [0.0, 1.0] [0.0, 1.0] [0.0, 1.0] [0.0, 0.0] [0.0, 0.0] [0.0, 0.0] [0.0, 0.0] [0.0, 0.0] 
  Output range:
    0: [0.0, 3.0] [0.0, 3.0] [0.0, 3.0] [3.0, 8.0] [8.0, 10.0] [0.0, 3.0] [0.0, 3.0] [0.0, 3.0] [0.0, 3.0] [0.0, 3.0] [0.0, 3.0] [0.0, 3.0] [3.0, 8.0] [8.0, 10.0] [0.0, 3.0] [0.0, 3.0] [0.0, 3.0] [0.0, 3.0] [0.0, 3.0] [0.0, 3.0] [8.0, 10.0] [0.0, 3.0] [0.0, 3.0] [0.0, 3.0] [8.0, 10.0] [0.0, 3.0] [0.0, 6.0] [0.0, 8.0] [0.0, 6.0] [8.0, 13.0] [0.0, 6.0] [0.0, 6.0] [0.0, 6.0] [0.0, 6.0] [0.0, 6.0] [8.0, 13.0] [0.0, 6.0] [0.0, 6.0] [0.0, 6.0] [0.0, 6.0] [8.0, 14.0] [0.0, 7.0] [0.0, 7.0] [0.0, 7.0] [8.0, 14.0] [0.0, 7.0] [8.0, 14.0] [0.0, 7.0] [0.0, 7.0] [0.0, 7.0] [0.0, 7.0] [8.0, 14.0] [0.0, 7.0] [0.0, 7.0] [0.0, 7.0] [0.0, 7.0] [0.0, 7.0] [8.0, 14.0] [0.0, 6.0] [0.0, 7.0] [0.0, 6.0] [0.0, 6.0] [8.0, 13.0] [0.0, 6.0] [0.0, 6.0] [0.0, 6.0] [8.0, 13.0] [0.0, 6.0] [0.0, 6.0] [0.0, 6.0] [8.0, 13.0] [0.0, 6.0] [8.0, 13.0] [0.0, 6.0] [0.0, 6.0] [8.0, 13.0] [0.0, 6.0] [0.0, 6.0] [0.0, 6.0] [0.0, 6.0] [0.0, 6.0] [8.0, 13.0] [0.0, 3.0] [0.0, 6.0] [0.0, 7.0] [8.0, 14.0] [0.0, 7.0] [8.0, 14.0] [0.0, 7.0] 
    1: [0.0, 0.0] [0.0, 0.0] [0.0, 0.0] [0.0, 0.0] [0.0, 0.0] [0.0, 0.0] [0.0, 0.0] [0.0, 0.0] [0.0, 0.0] [0.0, 0.0] [0.0, 0.0] [0.0, 0.0] [0.0, 0.0] [0.0, 0.0] [0.0, 0.0] [0.0, 0.0] [0.0, 0.0] [0.0, 0.0] [0.0, 1.0] [0.0, 1.0] [0.0, 1.0] [0.0, 1.0] [0.0, 1.0] [0.0, 1.0] [0.0, 1.0] [0.0, 1.0] [0.0, 0.0] [0.0, 0.0] [0.0, 0.0] [0.0, 0.0] [0.0, 0.0] [0.0, 0.0] [0.0, 0.0] [0.0, 1.0] [0.0, 1.0] [0.0, 1.0] [0.0, 1.0] [0.0, 1.0] [0.0, 0.0] [0.0, 0.0] [0.0, 0.0] [0.0, 0.0] [0.0, 0.0] [0.0, 0.0] [0.0, 0.0] [0.0, 0.0] [0.0, 0.0] [0.0, 0.0] [0.0, 0.0] [0.0, 0.0] [0.0, 0.0] [0.0, 0.0] [0.0, 0.0] [0.0, 0.0] [0.0, 0.0] [0.0, 1.0] [0.0, 1.0] [0.0, 1.0] [0.0, 1.0] [0.0, 1.0] [0.0, 0.0] [0.0, 0.0] [0.0, 0.0] [0.0, 0.0] [0.0, 1.0] [0.0, 1.0] [0.0, 1.0] [0.0, 1.0] [0.0, 1.0] [0.0, 0.0] [0.0, 0.0] [0.0, 0.0] [0.0, 0.0] [0.0, 0.0] [0.0, 0.0] [0.0, 0.0] [0.0, 0.0] [0.0, 0.0] [0.0, 0.0] [0.0, 1.0] [0.0, 1.0] [0.0, 1.0] [0.0, 1.0] [0.0, 1.0] [0.0, 0.0] [0.0, 0.0] [0.0, 0.0] [0.0, 0.0] [0.0, 0.0] 
    2: [0.0, 3.0] [0.0, 3.0] [0.0, 3.0] [0.0, 3.0] [0.0, 3.0] [0.0, 3.0] [0.0, 3.0] [0.0, 3.0] [0.0, 3.0] [0.0, 3.0] [0.0, 3.0] [0.0, 3.0] [0.0, 3.0] [0.0, 3.0] [0.0, 3.0] [0.0, 3.0] [0.0, 3.0] [0.0, 3.0] [0.0, 3.0] [0.0, 3.0] [0.0, 3.0] [0.0, 3.0] [0.0, 3.0] [0.0, 3.0] [0.0, 3.0] [0.0, 3.0] [0.0, 3.0] [0.0, 3.0] [0.0, 3.0] [0.0, 3.0] [0.0, 3.0] [0.0, 3.0] [0.0, 3.0] [0.0, 3.0] [0.0, 3.0] [0.0, 3.0] [0.0, 3.0] [0.0, 3.0] [0.0, 3.0] [0.0, 3.0] [0.0, 3.0] [0.0, 3.0] [0.0, 3.0] [0.0, 3.0] [0.0, 3.0] [0.0, 3.0] [0.0, 3.0] [0.0, 3.0] [0.0, 3.0] [0.0, 3.0] [0.0, 3.0] [0.0, 3.0] [0.0, 3.0] [0.0, 3.0] [0.0, 3.0] [0.0, 3.0] [0.0, 3.0] [0.0, 3.0] [0.0, 3.0] [0.0, 3.0] [0.0, 3.0] [0.0, 3.0] [0.0, 3.0] [0.0, 3.0] [0.0, 3.0] [0.0, 3.0] [0.0, 3.0] [0.0, 3.0] [0.0, 3.0] [0.0, 3.0] [0.0, 3.0] [0.0, 3.0] [0.0, 3.0] [0.0, 3.0] [0.0, 3.0] [0.0, 3.0] [0.0, 3.0] [0.0, 3.0] [0.0, 3.0] [0.0, 3.0] [0.0, 3.0] [0.0, 3.0] [0.0, 3.0] [0.0, 3.0] [0.0, 3.0] [0.0, 3.0] [0.0, 3.0] [0.0, 3.0] [0.0, 3.0] 
    3: [0.0, 3.0] [0.0, 3.0] [0.0, 3.0] [0.0, 3.0] [0.0, 3.0] [0.0, 3.0] [0.0, 3.0] [0.0, 3.0] [0.0, 3.0] [0.0, 3.0] [0.0, 3.0] [0.0, 3.0] [0.0, 3.0] [0.0, 3.0] [0.0, 3.0] [0.0, 3.0] [0.0, 3.0] [0.0, 3.0] [0.0, 3.0] [0.0, 3.0] [0.0, 3.0] [0.0, 3.0] [0.0, 3.0] [0.0, 3.0] [0.0, 3.0] [0.0, 3.0] [0.0, 3.0] [0.0, 3.0] [0.0, 3.0] [0.0, 3.0] [0.0, 3.0] [0.0, 3.0] [0.0, 3.0] [0.0, 3.0] [0.0, 3.0] [0.0, 3.0] [0.0, 3.0] [0.0, 3.0] [0.0, 3.0] [0.0, 3.0] [0.0, 3.0] [0.0, 3.0] [0.0, 3.0] [0.0, 3.0] [0.0, 3.0] [0.0, 3.0] [0.0, 3.0] [0.0, 3.0] [0.0, 3.0] [0.0, 3.0] [0.0, 3.0] [0.0, 3.0] [0.0, 3.0] [0.0, 3.0] [0.0, 3.0] [0.0, 3.0] [0.0, 3.0] [0.0, 3.0] [0.0, 3.0] [0.0, 3.0] [0.0, 3.0] [0.0, 3.0] [0.0, 3.0] [0.0, 3.0] [0.0, 3.0] [0.0, 3.0] [0.0, 3.0] [0.0, 3.0] [0.0, 3.0] [0.0, 3.0] [0.0, 3.0] [0.0, 3.0] [0.0, 3.0] [0.0, 3.0] [0.0, 3.0] [0.0, 3.0] [0.0, 3.0] [0.0, 3.0] [0.0, 3.0] [0.0, 3.0] [0.0, 3.0] [0.0, 3.0] [0.0, 3.0] [0.0, 3.0] [0.0, 3.0] [0.0, 3.0] [0.0, 3.0] [0.0, 3.0] [0.0, 3.0] 
  Output fraction of data:
visual_stimulus: (0.528 0.503 0.460 0.000 0.000 0.482 0.470 0.525 0.500 0.481 0.537 0.479 0.000 0.000 0.598 0.504 0.545 0.485 0.517 0.640 0.000 0.504 0.419 0.438 0.000 0.541 0.240 0.317 0.327 0.000 0.227 0.220 0.218 0.352 0.409 0.000 0.405 0.389 0.278 0.249 0.000 0.105 0.150 0.230 0.000 0.196 0.000 0.186 0.265 0.198 0.191 0.000 0.235 0.253 0.247 0.304 0.280 0.000 0.414 0.193 0.220 0.199 0.000 0.200 0.308 0.261 0.000 0.184 0.146 0.209 0.000 0.172 0.000 0.315 0.341 0.000 0.291 0.309 0.306 0.376 0.374 0.000 0.210 0.341 0.281 0.000 0.200 0.000 0.206)  0.000 0.000 0.000 0.000 0.000 0.000 0.000 0.000 0.000 0.000 0.000 0.000 0.000 0.000 0.000 0.000 0.000 0.000 0.000 0.000 0.000 0.000 0.000 0.000 0.000 0.000 0.240 0.111 0.209 0.000 0.236 0.261 0.248 0.115 0.145 0.000 0.123 0.107 0.252 0.213 0.000 0.154 0.129 0.180 0.000 0.178 0.000 0.219 0.144 0.000 0.000 0.000 0.000 0.000 0.000 0.000 0.000 0.000 0.178 0.000 0.000 0.000 0.000 0.000 0.000 0.000 0.000 0.000 0.000 0.000 0.000 0.000 0.000 0.000 0.000 0.000 0.000 0.000 0.000 0.000 0.000 0.000 0.322 0.000 0.121 0.000 0.201 0.000 0.130)  0.000 0.000 0.000 0.000 0.000 0.000 0.000 0.000 0.000 0.000 0.000 0.000 0.000 0.000 0.000 0.000 0.000 0.000 0.000 0.000 0.000 0.000 0.000 0.000 0.000 0.000 0.000 0.000 0.000 0.000 0.000 0.000 0.000 0.000 0.000 0.000 0.000 0.000 0.000 0.000 0.000 0.149 0.177 0.000 0.000 0.121 0.000 0.000 0.000 0.000 0.000 0.000 0.000 0.000 0.000 0.000 0.000 0.000 0.149 0.000 0.000 0.000 0.000 0.000 0.000 0.000 0.000 0.000 0.000 0.000 0.000 0.000 0.000 0.000 0.000 0.000 0.000 0.000 0.000 0.000 0.000 0.000 0.000 0.000 0.000 0.000 0.163 0.000 0.000)  0.472 0.497 0.540 0.317 0.000 0.518 0.530 0.475 0.500 0.519 0.463 0.521 0.572 0.000 0.402 0.496 0.455 0.515 0.483 0.360 0.000 0.496 0.581 0.562 0.000 0.459 0.233 0.332 0.214 0.000 0.266 0.273 0.250 0.421 0.340 0.000 0.348 0.395 0.218 0.285 0.000 0.130 0.201 0.173 0.000 0.219 0.000 0.291 0.239 0.379 0.274 0.000 0.253 0.249 0.240 0.387 0.420 0.000 0.166 0.424 0.184 0.169 0.000 0.215 0.334 0.238 0.000 0.448 0.448 0.175 0.000 0.146 0.000 0.342 0.296 0.000 0.370 0.389 0.239 0.360 0.326 0.000 0.468 0.346 0.214 0.000 0.135 0.000 0.306)  0.000 0.000 0.000 0.000 0.000 0.000 0.000 0.000 0.000 0.000 0.000 0.000 0.000 0.000 0.000 0.000 0.000 0.000 0.000 0.000 0.000 0.000 0.000 0.000 0.000 0.000 0.000 0.000 0.000 0.000 0.000 0.000 0.000 0.000 0.000 0.000 0.000 0.000 0.000 0.000 0.000 0.101 0.000 0.000 0.000 0.000 0.000 0.000 0.000 0.000 0.000 0.000 0.000 0.000 0.000 0.000 0.000 0.000 0.000 0.000 0.186 0.213 0.000 0.184 0.153 0.000 0.000 0.170 0.000 0.201 0.000 0.273 0.000 0.000 0.000 0.000 0.000 0.000 0.000 0.000 0.000 0.000 0.000 0.000 0.000 0.000 0.000 0.000 0.000)  0.000 0.000 0.000 0.000 0.000 0.000 0.000 0.000 0.000 0.000 0.000 0.000 0.000 0.000 0.000 0.000 0.000 0.000 0.000 0.000 0.000 0.000 0.000 0.000 0.000 0.000 0.000 0.000 0.000 0.000 0.000 0.000 0.000 0.000 0.000 0.000 0.000 0.000 0.000 0.000 0.000 0.138 0.000 0.000 0.000 0.000 0.000 0.000 0.000 0.000 0.000 0.000 0.000 0.000 0.000 0.000 0.000 0.000 0.000 0.000 0.254 0.210 0.000 0.187 0.000 0.162 0.000 0.000 0.198 0.214 0.000 0.177 0.000 0.000 0.000 0.000 0.000 0.000 0.000 0.000 0.000 0.000 0.000 0.000 0.000 0.000 0.000 0.000 0.000)  0.000 0.000 0.000 0.000 0.000 0.000 0.000 0.000 0.000 0.000 0.000 0.000 0.000 0.000 0.000 0.000 0.000 0.000 0.000 0.000 0.000 0.000 0.000 0.000 0.000 0.000 0.287 0.114 0.249 0.000 0.271 0.246 0.284 0.113 0.106 0.000 0.123 0.108 0.253 0.253 0.000 0.122 0.172 0.229 0.000 0.199 0.000 0.138 0.217 0.239 0.246 0.000 0.259 0.249 0.286 0.135 0.160 0.000 0.092 0.196 0.156 0.209 0.000 0.214 0.205 0.338 0.000 0.198 0.207 0.201 0.000 0.232 0.000 0.342 0.363 0.000 0.339 0.301 0.455 0.264 0.300 0.000 0.000 0.313 0.232 0.000 0.162 0.000 0.246)  0.000 0.000 0.000 0.000 0.000 0.000 0.000 0.000 0.000 0.000 0.000 0.000 0.000 0.000 0.000 0.000 0.000 0.000 0.000 0.000 0.000 0.000 0.000 0.000 0.000 0.000 0.000 0.000 0.000 0.000 0.000 0.000 0.000 0.000 0.000 0.000 0.000 0.000 0.000 0.000 0.000 0.100 0.172 0.188 0.000 0.087 0.000 0.167 0.134 0.184 0.289 0.000 0.253 0.249 0.228 0.174 0.140 0.000 0.000 0.187 0.000 0.000 0.000 0.000 0.000 0.000 0.000 0.000 0.000 0.000 0.000 0.000 0.000 0.000 0.000 0.000 0.000 0.000 0.000 0.000 0.000 0.000 0.000 0.000 0.151 0.000 0.139 0.000 0.112)  0.000 0.000 0.000 0.683 0.491 0.000 0.000 0.000 0.000 0.000 0.000 0.000 0.428 0.564 0.000 0.000 0.000 0.000 0.000 0.000 0.550 0.000 0.000 0.000 0.542 0.000 0.000 0.126 0.000 0.259 0.000 0.000 0.000 0.000 0.000 0.386 0.000 0.000 0.000 0.000 0.207 0.000 0.000 0.000 0.209 0.000 0.260 0.000 0.000 0.000 0.000 0.275 0.000 0.000 0.000 0.000 0.000 0.240 0.000 0.000 0.000 0.000 0.243 0.000 0.000 0.000 0.231 0.000 0.000 0.000 0.180 0.000 0.198 0.000 0.000 0.329 0.000 0.000 0.000 0.000 0.000 0.337 0.000 0.000 0.000 0.239 0.000 0.228 0.000)  0.000 0.000 0.000 0.000 0.000 0.000 0.000 0.000 0.000 0.000 0.000 0.000 0.000 0.000 0.000 0.000 0.000 0.000 0.000 0.000 0.000 0.000 0.000 0.000 0.000 0.000 0.000 0.000 0.000 0.267 0.000 0.000 0.000 0.000 0.000 0.148 0.000 0.000 0.000 0.000 0.196 0.000 0.000 0.000 0.177 0.000 0.161 0.000 0.000 0.000 0.000 0.000 0.000 0.000 0.000 0.000 0.000 0.000 0.000 0.000 0.000 0.000 0.000 0.000 0.000 0.000 0.000 0.000 0.000 0.000 0.000 0.000 0.000 0.000 0.000 0.000 0.000 0.000 0.000 0.000 0.000 0.000 0.000 0.000 0.000 0.114 0.000 0.196 0.000)  0.000 0.000 0.000 0.000 0.509 0.000 0.000 0.000 0.000 0.000 0.000 0.000 0.000 0.436 0.000 0.000 0.000 0.000 0.000 0.000 0.450 0.000 0.000 0.000 0.458 0.000 0.000 0.000 0.000 0.245 0.000 0.000 0.000 0.000 0.000 0.336 0.000 0.000 0.000 0.000 0.206 0.000 0.000 0.000 0.200 0.000 0.262 0.000 0.000 0.000 0.000 0.292 0.000 0.000 0.000 0.000 0.000 0.436 0.000 0.000 0.000 0.000 0.229 0.000 0.000 0.000 0.427 0.000 0.000 0.000 0.237 0.000 0.177 0.000 0.000 0.343 0.000 0.000 0.000 0.000 0.000 0.380 0.000 0.000 0.000 0.245 0.000 0.212 0.000)  0.000 0.000 0.000 0.000 0.000 0.000 0.000 0.000 0.000 0.000 0.000 0.000 0.000 0.000 0.000 0.000 0.000 0.000 0.000 0.000 0.000 0.000 0.000 0.000 0.000 0.000 0.000 0.000 0.000 0.000 0.000 0.000 0.000 0.000 0.000 0.000 0.000 0.000 0.000 0.000 0.000 0.000 0.000 0.000 0.000 0.000 0.000 0.000 0.000 0.000 0.000 0.000 0.000 0.000 0.000 0.000 0.000 0.000 0.000 0.000 0.000 0.000 0.204 0.000 0.000 0.000 0.000 0.000 0.000 0.000 0.188 0.000 0.227 0.000 0.000 0.000 0.000 0.000 0.000 0.000 0.000 0.000 0.000 0.000 0.000 0.000 0.000 0.000 0.000)  0.000 0.000 0.000 0.000 0.000 0.000 0.000 0.000 0.000 0.000 0.000 0.000 0.000 0.000 0.000 0.000 0.000 0.000 0.000 0.000 0.000 0.000 0.000 0.000 0.000 0.000 0.000 0.000 0.000 0.000 0.000 0.000 0.000 0.000 0.000 0.000 0.000 0.000 0.000 0.000 0.000 0.000 0.000 0.000 0.000 0.000 0.000 0.000 0.000 0.000 0.000 0.000 0.000 0.000 0.000 0.000 0.000 0.000 0.000 0.000 0.000 0.000 0.160 0.000 0.000 0.000 0.168 0.000 0.000 0.000 0.232 0.000 0.194 0.000 0.000 0.000 0.000 0.000 0.000 0.000 0.000 0.000 0.000 0.000 0.000 0.000 0.000 0.000 0.000)  0.000 0.000 0.000 0.000 0.000 0.000 0.000 0.000 0.000 0.000 0.000 0.000 0.000 0.000 0.000 0.000 0.000 0.000 0.000 0.000 0.000 0.000 0.000 0.000 0.000 0.000 0.000 0.000 0.000 0.229 0.000 0.000 0.000 0.000 0.000 0.130 0.000 0.000 0.000 0.000 0.198 0.000 0.000 0.000 0.230 0.000 0.208 0.000 0.000 0.000 0.000 0.235 0.000 0.000 0.000 0.000 0.000 0.173 0.000 0.000 0.000 0.000 0.163 0.000 0.000 0.000 0.173 0.000 0.000 0.000 0.164 0.000 0.205 0.000 0.000 0.328 0.000 0.000 0.000 0.000 0.000 0.283 0.000 0.000 0.000 0.276 0.000 0.257 0.000)  0.000 0.000 0.000 0.000 0.000 0.000 0.000 0.000 0.000 0.000 0.000 0.000 0.000 0.000 0.000 0.000 0.000 0.000 0.000 0.000 0.000 0.000 0.000 0.000 0.000 0.000 0.000 0.000 0.000 0.000 0.000 0.000 0.000 0.000 0.000 0.000 0.000 0.000 0.000 0.000 0.194 0.000 0.000 0.000 0.183 0.000 0.108 0.000 0.000 0.000 0.000 0.198 0.000 0.000 0.000 0.000 0.000 0.151 0.000 0.000 0.000 0.000 0.000 0.000 0.000 0.000 0.000 0.000 0.000 0.000 0.000 0.000 0.000 0.000 0.000 0.000 0.000 0.000 0.000 0.000 0.000 0.000 0.000 0.000 0.000 0.126 0.000 0.108 0.000)  
licking: (1.000 1.000 1.000 1.000 1.000 1.000 1.000 1.000 1.000 1.000 1.000 1.000 1.000 1.000 1.000 1.000 1.000 1.000 0.955 0.958 0.812 0.886 0.927 0.908 0.880 0.839 1.000 1.000 1.000 1.000 1.000 1.000 1.000 0.878 0.915 0.930 0.805 0.939 1.000 1.000 1.000 1.000 1.000 1.000 1.000 1.000 1.000 1.000 1.000 1.000 1.000 1.000 1.000 1.000 1.000 0.902 0.865 0.886 0.938 0.945 1.000 1.000 1.000 1.000 0.902 0.954 0.897 0.912 0.906 1.000 1.000 1.000 1.000 1.000 1.000 1.000 1.000 1.000 1.000 0.932 0.900 0.894 0.940 0.932 1.000 1.000 1.000 1.000 1.000)  0.000 0.000 0.000 0.000 0.000 0.000 0.000 0.000 0.000 0.000 0.000 0.000 0.000 0.000 0.000 0.000 0.000 0.000 0.045 0.042 0.188 0.114 0.073 0.092 0.120 0.161 0.000 0.000 0.000 0.000 0.000 0.000 0.000 0.122 0.085 0.070 0.195 0.061 0.000 0.000 0.000 0.000 0.000 0.000 0.000 0.000 0.000 0.000 0.000 0.000 0.000 0.000 0.000 0.000 0.000 0.098 0.135 0.114 0.062 0.055 0.000 0.000 0.000 0.000 0.098 0.046 0.103 0.088 0.094 0.000 0.000 0.000 0.000 0.000 0.000 0.000 0.000 0.000 0.000 0.068 0.100 0.106 0.060 0.068 0.000 0.000 0.000 0.000 0.000)  
position_bin: (0.169 0.181 0.124 0.144 0.146 0.137 0.154 0.473 0.142 0.351 0.196 0.208 0.138 0.147 0.289 0.177 0.207 0.196 0.137 0.077 0.188 0.315 0.140 0.143 0.133 0.219 0.349 0.215 0.305 0.179 0.178 0.180 0.351 0.169 0.211 0.116 0.128 0.148 0.128 0.143 0.166 0.266 0.166 0.178 0.206 0.204 0.161 0.223 0.178 0.126 0.210 0.139 0.172 0.200 0.162 0.166 0.157 0.130 0.109 0.165 0.388 0.176 0.180 0.193 0.211 0.149 0.150 0.155 0.154 0.190 0.122 0.171 0.137 0.183 0.404 0.247 0.162 0.185 0.423 0.166 0.172 0.148 0.207 0.165 0.116 0.120 0.113 0.157 0.192)  0.149 0.172 0.140 0.147 0.165 0.166 0.143 0.107 0.157 0.159 0.188 0.197 0.192 0.192 0.086 0.161 0.136 0.161 0.131 0.130 0.177 0.118 0.199 0.159 0.163 0.139 0.164 0.170 0.239 0.174 0.141 0.162 0.116 0.149 0.184 0.157 0.170 0.163 0.178 0.158 0.155 0.166 0.158 0.152 0.162 0.167 0.158 0.141 0.181 0.304 0.152 0.157 0.173 0.185 0.176 0.143 0.174 0.167 0.114 0.146 0.153 0.191 0.171 0.194 0.165 0.200 0.179 0.165 0.180 0.165 0.130 0.200 0.159 0.162 0.130 0.156 0.176 0.184 0.124 0.141 0.153 0.171 0.125 0.176 0.106 0.108 0.090 0.120 0.120)  0.145 0.186 0.165 0.121 0.149 0.169 0.140 0.156 0.144 0.107 0.159 0.166 0.165 0.247 0.132 0.169 0.182 0.153 0.151 0.103 0.166 0.117 0.235 0.160 0.170 0.208 0.118 0.176 0.144 0.178 0.193 0.175 0.088 0.178 0.179 0.157 0.157 0.164 0.144 0.172 0.170 0.128 0.214 0.164 0.138 0.168 0.173 0.174 0.139 0.145 0.146 0.221 0.181 0.172 0.213 0.169 0.203 0.194 0.125 0.187 0.136 0.169 0.200 0.167 0.177 0.196 0.201 0.217 0.205 0.161 0.180 0.139 0.163 0.153 0.107 0.150 0.164 0.175 0.114 0.165 0.212 0.199 0.189 0.170 0.101 0.109 0.091 0.170 0.099)  0.537 0.461 0.570 0.589 0.541 0.527 0.563 0.264 0.556 0.383 0.458 0.430 0.504 0.413 0.493 0.493 0.475 0.489 0.581 0.690 0.469 0.450 0.426 0.537 0.534 0.434 0.370 0.439 0.313 0.469 0.488 0.482 0.444 0.504 0.426 0.570 0.545 0.526 0.550 0.527 0.508 0.440 0.462 0.506 0.495 0.461 0.508 0.462 0.502 0.425 0.492 0.483 0.475 0.443 0.448 0.522 0.466 0.509 0.652 0.502 0.324 0.464 0.450 0.446 0.446 0.455 0.470 0.463 0.461 0.484 0.568 0.489 0.541 0.502 0.360 0.447 0.498 0.456 0.338 0.528 0.463 0.481 0.479 0.489 0.678 0.662 0.706 0.553 0.590)  
running_speed_bin: (0.028 0.033 0.025 0.102 0.075 0.098 0.024 0.100 0.026 0.040 0.045 0.111 0.097 0.070 0.063 0.025 0.190 0.037 0.095 0.046 0.276 0.223 0.099 0.049 0.184 0.202 0.048 0.044 0.115 0.058 0.063 0.032 0.192 0.071 0.126 0.142 0.125 0.125 0.117 0.210 0.062 0.070 0.038 0.048 0.047 0.084 0.084 0.068 0.070 0.064 0.142 0.112 0.039 0.045 0.201 0.061 0.097 0.111 0.191 0.106 0.050 0.036 0.092 0.066 0.099 0.101 0.092 0.097 0.106 0.042 0.077 0.040 0.065 0.059 0.219 0.073 0.073 0.023 0.213 0.061 0.079 0.098 0.224 0.097 0.073 0.066 0.057 0.053 0.074)  0.388 0.493 0.833 0.716 0.243 0.415 0.448 0.739 0.421 0.744 0.307 0.451 0.407 0.296 0.607 0.464 0.593 0.568 0.497 0.656 0.506 0.690 0.128 0.595 0.413 0.375 0.642 0.314 0.639 0.220 0.392 0.350 0.507 0.367 0.405 0.438 0.268 0.189 0.327 0.416 0.212 0.399 0.324 0.178 0.310 0.297 0.195 0.426 0.481 0.514 0.412 0.404 0.063 0.311 0.527 0.234 0.223 0.276 0.337 0.173 0.578 0.355 0.355 0.129 0.441 0.541 0.283 0.171 0.155 0.398 0.453 0.374 0.304 0.327 0.543 0.270 0.176 0.350 0.584 0.229 0.171 0.232 0.416 0.184 0.439 0.411 0.453 0.319 0.538)  0.371 0.254 0.136 0.175 0.172 0.111 0.383 0.141 0.321 0.201 0.186 0.363 0.257 0.110 0.234 0.312 0.204 0.186 0.119 0.200 0.211 0.087 0.152 0.236 0.348 0.356 0.227 0.221 0.198 0.136 0.430 0.340 0.280 0.349 0.349 0.330 0.536 0.114 0.352 0.269 0.170 0.117 0.261 0.271 0.316 0.094 0.092 0.115 0.236 0.168 0.293 0.225 0.277 0.328 0.213 0.279 0.365 0.493 0.419 0.244 0.161 0.277 0.212 0.406 0.381 0.302 0.503 0.296 0.301 0.197 0.133 0.191 0.198 0.234 0.170 0.140 0.449 0.385 0.163 0.275 0.379 0.469 0.334 0.252 0.188 0.159 0.176 0.129 0.229)  0.213 0.220 0.006 0.007 0.510 0.377 0.145 0.020 0.232 0.014 0.463 0.075 0.238 0.523 0.096 0.198 0.013 0.208 0.289 0.098 0.006 0.000 0.621 0.119 0.055 0.067 0.084 0.421 0.048 0.587 0.115 0.277 0.021 0.213 0.120 0.090 0.071 0.572 0.204 0.105 0.557 0.413 0.378 0.503 0.327 0.525 0.629 0.391 0.213 0.254 0.153 0.258 0.621 0.317 0.059 0.426 0.314 0.120 0.054 0.478 0.210 0.332 0.342 0.400 0.078 0.055 0.123 0.436 0.438 0.363 0.337 0.395 0.433 0.381 0.068 0.518 0.302 0.241 0.040 0.436 0.371 0.201 0.026 0.467 0.300 0.364 0.313 0.499 0.159)  
Brain region: V1: 172691 neurons, mHV: 111004 neurons, lHV: 45850 neurons, aHV: 61791 neurons, unassigned: 53664 neurons  
Training on 30457 trials, testing on 7653 trials
Using device: cuda
Using balanced loss with class weights:
  Output 0: [0.00488819 0.02568267 0.1375356  0.00463628 0.07308634 0.06907173
 0.01019399 0.03664561 0.01852167 0.10614184 0.02262641 0.18131329
 0.14933369 0.04041641 0.11990629]
  Output 1: [0.02669347 0.97330654]
  Output 2: [0.25627723 0.32362568 0.3159306  0.10416649]
  Output 3: [0.51124316 0.11459388 0.18664171 0.18752125]
Session 0: Using random projection to 2000 of 5000 neurons for SVD initialization
Session 1: Using random projection to 2000 of 5000 neurons for SVD initialization
Session 2: Using random projection to 2000 of 5000 neurons for SVD initialization
Session 3: Using random projection to 2000 of 5000 neurons for SVD initialization
Session 4: Using random projection to 2000 of 5000 neurons for SVD initialization
Session 5: Using random projection to 2000 of 5000 neurons for SVD initialization
Session 6: Using random projection to 2000 of 5000 neurons for SVD initialization
Session 7: Using random projection to 2000 of 5000 neurons for SVD initialization
Session 8: Using random projection to 2000 of 5000 neurons for SVD initialization
Session 9: Using random projection to 2000 of 5000 neurons for SVD initialization
Session 10: Using random projection to 2000 of 5000 neurons for SVD initialization
Session 11: Using random projection to 2000 of 5000 neurons for SVD initialization
Session 12: Using random projection to 2000 of 5000 neurons for SVD initialization
Session 13: Using random projection to 2000 of 5000 neurons for SVD initialization
Session 14: Using random projection to 2000 of 5000 neurons for SVD initialization
Session 15: Using random projection to 2000 of 5000 neurons for SVD initialization
Session 16: Using random projection to 2000 of 5000 neurons for SVD initialization
Session 17: Using random projection to 2000 of 5000 neurons for SVD initialization
Session 18: Using random projection to 2000 of 5000 neurons for SVD initialization
Session 19: Using random projection to 2000 of 5000 neurons for SVD initialization
Session 20: Using random projection to 2000 of 5000 neurons for SVD initialization
Session 21: Using random projection to 2000 of 5000 neurons for SVD initialization
Session 22: Using random projection to 2000 of 5000 neurons for SVD initialization
Session 23: Using random projection to 2000 of 5000 neurons for SVD initialization
Session 24: Using random projection to 2000 of 5000 neurons for SVD initialization
Session 25: Using random projection to 2000 of 5000 neurons for SVD initialization
Session 26: Using random projection to 2000 of 5000 neurons for SVD initialization
Session 27: Using random projection to 2000 of 5000 neurons for SVD initialization
Session 28: Using random projection to 2000 of 5000 neurons for SVD initialization
Session 29: Using random projection to 2000 of 5000 neurons for SVD initialization
Session 30: Using random projection to 2000 of 5000 neurons for SVD initialization
Session 31: Using random projection to 2000 of 5000 neurons for SVD initialization
Session 32: Using random projection to 2000 of 5000 neurons for SVD initialization
Session 33: Using random projection to 2000 of 5000 neurons for SVD initialization
Session 34: Using random projection to 2000 of 5000 neurons for SVD initialization
Session 35: Using random projection to 2000 of 5000 neurons for SVD initialization
Session 36: Using random projection to 2000 of 5000 neurons for SVD initialization
Session 37: Using random projection to 2000 of 5000 neurons for SVD initialization
Session 38: Using random projection to 2000 of 5000 neurons for SVD initialization
Session 39: Using random projection to 2000 of 5000 neurons for SVD initialization
Session 40: Using random projection to 2000 of 5000 neurons for SVD initialization
Session 41: Using random projection to 2000 of 5000 neurons for SVD initialization
Session 42: Using random projection to 2000 of 5000 neurons for SVD initialization
Session 43: Using random projection to 2000 of 5000 neurons for SVD initialization
Session 44: Using random projection to 2000 of 5000 neurons for SVD initialization
Session 45: Using random projection to 2000 of 5000 neurons for SVD initialization
Session 46: Using random projection to 2000 of 5000 neurons for SVD initialization
Session 47: Using random projection to 2000 of 5000 neurons for SVD initialization
Session 48: Using random projection to 2000 of 5000 neurons for SVD initialization
Session 49: Using random projection to 2000 of 5000 neurons for SVD initialization
Session 50: Using random projection to 2000 of 5000 neurons for SVD initialization
Session 51: Using random projection to 2000 of 5000 neurons for SVD initialization
Session 52: Using random projection to 2000 of 5000 neurons for SVD initialization
Session 53: Using random projection to 2000 of 5000 neurons for SVD initialization
Session 54: Using random projection to 2000 of 5000 neurons for SVD initialization
Session 55: Using random projection to 2000 of 5000 neurons for SVD initialization
Session 56: Using random projection to 2000 of 5000 neurons for SVD initialization
Session 57: Using random projection to 2000 of 5000 neurons for SVD initialization
Session 58: Using random projection to 2000 of 5000 neurons for SVD initialization
Session 59: Using random projection to 2000 of 5000 neurons for SVD initialization
Session 60: Using random projection to 2000 of 5000 neurons for SVD initialization
Session 61: Using random projection to 2000 of 5000 neurons for SVD initialization
Session 62: Using random projection to 2000 of 5000 neurons for SVD initialization
Session 63: Using random projection to 2000 of 5000 neurons for SVD initialization
Session 64: Using random projection to 2000 of 5000 neurons for SVD initialization
Session 65: Using random projection to 2000 of 5000 neurons for SVD initialization
Session 66: Using random projection to 2000 of 5000 neurons for SVD initialization
Session 67: Using random projection to 2000 of 5000 neurons for SVD initialization
Session 68: Using random projection to 2000 of 5000 neurons for SVD initialization
Session 69: Using random projection to 2000 of 5000 neurons for SVD initialization
Session 70: Using random projection to 2000 of 5000 neurons for SVD initialization
Session 71: Using random projection to 2000 of 5000 neurons for SVD initialization
Session 72: Using random projection to 2000 of 5000 neurons for SVD initialization
Session 73: Using random projection to 2000 of 5000 neurons for SVD initialization
Session 74: Using random projection to 2000 of 5000 neurons for SVD initialization
Session 75: Using random projection to 2000 of 5000 neurons for SVD initialization
Session 76: Using random projection to 2000 of 5000 neurons for SVD initialization
Session 77: Using random projection to 2000 of 5000 neurons for SVD initialization
Session 78: Using random projection to 2000 of 5000 neurons for SVD initialization
Session 79: Using random projection to 2000 of 5000 neurons for SVD initialization
Session 80: Using random projection to 2000 of 5000 neurons for SVD initialization
Session 81: Using random projection to 2000 of 5000 neurons for SVD initialization
Session 82: Using random projection to 2000 of 5000 neurons for SVD initialization
Session 83: Using random projection to 2000 of 5000 neurons for SVD initialization
Session 84: Using random projection to 2000 of 5000 neurons for SVD initialization
Session 85: Using random projection to 2000 of 5000 neurons for SVD initialization
Session 86: Using random projection to 2000 of 5000 neurons for SVD initialization
Session 87: Using random projection to 2000 of 5000 neurons for SVD initialization
Session 88: Using random projection to 2000 of 5000 neurons for SVD initialization
Epoch [1/200], Loss: 7228.397274
Epoch [2/200], Loss: 7029.851307
Epoch [3/200], Loss: 6836.152190
Epoch [4/200], Loss: 6647.178907
Epoch [5/200], Loss: 6462.792094
Epoch [6/200], Loss: 6282.886772
Epoch [7/200], Loss: 6107.301019
Epoch [8/200], Loss: 5935.890244
Epoch [9/200], Loss: 5768.511215
Epoch [10/200], Loss: 5605.005559
Epoch [20/200], Loss: 4159.488993
Epoch [30/200], Loss: 3039.320445
Epoch [40/200], Loss: 2197.195647
Epoch [50/200], Loss: 1550.120569
Epoch [60/200], Loss: 1040.408103
Epoch [70/200], Loss: 636.416957
Epoch [80/200], Loss: 369.428433
Epoch [90/200], Loss: 211.749379
Epoch [100/200], Loss: 147.289892
Epoch [110/200], Loss: 92.996053
Epoch [120/200], Loss: 72.450070
Epoch [130/200], Loss: 58.824547
Epoch [140/200], Loss: 51.833858
Epoch [150/200], Loss: 48.847956
Epoch [160/200], Loss: 45.603831
Epoch [170/200], Loss: 41.059442
Epoch [180/200], Loss: 38.035575
Epoch [190/200], Loss: 35.317714
Epoch [200/200], Loss: 37.184538
Test Loss: 32.720534

Training Balanced Accuracy Scores (chance = 1/num_classes):
  0 (visual_stimulus): 0.3551  (chance: 0.0667)
  1 (licking): 0.7004  (chance: 0.5000)
  2 (position_bin): 0.3137  (chance: 0.2500)
  3 (running_speed_bin): 0.3066  (chance: 0.2500)

Validation Balanced Accuracy Scores (chance = 1/num_classes):
  0 (visual_stimulus): 0.3438  (chance: 0.0667)
  1 (licking): 0.6977  (chance: 0.5000)
  2 (position_bin): 0.3098  (chance: 0.2500)
  3 (running_speed_bin): 0.3106  (chance: 0.2500)
train_decoder.py finished successfully.
