Data format is valid, no errors or warnings.
Number of sessions: 33
Total number of trials: 8598
Number of trials per session: [214, 322, 265, 263, 260, 287, 352, 274, 225, 345, 323, 472, 445, 296, 233, 235, 241, 157, 177, 200, 146, 166, 168, 335, 364, 300, 239, 308, 236, 176, 185, 195, 194]
Number of subjects: 12
Number of brain regions: 1
Number of sessions per subject:
  Subject EKH1: 1 sessions
  Subject EKH3: 1 sessions
  Subject JEB11: 2 sessions
  Subject JEB12: 2 sessions
  Subject JEB13: 5 sessions
  Subject JEB14: 4 sessions
  Subject JEB15: 4 sessions
  Subject JEB19: 4 sessions
  Subject JEB23: 5 sessions
  Subject JEB7: 2 sessions
  Subject JGR2: 2 sessions
  Subject JGR3: 1 sessions
Input dimension: 1
Output dimension: 6
Summary statistics (across all sessions):
  T: mean: 66.00, median: 66.00, min: 66, max: 66
  n_neurons: mean: 126.55', min: 27, max: 301
  Input range:
    time_from_go_cue: [-2.5, 2.4]
  Output range:
    lick_direction: [0.0, 1.0]
    behavioral_context: [0.0, 1.0]
    outcome: [0.0, 1.0]
    tongue_velocity: [0.0, 1.0]
    paw_velocity: [0.0, 1.0]
    motion_energy: [0.0, 1.0]
  Unique outputs per dimension (fraction of data):
    lick_direction: {left (0.496), right (0.504)}
    behavioral_context: {WC (0.112), DR (0.888)}
    outcome: {incorrect (0.153), correct (0.847)}
    tongue_velocity: {low (0.741), high (0.259)}
    paw_velocity: {low (0.716), high (0.284)}
    motion_energy: {low (0.500), high (0.500)}
  Brain region distribution:
    ALM: 4176 neurons

Per-session statistics:
  Mean T: 66.0, 66.0, 66.0, 66.0, 66.0, 66.0, 66.0, 66.0, 66.0, 66.0, 66.0, 66.0, 66.0, 66.0, 66.0, 66.0, 66.0, 66.0, 66.0, 66.0, 66.0, 66.0, 66.0, 66.0, 66.0, 66.0, 66.0, 66.0, 66.0, 66.0, 66.0, 66.0, 66.0
  Min T: 66, 66, 66, 66, 66, 66, 66, 66, 66, 66, 66, 66, 66, 66, 66, 66, 66, 66, 66, 66, 66, 66, 66, 66, 66, 66, 66, 66, 66, 66, 66, 66, 66
  Max T: 66, 66, 66, 66, 66, 66, 66, 66, 66, 66, 66, 66, 66, 66, 66, 66, 66, 66, 66, 66, 66, 66, 66, 66, 66, 66, 66, 66, 66, 66, 66, 66, 66
  n_neurons: 32, 53, 63, 69, 57, 40, 150, 198, 301, 140, 205, 159, 157, 137, 197, 84, 27, 39, 75, 168, 200, 248, 200, 200, 185, 199, 150, 239, 67, 27, 29, 53, 28
  Input range:
    0: [-2.5, 2.4] [-2.5, 2.4] [-2.5, 2.4] [-2.5, 2.4] [-2.5, 2.4] [-2.5, 2.4] [-2.5, 2.4] [-2.5, 2.4] [-2.5, 2.4] [-2.5, 2.4] [-2.5, 2.4] [-2.5, 2.4] [-2.5, 2.4] [-2.5, 2.4] [-2.5, 2.4] [-2.5, 2.4] [-2.5, 2.4] [-2.5, 2.4] [-2.5, 2.4] [-2.5, 2.4] [-2.5, 2.4] [-2.5, 2.4] [-2.5, 2.4] [-2.5, 2.4] [-2.5, 2.4] [-2.5, 2.4] [-2.5, 2.4] [-2.5, 2.4] [-2.5, 2.4] [-2.5, 2.4] [-2.5, 2.4] [-2.5, 2.4] [-2.5, 2.4] 
  Output range:
    0: [0.0, 1.0] [0.0, 1.0] [0.0, 1.0] [0.0, 1.0] [0.0, 1.0] [0.0, 1.0] [0.0, 1.0] [0.0, 1.0] [0.0, 1.0] [0.0, 1.0] [0.0, 1.0] [0.0, 1.0] [0.0, 1.0] [0.0, 1.0] [0.0, 1.0] [0.0, 1.0] [0.0, 1.0] [0.0, 1.0] [0.0, 1.0] [0.0, 1.0] [0.0, 1.0] [0.0, 1.0] [0.0, 1.0] [0.0, 1.0] [0.0, 1.0] [0.0, 1.0] [0.0, 1.0] [0.0, 1.0] [0.0, 1.0] [0.0, 1.0] [0.0, 1.0] [0.0, 1.0] [0.0, 1.0] 
    1: [0.0, 1.0] [0.0, 1.0] [0.0, 1.0] [0.0, 1.0] [0.0, 1.0] [0.0, 1.0] [0.0, 1.0] [0.0, 1.0] [0.0, 1.0] [1.0, 1.0] [1.0, 1.0] [1.0, 1.0] [0.0, 1.0] [0.0, 1.0] [0.0, 1.0] [0.0, 1.0] [0.0, 1.0] [0.0, 1.0] [0.0, 1.0] [0.0, 1.0] [0.0, 1.0] [0.0, 1.0] [0.0, 1.0] [1.0, 1.0] [1.0, 1.0] [0.0, 1.0] [0.0, 1.0] [1.0, 1.0] [0.0, 1.0] [0.0, 1.0] [0.0, 1.0] [0.0, 1.0] [0.0, 1.0] 
    2: [0.0, 1.0] [0.0, 1.0] [0.0, 1.0] [0.0, 1.0] [0.0, 1.0] [0.0, 1.0] [0.0, 1.0] [0.0, 1.0] [0.0, 1.0] [0.0, 1.0] [0.0, 1.0] [0.0, 1.0] [0.0, 1.0] [0.0, 1.0] [0.0, 1.0] [0.0, 1.0] [0.0, 1.0] [0.0, 1.0] [0.0, 1.0] [0.0, 1.0] [0.0, 1.0] [0.0, 1.0] [0.0, 1.0] [0.0, 1.0] [0.0, 1.0] [0.0, 1.0] [0.0, 1.0] [0.0, 1.0] [0.0, 1.0] [0.0, 1.0] [0.0, 1.0] [0.0, 1.0] [0.0, 1.0] 
    3: [0.0, 1.0] [0.0, 1.0] [0.0, 1.0] [0.0, 1.0] [0.0, 1.0] [0.0, 1.0] [0.0, 1.0] [0.0, 1.0] [0.0, 1.0] [0.0, 1.0] [0.0, 1.0] [0.0, 1.0] [0.0, 1.0] [0.0, 1.0] [0.0, 1.0] [0.0, 1.0] [0.0, 1.0] [0.0, 1.0] [0.0, 1.0] [0.0, 0.0] [0.0, 1.0] [0.0, 1.0] [0.0, 1.0] [0.0, 1.0] [0.0, 1.0] [0.0, 1.0] [0.0, 1.0] [0.0, 1.0] [0.0, 1.0] [0.0, 1.0] [0.0, 1.0] [0.0, 1.0] [0.0, 1.0] 
    4: [0.0, 1.0] [0.0, 1.0] [0.0, 1.0] [0.0, 1.0] [0.0, 1.0] [0.0, 1.0] [0.0, 1.0] [0.0, 1.0] [0.0, 1.0] [0.0, 1.0] [0.0, 1.0] [0.0, 1.0] [0.0, 1.0] [0.0, 1.0] [0.0, 1.0] [0.0, 1.0] [0.0, 1.0] [0.0, 1.0] [0.0, 1.0] [0.0, 1.0] [0.0, 1.0] [0.0, 1.0] [0.0, 1.0] [0.0, 1.0] [0.0, 1.0] [0.0, 1.0] [0.0, 1.0] [0.0, 1.0] [0.0, 1.0] [0.0, 1.0] [0.0, 1.0] [0.0, 1.0] [0.0, 1.0] 
    5: [0.0, 1.0] [0.0, 1.0] [0.0, 1.0] [0.0, 1.0] [0.0, 1.0] [0.0, 1.0] [0.0, 1.0] [0.0, 1.0] [0.0, 1.0] [0.0, 1.0] [0.0, 1.0] [0.0, 1.0] [0.0, 1.0] [0.0, 1.0] [0.0, 1.0] [0.0, 1.0] [0.0, 1.0] [0.0, 1.0] [0.0, 1.0] [0.0, 1.0] [0.0, 1.0] [0.0, 1.0] [0.0, 1.0] [0.0, 1.0] [0.0, 1.0] [0.0, 1.0] [0.0, 1.0] [0.0, 1.0] [0.0, 1.0] [0.0, 1.0] [0.0, 1.0] [0.0, 1.0] [0.0, 1.0] 
  Output fraction of data:
lick_direction: (0.458 0.472 0.362 0.555 0.408 0.383 0.443 0.467 0.484 0.542 0.551 0.534 0.533 0.615 0.605 0.579 0.485 0.522 0.520 0.405 0.438 0.506 0.488 0.543 0.508 0.523 0.490 0.510 0.360 0.511 0.470 0.492 0.474)  0.542 0.528 0.638 0.445 0.592 0.617 0.557 0.533 0.516 0.458 0.449 0.466 0.467 0.385 0.395 0.421 0.515 0.478 0.480 0.595 0.562 0.494 0.512 0.457 0.492 0.477 0.510 0.490 0.640 0.489 0.530 0.508 0.526)  
behavioral_context: (0.257 0.224 0.049 0.118 0.031 0.031 0.054 0.153 0.013 0.000 0.000 0.000 0.009 0.041 0.172 0.085 0.129 0.261 0.203 0.360 0.363 0.434 0.327 0.000 0.000 0.003 0.029 0.000 0.292 0.290 0.270 0.262 0.237)  0.743 0.776 0.951 0.882 0.969 0.969 0.946 0.847 0.987 1.000 1.000 1.000 0.991 0.959 0.828 0.915 0.871 0.739 0.797 0.640 0.637 0.566 0.673 1.000 1.000 0.997 0.971 1.000 0.708 0.710 0.730 0.738 0.763)  
outcome: (0.084 0.065 0.106 0.125 0.235 0.216 0.256 0.263 0.240 0.197 0.254 0.053 0.094 0.341 0.305 0.102 0.079 0.070 0.051 0.215 0.164 0.127 0.119 0.051 0.107 0.080 0.121 0.081 0.233 0.170 0.146 0.118 0.237)  0.916 0.935 0.894 0.875 0.765 0.784 0.744 0.737 0.760 0.803 0.746 0.947 0.906 0.659 0.695 0.898 0.921 0.930 0.949 0.785 0.836 0.873 0.881 0.949 0.893 0.920 0.879 0.919 0.767 0.830 0.854 0.882 0.763)  
tongue_velocity: (0.653 0.672 0.768 0.734 0.659 0.660 0.773 0.777 0.793 0.777 0.766 0.669 0.681 0.637 0.627 0.677 0.662 0.671 0.662 1.000 0.998 0.997 0.996 0.902 0.701 0.757 0.767 0.808 0.757 0.752 0.657 0.659 0.642)  0.347 0.328 0.232 0.266 0.341 0.340 0.227 0.223 0.207 0.223 0.234 0.331 0.319 0.363 0.373 0.323 0.338 0.329 0.338 0.000 0.002 0.003 0.004 0.098 0.299 0.243 0.233 0.192 0.243 0.248 0.343 0.341 0.358)  
paw_velocity: (0.763 0.664 0.729 0.724 0.666 0.677 0.802 0.860 0.847 0.810 0.829 0.628 0.645 0.609 0.749 0.889 0.816 0.840 0.827 0.832 0.842 0.778 0.759 0.622 0.609 0.616 0.626 0.624 0.711 0.696 0.646 0.638 0.594)  0.237 0.336 0.271 0.276 0.334 0.323 0.198 0.140 0.153 0.190 0.171 0.372 0.355 0.391 0.251 0.111 0.184 0.160 0.173 0.168 0.158 0.222 0.241 0.378 0.391 0.384 0.374 0.376 0.289 0.304 0.354 0.362 0.406)  
motion_energy: (0.500 0.500 0.500 0.500 0.500 0.502 0.500 0.500 0.500 0.500 0.500 0.500 0.501 0.502 0.500 0.500 0.500 0.500 0.500 0.502 0.501 0.501 0.500 0.500 0.500 0.500 0.500 0.500 0.500 0.500 0.500 0.500 0.500)  0.500 0.500 0.500 0.500 0.500 0.498 0.500 0.500 0.500 0.500 0.500 0.500 0.499 0.498 0.500 0.500 0.500 0.500 0.500 0.498 0.499 0.499 0.500 0.500 0.500 0.500 0.500 0.500 0.500 0.500 0.500 0.500 0.500)  
Brain region: ALM: 4176 neurons  
Training on 6867 trials, testing on 1731 trials
Using device: cuda
Using balanced loss with class weights:
  Output 0: [0.5048784 0.4951216]
  Output 1: [0.8894714  0.11052862]
  Output 2: [0.8441823  0.15581767]
  Output 3: [0.25941813 0.74058187]
  Output 4: [0.2837704  0.71622956]
  Output 5: [0.49752438 0.5024756 ]
Epoch [1/200], Loss: 0.877557
Epoch [2/200], Loss: 0.836237
Epoch [3/200], Loss: 0.799559
Epoch [4/200], Loss: 0.767406
Epoch [5/200], Loss: 0.739777
Epoch [6/200], Loss: 0.716591
Epoch [7/200], Loss: 0.697641
Epoch [8/200], Loss: 0.682613
Epoch [9/200], Loss: 0.671086
Epoch [10/200], Loss: 0.662487
Epoch [20/200], Loss: 0.625826
Epoch [30/200], Loss: 0.601577
Epoch [40/200], Loss: 0.586606
Epoch [50/200], Loss: 0.575262
Epoch [60/200], Loss: 0.566165
Epoch [70/200], Loss: 0.558686
Epoch [80/200], Loss: 0.552356
Epoch [90/200], Loss: 0.546922
Epoch [100/200], Loss: 0.542209
Epoch [110/200], Loss: 0.538084
Epoch [120/200], Loss: 0.534443
Epoch [130/200], Loss: 0.531203
Epoch [140/200], Loss: 0.528293
Epoch [150/200], Loss: 0.525657
Epoch [160/200], Loss: 0.523250
Epoch [170/200], Loss: 0.521034
Epoch [180/200], Loss: 0.518978
Epoch [190/200], Loss: 0.517060
Epoch [200/200], Loss: 0.515259
Test Loss: 0.549657

Training Balanced Accuracy Scores (chance = 1/num_classes):
  0 (lick_direction): 0.6145  (chance: 0.5000)
  1 (behavioral_context): 0.7568  (chance: 0.5000)
  2 (outcome): 0.6332  (chance: 0.5000)
  3 (tongue_velocity): 0.8730  (chance: 0.5000)
  4 (paw_velocity): 0.8568  (chance: 0.5000)
  5 (motion_energy): 0.6071  (chance: 0.5000)

Validation Balanced Accuracy Scores (chance = 1/num_classes):
  0 (lick_direction): 0.5854  (chance: 0.5000)
  1 (behavioral_context): 0.7397  (chance: 0.5000)
  2 (outcome): 0.5818  (chance: 0.5000)
  3 (tongue_velocity): 0.8623  (chance: 0.5000)
  4 (paw_velocity): 0.8419  (chance: 0.5000)
  5 (motion_energy): 0.5950  (chance: 0.5000)
