Data format warnings:
  - Session 190, trial 242: all neural data is zero
  - Session 190, trial 243: all neural data is zero
  - Session 190, trial 244: all neural data is zero
Number of sessions: 340
Total number of trials: 149339
Number of trials per session: [198, 446, 564, 307, 267, 438, 631, 372, 441, 271, 286, 435, 421, 307, 674, 628, 467, 515, 211, 288, 618, 593, 365, 304, 420, 632, 566, 261, 183, 610, 482, 353, 362, 397, 443, 618, 395, 289, 412, 379, 248, 926, 414, 612, 1085, 439, 369, 360, 255, 313, 356, 499, 338, 466, 710, 633, 422, 333, 466, 349, 255, 320, 515, 341, 403, 538, 367, 427, 394, 358, 262, 384, 268, 446, 237, 422, 402, 216, 467, 326, 326, 308, 147, 532, 304, 428, 359, 535, 532, 535, 398, 574, 210, 370, 547, 559, 569, 442, 342, 624, 335, 654, 657, 203, 190, 351, 285, 428, 358, 232, 1054, 509, 244, 413, 641, 369, 565, 426, 204, 418, 584, 751, 132, 843, 640, 695, 662, 586, 727, 322, 335, 193, 342, 359, 304, 379, 407, 543, 257, 466, 448, 454, 410, 449, 463, 663, 324, 439, 603, 393, 317, 193, 488, 765, 245, 370, 467, 247, 518, 481, 297, 242, 461, 259, 590, 323, 627, 591, 321, 435, 348, 325, 312, 274, 347, 626, 298, 919, 496, 473, 585, 260, 576, 457, 608, 319, 470, 241, 282, 288, 245, 329, 289, 399, 823, 651, 387, 659, 432, 383, 258, 371, 380, 536, 419, 366, 383, 722, 286, 565, 1033, 267, 449, 241, 610, 493, 501, 514, 392, 412, 501, 476, 338, 270, 392, 459, 341, 660, 285, 455, 337, 372, 578, 305, 484, 483, 386, 548, 499, 221, 316, 490, 461, 794, 198, 373, 410, 273, 296, 507, 311, 375, 586, 496, 855, 529, 1093, 326, 561, 423, 226, 280, 524, 407, 317, 628, 304, 286, 513, 355, 131, 298, 687, 579, 295, 326, 325, 358, 394, 288, 505, 262, 508, 555, 436, 314, 511, 467, 320, 698, 529, 290, 882, 293, 338, 347, 439, 379, 677, 248, 386, 657, 327, 398, 352, 313, 511, 231, 519, 419, 475, 226, 389, 457, 328, 679, 462, 697, 306, 708, 533, 185, 254, 350, 226, 519, 257, 407, 493, 741, 267, 484, 373, 407, 1201, 364, 1445, 601, 733, 401]
Number of subjects: 119
Number of brain regions: 269
Number of sessions per subject:
  Subject MFD_05: 3 sessions
  Subject DY_010: 5 sessions
  Subject SWC_038: 2 sessions
  Subject SWC_053: 3 sessions
  Subject NYU-12: 4 sessions
  Subject CSHL045: 4 sessions
  Subject ibl_witten_20: 3 sessions
  Subject UCLA014: 1 sessions
  Subject KS042: 2 sessions
  Subject ZFM-02373: 1 sessions
  Subject UCLA049: 2 sessions
  Subject ibl_witten_26: 4 sessions
  Subject ZFM-01577: 3 sessions
  Subject KS051: 2 sessions
  Subject KS046: 4 sessions
  Subject ZFM-01937: 2 sessions
  Subject UCLA015: 1 sessions
  Subject CSHL055: 1 sessions
  Subject CSHL053: 3 sessions
  Subject DY_008: 2 sessions
  Subject NR_0027: 4 sessions
  Subject MFD_07: 3 sessions
  Subject UCLA033: 3 sessions
  Subject SWC_065: 1 sessions
  Subject CSH_ZAD_026: 5 sessions
  Subject DY_009: 9 sessions
  Subject NYU-47: 2 sessions
  Subject KS022: 1 sessions
  Subject KS014: 3 sessions
  Subject KS016: 3 sessions
  Subject SWC_052: 6 sessions
  Subject ZM_2240: 4 sessions
  Subject KS091: 2 sessions
  Subject UCLA034: 4 sessions
  Subject UCLA006: 1 sessions
  Subject ZFM-01935: 4 sessions
  Subject KS084: 1 sessions
  Subject KS096: 5 sessions
  Subject CSH_ZAD_022: 6 sessions
  Subject CSH_ZAD_029: 7 sessions
  Subject CSH_ZAD_025: 6 sessions
  Subject NYU-37: 5 sessions
  Subject ZFM-04308: 2 sessions
  Subject UCLA044: 2 sessions
  Subject DY_016: 5 sessions
  Subject DY_020: 8 sessions
  Subject NR_0021: 2 sessions
  Subject NR_0028: 4 sessions
  Subject UCLA037: 4 sessions
  Subject ZFM-01936: 4 sessions
  Subject NR_0024: 4 sessions
  Subject DY_013: 3 sessions
  Subject NYU-39: 4 sessions
  Subject MFD_06: 4 sessions
  Subject SWC_061: 3 sessions
  Subject DY_011: 4 sessions
  Subject SWC_058: 4 sessions
  Subject CSHL059: 4 sessions
  Subject NR_0029: 5 sessions
  Subject NYU-48: 3 sessions
  Subject NR_0020: 4 sessions
  Subject CSH_ZAD_001: 1 sessions
  Subject KS094: 4 sessions
  Subject ZM_2241: 4 sessions
  Subject DY_014: 7 sessions
  Subject ibl_witten_13: 2 sessions
  Subject CSH_ZAD_019: 4 sessions
  Subject CSHL052: 2 sessions
  Subject CSHL049: 3 sessions
  Subject ibl_witten_19: 2 sessions
  Subject SWC_043: 6 sessions
  Subject ibl_witten_18: 1 sessions
  Subject NYU-40: 3 sessions
  Subject NYU-45: 2 sessions
  Subject ibl_witten_25: 1 sessions
  Subject DY_018: 3 sessions
  Subject NYU-30: 3 sessions
  Subject NYU-11: 2 sessions
  Subject SWC_054: 6 sessions
  Subject ZFM-01592: 3 sessions
  Subject ibl_witten_29: 6 sessions
  Subject MFD_08: 2 sessions
  Subject CSH_ZAD_011: 1 sessions
  Subject NR_0019: 3 sessions
  Subject NR_0031: 2 sessions
  Subject NYU-46: 4 sessions
  Subject SWC_042: 2 sessions
  Subject UCLA052: 1 sessions
  Subject UCLA035: 2 sessions
  Subject ZFM-02370: 2 sessions
  Subject ZFM-02369: 1 sessions
  Subject ibl_witten_27: 4 sessions
  Subject SWC_039: 1 sessions
  Subject KS044: 2 sessions
  Subject CSHL060: 2 sessions
  Subject UCLA030: 1 sessions
  Subject SWC_060: 3 sessions
  Subject CSH_ZAD_024: 1 sessions
  Subject UCLA011: 1 sessions
  Subject NYU-65: 2 sessions
  Subject ZM_3003: 2 sessions
  Subject KS043: 2 sessions
  Subject ZFM-01576: 2 sessions
  Subject KS023: 4 sessions
  Subject SWC_066: 2 sessions
  Subject ZFM-02368: 1 sessions
  Subject CSHL054: 1 sessions
  Subject KS055: 1 sessions
  Subject CSHL047: 1 sessions
  Subject UCLA005: 1 sessions
  Subject UCLA048: 1 sessions
  Subject ibl_witten_17: 1 sessions
  Subject UCLA036: 1 sessions
  Subject KS086: 2 sessions
  Subject NR_0017: 1 sessions
  Subject MFD_09: 1 sessions
  Subject NYU-21: 1 sessions
  Subject CSHL051: 1 sessions
  Subject CSHL058: 2 sessions
Input dimension: 2
Output dimension: 4
Summary statistics (across all sessions):
  T: mean: 100.00, median: 100.00, min: 100, max: 100
  n_neurons: mean: 1432.87', min: 135, max: 3140
  Input range:
    time_since_stim_onset: [-0.5, 1.5]
    trial_number_in_block: [1.0, 99.0]
  Output range:
    choice: [0.0, 1.0]
    prior: [0.0, 2.0]
    wheel_speed: [0.0, 2.0]
    whisker_motion_energy: [0.0, 2.0]
  Unique outputs per dimension (fraction of data):
    choice: {left (0.496), right (0.504)}
    prior: {0.2 (0.419), 0.5 (0.139), 0.8 (0.441)}
    wheel_speed: {low (0.333), medium (0.333), high (0.333)}
    whisker_motion_energy: {low (0.332), medium (0.332), high (0.335)}
  Brain region distribution:
    SPVI: 2831 neurons
    root: 63769 neurons
    x: 304 neurons
    SPIV: 1595 neurons
    LAV: 697 neurons
    SUV: 976 neurons
    ICB: 146 neurons
    IP: 1779 neurons
    CENT3: 3778 neurons
    VPM: 5364 neurons
    PO: 8081 neurons
    LP: 6168 neurons
    DG: 15031 neurons
    CA3: 9839 neurons
    CA1: 19870 neurons
    VISa: 5945 neurons
    void: 11898 neurons
    ACB: 2455 neurons
    CP: 19705 neurons
    MOp: 7787 neurons
    COAp: 1594 neurons
    BMA: 1062 neurons
    ENTm: 3440 neurons
    SUB: 4533 neurons
    PRE: 1549 neurons
    POST: 2412 neurons
    PA: 872 neurons
    CA2: 518 neurons
    PBG: 107 neurons
    NB: 209 neurons
    VISp: 7204 neurons
    MEA: 703 neurons
    LHA: 873 neurons
    RT: 1848 neurons
    VAL: 1441 neurons
    AV: 1062 neurons
    LD: 2576 neurons
    ZI: 2596 neurons
    LGd: 2548 neurons
    VISrl: 1168 neurons
    PGRN: 1129 neurons
    IRN: 5728 neurons
    PARN: 2007 neurons
    NTS: 1047 neurons
    SNc: 161 neurons
    SNr: 1131 neurons
    MRN: 15956 neurons
    APN: 13119 neurons
    ProS: 2384 neurons
    RN: 2966 neurons
    SCm: 10338 neurons
    SCs: 1877 neurons
    RSPv: 3469 neurons
    RSPd: 2801 neurons
    RSPagl: 2105 neurons
    VISpm: 1731 neurons
    POL: 1130 neurons
    CUL4 5: 7674 neurons
    P5: 479 neurons
    V: 1501 neurons
    SUT: 1379 neurons
    PB: 3102 neurons
    VISpl: 360 neurons
    PSV: 1443 neurons
    I5: 366 neurons
    CUN: 920 neurons
    MG: 1172 neurons
    SPF: 668 neurons
    PoT: 1330 neurons
    SGN: 607 neurons
    TEa: 926 neurons
    AIp: 533 neurons
    VISC: 369 neurons
    SSs: 2978 neurons
    SSp-bfd: 4308 neurons
    MA: 323 neurons
    SI: 1436 neurons
    GPe: 859 neurons
    VPL: 1952 neurons
    PIR: 2934 neurons
    EPv: 697 neurons
    LA: 414 neurons
    MD: 2613 neurons
    LH: 487 neurons
    CL: 247 neurons
    SSp-tr: 1710 neurons
    LSr: 5208 neurons
    LSv: 1233 neurons
    PL: 1685 neurons
    ACAd: 1653 neurons
    MOs: 7215 neurons
    AIv: 709 neurons
    AId: 1096 neurons
    PRNc: 1643 neurons
    PRNr: 3510 neurons
    PPN: 2700 neurons
    IC: 4994 neurons
    PPT: 337 neurons
    NOT: 727 neurons
    VISam: 1932 neurons
    TRS: 511 neurons
    SF: 426 neurons
    LSc: 495 neurons
    ACAv: 1252 neurons
    SPA: 341 neurons
    PVT: 512 neurons
    MH: 110 neurons
    MV: 4742 neurons
    NI: 234 neurons
    PCG: 737 neurons
    CENT2: 3602 neurons
    SPVO: 1392 neurons
    VPMpc: 205 neurons
    PF: 232 neurons
    Eth: 1426 neurons
    PAG: 5354 neurons
    CS: 1301 neurons
    AT: 124 neurons
    MDRN: 2323 neurons
    SPVC: 443 neurons
    ECU: 492 neurons
    UVU: 1667 neurons
    COPY: 3233 neurons
    PYR: 977 neurons
    FOTU: 538 neurons
    DEC: 1712 neurons
    HATA: 512 neurons
    FC: 166 neurons
    MM: 140 neurons
    SUM: 19 neurons
    VTA: 185 neurons
    LGv: 860 neurons
    IG: 134 neurons
    NDB: 309 neurons
    NLL: 1571 neurons
    SAG: 239 neurons
    SSp-ul: 1403 neurons
    VMH: 77 neurons
    DMH: 130 neurons
    PH: 205 neurons
    VM: 350 neurons
    CM: 270 neurons
    IMD: 6 neurons
    SIM: 5490 neurons
    PG: 65 neurons
    IPN: 142 neurons
    DCO: 1338 neurons
    DN: 513 neurons
    VISl: 1418 neurons
    ENTl: 3379 neurons
    VISli: 456 neurons
    LRN: 263 neurons
    AMB: 73 neurons
    LIN: 61 neurons
    DR: 232 neurons
    PRP: 904 neurons
    NOD: 759 neurons
    FN: 146 neurons
    PFL: 1136 neurons
    PRM: 2551 neurons
    GRN: 3252 neurons
    LING: 198 neurons
    MS: 463 neurons
    TTd: 798 neurons
    DP: 1011 neurons
    ILA: 1778 neurons
    STN: 65 neurons
    LDT: 567 neurons
    SMT: 829 neurons
    PCN: 239 neurons
    NPC: 736 neurons
    AM: 456 neurons
    IAD: 100 neurons
    PERI: 137 neurons
    ECT: 567 neurons
    AUDd: 991 neurons
    COAa: 75 neurons
    GPi: 213 neurons
    IGL: 140 neurons
    CEA: 742 neurons
    SSp-n: 1143 neurons
    SSp-un: 86 neurons
    VISpor: 751 neurons
    OT: 840 neurons
    AON: 3239 neurons
    ORBl: 1754 neurons
    FRP: 594 neurons
    MT: 25 neurons
    AAA: 211 neurons
    FS: 116 neurons
    SOC: 540 neurons
    RPF: 212 neurons
    OP: 79 neurons
    TR: 497 neurons
    BLA: 783 neurons
    ORBm: 745 neurons
    ORBvl: 1431 neurons
    AUDv: 876 neurons
    AUDp: 1096 neurons
    PAR: 1568 neurons
    VeCB: 385 neurons
    APr: 255 neurons
    SSp-ll: 1269 neurons
    IO: 61 neurons
    LPO: 136 neurons
    SH: 61 neurons
    BST: 1503 neurons
    PP: 31 neurons
    PIL: 139 neurons
    PAA: 488 neurons
    MOB: 1227 neurons
    PS: 192 neurons
    RH: 63 neurons
    ANcr1: 2346 neurons
    MPT: 22 neurons
    IA: 82 neurons
    MARN: 304 neurons
    VCO: 644 neurons
    FL: 466 neurons
    RR: 106 neurons
    PDTg: 194 neurons
    SSp-m: 3507 neurons
    DTN: 132 neurons
    EPd: 963 neurons
    CLA: 359 neurons
    GU: 445 neurons
    SubG: 48 neurons
    AOB: 90 neurons
    PC5: 113 neurons
    PeF: 167 neurons
    PVHd: 51 neurons
    PR: 94 neurons
    ANcr2: 3060 neurons
    VPLpc: 370 neurons
    IntG: 35 neurons
    AUDpo: 314 neurons
    AVP: 90 neurons
    MPO: 242 neurons
    VISal: 396 neurons
    RE: 148 neurons
    IAM: 24 neurons
    AHN: 101 neurons
    MPN: 24 neurons
    PVH: 67 neurons
    PT: 19 neurons
    Pa5: 12 neurons
    VTN: 130 neurons
    Pa4: 67 neurons
    LM: 31 neurons
    SFO: 1 neurons
    VII: 556 neurons
    LC: 2 neurons
    CU: 434 neurons
    TRN: 760 neurons
    CLI: 273 neurons
    III: 47 neurons
    DT: 14 neurons
    EW: 3 neurons
    VLPO: 16 neurons
    PAS: 6 neurons
    GR: 32 neurons
    y: 18 neurons
    TTv: 7 neurons
    IF: 127 neurons
    RL: 40 neurons
    PSTN: 18 neurons
    MA3: 6 neurons
    TU: 69 neurons
    Xi: 7 neurons

Per-session statistics:
  Mean T: 100.0, 100.0, 100.0, 100.0, 100.0, 100.0, 100.0, 100.0, 100.0, 100.0, 100.0, 100.0, 100.0, 100.0, 100.0, 100.0, 100.0, 100.0, 100.0, 100.0, 100.0, 100.0, 100.0, 100.0, 100.0, 100.0, 100.0, 100.0, 100.0, 100.0, 100.0, 100.0, 100.0, 100.0, 100.0, 100.0, 100.0, 100.0, 100.0, 100.0, 100.0, 100.0, 100.0, 100.0, 100.0, 100.0, 100.0, 100.0, 100.0, 100.0, 100.0, 100.0, 100.0, 100.0, 100.0, 100.0, 100.0, 100.0, 100.0, 100.0, 100.0, 100.0, 100.0, 100.0, 100.0, 100.0, 100.0, 100.0, 100.0, 100.0, 100.0, 100.0, 100.0, 100.0, 100.0, 100.0, 100.0, 100.0, 100.0, 100.0, 100.0, 100.0, 100.0, 100.0, 100.0, 100.0, 100.0, 100.0, 100.0, 100.0, 100.0, 100.0, 100.0, 100.0, 100.0, 100.0, 100.0, 100.0, 100.0, 100.0, 100.0, 100.0, 100.0, 100.0, 100.0, 100.0, 100.0, 100.0, 100.0, 100.0, 100.0, 100.0, 100.0, 100.0, 100.0, 100.0, 100.0, 100.0, 100.0, 100.0, 100.0, 100.0, 100.0, 100.0, 100.0, 100.0, 100.0, 100.0, 100.0, 100.0, 100.0, 100.0, 100.0, 100.0, 100.0, 100.0, 100.0, 100.0, 100.0, 100.0, 100.0, 100.0, 100.0, 100.0, 100.0, 100.0, 100.0, 100.0, 100.0, 100.0, 100.0, 100.0, 100.0, 100.0, 100.0, 100.0, 100.0, 100.0, 100.0, 100.0, 100.0, 100.0, 100.0, 100.0, 100.0, 100.0, 100.0, 100.0, 100.0, 100.0, 100.0, 100.0, 100.0, 100.0, 100.0, 100.0, 100.0, 100.0, 100.0, 100.0, 100.0, 100.0, 100.0, 100.0, 100.0, 100.0, 100.0, 100.0, 100.0, 100.0, 100.0, 100.0, 100.0, 100.0, 100.0, 100.0, 100.0, 100.0, 100.0, 100.0, 100.0, 100.0, 100.0, 100.0, 100.0, 100.0, 100.0, 100.0, 100.0, 100.0, 100.0, 100.0, 100.0, 100.0, 100.0, 100.0, 100.0, 100.0, 100.0, 100.0, 100.0, 100.0, 100.0, 100.0, 100.0, 100.0, 100.0, 100.0, 100.0, 100.0, 100.0, 100.0, 100.0, 100.0, 100.0, 100.0, 100.0, 100.0, 100.0, 100.0, 100.0, 100.0, 100.0, 100.0, 100.0, 100.0, 100.0, 100.0, 100.0, 100.0, 100.0, 100.0, 100.0, 100.0, 100.0, 100.0, 100.0, 100.0, 100.0, 100.0, 100.0, 100.0, 100.0, 100.0, 100.0, 100.0, 100.0, 100.0, 100.0, 100.0, 100.0, 100.0, 100.0, 100.0, 100.0, 100.0, 100.0, 100.0, 100.0, 100.0, 100.0, 100.0, 100.0, 100.0, 100.0, 100.0, 100.0, 100.0, 100.0, 100.0, 100.0, 100.0, 100.0, 100.0, 100.0, 100.0, 100.0, 100.0, 100.0, 100.0, 100.0, 100.0, 100.0, 100.0, 100.0, 100.0, 100.0, 100.0, 100.0, 100.0, 100.0, 100.0, 100.0, 100.0, 100.0, 100.0, 100.0, 100.0, 100.0, 100.0, 100.0, 100.0, 100.0, 100.0, 100.0, 100.0, 100.0, 100.0, 100.0, 100.0, 100.0, 100.0, 100.0, 100.0, 100.0, 100.0, 100.0, 100.0, 100.0, 100.0
  Min T: 100, 100, 100, 100, 100, 100, 100, 100, 100, 100, 100, 100, 100, 100, 100, 100, 100, 100, 100, 100, 100, 100, 100, 100, 100, 100, 100, 100, 100, 100, 100, 100, 100, 100, 100, 100, 100, 100, 100, 100, 100, 100, 100, 100, 100, 100, 100, 100, 100, 100, 100, 100, 100, 100, 100, 100, 100, 100, 100, 100, 100, 100, 100, 100, 100, 100, 100, 100, 100, 100, 100, 100, 100, 100, 100, 100, 100, 100, 100, 100, 100, 100, 100, 100, 100, 100, 100, 100, 100, 100, 100, 100, 100, 100, 100, 100, 100, 100, 100, 100, 100, 100, 100, 100, 100, 100, 100, 100, 100, 100, 100, 100, 100, 100, 100, 100, 100, 100, 100, 100, 100, 100, 100, 100, 100, 100, 100, 100, 100, 100, 100, 100, 100, 100, 100, 100, 100, 100, 100, 100, 100, 100, 100, 100, 100, 100, 100, 100, 100, 100, 100, 100, 100, 100, 100, 100, 100, 100, 100, 100, 100, 100, 100, 100, 100, 100, 100, 100, 100, 100, 100, 100, 100, 100, 100, 100, 100, 100, 100, 100, 100, 100, 100, 100, 100, 100, 100, 100, 100, 100, 100, 100, 100, 100, 100, 100, 100, 100, 100, 100, 100, 100, 100, 100, 100, 100, 100, 100, 100, 100, 100, 100, 100, 100, 100, 100, 100, 100, 100, 100, 100, 100, 100, 100, 100, 100, 100, 100, 100, 100, 100, 100, 100, 100, 100, 100, 100, 100, 100, 100, 100, 100, 100, 100, 100, 100, 100, 100, 100, 100, 100, 100, 100, 100, 100, 100, 100, 100, 100, 100, 100, 100, 100, 100, 100, 100, 100, 100, 100, 100, 100, 100, 100, 100, 100, 100, 100, 100, 100, 100, 100, 100, 100, 100, 100, 100, 100, 100, 100, 100, 100, 100, 100, 100, 100, 100, 100, 100, 100, 100, 100, 100, 100, 100, 100, 100, 100, 100, 100, 100, 100, 100, 100, 100, 100, 100, 100, 100, 100, 100, 100, 100, 100, 100, 100, 100, 100, 100, 100, 100, 100, 100, 100, 100, 100, 100, 100, 100, 100, 100
  Max T: 100, 100, 100, 100, 100, 100, 100, 100, 100, 100, 100, 100, 100, 100, 100, 100, 100, 100, 100, 100, 100, 100, 100, 100, 100, 100, 100, 100, 100, 100, 100, 100, 100, 100, 100, 100, 100, 100, 100, 100, 100, 100, 100, 100, 100, 100, 100, 100, 100, 100, 100, 100, 100, 100, 100, 100, 100, 100, 100, 100, 100, 100, 100, 100, 100, 100, 100, 100, 100, 100, 100, 100, 100, 100, 100, 100, 100, 100, 100, 100, 100, 100, 100, 100, 100, 100, 100, 100, 100, 100, 100, 100, 100, 100, 100, 100, 100, 100, 100, 100, 100, 100, 100, 100, 100, 100, 100, 100, 100, 100, 100, 100, 100, 100, 100, 100, 100, 100, 100, 100, 100, 100, 100, 100, 100, 100, 100, 100, 100, 100, 100, 100, 100, 100, 100, 100, 100, 100, 100, 100, 100, 100, 100, 100, 100, 100, 100, 100, 100, 100, 100, 100, 100, 100, 100, 100, 100, 100, 100, 100, 100, 100, 100, 100, 100, 100, 100, 100, 100, 100, 100, 100, 100, 100, 100, 100, 100, 100, 100, 100, 100, 100, 100, 100, 100, 100, 100, 100, 100, 100, 100, 100, 100, 100, 100, 100, 100, 100, 100, 100, 100, 100, 100, 100, 100, 100, 100, 100, 100, 100, 100, 100, 100, 100, 100, 100, 100, 100, 100, 100, 100, 100, 100, 100, 100, 100, 100, 100, 100, 100, 100, 100, 100, 100, 100, 100, 100, 100, 100, 100, 100, 100, 100, 100, 100, 100, 100, 100, 100, 100, 100, 100, 100, 100, 100, 100, 100, 100, 100, 100, 100, 100, 100, 100, 100, 100, 100, 100, 100, 100, 100, 100, 100, 100, 100, 100, 100, 100, 100, 100, 100, 100, 100, 100, 100, 100, 100, 100, 100, 100, 100, 100, 100, 100, 100, 100, 100, 100, 100, 100, 100, 100, 100, 100, 100, 100, 100, 100, 100, 100, 100, 100, 100, 100, 100, 100, 100, 100, 100, 100, 100, 100, 100, 100, 100, 100, 100, 100, 100, 100, 100, 100, 100, 100, 100, 100, 100, 100, 100, 100
  n_neurons: 1239, 781, 1343, 406, 1673, 1346, 1321, 983, 1821, 1547, 1460, 2461, 1955, 899, 908, 514, 1186, 2846, 626, 1014, 1807, 1241, 2506, 879, 489, 1093, 910, 632, 2023, 1113, 925, 1912, 1141, 2375, 822, 358, 1898, 2175, 1242, 1822, 911, 2298, 2769, 986, 2828, 2793, 867, 2584, 1939, 657, 2095, 1816, 2093, 1273, 1035, 1274, 2047, 1441, 1208, 1525, 709, 697, 1353, 1180, 1553, 1363, 1708, 430, 860, 1776, 151, 1696, 513, 1571, 737, 1902, 519, 841, 1689, 1860, 717, 2564, 1202, 793, 384, 2634, 1877, 1324, 1284, 1363, 765, 1689, 1807, 1044, 1025, 1499, 1453, 167, 2316, 883, 539, 1068, 1900, 1742, 1189, 2055, 2071, 1994, 798, 2736, 1715, 813, 1728, 2220, 731, 967, 549, 2013, 982, 1927, 736, 1962, 1417, 2962, 1895, 1469, 1969, 3011, 1425, 1021, 2130, 582, 481, 1186, 888, 1370, 898, 2027, 914, 1892, 310, 2664, 2480, 313, 1931, 1563, 814, 1366, 2856, 1049, 1232, 1607, 595, 876, 1701, 1864, 1388, 1213, 566, 2521, 1301, 1711, 499, 2612, 616, 1795, 2245, 1237, 2205, 2120, 615, 1203, 2746, 1333, 1316, 2136, 1466, 2148, 2522, 1040, 684, 1676, 1051, 1301, 1091, 910, 1669, 1543, 2416, 2185, 658, 1775, 1114, 1012, 1611, 1532, 563, 685, 1333, 961, 981, 984, 889, 1193, 1684, 1764, 1358, 1744, 2602, 1112, 2146, 647, 603, 1038, 644, 1468, 1926, 1504, 1406, 514, 1254, 1951, 244, 1719, 1846, 2547, 1307, 2520, 1414, 1576, 2017, 2414, 1017, 1504, 1521, 1566, 855, 1739, 2777, 1255, 2129, 1085, 1615, 1270, 1934, 1124, 790, 457, 1529, 1308, 1057, 2617, 1528, 967, 2091, 1637, 1956, 1674, 1487, 818, 1117, 1359, 1624, 1410, 329, 518, 735, 1961, 700, 1669, 638, 2744, 2177, 1108, 1323, 931, 135, 1555, 1221, 709, 728, 1242, 214, 1517, 2250, 326, 1651, 1672, 1048, 1405, 1217, 2681, 2377, 1384, 1575, 2199, 1184, 1235, 758, 1213, 1002, 2622, 1230, 1557, 1190, 1805, 1513, 685, 1934, 1414, 1791, 1083, 2562, 2465, 897, 1257, 1504, 902, 2212, 603, 448, 1093, 2051, 1843, 2001, 1570, 1952, 1578, 1357, 1487, 259, 1619, 1399, 1994, 3140, 891, 2129, 2079, 1400, 950
  Input range:
    0: [-0.5, 1.5] [-0.5, 1.5] [-0.5, 1.5] [-0.5, 1.5] [-0.5, 1.5] [-0.5, 1.5] [-0.5, 1.5] [-0.5, 1.5] [-0.5, 1.5] [-0.5, 1.5] [-0.5, 1.5] [-0.5, 1.5] [-0.5, 1.5] [-0.5, 1.5] [-0.5, 1.5] [-0.5, 1.5] [-0.5, 1.5] [-0.5, 1.5] [-0.5, 1.5] [-0.5, 1.5] [-0.5, 1.5] [-0.5, 1.5] [-0.5, 1.5] [-0.5, 1.5] [-0.5, 1.5] [-0.5, 1.5] [-0.5, 1.5] [-0.5, 1.5] [-0.5, 1.5] [-0.5, 1.5] [-0.5, 1.5] [-0.5, 1.5] [-0.5, 1.5] [-0.5, 1.5] [-0.5, 1.5] [-0.5, 1.5] [-0.5, 1.5] [-0.5, 1.5] [-0.5, 1.5] [-0.5, 1.5] [-0.5, 1.5] [-0.5, 1.5] [-0.5, 1.5] [-0.5, 1.5] [-0.5, 1.5] [-0.5, 1.5] [-0.5, 1.5] [-0.5, 1.5] [-0.5, 1.5] [-0.5, 1.5] [-0.5, 1.5] [-0.5, 1.5] [-0.5, 1.5] [-0.5, 1.5] [-0.5, 1.5] [-0.5, 1.5] [-0.5, 1.5] [-0.5, 1.5] [-0.5, 1.5] [-0.5, 1.5] [-0.5, 1.5] [-0.5, 1.5] [-0.5, 1.5] [-0.5, 1.5] [-0.5, 1.5] [-0.5, 1.5] [-0.5, 1.5] [-0.5, 1.5] [-0.5, 1.5] [-0.5, 1.5] [-0.5, 1.5] [-0.5, 1.5] [-0.5, 1.5] [-0.5, 1.5] [-0.5, 1.5] [-0.5, 1.5] [-0.5, 1.5] [-0.5, 1.5] [-0.5, 1.5] [-0.5, 1.5] [-0.5, 1.5] [-0.5, 1.5] [-0.5, 1.5] [-0.5, 1.5] [-0.5, 1.5] [-0.5, 1.5] [-0.5, 1.5] [-0.5, 1.5] [-0.5, 1.5] [-0.5, 1.5] [-0.5, 1.5] [-0.5, 1.5] [-0.5, 1.5] [-0.5, 1.5] [-0.5, 1.5] [-0.5, 1.5] [-0.5, 1.5] [-0.5, 1.5] [-0.5, 1.5] [-0.5, 1.5] [-0.5, 1.5] [-0.5, 1.5] [-0.5, 1.5] [-0.5, 1.5] [-0.5, 1.5] [-0.5, 1.5] [-0.5, 1.5] [-0.5, 1.5] [-0.5, 1.5] [-0.5, 1.5] [-0.5, 1.5] [-0.5, 1.5] [-0.5, 1.5] [-0.5, 1.5] [-0.5, 1.5] [-0.5, 1.5] [-0.5, 1.5] [-0.5, 1.5] [-0.5, 1.5] [-0.5, 1.5] [-0.5, 1.5] [-0.5, 1.5] [-0.5, 1.5] [-0.5, 1.5] [-0.5, 1.5] [-0.5, 1.5] [-0.5, 1.5] [-0.5, 1.5] [-0.5, 1.5] [-0.5, 1.5] [-0.5, 1.5] [-0.5, 1.5] [-0.5, 1.5] [-0.5, 1.5] [-0.5, 1.5] [-0.5, 1.5] [-0.5, 1.5] [-0.5, 1.5] [-0.5, 1.5] [-0.5, 1.5] [-0.5, 1.5] [-0.5, 1.5] [-0.5, 1.5] [-0.5, 1.5] [-0.5, 1.5] [-0.5, 1.5] [-0.5, 1.5] [-0.5, 1.5] [-0.5, 1.5] [-0.5, 1.5] [-0.5, 1.5] [-0.5, 1.5] [-0.5, 1.5] [-0.5, 1.5] [-0.5, 1.5] [-0.5, 1.5] [-0.5, 1.5] [-0.5, 1.5] [-0.5, 1.5] [-0.5, 1.5] [-0.5, 1.5] [-0.5, 1.5] [-0.5, 1.5] [-0.5, 1.5] [-0.5, 1.5] [-0.5, 1.5] [-0.5, 1.5] [-0.5, 1.5] [-0.5, 1.5] [-0.5, 1.5] [-0.5, 1.5] [-0.5, 1.5] [-0.5, 1.5] [-0.5, 1.5] [-0.5, 1.5] [-0.5, 1.5] [-0.5, 1.5] [-0.5, 1.5] [-0.5, 1.5] [-0.5, 1.5] [-0.5, 1.5] [-0.5, 1.5] [-0.5, 1.5] [-0.5, 1.5] [-0.5, 1.5] [-0.5, 1.5] [-0.5, 1.5] [-0.5, 1.5] [-0.5, 1.5] [-0.5, 1.5] [-0.5, 1.5] [-0.5, 1.5] [-0.5, 1.5] [-0.5, 1.5] [-0.5, 1.5] [-0.5, 1.5] [-0.5, 1.5] [-0.5, 1.5] [-0.5, 1.5] [-0.5, 1.5] [-0.5, 1.5] [-0.5, 1.5] [-0.5, 1.5] [-0.5, 1.5] [-0.5, 1.5] [-0.5, 1.5] [-0.5, 1.5] [-0.5, 1.5] [-0.5, 1.5] [-0.5, 1.5] [-0.5, 1.5] [-0.5, 1.5] [-0.5, 1.5] [-0.5, 1.5] [-0.5, 1.5] [-0.5, 1.5] [-0.5, 1.5] [-0.5, 1.5] [-0.5, 1.5] [-0.5, 1.5] [-0.5, 1.5] [-0.5, 1.5] [-0.5, 1.5] [-0.5, 1.5] [-0.5, 1.5] [-0.5, 1.5] [-0.5, 1.5] [-0.5, 1.5] [-0.5, 1.5] [-0.5, 1.5] [-0.5, 1.5] [-0.5, 1.5] [-0.5, 1.5] [-0.5, 1.5] [-0.5, 1.5] [-0.5, 1.5] [-0.5, 1.5] [-0.5, 1.5] [-0.5, 1.5] [-0.5, 1.5] [-0.5, 1.5] [-0.5, 1.5] [-0.5, 1.5] [-0.5, 1.5] [-0.5, 1.5] [-0.5, 1.5] [-0.5, 1.5] [-0.5, 1.5] [-0.5, 1.5] [-0.5, 1.5] [-0.5, 1.5] [-0.5, 1.5] [-0.5, 1.5] [-0.5, 1.5] [-0.5, 1.5] [-0.5, 1.5] [-0.5, 1.5] [-0.5, 1.5] [-0.5, 1.5] [-0.5, 1.5] [-0.5, 1.5] [-0.5, 1.5] [-0.5, 1.5] [-0.5, 1.5] [-0.5, 1.5] [-0.5, 1.5] [-0.5, 1.5] [-0.5, 1.5] [-0.5, 1.5] [-0.5, 1.5] [-0.5, 1.5] [-0.5, 1.5] [-0.5, 1.5] [-0.5, 1.5] [-0.5, 1.5] [-0.5, 1.5] [-0.5, 1.5] [-0.5, 1.5] [-0.5, 1.5] [-0.5, 1.5] [-0.5, 1.5] [-0.5, 1.5] [-0.5, 1.5] [-0.5, 1.5] [-0.5, 1.5] [-0.5, 1.5] [-0.5, 1.5] [-0.5, 1.5] [-0.5, 1.5] [-0.5, 1.5] [-0.5, 1.5] [-0.5, 1.5] [-0.5, 1.5] [-0.5, 1.5] [-0.5, 1.5] [-0.5, 1.5] [-0.5, 1.5] [-0.5, 1.5] [-0.5, 1.5] [-0.5, 1.5] [-0.5, 1.5] [-0.5, 1.5] [-0.5, 1.5] [-0.5, 1.5] [-0.5, 1.5] [-0.5, 1.5] [-0.5, 1.5] [-0.5, 1.5] [-0.5, 1.5] [-0.5, 1.5] [-0.5, 1.5] [-0.5, 1.5] [-0.5, 1.5] [-0.5, 1.5] [-0.5, 1.5] [-0.5, 1.5] [-0.5, 1.5] [-0.5, 1.5] [-0.5, 1.5] [-0.5, 1.5] [-0.5, 1.5] [-0.5, 1.5] [-0.5, 1.5] [-0.5, 1.5] [-0.5, 1.5] [-0.5, 1.5] [-0.5, 1.5] [-0.5, 1.5] [-0.5, 1.5] [-0.5, 1.5] [-0.5, 1.5] [-0.5, 1.5] [-0.5, 1.5] [-0.5, 1.5] [-0.5, 1.5] [-0.5, 1.5] [-0.5, 1.5] [-0.5, 1.5] [-0.5, 1.5] [-0.5, 1.5] 
    1: [1.0, 90.0] [1.0, 95.0] [1.0, 89.0] [1.0, 90.0] [1.0, 96.0] [1.0, 94.0] [1.0, 89.0] [1.0, 89.0] [1.0, 87.0] [1.0, 93.0] [1.0, 90.0] [1.0, 85.0] [1.0, 96.0] [1.0, 96.0] [1.0, 99.0] [1.0, 96.0] [1.0, 96.0] [1.0, 99.0] [1.0, 91.0] [1.0, 87.0] [1.0, 94.0] [1.0, 96.0] [1.0, 96.0] [1.0, 89.0] [1.0, 96.0] [1.0, 93.0] [1.0, 95.0] [1.0, 89.0] [1.0, 93.0] [1.0, 93.0] [1.0, 90.0] [1.0, 90.0] [1.0, 89.0] [1.0, 90.0] [1.0, 96.0] [1.0, 99.0] [1.0, 90.0] [1.0, 90.0] [1.0, 93.0] [1.0, 96.0] [1.0, 90.0] [1.0, 99.0] [1.0, 90.0] [1.0, 96.0] [1.0, 90.0] [1.0, 99.0] [1.0, 95.0] [1.0, 87.0] [1.0, 96.0] [1.0, 89.0] [1.0, 90.0] [1.0, 93.0] [1.0, 90.0] [1.0, 90.0] [1.0, 93.0] [1.0, 90.0] [1.0, 90.0] [1.0, 90.0] [1.0, 90.0] [1.0, 90.0] [1.0, 91.0] [1.0, 88.0] [1.0, 93.0] [1.0, 91.0] [1.0, 90.0] [1.0, 93.0] [1.0, 94.0] [1.0, 95.0] [1.0, 96.0] [1.0, 89.0] [1.0, 90.0] [1.0, 93.0] [1.0, 90.0] [1.0, 87.0] [1.0, 90.0] [1.0, 93.0] [1.0, 97.0] [1.0, 91.0] [1.0, 96.0] [1.0, 90.0] [1.0, 92.0] [1.0, 92.0] [1.0, 90.0] [1.0, 90.0] [1.0, 90.0] [1.0, 89.0] [1.0, 90.0] [1.0, 90.0] [1.0, 93.0] [1.0, 93.0] [1.0, 93.0] [1.0, 87.0] [1.0, 91.0] [1.0, 96.0] [1.0, 88.0] [1.0, 94.0] [1.0, 92.0] [1.0, 90.0] [1.0, 92.0] [1.0, 99.0] [1.0, 93.0] [1.0, 99.0] [1.0, 95.0] [1.0, 93.0] [1.0, 90.0] [1.0, 90.0] [1.0, 93.0] [1.0, 96.0] [1.0, 98.0] [1.0, 90.0] [1.0, 95.0] [1.0, 99.0] [1.0, 90.0] [1.0, 90.0] [1.0, 96.0] [1.0, 90.0] [1.0, 90.0] [1.0, 96.0] [1.0, 98.0] [1.0, 93.0] [1.0, 88.0] [1.0, 90.0] [2.0, 92.0] [1.0, 96.0] [1.0, 93.0] [1.0, 99.0] [1.0, 90.0] [1.0, 96.0] [1.0, 90.0] [1.0, 90.0] [1.0, 92.0] [1.0, 87.0] [1.0, 86.0] [1.0, 90.0] [1.0, 89.0] [1.0, 89.0] [1.0, 90.0] [1.0, 99.0] [1.0, 90.0] [1.0, 93.0] [1.0, 96.0] [1.0, 93.0] [1.0, 96.0] [1.0, 99.0] [1.0, 98.0] [1.0, 93.0] [1.0, 91.0] [1.0, 96.0] [1.0, 90.0] [1.0, 96.0] [1.0, 90.0] [1.0, 80.0] [1.0, 89.0] [1.0, 85.0] [1.0, 85.0] [1.0, 98.0] [1.0, 90.0] [1.0, 89.0] [1.0, 90.0] [1.0, 93.0] [1.0, 90.0] [1.0, 89.0] [1.0, 89.0] [1.0, 90.0] [1.0, 98.0] [1.0, 90.0] [1.0, 93.0] [1.0, 90.0] [1.0, 90.0] [1.0, 95.0] [1.0, 90.0] [1.0, 83.0] [1.0, 95.0] [1.0, 90.0] [1.0, 96.0] [1.0, 99.0] [1.0, 94.0] [1.0, 96.0] [1.0, 93.0] [1.0, 95.0] [1.0, 96.0] [1.0, 96.0] [1.0, 95.0] [1.0, 90.0] [1.0, 99.0] [1.0, 93.0] [1.0, 96.0] [1.0, 91.0] [1.0, 90.0] [1.0, 90.0] [1.0, 96.0] [1.0, 95.0] [1.0, 91.0] [1.0, 96.0] [1.0, 90.0] [1.0, 90.0] [1.0, 95.0] [1.0, 90.0] [1.0, 98.0] [1.0, 90.0] [1.0, 93.0] [1.0, 90.0] [1.0, 90.0] [1.0, 93.0] [1.0, 90.0] [1.0, 93.0] [1.0, 88.0] [1.0, 92.0] [1.0, 93.0] [1.0, 99.0] [1.0, 90.0] [1.0, 95.0] [1.0, 96.0] [1.0, 90.0] [1.0, 94.0] [1.0, 90.0] [1.0, 93.0] [1.0, 89.0] [1.0, 90.0] [1.0, 90.0] [1.0, 93.0] [1.0, 89.0] [1.0, 93.0] [1.0, 90.0] [1.0, 89.0] [1.0, 97.0] [1.0, 93.0] [1.0, 92.0] [1.0, 92.0] [1.0, 91.0] [1.0, 93.0] [1.0, 89.0] [1.0, 97.0] [1.0, 88.0] [1.0, 96.0] [1.0, 90.0] [1.0, 91.0] [1.0, 90.0] [1.0, 96.0] [1.0, 88.0] [1.0, 96.0] [1.0, 90.0] [1.0, 90.0] [1.0, 99.0] [1.0, 90.0] [1.0, 92.0] [1.0, 90.0] [1.0, 88.0] [1.0, 89.0] [1.0, 93.0] [1.0, 90.0] [1.0, 96.0] [1.0, 93.0] [1.0, 90.0] [1.0, 93.0] [1.0, 93.0] [1.0, 90.0] [1.0, 93.0] [1.0, 96.0] [1.0, 93.0] [1.0, 93.0] [1.0, 96.0] [1.0, 96.0] [1.0, 90.0] [1.0, 90.0] [1.0, 92.0] [1.0, 89.0] [1.0, 90.0] [1.0, 93.0] [1.0, 96.0] [1.0, 86.0] [1.0, 90.0] [1.0, 98.0] [1.0, 99.0] [1.0, 90.0] [1.0, 89.0] [1.0, 92.0] [1.0, 92.0] [1.0, 90.0] [1.0, 90.0] [1.0, 89.0] [1.0, 89.0] [1.0, 93.0] [1.0, 95.0] [1.0, 88.0] [1.0, 96.0] [1.0, 90.0] [1.0, 95.0] [1.0, 90.0] [1.0, 99.0] [1.0, 96.0] [1.0, 90.0] [1.0, 93.0] [1.0, 96.0] [1.0, 90.0] [1.0, 90.0] [1.0, 96.0] [1.0, 90.0] [1.0, 99.0] [1.0, 90.0] [1.0, 93.0] [1.0, 96.0] [1.0, 90.0] [1.0, 92.0] [1.0, 94.0] [1.0, 89.0] [1.0, 93.0] [1.0, 96.0] [1.0, 93.0] [1.0, 90.0] [1.0, 99.0] [1.0, 90.0] [1.0, 95.0] [1.0, 89.0] [1.0, 96.0] [1.0, 90.0] [1.0, 89.0] [1.0, 93.0] [1.0, 90.0] [1.0, 99.0] [1.0, 98.0] [1.0, 90.0] [1.0, 93.0] [1.0, 90.0] [1.0, 90.0] [1.0, 89.0] [1.0, 90.0] [1.0, 97.0] [1.0, 92.0] [1.0, 93.0] [1.0, 90.0] [1.0, 97.0] [1.0, 90.0] [1.0, 96.0] [1.0, 96.0] [1.0, 88.0] [1.0, 90.0] [1.0, 99.0] [1.0, 90.0] [1.0, 90.0] 
  Output range:
    0: [0.0, 1.0] [0.0, 1.0] [0.0, 1.0] [0.0, 1.0] [0.0, 1.0] [0.0, 1.0] [0.0, 1.0] [0.0, 1.0] [0.0, 1.0] [0.0, 1.0] [0.0, 1.0] [0.0, 1.0] [0.0, 1.0] [0.0, 1.0] [0.0, 1.0] [0.0, 1.0] [0.0, 1.0] [0.0, 1.0] [0.0, 1.0] [0.0, 1.0] [0.0, 1.0] [0.0, 1.0] [0.0, 1.0] [0.0, 1.0] [0.0, 1.0] [0.0, 1.0] [0.0, 1.0] [0.0, 1.0] [0.0, 1.0] [0.0, 1.0] [0.0, 1.0] [0.0, 1.0] [0.0, 1.0] [0.0, 1.0] [0.0, 1.0] [0.0, 1.0] [0.0, 1.0] [0.0, 1.0] [0.0, 1.0] [0.0, 1.0] [0.0, 1.0] [0.0, 1.0] [0.0, 1.0] [0.0, 1.0] [0.0, 1.0] [0.0, 1.0] [0.0, 1.0] [0.0, 1.0] [0.0, 1.0] [0.0, 1.0] [0.0, 1.0] [0.0, 1.0] [0.0, 1.0] [0.0, 1.0] [0.0, 1.0] [0.0, 1.0] [0.0, 1.0] [0.0, 1.0] [0.0, 1.0] [0.0, 1.0] [0.0, 1.0] [0.0, 1.0] [0.0, 1.0] [0.0, 1.0] [0.0, 1.0] [0.0, 1.0] [0.0, 1.0] [0.0, 1.0] [0.0, 1.0] [0.0, 1.0] [0.0, 1.0] [0.0, 1.0] [0.0, 1.0] [0.0, 1.0] [0.0, 1.0] [0.0, 1.0] [0.0, 1.0] [0.0, 1.0] [0.0, 1.0] [0.0, 1.0] [0.0, 1.0] [0.0, 1.0] [0.0, 1.0] [0.0, 1.0] [0.0, 1.0] [0.0, 1.0] [0.0, 1.0] [0.0, 1.0] [0.0, 1.0] [0.0, 1.0] [0.0, 1.0] [0.0, 1.0] [0.0, 1.0] [0.0, 1.0] [0.0, 1.0] [0.0, 1.0] [0.0, 1.0] [0.0, 1.0] [0.0, 1.0] [0.0, 1.0] [0.0, 1.0] [0.0, 1.0] [0.0, 1.0] [0.0, 1.0] [0.0, 1.0] [0.0, 1.0] [0.0, 1.0] [0.0, 1.0] [0.0, 1.0] [0.0, 1.0] [0.0, 1.0] [0.0, 1.0] [0.0, 1.0] [0.0, 1.0] [0.0, 1.0] [0.0, 1.0] [0.0, 1.0] [0.0, 1.0] [0.0, 1.0] [0.0, 1.0] [0.0, 1.0] [0.0, 1.0] [0.0, 1.0] [0.0, 1.0] [0.0, 1.0] [0.0, 1.0] [0.0, 1.0] [0.0, 1.0] [0.0, 1.0] [0.0, 1.0] [0.0, 1.0] [0.0, 1.0] [0.0, 1.0] [0.0, 1.0] [0.0, 1.0] [0.0, 1.0] [0.0, 1.0] [0.0, 1.0] [0.0, 1.0] [0.0, 1.0] [0.0, 1.0] [0.0, 1.0] [0.0, 1.0] [0.0, 1.0] [0.0, 1.0] [0.0, 1.0] [0.0, 1.0] [0.0, 1.0] [0.0, 1.0] [0.0, 1.0] [0.0, 1.0] [0.0, 1.0] [0.0, 1.0] [0.0, 1.0] [0.0, 1.0] [0.0, 1.0] [0.0, 1.0] [0.0, 1.0] [0.0, 1.0] [0.0, 1.0] [0.0, 1.0] [0.0, 1.0] [0.0, 1.0] [0.0, 1.0] [0.0, 1.0] [0.0, 1.0] [0.0, 1.0] [0.0, 1.0] [0.0, 1.0] [0.0, 1.0] [0.0, 1.0] [0.0, 1.0] [0.0, 1.0] [0.0, 1.0] [0.0, 1.0] [0.0, 1.0] [0.0, 1.0] [0.0, 1.0] [0.0, 1.0] [0.0, 1.0] [0.0, 1.0] [0.0, 1.0] [0.0, 1.0] [0.0, 1.0] [0.0, 1.0] [0.0, 1.0] [0.0, 1.0] [0.0, 1.0] [0.0, 1.0] [0.0, 1.0] [0.0, 1.0] [0.0, 1.0] [0.0, 1.0] [0.0, 1.0] [0.0, 1.0] [0.0, 1.0] [0.0, 1.0] [0.0, 1.0] [0.0, 1.0] [0.0, 1.0] [0.0, 1.0] [0.0, 1.0] [0.0, 1.0] [0.0, 1.0] [0.0, 1.0] [0.0, 1.0] [0.0, 1.0] [0.0, 1.0] [0.0, 1.0] [0.0, 1.0] [0.0, 1.0] [0.0, 1.0] [0.0, 1.0] [0.0, 1.0] [0.0, 1.0] [0.0, 1.0] [0.0, 1.0] [0.0, 1.0] [0.0, 1.0] [0.0, 1.0] [0.0, 1.0] [0.0, 1.0] [0.0, 1.0] [0.0, 1.0] [0.0, 1.0] [0.0, 1.0] [0.0, 1.0] [0.0, 1.0] [0.0, 1.0] [0.0, 1.0] [0.0, 1.0] [0.0, 1.0] [0.0, 1.0] [0.0, 1.0] [0.0, 1.0] [0.0, 1.0] [0.0, 1.0] [0.0, 1.0] [0.0, 1.0] [0.0, 1.0] [0.0, 1.0] [0.0, 1.0] [0.0, 1.0] [0.0, 1.0] [0.0, 1.0] [0.0, 1.0] [0.0, 1.0] [0.0, 1.0] [0.0, 1.0] [0.0, 1.0] [0.0, 1.0] [0.0, 1.0] [0.0, 1.0] [0.0, 1.0] [0.0, 1.0] [0.0, 1.0] [0.0, 1.0] [0.0, 1.0] [0.0, 1.0] [0.0, 1.0] [0.0, 1.0] [0.0, 1.0] [0.0, 1.0] [0.0, 1.0] [0.0, 1.0] [0.0, 1.0] [0.0, 1.0] [0.0, 1.0] [0.0, 1.0] [0.0, 1.0] [0.0, 1.0] [0.0, 1.0] [0.0, 1.0] [0.0, 1.0] [0.0, 1.0] [0.0, 1.0] [0.0, 1.0] [0.0, 1.0] [0.0, 1.0] [0.0, 1.0] [0.0, 1.0] [0.0, 1.0] [0.0, 1.0] [0.0, 1.0] [0.0, 1.0] [0.0, 1.0] [0.0, 1.0] [0.0, 1.0] [0.0, 1.0] [0.0, 1.0] [0.0, 1.0] [0.0, 1.0] [0.0, 1.0] [0.0, 1.0] [0.0, 1.0] [0.0, 1.0] [0.0, 1.0] [0.0, 1.0] [0.0, 1.0] [0.0, 1.0] [0.0, 1.0] [0.0, 1.0] [0.0, 1.0] [0.0, 1.0] [0.0, 1.0] [0.0, 1.0] [0.0, 1.0] [0.0, 1.0] [0.0, 1.0] [0.0, 1.0] [0.0, 1.0] [0.0, 1.0] [0.0, 1.0] [0.0, 1.0] [0.0, 1.0] [0.0, 1.0] [0.0, 1.0] [0.0, 1.0] [0.0, 1.0] [0.0, 1.0] [0.0, 1.0] [0.0, 1.0] [0.0, 1.0] [0.0, 1.0] [0.0, 1.0] [0.0, 1.0] [0.0, 1.0] [0.0, 1.0] [0.0, 1.0] [0.0, 1.0] [0.0, 1.0] [0.0, 1.0] [0.0, 1.0] [0.0, 1.0] [0.0, 1.0] [0.0, 1.0] [0.0, 1.0] [0.0, 1.0] [0.0, 1.0] [0.0, 1.0] 
    1: [0.0, 2.0] [0.0, 2.0] [0.0, 2.0] [0.0, 2.0] [0.0, 2.0] [0.0, 2.0] [0.0, 2.0] [0.0, 2.0] [0.0, 2.0] [0.0, 2.0] [0.0, 2.0] [0.0, 2.0] [0.0, 2.0] [0.0, 2.0] [0.0, 2.0] [0.0, 2.0] [0.0, 2.0] [0.0, 2.0] [0.0, 2.0] [0.0, 2.0] [0.0, 2.0] [0.0, 2.0] [0.0, 2.0] [0.0, 2.0] [0.0, 2.0] [0.0, 2.0] [0.0, 2.0] [0.0, 2.0] [0.0, 2.0] [0.0, 2.0] [0.0, 2.0] [0.0, 2.0] [0.0, 2.0] [0.0, 2.0] [0.0, 2.0] [0.0, 2.0] [0.0, 2.0] [0.0, 2.0] [0.0, 2.0] [0.0, 2.0] [0.0, 2.0] [0.0, 2.0] [0.0, 2.0] [0.0, 2.0] [0.0, 2.0] [0.0, 2.0] [0.0, 2.0] [0.0, 2.0] [0.0, 2.0] [0.0, 2.0] [0.0, 2.0] [0.0, 2.0] [0.0, 2.0] [0.0, 2.0] [0.0, 2.0] [0.0, 2.0] [0.0, 2.0] [0.0, 2.0] [0.0, 2.0] [0.0, 2.0] [0.0, 2.0] [0.0, 2.0] [0.0, 2.0] [0.0, 2.0] [0.0, 2.0] [0.0, 2.0] [0.0, 2.0] [0.0, 2.0] [0.0, 2.0] [0.0, 2.0] [0.0, 2.0] [0.0, 2.0] [0.0, 2.0] [0.0, 2.0] [0.0, 2.0] [0.0, 2.0] [0.0, 2.0] [0.0, 2.0] [0.0, 2.0] [0.0, 2.0] [0.0, 2.0] [0.0, 2.0] [0.0, 2.0] [0.0, 2.0] [0.0, 2.0] [0.0, 2.0] [0.0, 2.0] [0.0, 2.0] [0.0, 2.0] [0.0, 2.0] [0.0, 2.0] [0.0, 2.0] [0.0, 2.0] [0.0, 2.0] [0.0, 2.0] [0.0, 2.0] [0.0, 2.0] [0.0, 2.0] [0.0, 2.0] [0.0, 2.0] [0.0, 2.0] [0.0, 2.0] [0.0, 2.0] [0.0, 2.0] [0.0, 2.0] [0.0, 2.0] [0.0, 2.0] [0.0, 2.0] [0.0, 2.0] [0.0, 2.0] [0.0, 2.0] [0.0, 2.0] [0.0, 2.0] [0.0, 2.0] [0.0, 2.0] [0.0, 2.0] [0.0, 2.0] [0.0, 2.0] [0.0, 2.0] [0.0, 2.0] [0.0, 2.0] [0.0, 2.0] [0.0, 2.0] [0.0, 2.0] [0.0, 2.0] [0.0, 2.0] [0.0, 2.0] [0.0, 2.0] [0.0, 2.0] [0.0, 2.0] [0.0, 2.0] [0.0, 2.0] [0.0, 2.0] [0.0, 2.0] [0.0, 2.0] [0.0, 2.0] [0.0, 2.0] [0.0, 2.0] [0.0, 2.0] [0.0, 2.0] [0.0, 2.0] [0.0, 2.0] [0.0, 2.0] [0.0, 2.0] [0.0, 2.0] [0.0, 2.0] [0.0, 2.0] [0.0, 2.0] [0.0, 2.0] [0.0, 2.0] [0.0, 2.0] [0.0, 2.0] [0.0, 2.0] [0.0, 2.0] [0.0, 2.0] [0.0, 2.0] [0.0, 2.0] [0.0, 2.0] [0.0, 2.0] [0.0, 2.0] [0.0, 2.0] [0.0, 2.0] [0.0, 2.0] [0.0, 2.0] [0.0, 2.0] [0.0, 2.0] [0.0, 2.0] [0.0, 2.0] [0.0, 2.0] [0.0, 2.0] [0.0, 2.0] [0.0, 2.0] [0.0, 2.0] [0.0, 2.0] [0.0, 2.0] [0.0, 2.0] [0.0, 2.0] [0.0, 2.0] [0.0, 2.0] [0.0, 2.0] [0.0, 2.0] [0.0, 2.0] [0.0, 2.0] [0.0, 2.0] [0.0, 2.0] [0.0, 2.0] [0.0, 2.0] [0.0, 2.0] [0.0, 2.0] [0.0, 2.0] [0.0, 2.0] [0.0, 2.0] [0.0, 2.0] [0.0, 2.0] [0.0, 2.0] [0.0, 2.0] [0.0, 2.0] [0.0, 2.0] [0.0, 2.0] [0.0, 2.0] [0.0, 2.0] [0.0, 2.0] [0.0, 2.0] [0.0, 2.0] [0.0, 2.0] [0.0, 2.0] [0.0, 2.0] [0.0, 2.0] [0.0, 2.0] [0.0, 2.0] [0.0, 2.0] [0.0, 2.0] [0.0, 2.0] [0.0, 2.0] [0.0, 2.0] [0.0, 2.0] [0.0, 2.0] [0.0, 2.0] [0.0, 2.0] [0.0, 2.0] [0.0, 2.0] [0.0, 2.0] [0.0, 2.0] [0.0, 2.0] [0.0, 2.0] [0.0, 2.0] [0.0, 2.0] [0.0, 2.0] [0.0, 2.0] [0.0, 2.0] [0.0, 2.0] [0.0, 2.0] [0.0, 2.0] [0.0, 2.0] [0.0, 2.0] [0.0, 2.0] [0.0, 2.0] [0.0, 2.0] [0.0, 2.0] [0.0, 2.0] [0.0, 2.0] [0.0, 2.0] [0.0, 2.0] [0.0, 2.0] [0.0, 2.0] [0.0, 2.0] [0.0, 2.0] [0.0, 2.0] [0.0, 2.0] [0.0, 2.0] [0.0, 2.0] [0.0, 2.0] [0.0, 2.0] [0.0, 2.0] [0.0, 2.0] [0.0, 2.0] [0.0, 2.0] [0.0, 2.0] [0.0, 2.0] [0.0, 2.0] [0.0, 2.0] [0.0, 2.0] [0.0, 2.0] [0.0, 2.0] [0.0, 2.0] [0.0, 2.0] [0.0, 2.0] [0.0, 2.0] [0.0, 2.0] [0.0, 2.0] [0.0, 2.0] [0.0, 2.0] [0.0, 2.0] [0.0, 2.0] [0.0, 2.0] [0.0, 2.0] [0.0, 2.0] [0.0, 2.0] [0.0, 2.0] [0.0, 2.0] [0.0, 2.0] [0.0, 2.0] [0.0, 2.0] [0.0, 2.0] [0.0, 2.0] [0.0, 2.0] [0.0, 2.0] [0.0, 2.0] [0.0, 2.0] [0.0, 2.0] [0.0, 2.0] [0.0, 2.0] [0.0, 2.0] [0.0, 2.0] [0.0, 2.0] [0.0, 2.0] [0.0, 2.0] [0.0, 2.0] [0.0, 2.0] [0.0, 2.0] [0.0, 2.0] [0.0, 2.0] [0.0, 2.0] [0.0, 2.0] [0.0, 2.0] [0.0, 2.0] [0.0, 2.0] [0.0, 2.0] [0.0, 2.0] [0.0, 2.0] [0.0, 2.0] [0.0, 2.0] [0.0, 2.0] [0.0, 2.0] [0.0, 2.0] [0.0, 2.0] [0.0, 2.0] [0.0, 2.0] [0.0, 2.0] [0.0, 2.0] [0.0, 2.0] [0.0, 2.0] [0.0, 2.0] [0.0, 2.0] [0.0, 2.0] [0.0, 2.0] [0.0, 2.0] [0.0, 2.0] [0.0, 2.0] [0.0, 2.0] [0.0, 2.0] [0.0, 2.0] [0.0, 2.0] [0.0, 2.0] [0.0, 2.0] [0.0, 2.0] [0.0, 2.0] [0.0, 2.0] [0.0, 2.0] [0.0, 2.0] 
    2: [0.0, 2.0] [0.0, 2.0] [0.0, 2.0] [0.0, 2.0] [0.0, 2.0] [0.0, 2.0] [0.0, 2.0] [0.0, 2.0] [0.0, 2.0] [0.0, 2.0] [0.0, 2.0] [0.0, 2.0] [0.0, 2.0] [0.0, 2.0] [0.0, 2.0] [0.0, 2.0] [0.0, 2.0] [0.0, 2.0] [0.0, 2.0] [0.0, 2.0] [0.0, 2.0] [0.0, 2.0] [0.0, 2.0] [0.0, 2.0] [0.0, 2.0] [0.0, 2.0] [0.0, 2.0] [0.0, 2.0] [0.0, 2.0] [0.0, 2.0] [0.0, 2.0] [0.0, 2.0] [0.0, 2.0] [0.0, 2.0] [0.0, 2.0] [0.0, 2.0] [0.0, 2.0] [0.0, 2.0] [0.0, 2.0] [0.0, 2.0] [0.0, 2.0] [0.0, 2.0] [0.0, 2.0] [0.0, 2.0] [0.0, 2.0] [0.0, 2.0] [0.0, 2.0] [0.0, 2.0] [0.0, 2.0] [0.0, 2.0] [0.0, 2.0] [0.0, 2.0] [0.0, 2.0] [0.0, 2.0] [0.0, 2.0] [0.0, 2.0] [0.0, 2.0] [0.0, 2.0] [0.0, 2.0] [0.0, 2.0] [0.0, 2.0] [0.0, 2.0] [0.0, 2.0] [0.0, 2.0] [0.0, 2.0] [0.0, 2.0] [0.0, 2.0] [0.0, 2.0] [0.0, 2.0] [0.0, 2.0] [0.0, 2.0] [0.0, 2.0] [0.0, 2.0] [0.0, 2.0] [0.0, 2.0] [0.0, 2.0] [0.0, 2.0] [0.0, 2.0] [0.0, 2.0] [0.0, 2.0] [0.0, 2.0] [0.0, 2.0] [0.0, 2.0] [0.0, 2.0] [0.0, 2.0] [0.0, 2.0] [0.0, 2.0] [0.0, 2.0] [0.0, 2.0] [0.0, 2.0] [0.0, 2.0] [0.0, 2.0] [0.0, 2.0] [0.0, 2.0] [0.0, 2.0] [0.0, 2.0] [0.0, 2.0] [0.0, 2.0] [0.0, 2.0] [0.0, 2.0] [0.0, 2.0] [0.0, 2.0] [0.0, 2.0] [0.0, 2.0] [0.0, 2.0] [0.0, 2.0] [0.0, 2.0] [0.0, 2.0] [0.0, 2.0] [0.0, 2.0] [0.0, 2.0] [0.0, 2.0] [0.0, 2.0] [0.0, 2.0] [0.0, 2.0] [0.0, 2.0] [0.0, 2.0] [0.0, 2.0] [0.0, 2.0] [0.0, 2.0] [0.0, 2.0] [0.0, 2.0] [0.0, 2.0] [0.0, 2.0] [0.0, 2.0] [0.0, 2.0] [0.0, 2.0] [0.0, 2.0] [0.0, 2.0] [0.0, 2.0] [0.0, 2.0] [0.0, 2.0] [0.0, 2.0] [0.0, 2.0] [0.0, 2.0] [0.0, 2.0] [0.0, 2.0] [0.0, 2.0] [0.0, 2.0] [0.0, 2.0] [0.0, 2.0] [0.0, 2.0] [0.0, 2.0] [0.0, 2.0] [0.0, 2.0] [0.0, 2.0] [0.0, 2.0] [0.0, 2.0] [0.0, 2.0] [0.0, 2.0] [0.0, 2.0] [0.0, 2.0] [0.0, 2.0] [0.0, 2.0] [0.0, 2.0] [0.0, 2.0] [0.0, 2.0] [0.0, 2.0] [0.0, 2.0] [0.0, 2.0] [0.0, 2.0] [0.0, 2.0] [0.0, 2.0] [0.0, 2.0] [0.0, 2.0] [0.0, 2.0] [0.0, 2.0] [0.0, 2.0] [0.0, 2.0] [0.0, 2.0] [0.0, 2.0] [0.0, 2.0] [0.0, 2.0] [0.0, 2.0] [0.0, 2.0] [0.0, 2.0] [0.0, 2.0] [0.0, 2.0] [0.0, 2.0] [0.0, 2.0] [0.0, 2.0] [0.0, 2.0] [0.0, 2.0] [0.0, 2.0] [0.0, 2.0] [0.0, 2.0] [0.0, 2.0] [0.0, 2.0] [0.0, 2.0] [0.0, 2.0] [0.0, 2.0] [0.0, 2.0] [0.0, 2.0] [0.0, 2.0] [0.0, 2.0] [0.0, 2.0] [0.0, 2.0] [0.0, 2.0] [0.0, 2.0] [0.0, 2.0] [0.0, 2.0] [0.0, 2.0] [0.0, 2.0] [0.0, 2.0] [0.0, 2.0] [0.0, 2.0] [0.0, 2.0] [0.0, 2.0] [0.0, 2.0] [0.0, 2.0] [0.0, 2.0] [0.0, 2.0] [0.0, 2.0] [0.0, 2.0] [0.0, 2.0] [0.0, 2.0] [0.0, 2.0] [0.0, 2.0] [0.0, 2.0] [0.0, 2.0] [0.0, 2.0] [0.0, 2.0] [0.0, 2.0] [0.0, 2.0] [0.0, 2.0] [0.0, 2.0] [0.0, 2.0] [0.0, 2.0] [0.0, 2.0] [0.0, 2.0] [0.0, 2.0] [0.0, 2.0] [0.0, 2.0] [0.0, 2.0] [0.0, 2.0] [0.0, 2.0] [0.0, 2.0] [0.0, 2.0] [0.0, 2.0] [0.0, 2.0] [0.0, 2.0] [0.0, 2.0] [0.0, 2.0] [0.0, 2.0] [0.0, 2.0] [0.0, 2.0] [0.0, 2.0] [0.0, 2.0] [0.0, 2.0] [0.0, 2.0] [0.0, 2.0] [0.0, 2.0] [0.0, 2.0] [0.0, 2.0] [0.0, 2.0] [0.0, 2.0] [0.0, 2.0] [0.0, 2.0] [0.0, 2.0] [0.0, 2.0] [0.0, 2.0] [0.0, 2.0] [0.0, 2.0] [0.0, 2.0] [0.0, 2.0] [0.0, 2.0] [0.0, 2.0] [0.0, 2.0] [0.0, 2.0] [0.0, 2.0] [0.0, 2.0] [0.0, 2.0] [0.0, 2.0] [0.0, 2.0] [0.0, 2.0] [0.0, 2.0] [0.0, 2.0] [0.0, 2.0] [0.0, 2.0] [0.0, 2.0] [0.0, 2.0] [0.0, 2.0] [0.0, 2.0] [0.0, 2.0] [0.0, 2.0] [0.0, 2.0] [0.0, 2.0] [0.0, 2.0] [0.0, 2.0] [0.0, 2.0] [0.0, 2.0] [0.0, 2.0] [0.0, 2.0] [0.0, 2.0] [0.0, 2.0] [0.0, 2.0] [0.0, 2.0] [0.0, 2.0] [0.0, 2.0] [0.0, 2.0] [0.0, 2.0] [0.0, 2.0] [0.0, 2.0] [0.0, 2.0] [0.0, 2.0] [0.0, 2.0] [0.0, 2.0] [0.0, 2.0] [0.0, 2.0] [0.0, 2.0] [0.0, 2.0] [0.0, 2.0] [0.0, 2.0] [0.0, 2.0] [0.0, 2.0] [0.0, 2.0] [0.0, 2.0] [0.0, 2.0] [0.0, 2.0] [0.0, 2.0] [0.0, 2.0] [0.0, 2.0] [0.0, 2.0] [0.0, 2.0] [0.0, 2.0] [0.0, 2.0] [0.0, 2.0] [0.0, 2.0] [0.0, 2.0] [0.0, 2.0] [0.0, 2.0] [0.0, 2.0] [0.0, 2.0] [0.0, 2.0] [0.0, 2.0] [0.0, 2.0] [0.0, 2.0] [0.0, 2.0] [0.0, 2.0] [0.0, 2.0] 
    3: [0.0, 2.0] [0.0, 2.0] [0.0, 2.0] [0.0, 2.0] [0.0, 2.0] [0.0, 2.0] [0.0, 2.0] [0.0, 2.0] [0.0, 2.0] [0.0, 2.0] [0.0, 2.0] [0.0, 2.0] [0.0, 2.0] [0.0, 2.0] [0.0, 2.0] [0.0, 2.0] [0.0, 2.0] [0.0, 2.0] [0.0, 2.0] [0.0, 2.0] [0.0, 2.0] [0.0, 2.0] [0.0, 2.0] [0.0, 2.0] [0.0, 2.0] [0.0, 2.0] [0.0, 2.0] [0.0, 2.0] [0.0, 2.0] [0.0, 2.0] [0.0, 2.0] [0.0, 2.0] [0.0, 2.0] [0.0, 2.0] [0.0, 2.0] [0.0, 2.0] [0.0, 2.0] [0.0, 2.0] [0.0, 2.0] [0.0, 2.0] [0.0, 2.0] [0.0, 2.0] [0.0, 2.0] [0.0, 2.0] [0.0, 2.0] [0.0, 2.0] [0.0, 2.0] [0.0, 2.0] [0.0, 2.0] [0.0, 2.0] [0.0, 2.0] [0.0, 2.0] [0.0, 2.0] [0.0, 2.0] [0.0, 2.0] [0.0, 2.0] [0.0, 2.0] [0.0, 2.0] [0.0, 2.0] [0.0, 2.0] [0.0, 2.0] [0.0, 2.0] [0.0, 2.0] [0.0, 2.0] [0.0, 2.0] [0.0, 2.0] [0.0, 2.0] [0.0, 2.0] [0.0, 2.0] [0.0, 2.0] [0.0, 2.0] [0.0, 2.0] [0.0, 2.0] [0.0, 2.0] [0.0, 2.0] [0.0, 2.0] [0.0, 2.0] [0.0, 2.0] [0.0, 2.0] [0.0, 2.0] [0.0, 2.0] [0.0, 2.0] [0.0, 2.0] [0.0, 2.0] [0.0, 2.0] [0.0, 2.0] [0.0, 2.0] [0.0, 2.0] [0.0, 2.0] [0.0, 2.0] [0.0, 2.0] [0.0, 2.0] [0.0, 2.0] [0.0, 2.0] [0.0, 2.0] [0.0, 2.0] [0.0, 2.0] [0.0, 2.0] [0.0, 2.0] [0.0, 2.0] [0.0, 2.0] [0.0, 2.0] [0.0, 2.0] [0.0, 2.0] [0.0, 2.0] [0.0, 2.0] [0.0, 2.0] [0.0, 2.0] [0.0, 2.0] [0.0, 2.0] [0.0, 2.0] [0.0, 2.0] [0.0, 2.0] [0.0, 2.0] [0.0, 2.0] [0.0, 2.0] [0.0, 2.0] [0.0, 2.0] [0.0, 2.0] [0.0, 2.0] [0.0, 2.0] [0.0, 2.0] [0.0, 2.0] [0.0, 2.0] [0.0, 2.0] [0.0, 2.0] [0.0, 2.0] [0.0, 2.0] [0.0, 2.0] [0.0, 2.0] [0.0, 2.0] [0.0, 2.0] [0.0, 2.0] [0.0, 2.0] [0.0, 2.0] [0.0, 2.0] [0.0, 2.0] [0.0, 2.0] [0.0, 2.0] [0.0, 2.0] [0.0, 2.0] [0.0, 2.0] [0.0, 2.0] [0.0, 2.0] [0.0, 2.0] [0.0, 2.0] [0.0, 2.0] [0.0, 2.0] [0.0, 2.0] [0.0, 2.0] [0.0, 2.0] [0.0, 2.0] [0.0, 2.0] [0.0, 2.0] [0.0, 2.0] [0.0, 2.0] [0.0, 2.0] [0.0, 2.0] [0.0, 2.0] [0.0, 2.0] [0.0, 2.0] [0.0, 2.0] [0.0, 2.0] [0.0, 2.0] [0.0, 2.0] [0.0, 2.0] [0.0, 2.0] [0.0, 2.0] [0.0, 2.0] [0.0, 2.0] [0.0, 2.0] [0.0, 2.0] [0.0, 2.0] [0.0, 2.0] [0.0, 2.0] [0.0, 2.0] [0.0, 2.0] [0.0, 2.0] [0.0, 2.0] [0.0, 2.0] [0.0, 2.0] [0.0, 2.0] [0.0, 2.0] [0.0, 2.0] [0.0, 2.0] [0.0, 2.0] [0.0, 2.0] [0.0, 2.0] [0.0, 2.0] [0.0, 2.0] [0.0, 2.0] [0.0, 2.0] [0.0, 2.0] [0.0, 2.0] [0.0, 2.0] [0.0, 2.0] [0.0, 2.0] [0.0, 2.0] [0.0, 2.0] [0.0, 2.0] [0.0, 2.0] [0.0, 2.0] [0.0, 2.0] [0.0, 2.0] [0.0, 2.0] [0.0, 2.0] [0.0, 2.0] [0.0, 2.0] [0.0, 2.0] [0.0, 2.0] [0.0, 2.0] [0.0, 2.0] [0.0, 2.0] [0.0, 2.0] [0.0, 2.0] [0.0, 2.0] [0.0, 2.0] [0.0, 2.0] [0.0, 2.0] [0.0, 2.0] [0.0, 2.0] [0.0, 2.0] [0.0, 2.0] [0.0, 2.0] [0.0, 2.0] [0.0, 2.0] [0.0, 2.0] [0.0, 2.0] [0.0, 2.0] [0.0, 2.0] [0.0, 2.0] [0.0, 2.0] [0.0, 2.0] [0.0, 2.0] [0.0, 2.0] [0.0, 2.0] [0.0, 2.0] [0.0, 2.0] [0.0, 2.0] [0.0, 2.0] [0.0, 2.0] [0.0, 2.0] [0.0, 2.0] [0.0, 2.0] [0.0, 2.0] [0.0, 2.0] [0.0, 2.0] [0.0, 2.0] [0.0, 2.0] [0.0, 2.0] [0.0, 2.0] [0.0, 2.0] [0.0, 2.0] [0.0, 2.0] [0.0, 2.0] [0.0, 2.0] [0.0, 2.0] [0.0, 2.0] [0.0, 2.0] [0.0, 2.0] [0.0, 2.0] [0.0, 2.0] [0.0, 2.0] [0.0, 2.0] [0.0, 2.0] [0.0, 2.0] [0.0, 2.0] [0.0, 2.0] [0.0, 2.0] [0.0, 2.0] [0.0, 2.0] [0.0, 2.0] [0.0, 2.0] [0.0, 2.0] [0.0, 2.0] [0.0, 2.0] [0.0, 2.0] [0.0, 2.0] [0.0, 2.0] [0.0, 2.0] [0.0, 2.0] [0.0, 2.0] [0.0, 2.0] [0.0, 2.0] [0.0, 2.0] [0.0, 2.0] [0.0, 2.0] [0.0, 2.0] [0.0, 2.0] [0.0, 2.0] [0.0, 2.0] [0.0, 2.0] [0.0, 2.0] [0.0, 2.0] [0.0, 2.0] [0.0, 2.0] [0.0, 2.0] [0.0, 2.0] [0.0, 2.0] [0.0, 2.0] [0.0, 2.0] [0.0, 2.0] [0.0, 2.0] [0.0, 2.0] [0.0, 2.0] [0.0, 2.0] [0.0, 2.0] [0.0, 2.0] [0.0, 2.0] [0.0, 2.0] [0.0, 2.0] [0.0, 2.0] [0.0, 2.0] [0.0, 2.0] [0.0, 2.0] [0.0, 2.0] [0.0, 2.0] [0.0, 2.0] [0.0, 2.0] [0.0, 2.0] [0.0, 2.0] [0.0, 2.0] [0.0, 2.0] [0.0, 2.0] [0.0, 2.0] [0.0, 2.0] [0.0, 2.0] [0.0, 2.0] [0.0, 2.0] [0.0, 2.0] [0.0, 2.0] [0.0, 2.0] [0.0, 2.0] [0.0, 2.0] [0.0, 2.0] [0.0, 2.0] [0.0, 2.0] [0.0, 2.0] [0.0, 2.0] [0.0, 2.0] 
  Output fraction of data:
choice: (0.551 0.478 0.333 0.492 0.416 0.454 0.434 0.522 0.270 0.513 0.360 0.609 0.539 0.404 0.641 0.400 0.469 0.435 0.464 0.472 0.409 0.410 0.238 0.411 0.424 0.574 0.318 0.548 0.672 0.451 0.521 0.584 0.442 0.579 0.483 0.351 0.461 0.623 0.481 0.348 0.548 0.443 0.413 0.451 0.509 0.661 0.509 0.439 0.396 0.393 0.702 0.527 0.544 0.440 0.572 0.518 0.493 0.535 0.472 0.556 0.616 0.494 0.402 0.592 0.427 0.582 0.477 0.623 0.558 0.489 0.592 0.370 0.496 0.572 0.414 0.540 0.550 0.495 0.537 0.521 0.561 0.380 0.415 0.513 0.454 0.528 0.474 0.583 0.632 0.557 0.452 0.512 0.395 0.551 0.495 0.335 0.534 0.527 0.491 0.524 0.546 0.529 0.451 0.498 0.458 0.581 0.772 0.593 0.466 0.500 0.498 0.468 0.574 0.433 0.382 0.393 0.561 0.458 0.593 0.388 0.478 0.485 0.508 0.547 0.562 0.482 0.399 0.334 0.553 0.571 0.558 0.554 0.506 0.507 0.405 0.491 0.428 0.394 0.490 0.427 0.467 0.650 0.376 0.588 0.482 0.457 0.648 0.428 0.436 0.201 0.492 0.632 0.334 0.429 0.424 0.378 0.552 0.575 0.550 0.561 0.455 0.504 0.679 0.622 0.408 0.464 0.372 0.548 0.520 0.637 0.540 0.505 0.231 0.631 0.654 0.535 0.466 0.359 0.450 0.412 0.381 0.331 0.491 0.611 0.484 0.527 0.587 0.311 0.511 0.521 0.494 0.122 0.412 0.361 0.434 0.521 0.408 0.492 0.521 0.595 0.492 0.499 0.453 0.558 0.539 0.462 0.616 0.470 0.815 0.414 0.531 0.502 0.428 0.440 0.379 0.531 0.555 0.611 0.559 0.653 0.599 0.506 0.509 0.563 0.464 0.516 0.387 0.562 0.526 0.440 0.383 0.532 0.524 0.731 0.587 0.542 0.503 0.407 0.383 0.538 0.655 0.614 0.497 0.555 0.354 0.568 0.527 0.516 0.439 0.692 0.389 0.587 0.444 0.500 0.574 0.495 0.513 0.531 0.531 0.482 0.611 0.532 0.538 0.764 0.562 0.404 0.599 0.741 0.462 0.346 0.389 0.463 0.662 0.509 0.485 0.500 0.517 0.570 0.594 0.424 0.602 0.798 0.679 0.526 0.390 0.519 0.554 0.649 0.503 0.385 0.363 0.524 0.454 0.430 0.476 0.331 0.408 0.425 0.397 0.484 0.635 0.425 0.642 0.618 0.543 0.441 0.458 0.377 0.403 0.542 0.537 0.540 0.563 0.608 0.537 0.558 0.517 0.403 0.480 0.626 0.546 0.395 0.642 0.557 0.381 0.593 0.350 0.440 0.511 0.429 0.509 0.440 0.657 0.327 0.483 0.558 0.473 0.494 0.487 0.397)  0.449 0.522 0.667 0.508 0.584 0.546 0.566 0.478 0.730 0.487 0.640 0.391 0.461 0.596 0.359 0.600 0.531 0.565 0.536 0.528 0.591 0.590 0.762 0.589 0.576 0.426 0.682 0.452 0.328 0.549 0.479 0.416 0.558 0.421 0.517 0.649 0.539 0.377 0.519 0.652 0.452 0.557 0.587 0.549 0.491 0.339 0.491 0.561 0.604 0.607 0.298 0.473 0.456 0.560 0.428 0.482 0.507 0.465 0.528 0.444 0.384 0.506 0.598 0.408 0.573 0.418 0.523 0.377 0.442 0.511 0.408 0.630 0.504 0.428 0.586 0.460 0.450 0.505 0.463 0.479 0.439 0.620 0.585 0.487 0.546 0.472 0.526 0.417 0.368 0.443 0.548 0.488 0.605 0.449 0.505 0.665 0.466 0.473 0.509 0.476 0.454 0.471 0.549 0.502 0.542 0.419 0.228 0.407 0.534 0.500 0.502 0.532 0.426 0.567 0.618 0.607 0.439 0.542 0.407 0.612 0.522 0.515 0.492 0.453 0.438 0.518 0.601 0.666 0.447 0.429 0.442 0.446 0.494 0.493 0.595 0.509 0.572 0.606 0.510 0.573 0.533 0.350 0.624 0.412 0.518 0.543 0.352 0.572 0.564 0.799 0.508 0.368 0.666 0.571 0.576 0.622 0.448 0.425 0.450 0.439 0.545 0.496 0.321 0.378 0.592 0.536 0.628 0.452 0.480 0.363 0.460 0.495 0.769 0.369 0.346 0.465 0.534 0.641 0.550 0.588 0.619 0.669 0.509 0.389 0.516 0.473 0.413 0.689 0.489 0.479 0.506 0.878 0.588 0.639 0.566 0.479 0.592 0.508 0.479 0.405 0.508 0.501 0.547 0.442 0.461 0.538 0.384 0.530 0.185 0.586 0.469 0.498 0.572 0.560 0.621 0.469 0.445 0.389 0.441 0.347 0.401 0.494 0.491 0.437 0.536 0.484 0.613 0.438 0.474 0.560 0.617 0.468 0.476 0.269 0.413 0.458 0.497 0.593 0.617 0.462 0.345 0.386 0.503 0.445 0.646 0.432 0.473 0.484 0.561 0.308 0.611 0.413 0.556 0.500 0.426 0.505 0.487 0.469 0.469 0.518 0.389 0.468 0.462 0.236 0.438 0.596 0.401 0.259 0.538 0.654 0.611 0.537 0.338 0.491 0.515 0.500 0.483 0.430 0.406 0.576 0.398 0.202 0.321 0.474 0.610 0.481 0.446 0.351 0.497 0.615 0.637 0.476 0.546 0.570 0.524 0.669 0.592 0.575 0.603 0.516 0.365 0.575 0.358 0.382 0.457 0.559 0.542 0.623 0.597 0.458 0.463 0.460 0.437 0.392 0.463 0.442 0.483 0.597 0.520 0.374 0.454 0.605 0.358 0.443 0.619 0.407 0.650 0.560 0.489 0.571 0.491 0.560 0.343 0.673 0.517 0.442 0.527 0.506 0.513 0.603)  
prior: (0.470 0.430 0.420 0.430 0.307 0.317 0.404 0.422 0.472 0.358 0.364 0.616 0.328 0.303 0.427 0.341 0.304 0.501 0.427 0.410 0.529 0.327 0.299 0.372 0.331 0.432 0.339 0.414 0.536 0.441 0.467 0.450 0.401 0.418 0.300 0.515 0.511 0.394 0.420 0.298 0.565 0.397 0.459 0.426 0.497 0.456 0.474 0.528 0.227 0.495 0.438 0.435 0.373 0.386 0.441 0.400 0.422 0.505 0.433 0.421 0.392 0.403 0.363 0.364 0.385 0.418 0.477 0.508 0.322 0.506 0.435 0.396 0.384 0.525 0.245 0.403 0.502 0.394 0.323 0.491 0.417 0.269 0.299 0.442 0.362 0.397 0.457 0.484 0.419 0.441 0.357 0.422 0.257 0.327 0.468 0.349 0.425 0.437 0.468 0.401 0.421 0.491 0.412 0.305 0.368 0.390 0.449 0.320 0.534 0.341 0.482 0.481 0.541 0.409 0.326 0.501 0.437 0.275 0.485 0.340 0.447 0.407 0.447 0.386 0.434 0.436 0.468 0.282 0.470 0.438 0.433 0.518 0.485 0.398 0.368 0.462 0.440 0.413 0.463 0.468 0.388 0.416 0.383 0.443 0.460 0.465 0.460 0.305 0.393 0.290 0.413 0.363 0.355 0.412 0.518 0.381 0.415 0.425 0.490 0.407 0.360 0.521 0.479 0.336 0.437 0.471 0.477 0.467 0.480 0.499 0.440 0.406 0.250 0.445 0.314 0.395 0.272 0.368 0.405 0.438 0.337 0.281 0.488 0.575 0.429 0.420 0.336 0.357 0.252 0.372 0.343 0.267 0.343 0.293 0.546 0.515 0.305 0.530 0.456 0.413 0.450 0.410 0.405 0.442 0.513 0.429 0.460 0.485 0.493 0.444 0.534 0.292 0.336 0.402 0.389 0.442 0.411 0.424 0.401 0.527 0.449 0.458 0.376 0.507 0.452 0.475 0.478 0.447 0.382 0.418 0.404 0.489 0.410 0.423 0.331 0.462 0.350 0.447 0.391 0.421 0.361 0.506 0.386 0.406 0.288 0.426 0.512 0.440 0.338 0.531 0.341 0.248 0.437 0.446 0.523 0.431 0.518 0.491 0.412 0.449 0.456 0.300 0.282 0.447 0.382 0.470 0.434 0.420 0.442 0.307 0.443 0.460 0.389 0.449 0.441 0.426 0.388 0.405 0.462 0.358 0.475 0.366 0.453 0.476 0.470 0.280 0.401 0.471 0.369 0.380 0.259 0.431 0.418 0.304 0.414 0.331 0.296 0.356 0.411 0.379 0.420 0.336 0.489 0.359 0.312 0.470 0.448 0.238 0.408 0.379 0.446 0.522 0.326 0.453 0.262 0.449 0.463 0.442 0.441 0.446 0.426 0.368 0.429 0.449 0.407 0.489 0.389 0.403 0.394 0.425 0.386 0.436 0.426 0.388 0.440 0.429 0.428 0.388 0.460 0.421)  0.126 0.114 0.115 0.215 0.112 0.144 0.114 0.175 0.136 0.266 0.154 0.110 0.164 0.199 0.096 0.092 0.161 0.105 0.118 0.208 0.102 0.111 0.115 0.220 0.095 0.111 0.104 0.295 0.191 0.115 0.110 0.198 0.174 0.136 0.149 0.087 0.144 0.225 0.102 0.121 0.206 0.076 0.150 0.080 0.080 0.164 0.154 0.100 0.278 0.153 0.188 0.132 0.166 0.155 0.096 0.103 0.168 0.135 0.142 0.166 0.290 0.212 0.087 0.211 0.203 0.102 0.098 0.183 0.175 0.162 0.233 0.146 0.261 0.132 0.316 0.171 0.157 0.236 0.139 0.175 0.215 0.136 0.252 0.113 0.227 0.161 0.170 0.105 0.158 0.150 0.178 0.099 0.229 0.151 0.112 0.102 0.127 0.183 0.170 0.119 0.179 0.099 0.059 0.222 0.195 0.177 0.196 0.143 0.078 0.306 0.073 0.112 0.184 0.148 0.067 0.133 0.135 0.141 0.176 0.165 0.120 0.080 0.129 0.081 0.103 0.096 0.100 0.118 0.088 0.205 0.203 0.135 0.149 0.220 0.243 0.148 0.147 0.109 0.198 0.139 0.163 0.156 0.144 0.145 0.136 0.101 0.225 0.164 0.075 0.191 0.205 0.104 0.129 0.094 0.139 0.130 0.161 0.186 0.158 0.143 0.202 0.190 0.145 0.266 0.117 0.204 0.100 0.112 0.206 0.124 0.193 0.148 0.199 0.208 0.176 0.093 0.221 0.073 0.105 0.169 0.113 0.219 0.099 0.153 0.104 0.172 0.132 0.261 0.227 0.233 0.290 0.234 0.142 0.128 0.062 0.103 0.127 0.080 0.160 0.178 0.132 0.199 0.166 0.134 0.150 0.145 0.193 0.082 0.119 0.120 0.079 0.266 0.160 0.307 0.098 0.120 0.110 0.113 0.191 0.175 0.152 0.151 0.237 0.156 0.110 0.111 0.091 0.082 0.140 0.110 0.136 0.105 0.112 0.177 0.147 0.164 0.127 0.141 0.128 0.204 0.120 0.129 0.143 0.105 0.268 0.193 0.154 0.216 0.253 0.150 0.158 0.149 0.108 0.123 0.082 0.132 0.071 0.178 0.107 0.147 0.146 0.232 0.124 0.197 0.256 0.094 0.145 0.231 0.136 0.180 0.168 0.221 0.092 0.105 0.220 0.199 0.231 0.193 0.188 0.257 0.105 0.160 0.142 0.137 0.096 0.245 0.123 0.120 0.231 0.086 0.140 0.262 0.087 0.188 0.216 0.190 0.178 0.158 0.099 0.343 0.171 0.104 0.199 0.196 0.196 0.182 0.102 0.277 0.118 0.153 0.147 0.146 0.149 0.131 0.250 0.102 0.149 0.083 0.170 0.105 0.109 0.270 0.209 0.154 0.270 0.137 0.230 0.088 0.154 0.074 0.206 0.140 0.190 0.113 0.070 0.170 0.056 0.092 0.111 0.150)  0.404 0.455 0.465 0.355 0.581 0.539 0.482 0.403 0.392 0.376 0.483 0.274 0.508 0.498 0.476 0.567 0.535 0.394 0.455 0.382 0.369 0.562 0.586 0.408 0.574 0.457 0.557 0.291 0.273 0.444 0.423 0.351 0.425 0.446 0.551 0.398 0.344 0.381 0.478 0.580 0.230 0.527 0.391 0.493 0.423 0.380 0.371 0.372 0.494 0.351 0.374 0.433 0.462 0.459 0.463 0.498 0.410 0.360 0.425 0.413 0.318 0.384 0.550 0.425 0.412 0.480 0.425 0.309 0.503 0.332 0.332 0.458 0.354 0.343 0.439 0.427 0.341 0.370 0.537 0.334 0.368 0.594 0.449 0.445 0.411 0.442 0.373 0.411 0.423 0.409 0.465 0.479 0.514 0.522 0.420 0.549 0.448 0.380 0.363 0.481 0.400 0.410 0.528 0.473 0.437 0.433 0.354 0.537 0.388 0.353 0.445 0.407 0.275 0.443 0.607 0.366 0.428 0.585 0.338 0.495 0.433 0.513 0.424 0.534 0.463 0.468 0.432 0.601 0.442 0.357 0.364 0.347 0.365 0.382 0.388 0.391 0.413 0.479 0.339 0.393 0.449 0.427 0.473 0.412 0.404 0.434 0.315 0.531 0.532 0.519 0.382 0.534 0.516 0.494 0.343 0.489 0.424 0.389 0.351 0.449 0.438 0.289 0.375 0.398 0.446 0.325 0.423 0.421 0.315 0.377 0.368 0.446 0.551 0.347 0.510 0.513 0.507 0.559 0.490 0.393 0.550 0.500 0.413 0.271 0.467 0.408 0.532 0.382 0.521 0.396 0.367 0.498 0.516 0.579 0.392 0.382 0.568 0.390 0.384 0.410 0.419 0.391 0.429 0.424 0.337 0.426 0.347 0.434 0.388 0.435 0.386 0.442 0.503 0.290 0.513 0.438 0.479 0.463 0.408 0.299 0.399 0.391 0.388 0.337 0.439 0.414 0.431 0.471 0.477 0.473 0.460 0.406 0.478 0.400 0.523 0.375 0.523 0.412 0.481 0.376 0.519 0.365 0.471 0.490 0.444 0.381 0.334 0.344 0.409 0.320 0.502 0.603 0.456 0.431 0.395 0.437 0.411 0.331 0.481 0.404 0.398 0.468 0.594 0.356 0.363 0.436 0.421 0.350 0.421 0.513 0.389 0.319 0.520 0.446 0.339 0.374 0.382 0.402 0.350 0.385 0.420 0.473 0.406 0.387 0.433 0.475 0.476 0.409 0.400 0.534 0.601 0.307 0.494 0.509 0.370 0.478 0.526 0.485 0.490 0.278 0.409 0.560 0.312 0.445 0.491 0.348 0.450 0.485 0.474 0.468 0.406 0.332 0.524 0.416 0.488 0.449 0.387 0.475 0.389 0.449 0.465 0.362 0.362 0.397 0.323 0.374 0.381 0.509 0.452 0.501 0.408 0.424 0.383 0.499 0.490 0.401 0.516 0.521 0.430 0.429)  
wheel_speed: (0.333 0.333 0.333 0.333 0.333 0.333 0.333 0.333 0.333 0.333 0.333 0.333 0.333 0.333 0.333 0.333 0.333 0.333 0.333 0.333 0.333 0.333 0.333 0.333 0.333 0.333 0.333 0.333 0.333 0.333 0.333 0.333 0.333 0.333 0.333 0.333 0.333 0.333 0.333 0.333 0.333 0.333 0.333 0.333 0.333 0.333 0.333 0.333 0.333 0.333 0.333 0.333 0.333 0.333 0.333 0.333 0.333 0.333 0.333 0.333 0.333 0.333 0.333 0.333 0.333 0.333 0.333 0.333 0.333 0.333 0.333 0.333 0.333 0.333 0.333 0.333 0.333 0.333 0.333 0.333 0.333 0.333 0.333 0.333 0.333 0.333 0.333 0.333 0.333 0.333 0.333 0.333 0.333 0.333 0.333 0.333 0.333 0.333 0.333 0.333 0.333 0.333 0.333 0.333 0.333 0.333 0.333 0.333 0.333 0.333 0.333 0.333 0.333 0.333 0.333 0.333 0.333 0.333 0.333 0.333 0.333 0.333 0.333 0.333 0.333 0.333 0.333 0.333 0.333 0.333 0.333 0.333 0.333 0.333 0.333 0.333 0.333 0.333 0.333 0.333 0.333 0.333 0.333 0.333 0.333 0.333 0.333 0.333 0.333 0.333 0.333 0.333 0.333 0.333 0.333 0.333 0.333 0.333 0.333 0.333 0.333 0.333 0.333 0.333 0.333 0.333 0.333 0.333 0.333 0.333 0.333 0.333 0.333 0.333 0.333 0.333 0.333 0.333 0.333 0.333 0.333 0.333 0.333 0.333 0.333 0.333 0.333 0.333 0.333 0.333 0.333 0.333 0.333 0.333 0.333 0.333 0.333 0.333 0.333 0.333 0.333 0.333 0.333 0.333 0.333 0.333 0.333 0.333 0.333 0.333 0.333 0.333 0.333 0.333 0.333 0.333 0.333 0.333 0.333 0.333 0.333 0.333 0.333 0.333 0.333 0.333 0.333 0.333 0.333 0.333 0.333 0.333 0.333 0.333 0.333 0.333 0.333 0.333 0.333 0.333 0.333 0.333 0.333 0.333 0.333 0.333 0.333 0.333 0.333 0.333 0.333 0.333 0.333 0.333 0.333 0.333 0.333 0.333 0.333 0.333 0.333 0.333 0.333 0.333 0.333 0.333 0.333 0.333 0.333 0.333 0.333 0.333 0.333 0.333 0.333 0.333 0.333 0.333 0.333 0.333 0.333 0.333 0.333 0.333 0.333 0.333 0.333 0.333 0.333 0.333 0.333 0.333 0.333 0.333 0.333 0.333 0.333 0.333 0.333 0.333 0.333 0.333 0.333 0.333 0.333 0.333 0.333 0.333 0.333 0.333 0.333 0.333 0.333 0.333 0.333 0.333 0.333 0.333 0.333 0.333 0.333 0.333 0.333 0.333 0.333 0.333 0.333 0.333 0.333 0.333 0.333 0.333 0.333 0.333 0.333 0.333 0.333 0.333 0.333 0.333)  0.333 0.333 0.333 0.333 0.333 0.333 0.333 0.333 0.333 0.333 0.333 0.333 0.333 0.333 0.333 0.333 0.333 0.333 0.333 0.333 0.333 0.333 0.333 0.333 0.333 0.333 0.333 0.333 0.333 0.333 0.333 0.333 0.333 0.333 0.333 0.333 0.333 0.333 0.333 0.333 0.333 0.333 0.333 0.333 0.333 0.333 0.333 0.333 0.333 0.333 0.333 0.333 0.333 0.333 0.333 0.333 0.333 0.333 0.333 0.333 0.333 0.333 0.333 0.333 0.333 0.333 0.333 0.333 0.333 0.333 0.333 0.333 0.333 0.333 0.333 0.333 0.333 0.333 0.333 0.333 0.333 0.333 0.333 0.333 0.333 0.333 0.333 0.333 0.333 0.333 0.333 0.333 0.333 0.333 0.333 0.333 0.333 0.333 0.333 0.333 0.333 0.333 0.333 0.333 0.333 0.333 0.333 0.333 0.333 0.333 0.333 0.333 0.333 0.333 0.333 0.333 0.333 0.333 0.333 0.333 0.333 0.333 0.333 0.333 0.333 0.333 0.333 0.333 0.333 0.333 0.333 0.333 0.333 0.333 0.333 0.333 0.333 0.333 0.333 0.333 0.333 0.333 0.333 0.333 0.333 0.333 0.333 0.333 0.333 0.333 0.333 0.333 0.333 0.333 0.333 0.333 0.333 0.333 0.333 0.333 0.333 0.333 0.333 0.333 0.333 0.333 0.333 0.333 0.333 0.333 0.333 0.333 0.333 0.333 0.333 0.333 0.333 0.333 0.333 0.333 0.333 0.333 0.333 0.333 0.333 0.333 0.333 0.333 0.333 0.333 0.333 0.333 0.333 0.333 0.333 0.333 0.333 0.333 0.333 0.333 0.333 0.333 0.333 0.333 0.333 0.333 0.333 0.333 0.333 0.333 0.333 0.333 0.333 0.333 0.333 0.333 0.333 0.333 0.333 0.333 0.333 0.333 0.333 0.333 0.333 0.333 0.333 0.333 0.333 0.333 0.333 0.333 0.333 0.333 0.333 0.333 0.333 0.333 0.333 0.333 0.333 0.333 0.333 0.333 0.333 0.333 0.333 0.333 0.333 0.333 0.333 0.333 0.333 0.333 0.333 0.333 0.333 0.333 0.333 0.333 0.333 0.333 0.333 0.333 0.333 0.333 0.333 0.333 0.333 0.333 0.333 0.333 0.333 0.333 0.333 0.333 0.333 0.333 0.333 0.333 0.333 0.333 0.333 0.333 0.333 0.333 0.333 0.333 0.333 0.333 0.333 0.333 0.333 0.333 0.333 0.333 0.333 0.333 0.333 0.333 0.333 0.333 0.333 0.333 0.333 0.333 0.333 0.333 0.333 0.333 0.333 0.333 0.333 0.333 0.333 0.333 0.333 0.333 0.333 0.333 0.333 0.333 0.333 0.333 0.333 0.333 0.333 0.333 0.333 0.333 0.333 0.333 0.333 0.333 0.333 0.333 0.333 0.333 0.333 0.333)  0.333 0.333 0.333 0.333 0.333 0.333 0.333 0.333 0.333 0.333 0.333 0.333 0.333 0.333 0.333 0.333 0.333 0.333 0.333 0.333 0.333 0.333 0.333 0.333 0.333 0.333 0.333 0.333 0.333 0.333 0.333 0.333 0.333 0.333 0.333 0.333 0.333 0.333 0.333 0.333 0.333 0.333 0.333 0.333 0.333 0.333 0.333 0.333 0.333 0.333 0.333 0.333 0.333 0.333 0.333 0.333 0.333 0.333 0.333 0.333 0.333 0.333 0.333 0.333 0.333 0.333 0.333 0.333 0.333 0.333 0.333 0.333 0.333 0.333 0.333 0.333 0.333 0.333 0.333 0.333 0.333 0.333 0.333 0.333 0.333 0.333 0.333 0.333 0.333 0.333 0.333 0.333 0.333 0.333 0.333 0.333 0.333 0.333 0.333 0.333 0.333 0.333 0.333 0.333 0.333 0.333 0.333 0.333 0.333 0.333 0.333 0.333 0.333 0.333 0.333 0.333 0.333 0.333 0.333 0.333 0.333 0.333 0.333 0.333 0.333 0.333 0.333 0.333 0.333 0.333 0.333 0.333 0.333 0.333 0.333 0.333 0.333 0.333 0.333 0.333 0.333 0.333 0.333 0.333 0.333 0.333 0.333 0.333 0.333 0.333 0.333 0.333 0.333 0.333 0.333 0.333 0.333 0.333 0.333 0.333 0.333 0.333 0.333 0.333 0.333 0.333 0.333 0.333 0.333 0.333 0.333 0.333 0.333 0.333 0.333 0.333 0.333 0.333 0.333 0.333 0.333 0.333 0.333 0.333 0.333 0.333 0.333 0.333 0.333 0.333 0.333 0.333 0.333 0.333 0.333 0.333 0.333 0.333 0.333 0.333 0.333 0.333 0.333 0.333 0.333 0.333 0.333 0.333 0.333 0.333 0.333 0.333 0.333 0.333 0.333 0.333 0.333 0.333 0.333 0.333 0.333 0.333 0.333 0.333 0.333 0.333 0.333 0.333 0.333 0.333 0.333 0.333 0.333 0.333 0.333 0.333 0.333 0.333 0.333 0.333 0.333 0.333 0.333 0.333 0.333 0.333 0.333 0.333 0.333 0.333 0.333 0.333 0.333 0.333 0.333 0.333 0.333 0.333 0.333 0.333 0.333 0.333 0.333 0.333 0.333 0.333 0.333 0.333 0.333 0.333 0.333 0.333 0.333 0.333 0.333 0.333 0.333 0.333 0.333 0.333 0.333 0.333 0.333 0.333 0.333 0.333 0.333 0.333 0.333 0.333 0.333 0.333 0.333 0.333 0.333 0.333 0.333 0.333 0.333 0.333 0.333 0.333 0.333 0.333 0.333 0.333 0.333 0.333 0.333 0.333 0.333 0.333 0.333 0.333 0.333 0.333 0.333 0.333 0.333 0.333 0.333 0.333 0.333 0.333 0.333 0.333 0.333 0.333 0.333 0.333 0.333 0.333 0.333 0.333 0.333 0.333 0.333 0.333 0.333 0.333)  
whisker_motion_energy: (0.333 0.333 0.333 0.333 0.333 0.333 0.333 0.333 0.333 0.333 0.333 0.333 0.333 0.333 0.333 0.333 0.333 0.333 0.333 0.333 0.333 0.333 0.333 0.333 0.333 0.333 0.333 0.333 0.333 0.333 0.333 0.333 0.333 0.333 0.333 0.333 0.333 0.333 0.333 0.333 0.333 0.333 0.333 0.333 0.333 0.333 0.333 0.333 0.333 0.333 0.333 0.333 0.333 0.333 0.333 0.333 0.333 0.333 0.333 0.333 0.333 0.333 0.333 0.333 0.333 0.333 0.333 0.333 0.333 0.333 0.333 0.333 0.333 0.333 0.333 0.333 0.333 0.333 0.333 0.333 0.333 0.333 0.333 0.333 0.333 0.333 0.333 0.333 0.333 0.333 0.333 0.333 0.333 0.333 0.333 0.333 0.333 0.333 0.333 0.333 0.333 0.333 0.333 0.333 0.333 0.333 0.333 0.333 0.333 0.333 0.333 0.333 0.333 0.333 0.333 0.333 0.333 0.333 0.333 0.000 0.333 0.333 0.333 0.333 0.333 0.333 0.333 0.333 0.333 0.333 0.333 0.333 0.333 0.333 0.333 0.333 0.333 0.333 0.333 0.333 0.333 0.333 0.333 0.333 0.333 0.333 0.333 0.333 0.333 0.333 0.333 0.333 0.333 0.333 0.333 0.333 0.333 0.333 0.333 0.333 0.333 0.333 0.333 0.333 0.333 0.333 0.333 0.333 0.333 0.333 0.333 0.333 0.333 0.333 0.333 0.333 0.333 0.333 0.333 0.333 0.333 0.333 0.333 0.333 0.333 0.333 0.333 0.333 0.333 0.333 0.333 0.333 0.333 0.333 0.333 0.333 0.333 0.333 0.333 0.333 0.333 0.333 0.333 0.333 0.333 0.333 0.333 0.333 0.333 0.333 0.333 0.333 0.333 0.333 0.333 0.333 0.333 0.333 0.333 0.333 0.333 0.333 0.333 0.333 0.333 0.333 0.333 0.333 0.333 0.333 0.333 0.333 0.333 0.333 0.333 0.333 0.333 0.333 0.333 0.333 0.333 0.333 0.333 0.333 0.333 0.333 0.333 0.333 0.333 0.333 0.333 0.333 0.333 0.333 0.333 0.333 0.333 0.333 0.333 0.333 0.333 0.333 0.333 0.333 0.333 0.333 0.333 0.333 0.333 0.333 0.333 0.333 0.333 0.333 0.333 0.333 0.333 0.333 0.333 0.333 0.333 0.333 0.333 0.333 0.333 0.333 0.333 0.333 0.333 0.333 0.333 0.333 0.333 0.333 0.333 0.333 0.333 0.333 0.333 0.333 0.333 0.333 0.333 0.333 0.333 0.333 0.333 0.333 0.333 0.333 0.333 0.333 0.333 0.333 0.333 0.333 0.333 0.333 0.333 0.333 0.333 0.333 0.333 0.333 0.333 0.333 0.333 0.333 0.333 0.333 0.333 0.333 0.333 0.333 0.333 0.333 0.333 0.333 0.333 0.333)  0.333 0.333 0.333 0.333 0.333 0.333 0.333 0.333 0.333 0.333 0.333 0.333 0.333 0.333 0.333 0.333 0.333 0.333 0.333 0.333 0.333 0.333 0.333 0.333 0.333 0.333 0.333 0.333 0.333 0.333 0.333 0.333 0.333 0.333 0.333 0.333 0.333 0.333 0.333 0.333 0.333 0.333 0.333 0.333 0.333 0.333 0.333 0.333 0.333 0.333 0.333 0.333 0.333 0.333 0.333 0.333 0.333 0.333 0.333 0.333 0.333 0.333 0.333 0.333 0.333 0.333 0.333 0.333 0.333 0.333 0.333 0.333 0.333 0.333 0.333 0.333 0.333 0.333 0.333 0.333 0.333 0.333 0.333 0.333 0.333 0.333 0.333 0.333 0.333 0.333 0.333 0.333 0.333 0.333 0.333 0.333 0.333 0.333 0.333 0.333 0.333 0.333 0.333 0.333 0.333 0.333 0.333 0.333 0.333 0.333 0.333 0.333 0.333 0.333 0.333 0.333 0.333 0.333 0.333 0.000 0.333 0.333 0.333 0.333 0.333 0.333 0.333 0.333 0.333 0.333 0.333 0.333 0.333 0.333 0.333 0.333 0.333 0.333 0.333 0.333 0.333 0.333 0.333 0.333 0.333 0.333 0.333 0.333 0.333 0.333 0.333 0.333 0.333 0.333 0.333 0.333 0.333 0.333 0.333 0.333 0.333 0.333 0.333 0.333 0.333 0.333 0.333 0.333 0.333 0.333 0.333 0.333 0.333 0.333 0.333 0.333 0.333 0.333 0.333 0.333 0.333 0.333 0.333 0.333 0.333 0.333 0.333 0.333 0.333 0.333 0.333 0.333 0.333 0.333 0.333 0.333 0.333 0.333 0.333 0.333 0.333 0.333 0.333 0.333 0.333 0.333 0.333 0.333 0.333 0.333 0.333 0.333 0.333 0.333 0.333 0.333 0.333 0.333 0.333 0.333 0.333 0.333 0.333 0.333 0.333 0.333 0.333 0.333 0.333 0.333 0.333 0.333 0.333 0.333 0.333 0.333 0.333 0.333 0.333 0.333 0.333 0.333 0.333 0.333 0.333 0.333 0.333 0.333 0.333 0.333 0.333 0.333 0.333 0.333 0.333 0.333 0.333 0.333 0.333 0.333 0.333 0.333 0.333 0.333 0.333 0.333 0.333 0.333 0.333 0.333 0.333 0.333 0.333 0.333 0.333 0.333 0.333 0.333 0.333 0.333 0.333 0.333 0.333 0.333 0.333 0.333 0.333 0.333 0.333 0.333 0.333 0.333 0.333 0.333 0.333 0.333 0.333 0.333 0.333 0.333 0.333 0.333 0.333 0.333 0.333 0.333 0.333 0.333 0.333 0.333 0.333 0.333 0.333 0.333 0.333 0.333 0.333 0.333 0.333 0.333 0.333 0.333 0.333 0.333 0.333 0.333 0.333 0.333 0.333 0.333 0.333 0.333 0.333 0.333 0.333 0.333 0.333 0.333 0.333 0.333)  0.333 0.333 0.333 0.333 0.333 0.333 0.333 0.333 0.333 0.333 0.333 0.333 0.333 0.333 0.333 0.333 0.333 0.333 0.333 0.333 0.333 0.333 0.333 0.333 0.333 0.333 0.333 0.333 0.333 0.333 0.333 0.333 0.333 0.333 0.333 0.333 0.333 0.333 0.333 0.333 0.333 0.333 0.333 0.333 0.333 0.333 0.333 0.333 0.333 0.333 0.333 0.333 0.333 0.333 0.333 0.333 0.333 0.333 0.333 0.333 0.333 0.333 0.333 0.333 0.333 0.333 0.333 0.333 0.333 0.333 0.333 0.333 0.333 0.333 0.333 0.333 0.333 0.333 0.333 0.333 0.333 0.333 0.333 0.333 0.333 0.333 0.333 0.333 0.333 0.333 0.333 0.333 0.333 0.333 0.333 0.333 0.333 0.333 0.333 0.333 0.333 0.333 0.333 0.333 0.333 0.333 0.333 0.333 0.333 0.333 0.333 0.333 0.333 0.333 0.333 0.333 0.333 0.333 0.333 1.000 0.333 0.333 0.333 0.333 0.333 0.333 0.333 0.333 0.333 0.333 0.333 0.333 0.333 0.333 0.333 0.333 0.333 0.333 0.333 0.333 0.333 0.333 0.333 0.333 0.333 0.333 0.333 0.333 0.333 0.333 0.333 0.333 0.333 0.333 0.333 0.333 0.333 0.333 0.333 0.333 0.333 0.333 0.333 0.333 0.333 0.333 0.333 0.333 0.333 0.333 0.333 0.333 0.333 0.333 0.333 0.333 0.333 0.333 0.333 0.333 0.333 0.333 0.333 0.333 0.333 0.333 0.333 0.333 0.333 0.333 0.333 0.333 0.333 0.333 0.333 0.333 0.333 0.333 0.333 0.333 0.333 0.333 0.333 0.333 0.333 0.333 0.333 0.333 0.333 0.333 0.333 0.333 0.333 0.333 0.333 0.333 0.333 0.333 0.333 0.333 0.333 0.333 0.333 0.333 0.333 0.333 0.333 0.333 0.333 0.333 0.333 0.333 0.333 0.333 0.333 0.333 0.333 0.333 0.333 0.333 0.333 0.333 0.333 0.333 0.333 0.333 0.333 0.333 0.333 0.333 0.333 0.333 0.333 0.333 0.333 0.333 0.333 0.333 0.333 0.333 0.333 0.333 0.333 0.333 0.333 0.333 0.333 0.333 0.333 0.333 0.333 0.333 0.333 0.333 0.333 0.333 0.333 0.333 0.333 0.333 0.333 0.333 0.333 0.333 0.333 0.333 0.333 0.333 0.333 0.333 0.333 0.333 0.333 0.333 0.333 0.333 0.333 0.333 0.333 0.333 0.333 0.333 0.333 0.333 0.333 0.333 0.333 0.333 0.333 0.333 0.333 0.333 0.333 0.333 0.333 0.333 0.333 0.333 0.333 0.333 0.333 0.333 0.333 0.333 0.333 0.333 0.333 0.333 0.333 0.333 0.333 0.333 0.333 0.333 0.333 0.333 0.333 0.333 0.333 0.333)  
Brain region: SPVI: 2831 neurons, root: 63769 neurons, x: 304 neurons, SPIV: 1595 neurons, LAV: 697 neurons, SUV: 976 neurons, ICB: 146 neurons, IP: 1779 neurons, CENT3: 3778 neurons, VPM: 5364 neurons, PO: 8081 neurons, LP: 6168 neurons, DG: 15031 neurons, CA3: 9839 neurons, CA1: 19870 neurons, VISa: 5945 neurons, void: 11898 neurons, ACB: 2455 neurons, CP: 19705 neurons, MOp: 7787 neurons, COAp: 1594 neurons, BMA: 1062 neurons, ENTm: 3440 neurons, SUB: 4533 neurons, PRE: 1549 neurons, POST: 2412 neurons, PA: 872 neurons, CA2: 518 neurons, PBG: 107 neurons, NB: 209 neurons, VISp: 7204 neurons, MEA: 703 neurons, LHA: 873 neurons, RT: 1848 neurons, VAL: 1441 neurons, AV: 1062 neurons, LD: 2576 neurons, ZI: 2596 neurons, LGd: 2548 neurons, VISrl: 1168 neurons, PGRN: 1129 neurons, IRN: 5728 neurons, PARN: 2007 neurons, NTS: 1047 neurons, SNc: 161 neurons, SNr: 1131 neurons, MRN: 15956 neurons, APN: 13119 neurons, ProS: 2384 neurons, RN: 2966 neurons, SCm: 10338 neurons, SCs: 1877 neurons, RSPv: 3469 neurons, RSPd: 2801 neurons, RSPagl: 2105 neurons, VISpm: 1731 neurons, POL: 1130 neurons, CUL4 5: 7674 neurons, P5: 479 neurons, V: 1501 neurons, SUT: 1379 neurons, PB: 3102 neurons, VISpl: 360 neurons, PSV: 1443 neurons, I5: 366 neurons, CUN: 920 neurons, MG: 1172 neurons, SPF: 668 neurons, PoT: 1330 neurons, SGN: 607 neurons, TEa: 926 neurons, AIp: 533 neurons, VISC: 369 neurons, SSs: 2978 neurons, SSp-bfd: 4308 neurons, MA: 323 neurons, SI: 1436 neurons, GPe: 859 neurons, VPL: 1952 neurons, PIR: 2934 neurons, EPv: 697 neurons, LA: 414 neurons, MD: 2613 neurons, LH: 487 neurons, CL: 247 neurons, SSp-tr: 1710 neurons, LSr: 5208 neurons, LSv: 1233 neurons, PL: 1685 neurons, ACAd: 1653 neurons, MOs: 7215 neurons, AIv: 709 neurons, AId: 1096 neurons, PRNc: 1643 neurons, PRNr: 3510 neurons, PPN: 2700 neurons, IC: 4994 neurons, PPT: 337 neurons, NOT: 727 neurons, VISam: 1932 neurons, TRS: 511 neurons, SF: 426 neurons, LSc: 495 neurons, ACAv: 1252 neurons, SPA: 341 neurons, PVT: 512 neurons, MH: 110 neurons, MV: 4742 neurons, NI: 234 neurons, PCG: 737 neurons, CENT2: 3602 neurons, SPVO: 1392 neurons, VPMpc: 205 neurons, PF: 232 neurons, Eth: 1426 neurons, PAG: 5354 neurons, CS: 1301 neurons, AT: 124 neurons, MDRN: 2323 neurons, SPVC: 443 neurons, ECU: 492 neurons, UVU: 1667 neurons, COPY: 3233 neurons, PYR: 977 neurons, FOTU: 538 neurons, DEC: 1712 neurons, HATA: 512 neurons, FC: 166 neurons, MM: 140 neurons, SUM: 19 neurons, VTA: 185 neurons, LGv: 860 neurons, IG: 134 neurons, NDB: 309 neurons, NLL: 1571 neurons, SAG: 239 neurons, SSp-ul: 1403 neurons, VMH: 77 neurons, DMH: 130 neurons, PH: 205 neurons, VM: 350 neurons, CM: 270 neurons, IMD: 6 neurons, SIM: 5490 neurons, PG: 65 neurons, IPN: 142 neurons, DCO: 1338 neurons, DN: 513 neurons, VISl: 1418 neurons, ENTl: 3379 neurons, VISli: 456 neurons, LRN: 263 neurons, AMB: 73 neurons, LIN: 61 neurons, DR: 232 neurons, PRP: 904 neurons, NOD: 759 neurons, FN: 146 neurons, PFL: 1136 neurons, PRM: 2551 neurons, GRN: 3252 neurons, LING: 198 neurons, MS: 463 neurons, TTd: 798 neurons, DP: 1011 neurons, ILA: 1778 neurons, STN: 65 neurons, LDT: 567 neurons, SMT: 829 neurons, PCN: 239 neurons, NPC: 736 neurons, AM: 456 neurons, IAD: 100 neurons, PERI: 137 neurons, ECT: 567 neurons, AUDd: 991 neurons, COAa: 75 neurons, GPi: 213 neurons, IGL: 140 neurons, CEA: 742 neurons, SSp-n: 1143 neurons, SSp-un: 86 neurons, VISpor: 751 neurons, OT: 840 neurons, AON: 3239 neurons, ORBl: 1754 neurons, FRP: 594 neurons, MT: 25 neurons, AAA: 211 neurons, FS: 116 neurons, SOC: 540 neurons, RPF: 212 neurons, OP: 79 neurons, TR: 497 neurons, BLA: 783 neurons, ORBm: 745 neurons, ORBvl: 1431 neurons, AUDv: 876 neurons, AUDp: 1096 neurons, PAR: 1568 neurons, VeCB: 385 neurons, APr: 255 neurons, SSp-ll: 1269 neurons, IO: 61 neurons, LPO: 136 neurons, SH: 61 neurons, BST: 1503 neurons, PP: 31 neurons, PIL: 139 neurons, PAA: 488 neurons, MOB: 1227 neurons, PS: 192 neurons, RH: 63 neurons, ANcr1: 2346 neurons, MPT: 22 neurons, IA: 82 neurons, MARN: 304 neurons, VCO: 644 neurons, FL: 466 neurons, RR: 106 neurons, PDTg: 194 neurons, SSp-m: 3507 neurons, DTN: 132 neurons, EPd: 963 neurons, CLA: 359 neurons, GU: 445 neurons, SubG: 48 neurons, AOB: 90 neurons, PC5: 113 neurons, PeF: 167 neurons, PVHd: 51 neurons, PR: 94 neurons, ANcr2: 3060 neurons, VPLpc: 370 neurons, IntG: 35 neurons, AUDpo: 314 neurons, AVP: 90 neurons, MPO: 242 neurons, VISal: 396 neurons, RE: 148 neurons, IAM: 24 neurons, AHN: 101 neurons, MPN: 24 neurons, PVH: 67 neurons, PT: 19 neurons, Pa5: 12 neurons, VTN: 130 neurons, Pa4: 67 neurons, LM: 31 neurons, SFO: 1 neurons, VII: 556 neurons, LC: 2 neurons, CU: 434 neurons, TRN: 760 neurons, CLI: 273 neurons, III: 47 neurons, DT: 14 neurons, EW: 3 neurons, VLPO: 16 neurons, PAS: 6 neurons, GR: 32 neurons, y: 18 neurons, TTv: 7 neurons, IF: 127 neurons, RL: 40 neurons, PSTN: 18 neurons, MA3: 6 neurons, TU: 69 neurons, Xi: 7 neurons  
Data verification complete.
