Data format is valid, no errors or warnings.
Number of sessions: 76
Total number of trials: 31443
Number of trials per session: [503, 431, 518, 455, 629, 218, 259, 305, 248, 306, 457, 453, 400, 407, 492, 419, 335, 426, 145, 269, 201, 259, 251, 309, 455, 453, 210, 300, 423, 402, 457, 418, 84, 320, 370, 267, 405, 568, 379, 429, 452, 473, 511, 789, 345, 475, 459, 520, 658, 578, 368, 369, 398, 237, 303, 485, 471, 479, 408, 454, 435, 400, 238, 402, 402, 403, 282, 605, 636, 600, 450, 348, 470, 719, 506, 680]
Number of subjects: 19
Number of brain regions: 1
Number of sessions per subject:
  Subject DR10: 5 sessions
  Subject DR15: 5 sessions
  Subject LZ13: 4 sessions
  Subject LZ16: 4 sessions
  Subject TX104: 2 sessions
  Subject TX105: 5 sessions
  Subject TX108: 6 sessions
  Subject TX109: 6 sessions
  Subject TX119: 6 sessions
  Subject TX123: 6 sessions
  Subject TX124: 1 sessions
  Subject TX139: 2 sessions
  Subject TX140: 1 sessions
  Subject TX60: 5 sessions
  Subject TX61: 3 sessions
  Subject TX83: 3 sessions
  Subject TX85: 2 sessions
  Subject TX88: 5 sessions
  Subject VR2: 5 sessions
Input dimension: 4
Output dimension: 4
Summary statistics (across all sessions):
  T: mean: 61.60, median: 53.22, min: 18, max: 5621
  n_neurons: mean: 53252.22', min: 24383, max: 89577
  Input range:
    time_to_sound_cue: [-1767.5, 403.4]
    day_of_training: [1.0, 5.0]
    time_since_trial_start: [0.0, 1769.4]
    reward_availability: [0.0, 1.0]
  Output range:
    visual_stimulus_category: [0.0, 12.0]
    licking: [0.0, 1.0]
    corridor_position_bin: [0.0, 3.0]
    running_speed_bin: [0.0, 3.0]
  Unique outputs per dimension (fraction of data):
    visual_stimulus_category: {circle1 (0.284), circle2 (0.059), circle3 (0.010), leaf1 (0.298), leaf1_swap1 (0.002), leaf1_swap2 (0.003), leaf2 (0.122), leaf3 (0.041), rock1 (0.071), rock2 (0.014), wood1 (0.056), wood2 (0.029), wood5 (0.013)}
    licking: {no_lick (0.974), lick (0.026)}
    corridor_position_bin: {bin1 (0.277), bin2 (0.233), bin3 (0.254), bin4 (0.237)}
    running_speed_bin: {q1 (0.040), q2 (0.295), q3 (0.415), q4 (0.250)}
  Brain region distribution:
    unknown: 4047169 neurons

Per-session statistics:
  Mean T: 62.9, 51.7, 46.3, 44.3, 44.9, 133.7, 110.6, 85.8, 116.4, 92.0, 37.7, 43.6, 58.8, 54.7, 48.7, 40.9, 60.7, 46.8, 132.6, 59.8, 136.1, 59.4, 98.4, 110.6, 59.4, 50.6, 107.3, 65.1, 62.7, 42.5, 44.3, 69.5, 170.6, 62.4, 46.6, 70.9, 54.9, 31.8, 40.6, 36.1, 32.1, 35.1, 46.5, 42.5, 46.0, 61.4, 41.4, 30.7, 26.1, 33.7, 59.5, 72.0, 63.2, 97.1, 57.7, 46.3, 40.6, 40.5, 57.4, 39.6, 42.5, 50.9, 101.8, 83.4, 62.8, 74.2, 72.2, 46.1, 46.2, 47.8, 68.8, 69.3, 37.7, 40.6, 37.5, 37.6
  Min T: 18, 31, 31, 31, 31, 31, 31, 31, 31, 31, 30, 29, 31, 30, 30, 29, 30, 29, 32, 31, 31, 31, 32, 32, 31, 31, 33, 31, 31, 31, 31, 31, 43, 31, 31, 31, 31, 23, 27, 23, 23, 23, 24, 23, 23, 24, 23, 23, 23, 23, 30, 30, 30, 23, 18, 31, 31, 31, 31, 31, 31, 31, 31, 31, 31, 31, 31, 31, 31, 31, 31, 22, 22, 22, 22, 22
  Max T: 442, 281, 255, 317, 165, 1294, 1276, 671, 1294, 827, 217, 558, 571, 724, 378, 770, 752, 1274, 1279, 449, 1277, 246, 656, 1294, 419, 545, 658, 877, 849, 100, 220, 1280, 1293, 1293, 941, 1289, 835, 329, 413, 432, 138, 1284, 1237, 1283, 370, 1284, 487, 111, 91, 598, 563, 1270, 444, 1772, 916, 458, 166, 169, 262, 129, 168, 356, 657, 657, 324, 643, 481, 359, 491, 381, 5621, 981, 93, 141, 261, 127
  n_neurons: 58224, 54741, 50347, 50195, 56106, 55746, 58930, 64130, 57540, 59251, 34658, 34575, 38489, 39358, 33577, 31859, 35918, 35291, 43834, 42565, 58941, 55653, 61115, 45207, 55457, 68553, 85481, 75480, 79417, 68045, 76530, 85468, 63625, 89577, 83309, 71687, 76296, 28907, 31672, 36935, 27281, 29587, 32547, 52044, 28696, 43103, 30931, 30252, 26756, 24383, 35126, 34522, 49311, 48732, 57368, 47785, 60924, 48742, 62256, 67669, 72193, 44059, 52954, 50689, 59560, 55163, 62606, 48824, 58099, 53028, 61456, 81473, 71069, 76108, 63897, 65287
  Input range:
    0: [-86.8, 94.0] [-68.5, 47.0] [-76.0, 38.9] [-80.6, 36.8] [-27.5, 35.0] [-401.7, 403.1] [-325.6, 270.9] [-197.8, 204.0] [-187.6, 403.4] [-255.7, 150.2] [-66.4, 42.0] [-125.0, 170.4] [-146.1, 43.1] [-225.9, 33.5] [-84.2, 105.2] [-229.8, 28.2] [-231.8, 14.9] [-397.5, 104.2] [-397.5, 232.8] [-120.7, 118.6] [-399.1, 275.0] [-49.4, 41.5] [-150.3, 200.1] [-366.6, 403.3] [-73.4, 126.7] [-170.0, 76.4] [-198.0, 200.1] [-270.5, 76.9] [-264.6, 149.8] [-29.2, 15.8] [-67.7, 20.0] [-391.1, 238.5] [-399.8, 400.5] [-400.4, 400.3] [-293.4, 39.6] [-402.8, 273.1] [-253.5, 23.5] [-101.3, 30.3] [-127.0, 73.7] [-132.5, 60.5] [-40.8, 35.2] [-162.2, 401.8] [-388.1, 250.6] [-377.3, 400.7] [-115.0, 79.4] [-398.7, 401.0] [-100.7, 150.2] [-32.1, 25.8] [-18.8, 25.0] [-184.8, 157.4] [-133.6, 173.0] [-394.8, 184.4] [-138.1, 125.9] [-555.0, 220.6] [-283.6, 202.5] [-100.7, 43.2] [-37.4, 29.4] [-44.9, 45.2] [-79.1, 50.3] [-23.5, 24.8] [-25.1, 40.1] [-109.8, 39.4] [-198.4, 203.8] [-188.1, 203.1] [-98.3, 65.7] [-185.1, 114.8] [-146.3, 64.8] [-83.9, 68.9] [-129.2, 145.2] [-69.7, 76.6] [-1767.5, 93.2] [-305.1, 83.3] [-24.8, 15.2] [-38.2, 28.6] [-76.1, 35.2] [-36.9, 27.6] 
    1: [1.0, 1.0] [5.0, 5.0] [1.0, 1.0] [5.0, 5.0] [2.0, 2.0] [1.0, 1.0] [5.0, 5.0] [1.0, 1.0] [5.0, 5.0] [2.0, 2.0] [1.0, 1.0] [1.0, 1.0] [5.0, 5.0] [5.0, 5.0] [1.0, 1.0] [1.0, 1.0] [5.0, 5.0] [5.0, 5.0] [1.0, 1.0] [5.0, 5.0] [1.0, 1.0] [5.0, 5.0] [1.0, 1.0] [5.0, 5.0] [2.0, 2.0] [1.0, 1.0] [1.0, 1.0] [5.0, 5.0] [1.0, 1.0] [5.0, 5.0] [2.0, 2.0] [1.0, 1.0] [1.0, 1.0] [5.0, 5.0] [1.0, 1.0] [5.0, 5.0] [2.0, 2.0] [1.0, 1.0] [1.0, 1.0] [5.0, 5.0] [1.0, 1.0] [5.0, 5.0] [2.0, 2.0] [1.0, 1.0] [1.0, 1.0] [5.0, 5.0] [1.0, 1.0] [5.0, 5.0] [2.0, 2.0] [1.0, 1.0] [1.0, 1.0] [5.0, 5.0] [1.0, 1.0] [1.0, 1.0] [5.0, 5.0] [1.0, 1.0] [5.0, 5.0] [2.0, 2.0] [1.0, 1.0] [5.0, 5.0] [2.0, 2.0] [1.0, 1.0] [5.0, 5.0] [1.0, 1.0] [1.0, 1.0] [5.0, 5.0] [1.0, 1.0] [5.0, 5.0] [1.0, 1.0] [5.0, 5.0] [2.0, 2.0] [1.0, 1.0] [5.0, 5.0] [1.0, 1.0] [5.0, 5.0] [2.0, 2.0] 
    2: [0.0, 138.9] [0.0, 88.1] [0.0, 80.0] [0.0, 99.5] [0.0, 51.6] [0.0, 407.1] [0.0, 401.3] [0.0, 210.9] [0.0, 407.0] [0.0, 260.0] [0.0, 68.0] [0.0, 175.6] [0.0, 179.6] [0.0, 227.9] [0.0, 118.8] [0.0, 242.2] [0.0, 236.8] [0.0, 401.4] [0.0, 402.3] [0.0, 141.0] [0.0, 401.7] [0.0, 77.1] [0.0, 206.2] [0.0, 407.0] [0.0, 131.6] [0.0, 171.2] [0.0, 206.8] [0.0, 275.8] [0.0, 266.9] [0.0, 31.2] [0.0, 68.9] [0.0, 402.7] [0.0, 406.7] [0.0, 406.6] [0.0, 295.9] [0.0, 405.5] [0.0, 262.5] [0.0, 103.3] [0.0, 129.7] [0.0, 135.8] [0.0, 43.2] [0.0, 404.1] [0.0, 389.6] [0.0, 404.0] [0.0, 116.4] [0.0, 404.3] [0.0, 153.2] [0.0, 34.6] [0.0, 28.3] [0.0, 188.3] [0.0, 177.2] [0.0, 399.8] [0.0, 139.6] [0.0, 557.4] [0.0, 288.2] [0.0, 143.9] [0.0, 52.0] [0.0, 52.9] [0.0, 82.1] [0.0, 40.3] [0.0, 52.6] [0.0, 111.8] [0.0, 206.5] [0.0, 206.5] [0.0, 101.7] [0.0, 202.1] [0.0, 151.1] [0.0, 112.8] [0.0, 154.4] [0.0, 119.7] [0.0, 1769.4] [0.0, 308.6] [0.0, 29.0] [0.0, 44.1] [0.0, 82.0] [0.0, 39.7] 
    3: [0.0, 0.0] [0.0, 0.0] [0.0, 0.0] [0.0, 0.0] [0.0, 0.0] [0.0, 0.0] [0.0, 0.0] [0.0, 0.0] [0.0, 0.0] [0.0, 0.0] [0.0, 0.0] [0.0, 0.0] [0.0, 0.0] [0.0, 0.0] [0.0, 0.0] [0.0, 0.0] [0.0, 0.0] [0.0, 0.0] [0.0, 0.0] [0.0, 0.0] [0.0, 0.0] [0.0, 0.0] [0.0, 0.0] [0.0, 0.0] [0.0, 0.0] [0.0, 0.0] [0.0, 1.0] [0.0, 1.0] [0.0, 1.0] [0.0, 1.0] [0.0, 1.0] [0.0, 0.0] [0.0, 1.0] [0.0, 1.0] [0.0, 1.0] [0.0, 1.0] [0.0, 1.0] [0.0, 0.0] [0.0, 0.0] [0.0, 0.0] [0.0, 0.0] [0.0, 0.0] [0.0, 0.0] [0.0, 0.0] [0.0, 0.0] [0.0, 0.0] [0.0, 0.0] [0.0, 0.0] [0.0, 0.0] [0.0, 0.0] [0.0, 0.0] [0.0, 0.0] [0.0, 0.0] [0.0, 1.0] [0.0, 1.0] [0.0, 1.0] [0.0, 1.0] [0.0, 1.0] [0.0, 1.0] [0.0, 1.0] [0.0, 1.0] [0.0, 0.0] [0.0, 0.0] [0.0, 0.0] [0.0, 0.0] [0.0, 0.0] [0.0, 0.0] [0.0, 0.0] [0.0, 0.0] [0.0, 0.0] [0.0, 0.0] [0.0, 1.0] [0.0, 1.0] [0.0, 1.0] [0.0, 1.0] [0.0, 1.0] 
  Output range:
    0: [0.0, 3.0] [0.0, 3.0] [0.0, 6.0] [0.0, 6.0] [0.0, 7.0] [0.0, 3.0] [0.0, 3.0] [0.0, 6.0] [0.0, 6.0] [0.0, 7.0] [0.0, 7.0] [8.0, 12.0] [0.0, 7.0] [8.0, 12.0] [0.0, 7.0] [8.0, 12.0] [0.0, 7.0] [8.0, 12.0] [3.0, 8.0] [3.0, 8.0] [0.0, 3.0] [0.0, 3.0] [0.0, 6.0] [0.0, 6.0] [0.0, 7.0] [0.0, 6.0] [8.0, 10.0] [8.0, 10.0] [8.0, 11.0] [8.0, 11.0] [8.0, 12.0] [0.0, 6.0] [0.0, 3.0] [0.0, 3.0] [0.0, 6.0] [0.0, 3.0] [0.0, 6.0] [8.0, 12.0] [8.0, 10.0] [8.0, 10.0] [8.0, 11.0] [8.0, 11.0] [8.0, 12.0] [0.0, 7.0] [0.0, 3.0] [0.0, 3.0] [0.0, 6.0] [0.0, 6.0] [0.0, 7.0] [0.0, 7.0] [0.0, 7.0] [0.0, 7.0] [0.0, 7.0] [0.0, 3.0] [0.0, 3.0] [0.0, 6.0] [0.0, 6.0] [0.0, 7.0] [0.0, 6.0] [0.0, 6.0] [0.0, 7.0] [0.0, 3.0] [0.0, 3.0] [0.0, 6.0] [0.0, 3.0] [0.0, 3.0] [0.0, 3.0] [0.0, 3.0] [0.0, 8.0] [0.0, 6.0] [0.0, 7.0] [0.0, 3.0] [0.0, 3.0] [0.0, 6.0] [0.0, 6.0] [0.0, 7.0] 
    1: [0.0, 0.0] [0.0, 0.0] [0.0, 0.0] [0.0, 0.0] [0.0, 0.0] [0.0, 0.0] [0.0, 0.0] [0.0, 0.0] [0.0, 0.0] [0.0, 0.0] [0.0, 0.0] [0.0, 0.0] [0.0, 0.0] [0.0, 0.0] [0.0, 0.0] [0.0, 0.0] [0.0, 0.0] [0.0, 0.0] [0.0, 0.0] [0.0, 0.0] [0.0, 0.0] [0.0, 0.0] [0.0, 0.0] [0.0, 0.0] [0.0, 0.0] [0.0, 0.0] [0.0, 1.0] [0.0, 1.0] [0.0, 1.0] [0.0, 1.0] [0.0, 1.0] [0.0, 0.0] [0.0, 1.0] [0.0, 1.0] [0.0, 1.0] [0.0, 1.0] [0.0, 1.0] [0.0, 0.0] [0.0, 0.0] [0.0, 0.0] [0.0, 0.0] [0.0, 0.0] [0.0, 0.0] [0.0, 0.0] [0.0, 0.0] [0.0, 0.0] [0.0, 0.0] [0.0, 0.0] [0.0, 0.0] [0.0, 0.0] [0.0, 0.0] [0.0, 0.0] [0.0, 0.0] [0.0, 1.0] [0.0, 1.0] [0.0, 1.0] [0.0, 1.0] [0.0, 1.0] [0.0, 1.0] [0.0, 1.0] [0.0, 1.0] [0.0, 0.0] [0.0, 0.0] [0.0, 0.0] [0.0, 0.0] [0.0, 0.0] [0.0, 0.0] [0.0, 0.0] [0.0, 0.0] [0.0, 0.0] [0.0, 0.0] [0.0, 1.0] [0.0, 1.0] [0.0, 1.0] [0.0, 1.0] [0.0, 1.0] 
    2: [0.0, 3.0] [0.0, 3.0] [0.0, 3.0] [0.0, 3.0] [0.0, 3.0] [0.0, 3.0] [0.0, 3.0] [0.0, 3.0] [0.0, 3.0] [0.0, 3.0] [0.0, 3.0] [0.0, 3.0] [0.0, 3.0] [0.0, 3.0] [0.0, 3.0] [0.0, 3.0] [0.0, 3.0] [0.0, 3.0] [0.0, 3.0] [0.0, 3.0] [0.0, 3.0] [0.0, 3.0] [0.0, 3.0] [0.0, 3.0] [0.0, 3.0] [0.0, 3.0] [0.0, 3.0] [0.0, 3.0] [0.0, 3.0] [0.0, 3.0] [0.0, 3.0] [0.0, 3.0] [0.0, 3.0] [0.0, 3.0] [0.0, 3.0] [0.0, 3.0] [0.0, 3.0] [0.0, 3.0] [0.0, 3.0] [0.0, 3.0] [0.0, 3.0] [0.0, 3.0] [0.0, 3.0] [0.0, 3.0] [0.0, 3.0] [0.0, 3.0] [0.0, 3.0] [0.0, 3.0] [0.0, 3.0] [0.0, 3.0] [0.0, 3.0] [0.0, 3.0] [0.0, 3.0] [0.0, 3.0] [0.0, 3.0] [0.0, 3.0] [0.0, 3.0] [0.0, 3.0] [0.0, 3.0] [0.0, 3.0] [0.0, 3.0] [0.0, 3.0] [0.0, 3.0] [0.0, 3.0] [0.0, 3.0] [0.0, 3.0] [0.0, 3.0] [0.0, 3.0] [0.0, 3.0] [0.0, 3.0] [0.0, 3.0] [0.0, 3.0] [0.0, 3.0] [0.0, 3.0] [0.0, 3.0] [0.0, 3.0] 
    3: [0.0, 3.0] [0.0, 3.0] [0.0, 3.0] [0.0, 3.0] [0.0, 3.0] [0.0, 3.0] [0.0, 3.0] [0.0, 3.0] [0.0, 3.0] [0.0, 3.0] [0.0, 3.0] [0.0, 3.0] [0.0, 3.0] [0.0, 3.0] [0.0, 3.0] [0.0, 3.0] [0.0, 3.0] [0.0, 3.0] [0.0, 3.0] [0.0, 3.0] [0.0, 3.0] [0.0, 3.0] [0.0, 3.0] [0.0, 3.0] [0.0, 3.0] [0.0, 3.0] [0.0, 3.0] [0.0, 3.0] [0.0, 3.0] [0.0, 3.0] [0.0, 3.0] [0.0, 3.0] [0.0, 3.0] [0.0, 3.0] [0.0, 3.0] [0.0, 3.0] [0.0, 3.0] [0.0, 3.0] [0.0, 3.0] [0.0, 3.0] [0.0, 3.0] [0.0, 3.0] [0.0, 3.0] [0.0, 3.0] [0.0, 3.0] [0.0, 3.0] [0.0, 3.0] [0.0, 3.0] [0.0, 3.0] [0.0, 3.0] [0.0, 3.0] [0.0, 3.0] [0.0, 3.0] [0.0, 3.0] [0.0, 3.0] [0.0, 3.0] [0.0, 3.0] [0.0, 3.0] [0.0, 3.0] [0.0, 3.0] [0.0, 3.0] [0.0, 3.0] [0.0, 3.0] [0.0, 3.0] [0.0, 3.0] [0.0, 3.0] [0.0, 3.0] [0.0, 3.0] [0.0, 3.0] [0.0, 3.0] [0.0, 3.0] [0.0, 3.0] [0.0, 3.0] [0.0, 3.0] [0.0, 3.0] [0.0, 3.0] 
  Output fraction of data:
visual_stimulus_category: (0.470 0.504 0.220 0.309 0.253 0.525 0.545 0.218 0.306 0.247 0.230 0.000 0.281 0.000 0.196 0.000 0.200 0.000 0.000 0.000 0.460 0.479 0.327 0.341 0.191 0.278 0.000 0.000 0.000 0.000 0.000 0.249 0.504 0.541 0.405 0.210 0.414 0.000 0.000 0.000 0.000 0.000 0.000 0.105 0.482 0.598 0.227 0.291 0.235 0.150 0.186 0.206 0.265 0.640 0.438 0.352 0.376 0.304 0.409 0.374 0.280 0.528 0.481 0.240 0.500 0.485 0.503 0.537 0.317 0.315 0.198 0.517 0.419 0.389 0.341 0.193)  0.000 0.000 0.261 0.000 0.000 0.000 0.000 0.248 0.000 0.000 0.180 0.000 0.121 0.000 0.178 0.000 0.201 0.000 0.000 0.000 0.000 0.000 0.209 0.000 0.000 0.252 0.000 0.000 0.000 0.000 0.000 0.213 0.000 0.000 0.123 0.322 0.178 0.000 0.000 0.000 0.000 0.000 0.000 0.154 0.000 0.000 0.236 0.000 0.000 0.129 0.219 0.130 0.144 0.000 0.000 0.115 0.000 0.000 0.145 0.000 0.000 0.000 0.000 0.240 0.000 0.000 0.000 0.000 0.111 0.000 0.000 0.000 0.000 0.107 0.000 0.000)  0.000 0.000 0.000 0.000 0.000 0.000 0.000 0.000 0.000 0.000 0.000 0.000 0.000 0.000 0.121 0.000 0.163 0.000 0.000 0.000 0.000 0.000 0.000 0.000 0.000 0.000 0.000 0.000 0.000 0.000 0.000 0.000 0.000 0.000 0.000 0.000 0.149 0.000 0.000 0.000 0.000 0.000 0.000 0.149 0.000 0.000 0.000 0.000 0.000 0.177 0.000 0.000 0.000 0.000 0.000 0.000 0.000 0.000 0.000 0.000 0.000 0.000 0.000 0.000 0.000 0.000 0.000 0.000 0.000 0.000 0.000 0.000 0.000 0.000 0.000 0.000)  0.530 0.496 0.273 0.389 0.249 0.475 0.455 0.250 0.239 0.240 0.173 0.000 0.214 0.000 0.219 0.000 0.135 0.000 0.317 0.572 0.540 0.521 0.214 0.296 0.274 0.218 0.000 0.000 0.000 0.000 0.000 0.285 0.496 0.459 0.348 0.468 0.166 0.000 0.000 0.000 0.000 0.000 0.000 0.130 0.518 0.402 0.266 0.370 0.253 0.201 0.291 0.306 0.239 0.360 0.562 0.421 0.360 0.387 0.340 0.326 0.420 0.472 0.519 0.233 0.500 0.515 0.497 0.463 0.332 0.342 0.379 0.483 0.581 0.395 0.346 0.424)  0.000 0.000 0.000 0.000 0.000 0.000 0.000 0.000 0.000 0.000 0.000 0.000 0.000 0.000 0.000 0.000 0.000 0.000 0.000 0.000 0.000 0.000 0.000 0.000 0.000 0.000 0.000 0.000 0.000 0.000 0.000 0.000 0.000 0.000 0.000 0.000 0.000 0.000 0.000 0.000 0.000 0.000 0.000 0.101 0.000 0.000 0.000 0.000 0.000 0.000 0.000 0.000 0.000 0.000 0.000 0.000 0.000 0.000 0.000 0.000 0.000 0.000 0.000 0.000 0.000 0.000 0.000 0.000 0.000 0.000 0.000 0.000 0.000 0.000 0.000 0.000)  0.000 0.000 0.000 0.000 0.000 0.000 0.000 0.000 0.000 0.000 0.000 0.000 0.000 0.000 0.000 0.000 0.000 0.000 0.000 0.000 0.000 0.000 0.000 0.000 0.000 0.000 0.000 0.000 0.000 0.000 0.000 0.000 0.000 0.000 0.000 0.000 0.000 0.000 0.000 0.000 0.000 0.000 0.000 0.138 0.000 0.000 0.000 0.000 0.000 0.000 0.000 0.000 0.000 0.000 0.000 0.000 0.000 0.000 0.000 0.000 0.000 0.000 0.000 0.000 0.000 0.000 0.000 0.000 0.000 0.000 0.000 0.000 0.000 0.000 0.000 0.000)  0.000 0.000 0.246 0.301 0.249 0.000 0.000 0.284 0.455 0.286 0.229 0.000 0.232 0.000 0.199 0.000 0.162 0.000 0.000 0.000 0.000 0.000 0.249 0.363 0.246 0.253 0.000 0.000 0.000 0.000 0.000 0.253 0.000 0.000 0.123 0.000 0.092 0.000 0.000 0.000 0.000 0.000 0.000 0.122 0.000 0.000 0.271 0.339 0.259 0.172 0.138 0.246 0.217 0.000 0.000 0.113 0.264 0.135 0.106 0.300 0.160 0.000 0.000 0.287 0.000 0.000 0.000 0.000 0.114 0.342 0.239 0.000 0.000 0.108 0.313 0.196)  0.000 0.000 0.000 0.000 0.249 0.000 0.000 0.000 0.000 0.228 0.188 0.000 0.151 0.000 0.087 0.000 0.139 0.000 0.000 0.000 0.000 0.000 0.000 0.000 0.289 0.000 0.000 0.000 0.000 0.000 0.000 0.000 0.000 0.000 0.000 0.000 0.000 0.000 0.000 0.000 0.000 0.000 0.000 0.100 0.000 0.000 0.000 0.000 0.253 0.172 0.167 0.112 0.134 0.000 0.000 0.000 0.000 0.174 0.000 0.000 0.140 0.000 0.000 0.000 0.000 0.000 0.000 0.000 0.000 0.000 0.184 0.000 0.000 0.000 0.000 0.187)  0.000 0.000 0.000 0.000 0.000 0.000 0.000 0.000 0.000 0.000 0.000 0.209 0.000 0.239 0.000 0.260 0.000 0.228 0.683 0.428 0.000 0.000 0.000 0.000 0.000 0.000 0.550 0.542 0.386 0.337 0.240 0.000 0.000 0.000 0.000 0.000 0.000 0.207 0.491 0.564 0.259 0.329 0.275 0.000 0.000 0.000 0.000 0.000 0.000 0.000 0.000 0.000 0.000 0.000 0.000 0.000 0.000 0.000 0.000 0.000 0.000 0.000 0.000 0.000 0.000 0.000 0.000 0.000 0.126 0.000 0.000 0.000 0.000 0.000 0.000 0.000)  0.000 0.000 0.000 0.000 0.000 0.000 0.000 0.000 0.000 0.000 0.000 0.177 0.000 0.114 0.000 0.161 0.000 0.196 0.000 0.000 0.000 0.000 0.000 0.000 0.000 0.000 0.000 0.000 0.148 0.000 0.000 0.000 0.000 0.000 0.000 0.000 0.000 0.196 0.000 0.000 0.267 0.000 0.000 0.000 0.000 0.000 0.000 0.000 0.000 0.000 0.000 0.000 0.000 0.000 0.000 0.000 0.000 0.000 0.000 0.000 0.000 0.000 0.000 0.000 0.000 0.000 0.000 0.000 0.000 0.000 0.000 0.000 0.000 0.000 0.000 0.000)  0.000 0.000 0.000 0.000 0.000 0.000 0.000 0.000 0.000 0.000 0.000 0.200 0.000 0.245 0.000 0.262 0.000 0.212 0.000 0.000 0.000 0.000 0.000 0.000 0.000 0.000 0.450 0.458 0.336 0.380 0.436 0.000 0.000 0.000 0.000 0.000 0.000 0.206 0.509 0.436 0.245 0.343 0.292 0.000 0.000 0.000 0.000 0.000 0.000 0.000 0.000 0.000 0.000 0.000 0.000 0.000 0.000 0.000 0.000 0.000 0.000 0.000 0.000 0.000 0.000 0.000 0.000 0.000 0.000 0.000 0.000 0.000 0.000 0.000 0.000 0.000)  0.000 0.000 0.000 0.000 0.000 0.000 0.000 0.000 0.000 0.000 0.000 0.230 0.000 0.276 0.000 0.208 0.000 0.257 0.000 0.000 0.000 0.000 0.000 0.000 0.000 0.000 0.000 0.000 0.130 0.283 0.173 0.000 0.000 0.000 0.000 0.000 0.000 0.198 0.000 0.000 0.229 0.328 0.235 0.000 0.000 0.000 0.000 0.000 0.000 0.000 0.000 0.000 0.000 0.000 0.000 0.000 0.000 0.000 0.000 0.000 0.000 0.000 0.000 0.000 0.000 0.000 0.000 0.000 0.000 0.000 0.000 0.000 0.000 0.000 0.000 0.000)  0.000 0.000 0.000 0.000 0.000 0.000 0.000 0.000 0.000 0.000 0.000 0.183 0.000 0.126 0.000 0.108 0.000 0.108 0.000 0.000 0.000 0.000 0.000 0.000 0.000 0.000 0.000 0.000 0.000 0.000 0.151 0.000 0.000 0.000 0.000 0.000 0.000 0.194 0.000 0.000 0.000 0.000 0.198 0.000 0.000 0.000 0.000 0.000 0.000 0.000 0.000 0.000 0.000 0.000 0.000 0.000 0.000 0.000 0.000 0.000 0.000 0.000 0.000 0.000 0.000 0.000 0.000 0.000 0.000 0.000 0.000 0.000 0.000 0.000 0.000 0.000)  
licking: (1.000 1.000 1.000 1.000 1.000 1.000 1.000 1.000 1.000 1.000 1.000 1.000 1.000 1.000 1.000 1.000 1.000 1.000 1.000 1.000 1.000 1.000 1.000 1.000 1.000 1.000 0.810 0.879 0.930 0.897 0.885 1.000 0.887 0.838 0.805 0.940 0.938 1.000 1.000 1.000 1.000 1.000 1.000 1.000 1.000 1.000 1.000 1.000 1.000 1.000 1.000 1.000 1.000 0.957 0.907 0.878 0.931 0.902 0.915 0.899 0.865 1.000 1.000 1.000 1.000 1.000 1.000 1.000 1.000 1.000 1.000 0.954 0.927 0.939 0.932 0.945)  0.000 0.000 0.000 0.000 0.000 0.000 0.000 0.000 0.000 0.000 0.000 0.000 0.000 0.000 0.000 0.000 0.000 0.000 0.000 0.000 0.000 0.000 0.000 0.000 0.000 0.000 0.190 0.121 0.070 0.103 0.115 0.000 0.113 0.162 0.195 0.060 0.062 0.000 0.000 0.000 0.000 0.000 0.000 0.000 0.000 0.000 0.000 0.000 0.000 0.000 0.000 0.000 0.000 0.043 0.093 0.122 0.069 0.098 0.085 0.101 0.135 0.000 0.000 0.000 0.000 0.000 0.000 0.000 0.000 0.000 0.000 0.046 0.073 0.061 0.068 0.055)  
corridor_position_bin: (0.223 0.255 0.260 0.280 0.299 0.526 0.280 0.424 0.488 0.234 0.254 0.282 0.168 0.174 0.288 0.236 0.158 0.215 0.204 0.244 0.160 0.305 0.469 0.478 0.289 0.222 0.300 0.209 0.186 0.228 0.208 0.223 0.363 0.284 0.208 0.288 0.163 0.242 0.229 0.234 0.264 0.320 0.215 0.358 0.216 0.331 0.260 0.251 0.256 0.232 0.298 0.251 0.274 0.154 0.228 0.242 0.238 0.237 0.305 0.246 0.249 0.255 0.464 0.445 0.219 0.289 0.272 0.303 0.297 0.265 0.363 0.194 0.219 0.220 0.256 0.236)  0.214 0.252 0.258 0.264 0.258 0.210 0.245 0.132 0.174 0.317 0.240 0.223 0.154 0.164 0.251 0.256 0.136 0.232 0.207 0.252 0.270 0.265 0.218 0.162 0.219 0.228 0.231 0.256 0.244 0.290 0.283 0.249 0.187 0.281 0.247 0.233 0.184 0.249 0.230 0.353 0.267 0.233 0.302 0.203 0.257 0.176 0.252 0.251 0.269 0.306 0.240 0.159 0.225 0.156 0.234 0.254 0.234 0.240 0.269 0.292 0.285 0.208 0.153 0.185 0.224 0.222 0.267 0.240 0.264 0.233 0.212 0.225 0.355 0.254 0.255 0.261)  0.281 0.251 0.232 0.239 0.224 0.122 0.189 0.174 0.203 0.250 0.238 0.238 0.335 0.336 0.223 0.258 0.365 0.301 0.393 0.265 0.374 0.225 0.160 0.136 0.245 0.292 0.263 0.306 0.348 0.272 0.298 0.280 0.219 0.289 0.342 0.228 0.386 0.292 0.299 0.223 0.240 0.250 0.265 0.224 0.303 0.360 0.306 0.285 0.241 0.240 0.174 0.235 0.191 0.351 0.265 0.255 0.295 0.282 0.235 0.257 0.269 0.242 0.150 0.145 0.233 0.262 0.181 0.180 0.240 0.257 0.234 0.316 0.220 0.239 0.246 0.264)  0.282 0.243 0.250 0.217 0.218 0.142 0.286 0.270 0.135 0.198 0.268 0.257 0.343 0.326 0.238 0.250 0.342 0.252 0.196 0.239 0.197 0.205 0.153 0.224 0.247 0.258 0.206 0.228 0.221 0.210 0.211 0.247 0.231 0.146 0.203 0.251 0.267 0.217 0.242 0.190 0.229 0.197 0.218 0.216 0.224 0.133 0.181 0.212 0.234 0.222 0.288 0.355 0.311 0.339 0.272 0.249 0.234 0.240 0.191 0.206 0.197 0.295 0.233 0.225 0.323 0.227 0.281 0.277 0.199 0.245 0.190 0.265 0.206 0.286 0.243 0.239)  
running_speed_bin: (0.001 0.002 0.003 0.003 0.003 0.001 0.001 0.001 0.001 0.001 0.250 0.001 0.001 0.001 0.001 0.250 0.001 0.001 0.001 0.002 0.001 0.002 0.001 0.001 0.003 0.001 0.001 0.002 0.002 0.250 0.250 0.002 0.000 0.003 0.003 0.002 0.003 0.250 0.242 0.001 0.250 0.001 0.001 0.001 0.001 0.001 0.001 0.250 0.250 0.002 0.001 0.001 0.001 0.001 0.001 0.002 0.250 0.250 0.001 0.250 0.250 0.002 0.001 0.002 0.002 0.002 0.001 0.003 0.003 0.002 0.001 0.000 0.250 0.003 0.250 0.004)  0.000 0.498 0.497 0.497 0.497 0.000 0.000 0.000 0.000 0.000 0.250 0.499 0.499 0.499 0.499 0.250 0.499 0.499 0.000 0.497 0.000 0.498 0.000 0.000 0.497 0.487 0.000 0.498 0.498 0.250 0.250 0.497 0.000 0.492 0.497 0.000 0.497 0.250 0.258 0.499 0.250 0.499 0.499 0.499 0.499 0.000 0.499 0.250 0.250 0.498 0.499 0.000 0.499 0.000 0.000 0.498 0.250 0.250 0.499 0.250 0.250 0.494 0.000 0.000 0.497 0.000 0.000 0.497 0.497 0.498 0.000 0.499 0.250 0.497 0.250 0.496)  0.749 0.250 0.250 0.250 0.250 0.749 0.749 0.748 0.749 0.746 0.250 0.250 0.250 0.250 0.250 0.250 0.250 0.250 0.749 0.251 0.748 0.250 0.748 0.749 0.250 0.262 0.749 0.250 0.250 0.250 0.250 0.251 0.746 0.255 0.250 0.748 0.250 0.250 0.250 0.250 0.250 0.250 0.250 0.250 0.250 0.749 0.250 0.250 0.250 0.250 0.250 0.749 0.250 0.749 0.749 0.250 0.250 0.250 0.250 0.250 0.250 0.253 0.749 0.748 0.251 0.748 0.749 0.250 0.250 0.250 0.749 0.250 0.250 0.232 0.250 0.250)  0.250 0.250 0.250 0.250 0.250 0.250 0.250 0.250 0.250 0.253 0.250 0.250 0.250 0.250 0.250 0.250 0.250 0.250 0.250 0.250 0.251 0.250 0.250 0.250 0.250 0.250 0.250 0.250 0.250 0.250 0.250 0.250 0.253 0.250 0.250 0.250 0.250 0.250 0.250 0.250 0.250 0.250 0.250 0.250 0.250 0.250 0.250 0.250 0.250 0.250 0.250 0.250 0.250 0.250 0.250 0.250 0.250 0.250 0.250 0.250 0.250 0.250 0.250 0.250 0.250 0.250 0.250 0.250 0.250 0.250 0.250 0.250 0.250 0.268 0.250 0.250)  
Brain region: unknown: 4047169 neurons  
Training on 25130 trials, testing on 6313 trials
Using device: cpu
Using balanced loss with class weights:
  Output 0: [0.00289577 0.01366581 0.07611824 0.00272763 0.38990912 0.30593517
 0.00672909 0.01968758 0.01167176 0.0602449  0.01423725 0.02879977
 0.06737793]
  Output 1: [0.02615666 0.97384334]
  Output 2: [0.22457679 0.26764375 0.24593168 0.2618478 ]
  Output 3: [0.7216573  0.09529121 0.06864822 0.11440332]
Session 0: Using random projection to 2000 of 58224 neurons for SVD initialization
Session 1: Using random projection to 2000 of 54741 neurons for SVD initialization
Session 2: Using random projection to 2000 of 50347 neurons for SVD initialization
Session 3: Using random projection to 2000 of 50195 neurons for SVD initialization
Session 4: Using random projection to 2000 of 56106 neurons for SVD initialization
Session 5: Using random projection to 2000 of 55746 neurons for SVD initialization
Session 6: Using random projection to 2000 of 58930 neurons for SVD initialization
Session 7: Using random projection to 2000 of 64130 neurons for SVD initialization
Session 8: Using random projection to 2000 of 57540 neurons for SVD initialization
Session 9: Using random projection to 2000 of 59251 neurons for SVD initialization
Session 10: Using random projection to 2000 of 34658 neurons for SVD initialization
Session 11: Using random projection to 2000 of 34575 neurons for SVD initialization
Session 12: Using random projection to 2000 of 38489 neurons for SVD initialization
Session 13: Using random projection to 2000 of 39358 neurons for SVD initialization
Session 14: Using random projection to 2000 of 33577 neurons for SVD initialization
Session 15: Using random projection to 2000 of 31859 neurons for SVD initialization
Session 16: Using random projection to 2000 of 35918 neurons for SVD initialization
Session 17: Using random projection to 2000 of 35291 neurons for SVD initialization
Session 18: Using random projection to 2000 of 43834 neurons for SVD initialization
Session 19: Using random projection to 2000 of 42565 neurons for SVD initialization
Session 20: Using random projection to 2000 of 58941 neurons for SVD initialization
Session 21: Using random projection to 2000 of 55653 neurons for SVD initialization
Session 22: Using random projection to 2000 of 61115 neurons for SVD initialization
Session 23: Using random projection to 2000 of 45207 neurons for SVD initialization
Session 24: Using random projection to 2000 of 55457 neurons for SVD initialization
Session 25: Using random projection to 2000 of 68553 neurons for SVD initialization
Session 26: Using random projection to 2000 of 85481 neurons for SVD initialization
Session 27: Using random projection to 2000 of 75480 neurons for SVD initialization
Session 28: Using random projection to 2000 of 79417 neurons for SVD initialization
Session 29: Using random projection to 2000 of 68045 neurons for SVD initialization
Session 30: Using random projection to 2000 of 76530 neurons for SVD initialization
Session 31: Using random projection to 2000 of 85468 neurons for SVD initialization
Session 32: Using random projection to 2000 of 63625 neurons for SVD initialization
Session 33: Using random projection to 2000 of 89577 neurons for SVD initialization
Session 34: Using random projection to 2000 of 83309 neurons for SVD initialization
Session 35: Using random projection to 2000 of 71687 neurons for SVD initialization
Session 36: Using random projection to 2000 of 76296 neurons for SVD initialization
Session 37: Using random projection to 2000 of 28907 neurons for SVD initialization
Session 38: Using random projection to 2000 of 31672 neurons for SVD initialization
Session 39: Using random projection to 2000 of 36935 neurons for SVD initialization
Session 40: Using random projection to 2000 of 27281 neurons for SVD initialization
Session 41: Using random projection to 2000 of 29587 neurons for SVD initialization
Session 42: Using random projection to 2000 of 32547 neurons for SVD initialization
Session 43: Using random projection to 2000 of 52044 neurons for SVD initialization
Session 44: Using random projection to 2000 of 28696 neurons for SVD initialization
Session 45: Using random projection to 2000 of 43103 neurons for SVD initialization
Session 46: Using random projection to 2000 of 30931 neurons for SVD initialization
Session 47: Using random projection to 2000 of 30252 neurons for SVD initialization
Session 48: Using random projection to 2000 of 26756 neurons for SVD initialization
Session 49: Using random projection to 2000 of 24383 neurons for SVD initialization
Session 50: Using random projection to 2000 of 35126 neurons for SVD initialization
Session 51: Using random projection to 2000 of 34522 neurons for SVD initialization
Session 52: Using random projection to 2000 of 49311 neurons for SVD initialization
Session 53: Using random projection to 2000 of 48732 neurons for SVD initialization
Session 54: Using random projection to 2000 of 57368 neurons for SVD initialization
Session 55: Using random projection to 2000 of 47785 neurons for SVD initialization
Session 56: Using random projection to 2000 of 60924 neurons for SVD initialization
Session 57: Using random projection to 2000 of 48742 neurons for SVD initialization
Session 58: Using random projection to 2000 of 62256 neurons for SVD initialization
Session 59: Using random projection to 2000 of 67669 neurons for SVD initialization
Session 60: Using random projection to 2000 of 72193 neurons for SVD initialization
Session 61: Using random projection to 2000 of 44059 neurons for SVD initialization
Session 62: Using random projection to 2000 of 52954 neurons for SVD initialization
Session 63: Using random projection to 2000 of 50689 neurons for SVD initialization
Session 64: Using random projection to 2000 of 59560 neurons for SVD initialization
Session 65: Using random projection to 2000 of 55163 neurons for SVD initialization
Session 66: Using random projection to 2000 of 62606 neurons for SVD initialization
Session 67: Using random projection to 2000 of 48824 neurons for SVD initialization
Session 68: Using random projection to 2000 of 58099 neurons for SVD initialization
Session 69: Using random projection to 2000 of 53028 neurons for SVD initialization
Session 70: Using random projection to 2000 of 61456 neurons for SVD initialization
Session 71: Using random projection to 2000 of 81473 neurons for SVD initialization
Session 72: Using random projection to 2000 of 71069 neurons for SVD initialization
Session 73: Using random projection to 2000 of 76108 neurons for SVD initialization
Session 74: Using random projection to 2000 of 63897 neurons for SVD initialization
Session 75: Using random projection to 2000 of 65287 neurons for SVD initialization
Epoch [1/200], Loss: 19373.400872
Epoch [2/200], Loss: 18405.442813
Epoch [3/200], Loss: 17481.364142
