Data format is valid, no errors or warnings.
Number of sessions: 143
Total number of trials: 74484
Number of trials per session: [517, 206, 520, 528, 499, 660, 520, 519, 529, 582, 435, 519, 571, 443, 442, 478, 436, 559, 597, 437, 682, 538, 460, 281, 501, 692, 796, 660, 688, 420, 655, 561, 611, 380, 750, 579, 550, 522, 567, 539, 502, 426, 373, 387, 424, 415, 458, 444, 395, 397, 577, 550, 487, 455, 665, 418, 486, 485, 416, 464, 441, 396, 479, 635, 519, 600, 492, 470, 519, 527, 625, 425, 526, 395, 261, 437, 517, 524, 524, 482, 489, 489, 512, 619, 674, 488, 473, 507, 528, 310, 436, 350, 566, 550, 561, 495, 534, 546, 622, 508, 577, 530, 488, 592, 639, 457, 537, 441, 611, 417, 534, 502, 481, 627, 656, 644, 695, 637, 588, 625, 516, 509, 477, 388, 461, 531, 565, 513, 521, 634, 522, 590, 518, 631, 560, 499, 605, 662, 547, 490, 689, 448, 626]
Number of subjects: 28
Number of brain regions: 14
Number of sessions per subject:
  Subject sub-440956: 2 sessions
  Subject sub-440957: 4 sessions
  Subject sub-440958: 4 sessions
  Subject sub-440959: 7 sessions
  Subject sub-441666: 4 sessions
  Subject sub-442571: 5 sessions
  Subject sub-449141: 5 sessions
  Subject sub-455219: 4 sessions
  Subject sub-455220: 6 sessions
  Subject sub-456772: 10 sessions
  Subject sub-456773: 4 sessions
  Subject sub-456774: 2 sessions
  Subject sub-460432: 3 sessions
  Subject sub-460434: 4 sessions
  Subject sub-460436: 4 sessions
  Subject sub-479121: 5 sessions
  Subject sub-479149: 4 sessions
  Subject sub-480133: 4 sessions
  Subject sub-480134: 4 sessions
  Subject sub-480135: 4 sessions
  Subject sub-480927: 10 sessions
  Subject sub-480928: 6 sessions
  Subject sub-484672: 4 sessions
  Subject sub-484673: 9 sessions
  Subject sub-484674: 9 sessions
  Subject sub-484675: 3 sessions
  Subject sub-484676: 7 sessions
  Subject sub-484677: 6 sessions
Input dimension: 2
Output dimension: 4
Summary statistics (across all sessions):
  T: mean: 80.00, median: 80.00, min: 80, max: 80
  n_neurons: mean: 402.52', min: 90, max: 923
  Input range:
    time_from_tone_onset: [-1.5, 11.9]
    photostim_on: [0.0, 1.0]
  Output range:
    choice: [0.0, 1.0]
    outcome: [0.0, 2.0]
    early_lick: [0.0, 1.0]
    tongue_y_position: [0.0, 2.0]
  Unique outputs per dimension (fraction of data):
    choice: {left (0.494), right (0.506)}
    outcome: {ignore (0.109), miss (0.153), hit (0.739)}
    early_lick: {no (0.885), yes (0.115)}
    tongue_y_position: {below_p40 (0.109), p40_to_p60 (0.782), above_p60 (0.109)}
  Brain region distribution:
    left ALM: 10334 neurons
    left BLA: 666 neurons
    left ECT: 2220 neurons
    left Medulla: 2513 neurons
    left Midbrain: 4412 neurons
    left Striatum: 4094 neurons
    left Thalamus: 6252 neurons
    right ALM: 9596 neurons
    right BLA: 499 neurons
    right ECT: 575 neurons
    right Medulla: 1717 neurons
    right Midbrain: 4418 neurons
    right Striatum: 5192 neurons
    right Thalamus: 5072 neurons

Per-session statistics:
  Mean T: 80.0, 80.0, 80.0, 80.0, 80.0, 80.0, 80.0, 80.0, 80.0, 80.0, 80.0, 80.0, 80.0, 80.0, 80.0, 80.0, 80.0, 80.0, 80.0, 80.0, 80.0, 80.0, 80.0, 80.0, 80.0, 80.0, 80.0, 80.0, 80.0, 80.0, 80.0, 80.0, 80.0, 80.0, 80.0, 80.0, 80.0, 80.0, 80.0, 80.0, 80.0, 80.0, 80.0, 80.0, 80.0, 80.0, 80.0, 80.0, 80.0, 80.0, 80.0, 80.0, 80.0, 80.0, 80.0, 80.0, 80.0, 80.0, 80.0, 80.0, 80.0, 80.0, 80.0, 80.0, 80.0, 80.0, 80.0, 80.0, 80.0, 80.0, 80.0, 80.0, 80.0, 80.0, 80.0, 80.0, 80.0, 80.0, 80.0, 80.0, 80.0, 80.0, 80.0, 80.0, 80.0, 80.0, 80.0, 80.0, 80.0, 80.0, 80.0, 80.0, 80.0, 80.0, 80.0, 80.0, 80.0, 80.0, 80.0, 80.0, 80.0, 80.0, 80.0, 80.0, 80.0, 80.0, 80.0, 80.0, 80.0, 80.0, 80.0, 80.0, 80.0, 80.0, 80.0, 80.0, 80.0, 80.0, 80.0, 80.0, 80.0, 80.0, 80.0, 80.0, 80.0, 80.0, 80.0, 80.0, 80.0, 80.0, 80.0, 80.0, 80.0, 80.0, 80.0, 80.0, 80.0, 80.0, 80.0, 80.0, 80.0, 80.0, 80.0
  Min T: 80, 80, 80, 80, 80, 80, 80, 80, 80, 80, 80, 80, 80, 80, 80, 80, 80, 80, 80, 80, 80, 80, 80, 80, 80, 80, 80, 80, 80, 80, 80, 80, 80, 80, 80, 80, 80, 80, 80, 80, 80, 80, 80, 80, 80, 80, 80, 80, 80, 80, 80, 80, 80, 80, 80, 80, 80, 80, 80, 80, 80, 80, 80, 80, 80, 80, 80, 80, 80, 80, 80, 80, 80, 80, 80, 80, 80, 80, 80, 80, 80, 80, 80, 80, 80, 80, 80, 80, 80, 80, 80, 80, 80, 80, 80, 80, 80, 80, 80, 80, 80, 80, 80, 80, 80, 80, 80, 80, 80, 80, 80, 80, 80, 80, 80, 80, 80, 80, 80, 80, 80, 80, 80, 80, 80, 80, 80, 80, 80, 80, 80, 80, 80, 80, 80, 80, 80, 80, 80, 80, 80, 80, 80
  Max T: 80, 80, 80, 80, 80, 80, 80, 80, 80, 80, 80, 80, 80, 80, 80, 80, 80, 80, 80, 80, 80, 80, 80, 80, 80, 80, 80, 80, 80, 80, 80, 80, 80, 80, 80, 80, 80, 80, 80, 80, 80, 80, 80, 80, 80, 80, 80, 80, 80, 80, 80, 80, 80, 80, 80, 80, 80, 80, 80, 80, 80, 80, 80, 80, 80, 80, 80, 80, 80, 80, 80, 80, 80, 80, 80, 80, 80, 80, 80, 80, 80, 80, 80, 80, 80, 80, 80, 80, 80, 80, 80, 80, 80, 80, 80, 80, 80, 80, 80, 80, 80, 80, 80, 80, 80, 80, 80, 80, 80, 80, 80, 80, 80, 80, 80, 80, 80, 80, 80, 80, 80, 80, 80, 80, 80, 80, 80, 80, 80, 80, 80, 80, 80, 80, 80, 80, 80, 80, 80, 80, 80, 80, 80
  n_neurons: 205, 552, 526, 505, 192, 169, 347, 342, 432, 367, 214, 383, 452, 537, 396, 391, 292, 290, 314, 501, 278, 279, 603, 433, 425, 436, 499, 571, 533, 675, 496, 498, 530, 463, 599, 224, 478, 488, 427, 433, 428, 106, 157, 217, 194, 344, 253, 343, 477, 332, 442, 452, 272, 414, 346, 532, 178, 322, 368, 184, 156, 150, 190, 141, 365, 254, 323, 269, 378, 537, 374, 322, 90, 233, 480, 304, 328, 439, 639, 618, 205, 420, 683, 675, 749, 765, 538, 502, 219, 477, 376, 516, 688, 350, 219, 469, 366, 483, 268, 432, 407, 650, 731, 923, 724, 213, 330, 492, 215, 486, 633, 497, 532, 285, 227, 342, 430, 390, 308, 298, 638, 208, 452, 238, 206, 404, 269, 393, 483, 325, 537, 473, 302, 317, 530, 437, 339, 445, 390, 308, 787, 472, 368
  Input range:
    0: [-0.6, 4.5] [-0.6, 4.1] [-0.6, 5.3] [-0.6, 5.0] [-0.6, 4.7] [-0.6, 5.7] [-0.6, 5.0] [-0.6, 7.1] [-0.6, 7.2] [-0.6, 6.2] [-0.6, 5.9] [-0.6, 7.2] [-0.6, 7.4] [-0.6, 6.1] [-0.6, 5.1] [-0.6, 6.0] [-0.6, 5.1] [-0.6, 5.9] [-0.6, 5.7] [-0.6, 6.1] [-0.6, 7.1] [-0.6, 4.9] [-0.6, 5.8] [-0.6, 5.1] [-0.6, 5.7] [-0.6, 5.1] [-0.6, 7.6] [-0.6, 5.6] [-0.6, 5.6] [-0.6, 5.3] [-0.6, 4.4] [-0.6, 6.2] [-0.6, 6.3] [-0.6, 5.7] [-0.6, 6.7] [-0.6, 6.0] [-0.6, 6.3] [-0.6, 6.3] [-0.6, 6.9] [-0.6, 6.3] [-0.6, 6.9] [-1.5, 5.8] [-1.5, 5.8] [-1.5, 7.4] [-1.5, 5.1] [-1.5, 5.5] [-1.5, 5.8] [-1.5, 4.9] [-1.5, 5.6] [-1.5, 5.8] [-1.5, 6.8] [-1.5, 6.0] [-1.5, 9.4] [-1.5, 5.8] [-1.5, 6.3] [-1.5, 9.7] [-1.5, 5.5] [-1.5, 5.0] [-1.5, 5.7] [-1.5, 7.0] [-1.5, 5.4] [-1.5, 6.7] [-1.5, 7.9] [-1.5, 6.6] [-1.5, 6.6] [-1.5, 9.1] [-1.5, 7.2] [-1.5, 5.7] [-1.5, 5.4] [-1.5, 5.9] [-1.5, 5.7] [-1.5, 4.8] [-1.5, 4.3] [-1.5, 6.3] [-1.5, 8.2] [-1.5, 6.6] [-1.5, 6.6] [-1.5, 7.3] [-1.5, 4.8] [-1.5, 9.2] [-1.5, 6.4] [-1.5, 5.7] [-1.5, 5.8] [-1.5, 6.5] [-1.5, 6.5] [-1.5, 5.2] [-1.5, 5.3] [-1.5, 5.9] [-1.5, 7.6] [-1.5, 5.3] [-1.5, 5.5] [-1.5, 5.5] [-1.5, 6.6] [-1.5, 6.5] [-1.5, 6.8] [-1.5, 8.4] [-1.5, 7.3] [-1.5, 11.9] [-1.5, 9.3] [-1.5, 5.8] [-1.5, 5.5] [-1.5, 6.8] [-1.5, 5.9] [-1.5, 4.7] [-1.5, 5.3] [-1.5, 5.5] [-1.5, 6.3] [-1.5, 5.0] [-1.5, 6.1] [-1.5, 3.9] [-1.5, 5.4] [-1.5, 6.0] [-1.5, 5.5] [-1.5, 6.2] [-1.5, 6.7] [-1.5, 6.2] [-1.5, 6.1] [-1.5, 6.7] [-1.5, 7.4] [-1.5, 8.2] [-1.5, 6.9] [-1.5, 8.0] [-1.5, 7.3] [-1.5, 8.8] [-1.5, 5.1] [-1.5, 9.7] [-1.5, 7.2] [-1.5, 5.8] [-1.5, 5.7] [-1.5, 6.7] [-1.5, 5.3] [-1.5, 7.0] [-1.5, 5.6] [-1.5, 6.2] [-1.5, 5.8] [-1.5, 5.9] [-1.5, 6.4] [-1.5, 6.2] [-1.5, 8.2] [-1.5, 5.6] [-1.5, 6.1] [-1.5, 6.8] [-1.5, 7.1] 
    1: [0.0, 1.0] [0.0, 1.0] [0.0, 1.0] [0.0, 1.0] [0.0, 1.0] [0.0, 1.0] [0.0, 1.0] [0.0, 1.0] [0.0, 1.0] [0.0, 1.0] [0.0, 1.0] [0.0, 1.0] [0.0, 0.0] [0.0, 1.0] [0.0, 1.0] [0.0, 1.0] [0.0, 1.0] [0.0, 1.0] [0.0, 1.0] [0.0, 1.0] [0.0, 1.0] [0.0, 1.0] [0.0, 1.0] [0.0, 1.0] [0.0, 1.0] [0.0, 1.0] [0.0, 1.0] [0.0, 1.0] [0.0, 1.0] [0.0, 1.0] [0.0, 1.0] [0.0, 1.0] [0.0, 1.0] [0.0, 1.0] [0.0, 1.0] [0.0, 1.0] [0.0, 1.0] [0.0, 1.0] [0.0, 1.0] [0.0, 1.0] [0.0, 1.0] [0.0, 1.0] [0.0, 1.0] [0.0, 1.0] [0.0, 1.0] [0.0, 1.0] [0.0, 1.0] [0.0, 1.0] [0.0, 1.0] [0.0, 1.0] [0.0, 1.0] [0.0, 1.0] [0.0, 1.0] [0.0, 1.0] [0.0, 1.0] [0.0, 1.0] [0.0, 1.0] [0.0, 1.0] [0.0, 1.0] [0.0, 1.0] [0.0, 1.0] [0.0, 1.0] [0.0, 1.0] [0.0, 1.0] [0.0, 1.0] [0.0, 1.0] [0.0, 1.0] [0.0, 1.0] [0.0, 1.0] [0.0, 1.0] [0.0, 1.0] [0.0, 1.0] [0.0, 1.0] [0.0, 0.0] [0.0, 1.0] [0.0, 1.0] [0.0, 1.0] [0.0, 0.0] [0.0, 1.0] [0.0, 1.0] [0.0, 1.0] [0.0, 1.0] [0.0, 1.0] [0.0, 1.0] [0.0, 1.0] [0.0, 1.0] [0.0, 1.0] [0.0, 1.0] [0.0, 1.0] [0.0, 1.0] [0.0, 1.0] [0.0, 1.0] [0.0, 1.0] [0.0, 1.0] [0.0, 1.0] [0.0, 1.0] [0.0, 1.0] [0.0, 1.0] [0.0, 1.0] [0.0, 1.0] [0.0, 1.0] [0.0, 1.0] [0.0, 1.0] [0.0, 1.0] [0.0, 1.0] [0.0, 1.0] [0.0, 1.0] [0.0, 1.0] [0.0, 1.0] [0.0, 1.0] [0.0, 1.0] [0.0, 1.0] [0.0, 1.0] [0.0, 1.0] [0.0, 1.0] [0.0, 1.0] [0.0, 1.0] [0.0, 1.0] [0.0, 1.0] [0.0, 1.0] [0.0, 1.0] [0.0, 1.0] [0.0, 1.0] [0.0, 1.0] [0.0, 1.0] [0.0, 1.0] [0.0, 1.0] [0.0, 1.0] [0.0, 1.0] [0.0, 1.0] [0.0, 1.0] [0.0, 1.0] [0.0, 1.0] [0.0, 1.0] [0.0, 1.0] [0.0, 1.0] [0.0, 1.0] [0.0, 1.0] [0.0, 1.0] [0.0, 1.0] [0.0, 1.0] [0.0, 1.0] [0.0, 1.0] 
  Output range:
    0: [0.0, 1.0] [0.0, 1.0] [0.0, 1.0] [0.0, 1.0] [0.0, 1.0] [0.0, 1.0] [0.0, 1.0] [0.0, 1.0] [0.0, 1.0] [0.0, 1.0] [0.0, 1.0] [0.0, 1.0] [0.0, 1.0] [0.0, 1.0] [0.0, 1.0] [0.0, 1.0] [0.0, 1.0] [0.0, 1.0] [0.0, 1.0] [0.0, 1.0] [0.0, 1.0] [0.0, 1.0] [0.0, 1.0] [0.0, 1.0] [0.0, 1.0] [0.0, 1.0] [0.0, 1.0] [0.0, 1.0] [0.0, 1.0] [0.0, 1.0] [0.0, 1.0] [0.0, 1.0] [0.0, 1.0] [0.0, 1.0] [0.0, 1.0] [0.0, 1.0] [0.0, 1.0] [0.0, 1.0] [0.0, 1.0] [0.0, 1.0] [0.0, 1.0] [0.0, 1.0] [0.0, 1.0] [0.0, 1.0] [0.0, 1.0] [0.0, 1.0] [0.0, 1.0] [0.0, 1.0] [0.0, 1.0] [0.0, 1.0] [0.0, 1.0] [0.0, 1.0] [0.0, 1.0] [0.0, 1.0] [0.0, 1.0] [0.0, 1.0] [0.0, 1.0] [0.0, 1.0] [0.0, 1.0] [0.0, 1.0] [0.0, 1.0] [0.0, 1.0] [0.0, 1.0] [0.0, 1.0] [0.0, 1.0] [0.0, 1.0] [0.0, 1.0] [0.0, 1.0] [0.0, 1.0] [0.0, 1.0] [0.0, 1.0] [0.0, 1.0] [0.0, 1.0] [0.0, 1.0] [0.0, 1.0] [0.0, 1.0] [0.0, 1.0] [0.0, 1.0] [0.0, 1.0] [0.0, 1.0] [0.0, 1.0] [0.0, 1.0] [0.0, 1.0] [0.0, 1.0] [0.0, 1.0] [0.0, 1.0] [0.0, 1.0] [0.0, 1.0] [0.0, 1.0] [0.0, 1.0] [0.0, 1.0] [0.0, 1.0] [0.0, 1.0] [0.0, 1.0] [0.0, 1.0] [0.0, 1.0] [0.0, 1.0] [0.0, 1.0] [0.0, 1.0] [0.0, 1.0] [0.0, 1.0] [0.0, 1.0] [0.0, 1.0] [0.0, 1.0] [0.0, 1.0] [0.0, 1.0] [0.0, 1.0] [0.0, 1.0] [0.0, 1.0] [0.0, 1.0] [0.0, 1.0] [0.0, 1.0] [0.0, 1.0] [0.0, 1.0] [0.0, 1.0] [0.0, 1.0] [0.0, 1.0] [0.0, 1.0] [0.0, 1.0] [0.0, 1.0] [0.0, 1.0] [0.0, 1.0] [0.0, 1.0] [0.0, 1.0] [0.0, 1.0] [0.0, 1.0] [0.0, 1.0] [0.0, 1.0] [0.0, 1.0] [0.0, 1.0] [0.0, 1.0] [0.0, 1.0] [0.0, 1.0] [0.0, 1.0] [0.0, 1.0] [0.0, 1.0] [0.0, 1.0] [0.0, 1.0] [0.0, 1.0] [0.0, 1.0] [0.0, 1.0] [0.0, 1.0] [0.0, 1.0] 
    1: [0.0, 2.0] [0.0, 2.0] [0.0, 2.0] [0.0, 2.0] [0.0, 2.0] [0.0, 2.0] [0.0, 2.0] [0.0, 2.0] [0.0, 2.0] [1.0, 2.0] [0.0, 2.0] [0.0, 2.0] [0.0, 2.0] [0.0, 2.0] [0.0, 2.0] [0.0, 2.0] [0.0, 2.0] [0.0, 2.0] [0.0, 2.0] [0.0, 2.0] [0.0, 2.0] [0.0, 2.0] [0.0, 2.0] [0.0, 2.0] [0.0, 2.0] [0.0, 2.0] [0.0, 2.0] [0.0, 2.0] [0.0, 2.0] [0.0, 2.0] [0.0, 2.0] [0.0, 2.0] [0.0, 2.0] [0.0, 2.0] [0.0, 2.0] [0.0, 2.0] [0.0, 2.0] [0.0, 2.0] [0.0, 2.0] [0.0, 2.0] [0.0, 2.0] [0.0, 2.0] [0.0, 2.0] [0.0, 2.0] [0.0, 2.0] [0.0, 2.0] [0.0, 2.0] [0.0, 2.0] [0.0, 2.0] [0.0, 2.0] [0.0, 2.0] [0.0, 2.0] [0.0, 2.0] [0.0, 2.0] [0.0, 2.0] [0.0, 2.0] [0.0, 2.0] [0.0, 2.0] [0.0, 2.0] [0.0, 2.0] [0.0, 2.0] [0.0, 2.0] [0.0, 2.0] [0.0, 2.0] [0.0, 2.0] [0.0, 2.0] [0.0, 2.0] [0.0, 2.0] [0.0, 2.0] [0.0, 2.0] [0.0, 2.0] [0.0, 2.0] [0.0, 2.0] [0.0, 2.0] [0.0, 2.0] [0.0, 2.0] [0.0, 2.0] [0.0, 2.0] [0.0, 2.0] [0.0, 2.0] [0.0, 2.0] [0.0, 2.0] [0.0, 2.0] [0.0, 2.0] [0.0, 2.0] [0.0, 2.0] [0.0, 2.0] [0.0, 2.0] [0.0, 2.0] [0.0, 2.0] [0.0, 2.0] [0.0, 2.0] [0.0, 2.0] [0.0, 2.0] [0.0, 2.0] [0.0, 2.0] [0.0, 2.0] [0.0, 2.0] [0.0, 2.0] [0.0, 2.0] [0.0, 2.0] [0.0, 2.0] [0.0, 2.0] [0.0, 2.0] [0.0, 2.0] [0.0, 2.0] [0.0, 2.0] [0.0, 2.0] [0.0, 2.0] [0.0, 2.0] [0.0, 2.0] [0.0, 2.0] [0.0, 2.0] [0.0, 2.0] [0.0, 2.0] [0.0, 2.0] [0.0, 2.0] [0.0, 2.0] [0.0, 2.0] [0.0, 2.0] [0.0, 2.0] [0.0, 2.0] [0.0, 2.0] [0.0, 2.0] [0.0, 2.0] [0.0, 2.0] [0.0, 2.0] [0.0, 2.0] [0.0, 2.0] [0.0, 2.0] [0.0, 2.0] [0.0, 2.0] [0.0, 2.0] [0.0, 2.0] [0.0, 2.0] [0.0, 2.0] [0.0, 2.0] [0.0, 2.0] [0.0, 2.0] [0.0, 2.0] [0.0, 2.0] [0.0, 2.0] [0.0, 2.0] 
    2: [0.0, 1.0] [0.0, 1.0] [0.0, 1.0] [0.0, 1.0] [0.0, 1.0] [0.0, 1.0] [0.0, 1.0] [0.0, 1.0] [0.0, 1.0] [0.0, 1.0] [0.0, 1.0] [0.0, 1.0] [0.0, 0.0] [0.0, 1.0] [0.0, 1.0] [0.0, 1.0] [0.0, 1.0] [0.0, 1.0] [0.0, 1.0] [0.0, 1.0] [0.0, 1.0] [0.0, 1.0] [0.0, 1.0] [0.0, 1.0] [0.0, 1.0] [0.0, 1.0] [0.0, 1.0] [0.0, 1.0] [0.0, 1.0] [0.0, 1.0] [0.0, 1.0] [0.0, 1.0] [0.0, 1.0] [0.0, 1.0] [0.0, 1.0] [0.0, 1.0] [0.0, 1.0] [0.0, 1.0] [0.0, 1.0] [0.0, 1.0] [0.0, 1.0] [0.0, 1.0] [0.0, 1.0] [0.0, 1.0] [0.0, 1.0] [0.0, 1.0] [0.0, 1.0] [0.0, 1.0] [0.0, 1.0] [0.0, 1.0] [0.0, 1.0] [0.0, 1.0] [0.0, 1.0] [0.0, 1.0] [0.0, 1.0] [0.0, 1.0] [0.0, 1.0] [0.0, 1.0] [0.0, 1.0] [0.0, 1.0] [0.0, 1.0] [0.0, 1.0] [0.0, 1.0] [0.0, 1.0] [0.0, 1.0] [0.0, 1.0] [0.0, 1.0] [0.0, 1.0] [0.0, 1.0] [0.0, 1.0] [0.0, 1.0] [0.0, 1.0] [0.0, 1.0] [0.0, 1.0] [0.0, 1.0] [0.0, 1.0] [0.0, 1.0] [0.0, 1.0] [0.0, 1.0] [0.0, 1.0] [0.0, 1.0] [0.0, 1.0] [0.0, 1.0] [0.0, 1.0] [0.0, 1.0] [0.0, 1.0] [0.0, 1.0] [0.0, 1.0] [0.0, 1.0] [0.0, 1.0] [0.0, 1.0] [0.0, 1.0] [0.0, 1.0] [0.0, 1.0] [0.0, 1.0] [0.0, 1.0] [0.0, 1.0] [0.0, 1.0] [0.0, 1.0] [0.0, 1.0] [0.0, 1.0] [0.0, 1.0] [0.0, 1.0] [0.0, 1.0] [0.0, 1.0] [0.0, 1.0] [0.0, 1.0] [0.0, 1.0] [0.0, 1.0] [0.0, 1.0] [0.0, 1.0] [0.0, 1.0] [0.0, 1.0] [0.0, 1.0] [0.0, 1.0] [0.0, 1.0] [0.0, 1.0] [0.0, 1.0] [0.0, 1.0] [0.0, 1.0] [0.0, 1.0] [0.0, 1.0] [0.0, 1.0] [0.0, 1.0] [0.0, 1.0] [0.0, 1.0] [0.0, 1.0] [0.0, 1.0] [0.0, 1.0] [0.0, 1.0] [0.0, 1.0] [0.0, 1.0] [0.0, 1.0] [0.0, 1.0] [0.0, 1.0] [0.0, 1.0] [0.0, 1.0] [0.0, 1.0] [0.0, 1.0] [0.0, 1.0] [0.0, 1.0] [0.0, 1.0] [0.0, 1.0] 
    3: [0.0, 2.0] [0.0, 2.0] [0.0, 2.0] [0.0, 2.0] [0.0, 2.0] [0.0, 2.0] [0.0, 2.0] [0.0, 2.0] [0.0, 2.0] [0.0, 2.0] [0.0, 2.0] [0.0, 2.0] [0.0, 2.0] [0.0, 2.0] [0.0, 2.0] [0.0, 2.0] [0.0, 2.0] [0.0, 2.0] [0.0, 2.0] [0.0, 2.0] [0.0, 2.0] [0.0, 2.0] [0.0, 2.0] [0.0, 2.0] [0.0, 2.0] [0.0, 2.0] [0.0, 2.0] [0.0, 2.0] [0.0, 2.0] [0.0, 2.0] [0.0, 2.0] [0.0, 2.0] [0.0, 2.0] [0.0, 2.0] [0.0, 2.0] [0.0, 2.0] [0.0, 2.0] [0.0, 2.0] [0.0, 2.0] [0.0, 2.0] [0.0, 2.0] [0.0, 2.0] [0.0, 2.0] [0.0, 2.0] [0.0, 2.0] [0.0, 2.0] [0.0, 2.0] [0.0, 2.0] [0.0, 2.0] [0.0, 2.0] [0.0, 2.0] [0.0, 2.0] [0.0, 2.0] [0.0, 2.0] [0.0, 2.0] [0.0, 2.0] [0.0, 2.0] [0.0, 2.0] [0.0, 2.0] [0.0, 2.0] [0.0, 2.0] [0.0, 2.0] [0.0, 2.0] [0.0, 2.0] [0.0, 2.0] [0.0, 2.0] [0.0, 2.0] [0.0, 2.0] [0.0, 2.0] [0.0, 2.0] [0.0, 2.0] [0.0, 2.0] [0.0, 2.0] [0.0, 2.0] [0.0, 2.0] [0.0, 2.0] [0.0, 2.0] [0.0, 2.0] [0.0, 2.0] [0.0, 2.0] [0.0, 2.0] [0.0, 2.0] [0.0, 2.0] [0.0, 2.0] [0.0, 2.0] [0.0, 2.0] [0.0, 2.0] [0.0, 2.0] [0.0, 2.0] [0.0, 2.0] [0.0, 2.0] [0.0, 2.0] [0.0, 2.0] [0.0, 2.0] [0.0, 2.0] [0.0, 2.0] [0.0, 2.0] [0.0, 2.0] [0.0, 2.0] [0.0, 2.0] [0.0, 2.0] [0.0, 2.0] [0.0, 2.0] [0.0, 2.0] [0.0, 2.0] [0.0, 2.0] [0.0, 2.0] [0.0, 2.0] [0.0, 2.0] [0.0, 2.0] [0.0, 2.0] [0.0, 2.0] [0.0, 2.0] [0.0, 2.0] [0.0, 2.0] [0.0, 2.0] [0.0, 2.0] [0.0, 2.0] [0.0, 2.0] [0.0, 2.0] [0.0, 2.0] [0.0, 2.0] [0.0, 2.0] [0.0, 2.0] [0.0, 2.0] [0.0, 2.0] [0.0, 2.0] [0.0, 2.0] [0.0, 2.0] [0.0, 2.0] [0.0, 2.0] [0.0, 2.0] [0.0, 2.0] [0.0, 2.0] [0.0, 2.0] [0.0, 2.0] [0.0, 2.0] [0.0, 2.0] [0.0, 2.0] [0.0, 2.0] [0.0, 2.0] [0.0, 2.0] [0.0, 2.0] 
  Output fraction of data:
choice: (0.582 0.490 0.583 0.572 0.567 0.545 0.523 0.491 0.527 0.565 0.457 0.501 0.518 0.540 0.554 0.636 0.615 0.785 0.400 0.540 0.535 0.511 0.502 0.520 0.479 0.491 0.499 0.535 0.632 0.333 0.380 0.488 0.530 0.458 0.499 0.603 0.520 0.458 0.522 0.568 0.645 0.474 0.453 0.460 0.559 0.455 0.443 0.525 0.565 0.466 0.390 0.502 0.378 0.490 0.538 0.462 0.323 0.363 0.522 0.515 0.474 0.472 0.585 0.655 0.468 0.407 0.646 0.517 0.420 0.416 0.467 0.372 0.449 0.468 0.471 0.558 0.534 0.345 0.321 0.317 0.352 0.472 0.584 0.496 0.550 0.457 0.455 0.487 0.595 0.639 0.578 0.529 0.521 0.413 0.504 0.519 0.616 0.542 0.479 0.490 0.529 0.481 0.584 0.493 0.366 0.457 0.400 0.410 0.376 0.559 0.502 0.536 0.538 0.530 0.605 0.592 0.496 0.507 0.553 0.557 0.543 0.442 0.428 0.374 0.297 0.493 0.442 0.476 0.338 0.457 0.506 0.493 0.504 0.475 0.548 0.555 0.577 0.341 0.261 0.316 0.396 0.513 0.476)  0.418 0.510 0.417 0.428 0.433 0.455 0.477 0.509 0.473 0.435 0.543 0.499 0.482 0.460 0.446 0.364 0.385 0.215 0.600 0.460 0.465 0.489 0.498 0.480 0.521 0.509 0.501 0.465 0.368 0.667 0.620 0.512 0.470 0.542 0.501 0.397 0.480 0.542 0.478 0.432 0.355 0.526 0.547 0.540 0.441 0.545 0.557 0.475 0.435 0.534 0.610 0.498 0.622 0.510 0.462 0.538 0.677 0.637 0.478 0.485 0.526 0.528 0.415 0.345 0.532 0.593 0.354 0.483 0.580 0.584 0.533 0.628 0.551 0.532 0.529 0.442 0.466 0.655 0.679 0.683 0.648 0.528 0.416 0.504 0.450 0.543 0.545 0.513 0.405 0.361 0.422 0.471 0.479 0.587 0.496 0.481 0.384 0.458 0.521 0.510 0.471 0.519 0.416 0.507 0.634 0.543 0.600 0.590 0.624 0.441 0.498 0.464 0.462 0.470 0.395 0.408 0.504 0.493 0.447 0.443 0.457 0.558 0.572 0.626 0.703 0.507 0.558 0.524 0.662 0.543 0.494 0.507 0.496 0.525 0.452 0.445 0.423 0.659 0.739 0.684 0.604 0.487 0.524)  
outcome: (0.025 0.019 0.004 0.002 0.012 0.009 0.013 0.029 0.013 0.000 0.069 0.004 0.011 0.007 0.077 0.021 0.135 0.578 0.067 0.034 0.031 0.167 0.059 0.018 0.026 0.029 0.019 0.003 0.047 0.162 0.038 0.004 0.005 0.008 0.009 0.038 0.015 0.059 0.116 0.087 0.187 0.035 0.153 0.062 0.233 0.019 0.028 0.005 0.309 0.008 0.009 0.071 0.039 0.022 0.011 0.167 0.405 0.101 0.130 0.185 0.488 0.258 0.096 0.017 0.006 0.003 0.096 0.015 0.231 0.023 0.006 0.313 0.048 0.230 0.169 0.062 0.060 0.097 0.338 0.224 0.354 0.170 0.158 0.090 0.070 0.143 0.019 0.075 0.123 0.313 0.433 0.514 0.154 0.133 0.039 0.069 0.066 0.057 0.034 0.301 0.418 0.304 0.395 0.478 0.509 0.313 0.121 0.236 0.214 0.132 0.039 0.060 0.152 0.002 0.002 0.040 0.024 0.013 0.017 0.030 0.085 0.108 0.099 0.299 0.371 0.023 0.041 0.351 0.194 0.117 0.038 0.010 0.039 0.052 0.011 0.106 0.050 0.015 0.154 0.196 0.071 0.103 0.085)  0.068 0.049 0.175 0.110 0.120 0.089 0.187 0.177 0.130 0.216 0.280 0.276 0.205 0.257 0.201 0.197 0.149 0.059 0.186 0.172 0.144 0.193 0.080 0.093 0.110 0.094 0.315 0.220 0.237 0.238 0.223 0.209 0.183 0.174 0.145 0.140 0.140 0.170 0.113 0.121 0.122 0.167 0.153 0.119 0.146 0.067 0.094 0.133 0.134 0.111 0.132 0.120 0.164 0.138 0.119 0.179 0.037 0.311 0.279 0.125 0.075 0.159 0.240 0.268 0.133 0.118 0.154 0.106 0.121 0.167 0.070 0.165 0.080 0.243 0.234 0.220 0.242 0.258 0.219 0.226 0.162 0.229 0.133 0.278 0.283 0.297 0.279 0.316 0.261 0.058 0.023 0.074 0.141 0.155 0.075 0.065 0.082 0.081 0.108 0.197 0.187 0.204 0.129 0.166 0.171 0.208 0.214 0.136 0.170 0.038 0.064 0.062 0.052 0.110 0.116 0.104 0.033 0.050 0.087 0.090 0.060 0.081 0.027 0.149 0.134 0.098 0.044 0.162 0.244 0.262 0.084 0.119 0.091 0.089 0.120 0.136 0.159 0.169 0.130 0.120 0.189 0.221 0.125)  0.907 0.932 0.821 0.888 0.868 0.902 0.800 0.794 0.856 0.784 0.651 0.721 0.785 0.736 0.722 0.782 0.716 0.363 0.747 0.794 0.826 0.639 0.861 0.890 0.864 0.877 0.666 0.777 0.717 0.600 0.739 0.788 0.812 0.818 0.845 0.822 0.845 0.770 0.771 0.792 0.691 0.798 0.694 0.819 0.620 0.913 0.878 0.863 0.557 0.882 0.860 0.809 0.797 0.840 0.871 0.653 0.558 0.588 0.591 0.690 0.438 0.583 0.664 0.715 0.861 0.878 0.750 0.879 0.647 0.810 0.923 0.522 0.873 0.527 0.598 0.719 0.698 0.645 0.443 0.550 0.485 0.601 0.709 0.632 0.647 0.559 0.702 0.609 0.616 0.629 0.544 0.411 0.705 0.713 0.886 0.867 0.852 0.863 0.859 0.502 0.395 0.492 0.475 0.356 0.321 0.479 0.665 0.628 0.615 0.830 0.897 0.878 0.796 0.888 0.883 0.856 0.942 0.937 0.896 0.880 0.855 0.811 0.874 0.552 0.495 0.879 0.915 0.487 0.562 0.621 0.877 0.871 0.871 0.859 0.870 0.758 0.792 0.816 0.717 0.684 0.740 0.676 0.791)  
early_lick: (0.994 0.985 0.988 0.983 0.980 0.968 0.967 0.952 0.888 0.895 0.844 0.657 1.000 0.851 0.896 0.925 0.947 0.975 0.928 0.931 0.950 0.911 0.935 0.968 0.904 0.912 0.856 0.923 0.948 0.960 0.954 0.897 0.907 0.911 0.916 0.860 0.864 0.879 0.845 0.872 0.863 0.831 0.912 0.889 0.941 0.952 0.910 0.892 0.957 0.884 0.932 0.882 0.830 0.895 0.884 0.852 0.938 0.915 0.901 0.961 0.932 0.891 0.772 0.805 0.975 0.978 0.862 0.932 0.933 0.892 0.955 0.958 0.973 0.911 0.789 0.831 0.921 0.859 0.906 0.859 0.865 0.947 0.910 0.827 0.786 0.971 0.975 0.941 0.943 0.890 0.851 0.883 0.627 0.669 0.672 0.774 0.850 0.760 0.714 0.809 0.759 0.877 0.861 0.909 0.809 0.805 0.801 0.844 0.846 0.978 0.929 0.930 0.950 0.882 0.921 0.953 0.957 0.932 0.776 0.824 0.816 0.880 0.841 0.933 0.933 0.812 0.844 0.667 0.795 0.703 0.939 0.854 0.946 0.899 0.798 0.908 0.840 0.909 0.867 0.963 0.898 0.917 0.912)  0.006 0.015 0.012 0.017 0.020 0.032 0.033 0.048 0.112 0.105 0.156 0.343 0.000 0.149 0.104 0.075 0.053 0.025 0.072 0.069 0.050 0.089 0.065 0.032 0.096 0.088 0.144 0.077 0.052 0.040 0.046 0.103 0.093 0.089 0.084 0.140 0.136 0.121 0.155 0.128 0.137 0.169 0.088 0.111 0.059 0.048 0.090 0.108 0.043 0.116 0.068 0.118 0.170 0.105 0.116 0.148 0.062 0.085 0.099 0.039 0.068 0.109 0.228 0.195 0.025 0.022 0.138 0.068 0.067 0.108 0.045 0.042 0.027 0.089 0.211 0.169 0.079 0.141 0.094 0.141 0.135 0.053 0.090 0.173 0.214 0.029 0.025 0.059 0.057 0.110 0.149 0.117 0.373 0.331 0.328 0.226 0.150 0.240 0.286 0.191 0.241 0.123 0.139 0.091 0.191 0.195 0.199 0.156 0.154 0.022 0.071 0.070 0.050 0.118 0.079 0.047 0.043 0.068 0.224 0.176 0.184 0.120 0.159 0.067 0.067 0.188 0.156 0.333 0.205 0.297 0.061 0.146 0.054 0.101 0.202 0.092 0.160 0.091 0.133 0.037 0.102 0.083 0.088)  
tongue_y_position: (0.099 0.102 0.112 0.117 0.116 0.120 0.105 0.098 0.095 0.104 0.073 0.084 0.087 0.089 0.041 0.051 0.038 0.063 0.185 0.141 0.137 0.068 0.072 0.097 0.107 0.094 0.128 0.129 0.085 0.081 0.100 0.160 0.102 0.115 0.116 0.156 0.086 0.281 0.075 0.400 0.068 0.100 0.085 0.101 0.080 0.092 0.093 0.096 0.056 0.088 0.088 0.074 0.079 0.077 0.081 0.078 0.050 0.077 0.075 0.068 0.060 0.088 0.111 0.118 0.108 0.118 0.097 0.116 0.082 0.097 0.101 0.057 0.099 0.135 0.142 0.176 0.161 0.099 0.065 0.078 0.064 0.073 0.083 0.097 0.083 0.092 0.122 0.100 0.089 0.110 0.071 0.097 0.166 0.170 0.200 0.195 0.159 0.180 0.196 0.101 0.077 0.081 0.079 0.063 0.068 0.079 0.100 0.089 0.088 0.107 0.115 0.114 0.096 0.163 0.142 0.136 0.134 0.146 0.154 0.092 0.125 0.111 0.117 0.079 0.062 0.125 0.124 0.065 0.084 0.099 0.002 0.185 0.138 0.147 0.204 0.141 0.183 0.095 0.084 0.080 0.096 0.085 0.092)  0.802 0.795 0.777 0.765 0.767 0.760 0.790 0.804 0.809 0.792 0.854 0.831 0.826 0.822 0.918 0.898 0.923 0.874 0.631 0.718 0.725 0.864 0.855 0.806 0.786 0.812 0.744 0.742 0.830 0.837 0.799 0.681 0.796 0.770 0.768 0.688 0.828 0.439 0.851 0.200 0.864 0.799 0.830 0.798 0.840 0.817 0.813 0.809 0.887 0.825 0.824 0.852 0.843 0.846 0.838 0.844 0.901 0.845 0.850 0.863 0.880 0.824 0.778 0.764 0.784 0.764 0.805 0.768 0.837 0.807 0.798 0.885 0.801 0.729 0.716 0.648 0.679 0.802 0.870 0.844 0.871 0.854 0.834 0.805 0.834 0.817 0.756 0.799 0.821 0.781 0.858 0.806 0.668 0.659 0.600 0.610 0.682 0.641 0.608 0.798 0.845 0.839 0.842 0.874 0.863 0.841 0.800 0.823 0.824 0.787 0.771 0.772 0.808 0.674 0.716 0.728 0.731 0.708 0.691 0.815 0.751 0.779 0.766 0.841 0.875 0.750 0.751 0.870 0.831 0.803 0.996 0.630 0.724 0.706 0.592 0.719 0.634 0.809 0.832 0.839 0.808 0.830 0.815)  0.099 0.102 0.112 0.117 0.116 0.120 0.105 0.098 0.095 0.104 0.073 0.084 0.087 0.089 0.041 0.051 0.038 0.063 0.185 0.141 0.137 0.068 0.072 0.097 0.107 0.094 0.128 0.129 0.085 0.081 0.100 0.160 0.102 0.115 0.116 0.156 0.086 0.281 0.075 0.400 0.068 0.100 0.085 0.101 0.080 0.092 0.093 0.096 0.056 0.088 0.088 0.074 0.079 0.077 0.081 0.078 0.050 0.077 0.075 0.068 0.060 0.088 0.111 0.118 0.108 0.118 0.097 0.116 0.082 0.097 0.101 0.057 0.099 0.135 0.142 0.176 0.161 0.099 0.065 0.078 0.064 0.073 0.083 0.097 0.083 0.092 0.122 0.100 0.089 0.110 0.071 0.097 0.166 0.170 0.200 0.195 0.159 0.180 0.196 0.101 0.077 0.081 0.079 0.063 0.068 0.079 0.100 0.089 0.088 0.107 0.115 0.114 0.096 0.163 0.142 0.136 0.134 0.146 0.154 0.092 0.125 0.111 0.117 0.079 0.062 0.125 0.124 0.065 0.084 0.099 0.002 0.185 0.138 0.147 0.204 0.141 0.183 0.095 0.084 0.080 0.096 0.085 0.092)  
Brain region: left ALM: 10334 neurons, left BLA: 666 neurons, left ECT: 2220 neurons, left Medulla: 2513 neurons, left Midbrain: 4412 neurons, left Striatum: 4094 neurons, left Thalamus: 6252 neurons, right ALM: 9596 neurons, right BLA: 499 neurons, right ECT: 575 neurons, right Medulla: 1717 neurons, right Midbrain: 4418 neurons, right Striatum: 5192 neurons, right Thalamus: 5072 neurons  
Data verification complete.
