Data format is valid, no errors or warnings.
Number of sessions: 12
Total number of trials: 3491
Number of trials per session: [324, 298, 227, 305, 426, 267, 254, 259, 301, 230, 324, 276]
Number of subjects: 7
Number of brain regions: 1
Number of sessions per subject:
  Subject JEB6: 1 sessions
  Subject JEB7: 2 sessions
  Subject EKH1: 1 sessions
  Subject EKH3: 1 sessions
  Subject JGR2: 2 sessions
  Subject JGR3: 1 sessions
  Subject JEB19: 4 sessions
Input dimension: 1
Output dimension: 6
Summary statistics (across all sessions):
  T: mean: 500.00, median: 500.00, min: 500, max: 500
  n_neurons: mean: 42.92', min: 27, max: 67
  Input range:
    time from go cue (s): [-2.5, 2.5]
  Output range:
    lick direction: [0.0, 2.0]
    behavioral context: [0.0, 1.0]
    outcome: [0.0, 2.0]
    tongue velocity: [0.0, 2.0]
    paw velocity: [0.0, 2.0]
    motion energy: [0.0, 2.0]
  Unique outputs per dimension (fraction of data):
    lick direction: {left (0.417), right (0.376), none (0.207)}
    behavioral context: {WC (0.322), DR (0.678)}
    outcome: {incorrect (0.113), correct (0.680), ignore (0.207)}
    tongue velocity: {below session median (0.043), at or above session median (0.043), not visible (0.915)}
    paw velocity: {below session median (0.383), at or above session median (0.383), not visible (0.233)}
    motion energy: {below session median (0.436), at or above session median (0.437), no video (0.127)}
  Brain region distribution:
    ALM: 515 neurons

Per-session statistics:
  Mean T: 500.0, 500.0, 500.0, 500.0, 500.0, 500.0, 500.0, 500.0, 500.0, 500.0, 500.0, 500.0
  Min T: 500, 500, 500, 500, 500, 500, 500, 500, 500, 500, 500, 500
  Max T: 500, 500, 500, 500, 500, 500, 500, 500, 500, 500, 500, 500
  n_neurons: 29, 66, 27, 48, 65, 29, 52, 27, 36, 36, 67, 33
  Input range:
    0: [-2.5, 2.5] [-2.5, 2.5] [-2.5, 2.5] [-2.5, 2.5] [-2.5, 2.5] [-2.5, 2.5] [-2.5, 2.5] [-2.5, 2.5] [-2.5, 2.5] [-2.5, 2.5] [-2.5, 2.5] [-2.5, 2.5] 
  Output range:
    0: [0.0, 2.0] [0.0, 2.0] [0.0, 2.0] [0.0, 2.0] [0.0, 2.0] [0.0, 2.0] [0.0, 2.0] [0.0, 2.0] [0.0, 2.0] [0.0, 2.0] [0.0, 2.0] [0.0, 2.0] 
    1: [0.0, 1.0] [0.0, 1.0] [0.0, 1.0] [0.0, 1.0] [0.0, 1.0] [0.0, 1.0] [0.0, 1.0] [0.0, 1.0] [0.0, 1.0] [0.0, 1.0] [0.0, 1.0] [0.0, 1.0] 
    2: [0.0, 2.0] [0.0, 2.0] [0.0, 2.0] [0.0, 2.0] [0.0, 2.0] [0.0, 2.0] [0.0, 2.0] [0.0, 2.0] [0.0, 2.0] [0.0, 2.0] [0.0, 2.0] [0.0, 2.0] 
    3: [0.0, 2.0] [0.0, 2.0] [0.0, 2.0] [0.0, 2.0] [0.0, 2.0] [0.0, 2.0] [0.0, 2.0] [0.0, 2.0] [0.0, 2.0] [0.0, 2.0] [0.0, 2.0] [0.0, 2.0] 
    4: [0.0, 2.0] [0.0, 2.0] [0.0, 2.0] [0.0, 2.0] [0.0, 2.0] [0.0, 2.0] [0.0, 2.0] [0.0, 2.0] [0.0, 2.0] [0.0, 2.0] [0.0, 2.0] [0.0, 2.0] 
    5: [0.0, 2.0] [0.0, 2.0] [0.0, 2.0] [0.0, 2.0] [0.0, 2.0] [0.0, 2.0] [0.0, 2.0] [0.0, 2.0] [0.0, 2.0] [0.0, 2.0] [0.0, 2.0] [0.0, 2.0] 
  Output fraction of data:
lick direction: (0.429 0.423 0.388 0.446 0.446 0.506 0.469 0.483 0.439 0.357 0.265 0.355)  0.432 0.456 0.374 0.423 0.385 0.382 0.402 0.371 0.276 0.330 0.321 0.341)  0.139 0.121 0.238 0.131 0.169 0.112 0.130 0.147 0.286 0.313 0.414 0.304)  
behavioral context: (0.330 0.356 0.352 0.285 0.223 0.348 0.307 0.309 0.382 0.370 0.340 0.319)  0.670 0.644 0.648 0.715 0.777 0.652 0.693 0.691 0.618 0.630 0.660 0.681)  
outcome: (0.083 0.174 0.115 0.075 0.059 0.142 0.106 0.189 0.146 0.122 0.086 0.094)  0.778 0.705 0.648 0.793 0.772 0.745 0.764 0.664 0.568 0.565 0.500 0.601)  0.139 0.121 0.238 0.131 0.169 0.112 0.130 0.147 0.286 0.313 0.414 0.304)  
tongue velocity: (0.059 0.068 0.063 0.057 0.055 0.036 0.038 0.046 0.026 0.015 0.015 0.024)  0.059 0.068 0.063 0.057 0.055 0.036 0.038 0.046 0.026 0.015 0.015 0.024)  0.882 0.864 0.873 0.886 0.891 0.928 0.923 0.907 0.948 0.970 0.970 0.953)  
paw velocity: (0.433 0.443 0.449 0.367 0.309 0.362 0.339 0.354 0.383 0.396 0.401 0.397)  0.433 0.443 0.449 0.367 0.309 0.362 0.339 0.354 0.384 0.396 0.401 0.397)  0.134 0.113 0.102 0.266 0.382 0.276 0.321 0.291 0.233 0.209 0.198 0.206)  
motion energy: (0.451 0.455 0.451 0.453 0.452 0.457 0.451 0.454 0.401 0.396 0.400 0.404)  0.451 0.455 0.451 0.453 0.452 0.457 0.451 0.454 0.401 0.405 0.407 0.404)  0.098 0.089 0.098 0.093 0.097 0.086 0.098 0.093 0.198 0.199 0.193 0.191)  
Brain region: ALM: 515 neurons  
Data verification complete.
