Data format is valid, no errors or warnings.
Number of sessions: 281
Total number of trials: 84313
Number of trials per session: [39, 405, 190, 151, 188, 155, 112, 166, 405, 172, 404, 402, 225, 408, 404, 242, 180, 234, 403, 176, 408, 230, 251, 267, 129, 407, 195, 406, 406, 293, 400, 315, 285, 260, 402, 307, 293, 312, 228, 412, 338, 396, 397, 293, 403, 409, 271, 302, 270, 293, 381, 406, 405, 405, 146, 213, 402, 402, 145, 185, 263, 268, 409, 274, 254, 286, 263, 399, 405, 402, 406, 228, 279, 279, 265, 409, 231, 290, 327, 251, 407, 329, 406, 405, 246, 184, 280, 270, 189, 387, 403, 378, 406, 267, 189, 334, 200, 279, 215, 403, 324, 410, 372, 406, 343, 200, 252, 304, 410, 291, 230, 307, 410, 291, 405, 347, 405, 206, 288, 149, 402, 250, 339, 186, 323, 400, 407, 409, 220, 380, 232, 356, 362, 407, 330, 205, 368, 307, 410, 300, 263, 79, 405, 348, 257, 117, 401, 173, 334, 379, 405, 406, 405, 363, 81, 373, 105, 338, 117, 378, 286, 248, 407, 370, 209, 209, 209, 209, 209, 209, 209, 279, 257, 406, 406, 406, 406, 92, 138, 265, 265, 265, 216, 287, 287, 287, 287, 287, 287, 287, 404, 309, 309, 309, 309, 309, 309, 309, 405, 239, 239, 239, 239, 239, 406, 406, 406, 406, 406, 406, 406, 196, 196, 196, 196, 196, 394, 407, 217, 181, 403, 107, 269, 407, 189, 224, 258, 404, 365, 291, 405, 305, 403, 215, 229, 205, 407, 147, 338, 404, 162, 336, 403, 230, 334, 317, 408, 349, 314, 354, 408, 319, 409, 319, 318, 95, 180, 404, 286, 288, 218, 249, 403, 259, 405, 211, 271, 262, 402, 227, 266, 225, 269, 404, 402, 318, 251, 255, 410, 131, 131]
Number of subjects: 38
Number of brain regions: 2
Number of sessions per subject:
  Subject 403491: 4 sessions
  Subject 412036: 5 sessions
  Subject 412366: 6 sessions
  Subject 421136: 5 sessions
  Subject 423606: 6 sessions
  Subject 425493: 4 sessions
  Subject 425496: 6 sessions
  Subject 429952: 6 sessions
  Subject 431023: 5 sessions
  Subject 431252: 7 sessions
  Subject 436662: 6 sessions
  Subject 440298: 5 sessions
  Subject 442709: 6 sessions
  Subject 445002: 6 sessions
  Subject 445270: 8 sessions
  Subject 447663: 7 sessions
  Subject 448900: 7 sessions
  Subject 449441: 6 sessions
  Subject 450471: 9 sessions
  Subject 453913: 5 sessions
  Subject 456564: 8 sessions
  Subject 456916: 6 sessions
  Subject 456917: 6 sessions
  Subject 457766: 11 sessions
  Subject 457841: 45 sessions
  Subject 459773: 6 sessions
  Subject 459777: 6 sessions
  Subject 467302: 6 sessions
  Subject 468866: 9 sessions
  Subject 479426: 6 sessions
  Subject 495789: 6 sessions
  Subject 523927: 6 sessions
  Subject 524274: 7 sessions
  Subject 533527: 7 sessions
  Subject 538219: 7 sessions
  Subject 544261: 6 sessions
  Subject 546819: 7 sessions
  Subject 549976: 7 sessions
Input dimension: 0
Output dimension: 5
Summary statistics (across all sessions):
  T: mean: 84.77, median: 85.19, min: 70, max: 126
  n_neurons: mean: 149.01', min: 4, max: 666
  Input range:
  Output range:
    image_identity: [0.0, 16.0]
    image_change: [0.0, 1.0]
    running_speed_quintile: [0.0, 4.0]
    pupil_diameter_quintile: [0.0, 4.0]
    trial_outcome: [0.0, 3.0]
  Unique outputs per dimension (fraction of data):
    image_identity: {gray (0.666), im000 (0.020), im031 (0.020), im035 (0.020), im045 (0.020), im054 (0.020), im061 (0.021), im062 (0.022), im063 (0.022), im065 (0.021), im066 (0.022), im069 (0.021), im073 (0.020), im075 (0.020), im077 (0.021), im085 (0.022), im106 (0.020)}
    image_change: {no_change (0.990), change (0.010)}
    running_speed_quintile: {Q1_lowest (0.200), Q2 (0.200), Q3 (0.200), Q4 (0.200), Q5_highest (0.200)}
    pupil_diameter_quintile: {Q1_smallest (0.200), Q2 (0.200), Q3 (0.200), Q4 (0.200), Q5_largest (0.200)}
    trial_outcome: {hit (0.182), miss (0.692), false_alarm (0.010), correct_reject (0.115)}
  Brain region distribution:
    VISl: 238 neurons
    VISp: 41633 neurons

Per-session statistics:
  Mean T: 78.8, 86.1, 82.4, 81.3, 83.8, 79.1, 82.0, 80.8, 86.3, 80.0, 86.4, 86.7, 82.2, 85.6, 86.5, 83.0, 82.4, 84.0, 86.6, 83.7, 85.5, 83.3, 86.8, 84.0, 81.9, 85.8, 82.0, 85.9, 85.9, 83.5, 87.1, 85.0, 85.9, 84.6, 86.7, 83.7, 85.1, 84.8, 84.4, 84.7, 86.6, 85.7, 86.3, 86.6, 86.5, 85.3, 84.0, 84.3, 84.5, 84.5, 86.8, 85.8, 86.0, 86.1, 81.0, 84.8, 86.8, 86.7, 80.8, 84.5, 85.5, 85.8, 85.3, 86.4, 83.7, 85.2, 85.0, 87.5, 86.2, 86.9, 85.9, 85.7, 85.7, 86.1, 84.4, 85.3, 86.1, 85.2, 86.8, 83.9, 85.7, 85.9, 85.9, 86.2, 85.0, 82.6, 86.6, 85.2, 84.2, 85.3, 86.7, 85.2, 85.8, 84.7, 80.7, 85.2, 82.5, 85.1, 85.1, 86.6, 86.1, 85.0, 85.6, 85.8, 85.8, 83.2, 86.6, 84.5, 85.1, 86.1, 83.1, 85.9, 84.9, 85.7, 86.2, 85.6, 86.0, 85.0, 85.0, 81.1, 86.7, 84.6, 84.9, 83.2, 86.1, 87.4, 85.7, 85.2, 82.5, 86.6, 83.7, 86.0, 85.2, 85.5, 86.2, 85.5, 85.2, 83.9, 85.1, 84.7, 83.1, 75.7, 86.2, 85.8, 85.7, 79.9, 87.1, 86.6, 85.2, 85.7, 86.2, 85.8, 86.2, 86.7, 76.2, 85.8, 82.9, 86.2, 80.6, 85.5, 85.1, 82.7, 85.6, 88.0, 85.4, 85.4, 85.4, 85.4, 85.4, 85.4, 85.4, 84.0, 84.9, 85.9, 85.9, 85.9, 85.9, 79.1, 83.6, 83.1, 83.1, 83.1, 86.1, 84.3, 84.3, 84.3, 84.3, 84.3, 84.3, 84.3, 86.3, 84.5, 84.5, 84.5, 84.5, 84.5, 84.5, 84.5, 86.4, 82.8, 82.8, 82.8, 82.8, 82.8, 85.9, 85.9, 85.9, 85.9, 85.9, 85.9, 85.9, 84.8, 84.8, 84.8, 84.8, 84.8, 87.2, 85.7, 83.8, 83.8, 86.5, 78.2, 85.3, 85.6, 82.0, 86.1, 85.1, 86.4, 84.8, 85.6, 86.2, 84.8, 86.5, 83.8, 83.1, 83.4, 85.5, 80.7, 86.4, 86.3, 81.3, 84.6, 86.5, 83.3, 85.2, 85.9, 85.6, 85.9, 85.0, 86.0, 85.5, 86.3, 85.2, 86.6, 84.8, 79.6, 83.8, 86.4, 84.9, 84.7, 85.0, 83.3, 86.7, 83.6, 86.1, 83.7, 85.1, 85.3, 86.9, 83.3, 85.2, 85.2, 84.8, 86.2, 86.8, 83.7, 85.2, 84.1, 85.0, 81.0, 79.6
  Min T: 72, 72, 72, 72, 72, 72, 72, 72, 72, 72, 72, 72, 72, 72, 72, 72, 72, 72, 72, 72, 72, 72, 72, 72, 72, 72, 72, 72, 72, 72, 72, 72, 72, 72, 72, 72, 72, 72, 72, 72, 72, 72, 72, 72, 72, 72, 72, 72, 72, 72, 72, 72, 72, 72, 72, 72, 72, 72, 72, 72, 72, 72, 72, 72, 72, 72, 72, 72, 72, 72, 72, 72, 72, 72, 72, 72, 72, 72, 72, 72, 72, 72, 72, 72, 72, 70, 72, 72, 72, 72, 72, 72, 72, 72, 72, 72, 72, 72, 72, 72, 72, 72, 72, 72, 72, 72, 72, 72, 72, 72, 72, 72, 72, 72, 72, 72, 72, 72, 72, 72, 72, 72, 72, 72, 72, 72, 72, 72, 72, 72, 72, 72, 72, 72, 72, 72, 72, 72, 72, 72, 72, 72, 72, 72, 72, 72, 72, 72, 72, 72, 72, 72, 72, 72, 72, 72, 72, 72, 72, 72, 72, 72, 72, 72, 72, 72, 72, 72, 72, 72, 72, 72, 72, 72, 72, 72, 72, 72, 72, 72, 72, 72, 72, 72, 72, 72, 72, 72, 72, 72, 72, 72, 72, 72, 72, 72, 72, 72, 72, 72, 72, 72, 72, 72, 72, 72, 72, 72, 72, 72, 72, 72, 72, 72, 72, 72, 72, 72, 72, 72, 72, 72, 72, 72, 72, 72, 72, 72, 72, 72, 72, 72, 72, 72, 72, 72, 72, 72, 72, 72, 72, 72, 72, 72, 72, 72, 72, 72, 72, 72, 72, 72, 72, 72, 72, 72, 72, 72, 72, 72, 72, 72, 72, 72, 72, 72, 72, 72, 72, 72, 72, 72, 72, 72, 72, 72, 72, 72, 72, 72, 72
  Max T: 110, 126, 125, 125, 125, 110, 125, 125, 125, 125, 125, 125, 125, 125, 125, 125, 117, 125, 125, 125, 125, 125, 125, 125, 125, 125, 125, 125, 125, 125, 125, 125, 125, 125, 125, 125, 125, 125, 125, 125, 125, 125, 125, 125, 125, 125, 125, 125, 125, 125, 125, 125, 125, 125, 125, 125, 125, 125, 125, 125, 125, 125, 125, 125, 125, 125, 125, 125, 125, 125, 125, 125, 125, 125, 125, 125, 125, 125, 125, 125, 125, 125, 125, 125, 125, 125, 125, 125, 125, 125, 125, 125, 125, 125, 125, 125, 125, 125, 125, 125, 125, 125, 125, 125, 125, 125, 125, 125, 125, 125, 125, 125, 125, 125, 125, 125, 125, 125, 125, 117, 125, 125, 125, 125, 125, 125, 125, 125, 125, 125, 125, 125, 125, 125, 125, 125, 125, 125, 125, 125, 125, 87, 125, 125, 125, 117, 125, 125, 125, 125, 125, 125, 125, 125, 125, 125, 117, 125, 125, 125, 125, 125, 125, 125, 125, 125, 125, 125, 125, 125, 125, 125, 125, 125, 125, 125, 125, 117, 125, 125, 125, 125, 125, 125, 125, 125, 125, 125, 125, 125, 125, 125, 125, 125, 125, 125, 125, 125, 125, 125, 125, 125, 125, 125, 125, 125, 125, 125, 125, 125, 125, 125, 125, 125, 125, 125, 125, 125, 125, 125, 125, 117, 125, 125, 125, 125, 125, 125, 125, 125, 125, 125, 125, 125, 125, 125, 125, 125, 125, 125, 125, 125, 125, 125, 125, 125, 125, 125, 125, 125, 125, 125, 125, 125, 125, 125, 125, 125, 125, 125, 125, 125, 125, 125, 125, 125, 125, 125, 125, 125, 125, 125, 125, 125, 125, 125, 125, 125, 125, 118, 125
  n_neurons: 89, 132, 142, 208, 27, 199, 45, 221, 205, 190, 186, 44, 49, 190, 39, 39, 22, 251, 253, 194, 67, 286, 196, 302, 46, 39, 200, 157, 206, 212, 156, 164, 122, 436, 458, 167, 410, 504, 110, 478, 483, 29, 22, 157, 14, 20, 161, 162, 146, 143, 13, 16, 175, 193, 136, 429, 129, 487, 426, 556, 537, 151, 530, 209, 48, 188, 123, 183, 273, 138, 179, 120, 242, 233, 125, 254, 127, 64, 49, 209, 62, 62, 155, 148, 151, 184, 63, 171, 108, 156, 51, 175, 551, 65, 98, 557, 77, 604, 85, 586, 666, 112, 469, 478, 556, 52, 83, 415, 110, 511, 98, 457, 91, 463, 477, 516, 487, 81, 490, 85, 578, 242, 164, 83, 482, 245, 132, 76, 230, 115, 254, 134, 560, 150, 158, 245, 504, 558, 252, 197, 194, 18, 128, 95, 180, 23, 50, 120, 69, 88, 15, 85, 59, 39, 9, 381, 12, 354, 14, 451, 392, 17, 478, 363, 12, 12, 12, 22, 14, 6, 10, 14, 360, 13, 12, 23, 12, 340, 549, 8, 17, 9, 422, 8, 12, 12, 23, 8, 9, 6, 12, 11, 10, 13, 15, 6, 7, 5, 405, 8, 16, 7, 8, 4, 11, 11, 11, 18, 8, 10, 5, 8, 7, 10, 8, 4, 13, 14, 11, 15, 7, 18, 511, 534, 438, 517, 555, 591, 13, 9, 10, 9, 10, 6, 22, 20, 11, 18, 18, 27, 16, 10, 9, 8, 7, 7, 9, 10, 18, 36, 18, 13, 10, 37, 30, 20, 21, 40, 29, 18, 25, 18, 19, 23, 37, 26, 23, 20, 22, 22, 21, 18, 10, 13, 21, 15, 10, 13, 13, 17, 20
  Input range:
  Output range:
    0: [0.0, 15.0] [0.0, 15.0] [0.0, 16.0] [0.0, 15.0] [0.0, 15.0] [0.0, 15.0] [0.0, 15.0] [0.0, 16.0] [0.0, 16.0] [0.0, 16.0] [0.0, 16.0] [0.0, 16.0] [0.0, 16.0] [0.0, 15.0] [0.0, 15.0] [0.0, 15.0] [0.0, 16.0] [0.0, 15.0] [0.0, 15.0] [0.0, 15.0] [0.0, 16.0] [0.0, 15.0] [0.0, 16.0] [0.0, 16.0] [0.0, 16.0] [0.0, 15.0] [0.0, 16.0] [0.0, 15.0] [0.0, 16.0] [0.0, 16.0] [0.0, 15.0] [0.0, 16.0] [0.0, 16.0] [0.0, 15.0] [0.0, 15.0] [0.0, 15.0] [0.0, 15.0] [0.0, 16.0] [0.0, 15.0] [0.0, 16.0] [0.0, 16.0] [0.0, 15.0] [0.0, 16.0] [0.0, 15.0] [0.0, 16.0] [0.0, 16.0] [0.0, 15.0] [0.0, 16.0] [0.0, 16.0] [0.0, 16.0] [0.0, 15.0] [0.0, 15.0] [0.0, 15.0] [0.0, 16.0] [0.0, 15.0] [0.0, 15.0] [0.0, 15.0] [0.0, 15.0] [0.0, 15.0] [0.0, 16.0] [0.0, 16.0] [0.0, 16.0] [0.0, 16.0] [0.0, 15.0] [0.0, 16.0] [0.0, 15.0] [0.0, 15.0] [0.0, 16.0] [0.0, 15.0] [0.0, 15.0] [0.0, 15.0] [0.0, 15.0] [0.0, 15.0] [0.0, 16.0] [0.0, 16.0] [0.0, 16.0] [0.0, 16.0] [0.0, 15.0] [0.0, 16.0] [0.0, 16.0] [0.0, 16.0] [0.0, 16.0] [0.0, 16.0] [0.0, 16.0] [0.0, 16.0] [0.0, 15.0] [0.0, 15.0] [0.0, 16.0] [0.0, 15.0] [0.0, 16.0] [0.0, 15.0] [0.0, 15.0] [0.0, 16.0] [0.0, 15.0] [0.0, 15.0] [0.0, 15.0] [0.0, 15.0] [0.0, 15.0] [0.0, 15.0] [0.0, 15.0] [0.0, 15.0] [0.0, 15.0] [0.0, 16.0] [0.0, 15.0] [0.0, 16.0] [0.0, 15.0] [0.0, 16.0] [0.0, 15.0] [0.0, 16.0] [0.0, 16.0] [0.0, 16.0] [0.0, 16.0] [0.0, 15.0] [0.0, 16.0] [0.0, 16.0] [0.0, 15.0] [0.0, 15.0] [0.0, 15.0] [0.0, 15.0] [0.0, 15.0] [0.0, 16.0] [0.0, 15.0] [0.0, 15.0] [0.0, 16.0] [0.0, 16.0] [0.0, 15.0] [0.0, 15.0] [0.0, 16.0] [0.0, 15.0] [0.0, 15.0] [0.0, 16.0] [0.0, 16.0] [0.0, 16.0] [0.0, 16.0] [0.0, 16.0] [0.0, 16.0] [0.0, 16.0] [0.0, 16.0] [0.0, 16.0] [0.0, 15.0] [0.0, 15.0] [0.0, 15.0] [0.0, 15.0] [0.0, 15.0] [0.0, 16.0] [0.0, 15.0] [0.0, 15.0] [0.0, 16.0] [0.0, 15.0] [0.0, 16.0] [0.0, 15.0] [0.0, 16.0] [0.0, 16.0] [0.0, 16.0] [0.0, 15.0] [0.0, 15.0] [0.0, 15.0] [0.0, 15.0] [0.0, 15.0] [0.0, 15.0] [0.0, 15.0] [0.0, 16.0] [0.0, 15.0] [0.0, 15.0] [0.0, 15.0] [0.0, 15.0] [0.0, 15.0] [0.0, 15.0] [0.0, 15.0] [0.0, 15.0] [0.0, 15.0] [0.0, 16.0] [0.0, 15.0] [0.0, 15.0] [0.0, 15.0] [0.0, 15.0] [0.0, 15.0] [0.0, 15.0] [0.0, 16.0] [0.0, 15.0] [0.0, 15.0] [0.0, 15.0] [0.0, 16.0] [0.0, 16.0] [0.0, 16.0] [0.0, 16.0] [0.0, 16.0] [0.0, 16.0] [0.0, 16.0] [0.0, 16.0] [0.0, 16.0] [0.0, 15.0] [0.0, 15.0] [0.0, 15.0] [0.0, 15.0] [0.0, 15.0] [0.0, 15.0] [0.0, 15.0] [0.0, 16.0] [0.0, 15.0] [0.0, 15.0] [0.0, 15.0] [0.0, 15.0] [0.0, 15.0] [0.0, 16.0] [0.0, 16.0] [0.0, 16.0] [0.0, 16.0] [0.0, 16.0] [0.0, 16.0] [0.0, 16.0] [0.0, 16.0] [0.0, 16.0] [0.0, 16.0] [0.0, 16.0] [0.0, 16.0] [0.0, 15.0] [0.0, 15.0] [0.0, 15.0] [0.0, 16.0] [0.0, 16.0] [0.0, 16.0] [0.0, 15.0] [0.0, 15.0] [0.0, 15.0] [0.0, 16.0] [0.0, 16.0] [0.0, 16.0] [0.0, 15.0] [0.0, 15.0] [0.0, 15.0] [0.0, 16.0] [0.0, 16.0] [0.0, 16.0] [0.0, 15.0] [0.0, 15.0] [0.0, 15.0] [0.0, 15.0] [0.0, 16.0] [0.0, 16.0] [0.0, 16.0] [0.0, 15.0] [0.0, 15.0] [0.0, 15.0] [0.0, 15.0] [0.0, 16.0] [0.0, 16.0] [0.0, 16.0] [0.0, 15.0] [0.0, 15.0] [0.0, 15.0] [0.0, 16.0] [0.0, 16.0] [0.0, 16.0] [0.0, 15.0] [0.0, 15.0] [0.0, 15.0] [0.0, 15.0] [0.0, 15.0] [0.0, 15.0] [0.0, 16.0] [0.0, 16.0] [0.0, 16.0] [0.0, 16.0] [0.0, 16.0] [0.0, 16.0] [0.0, 16.0] [0.0, 15.0] [0.0, 15.0] [0.0, 15.0] [0.0, 15.0] [0.0, 16.0] [0.0, 15.0] [0.0, 15.0] [0.0, 16.0] [0.0, 16.0] [0.0, 15.0] [0.0, 16.0] [0.0, 16.0] [0.0, 16.0] [0.0, 16.0] 
    1: [0.0, 1.0] [0.0, 1.0] [0.0, 1.0] [0.0, 1.0] [0.0, 1.0] [0.0, 1.0] [0.0, 1.0] [0.0, 1.0] [0.0, 1.0] [0.0, 1.0] [0.0, 1.0] [0.0, 1.0] [0.0, 1.0] [0.0, 1.0] [0.0, 1.0] [0.0, 1.0] [0.0, 1.0] [0.0, 1.0] [0.0, 1.0] [0.0, 1.0] [0.0, 1.0] [0.0, 1.0] [0.0, 1.0] [0.0, 1.0] [0.0, 1.0] [0.0, 1.0] [0.0, 1.0] [0.0, 1.0] [0.0, 1.0] [0.0, 1.0] [0.0, 1.0] [0.0, 1.0] [0.0, 1.0] [0.0, 1.0] [0.0, 1.0] [0.0, 1.0] [0.0, 1.0] [0.0, 1.0] [0.0, 1.0] [0.0, 1.0] [0.0, 1.0] [0.0, 1.0] [0.0, 1.0] [0.0, 1.0] [0.0, 1.0] [0.0, 1.0] [0.0, 1.0] [0.0, 1.0] [0.0, 1.0] [0.0, 1.0] [0.0, 1.0] [0.0, 1.0] [0.0, 1.0] [0.0, 1.0] [0.0, 1.0] [0.0, 1.0] [0.0, 1.0] [0.0, 1.0] [0.0, 1.0] [0.0, 1.0] [0.0, 1.0] [0.0, 1.0] [0.0, 1.0] [0.0, 1.0] [0.0, 1.0] [0.0, 1.0] [0.0, 1.0] [0.0, 1.0] [0.0, 1.0] [0.0, 1.0] [0.0, 1.0] [0.0, 1.0] [0.0, 1.0] [0.0, 1.0] [0.0, 1.0] [0.0, 1.0] [0.0, 1.0] [0.0, 1.0] [0.0, 1.0] [0.0, 1.0] [0.0, 1.0] [0.0, 1.0] [0.0, 1.0] [0.0, 1.0] [0.0, 1.0] [0.0, 1.0] [0.0, 1.0] [0.0, 1.0] [0.0, 1.0] [0.0, 1.0] [0.0, 1.0] [0.0, 1.0] [0.0, 1.0] [0.0, 1.0] [0.0, 1.0] [0.0, 1.0] [0.0, 1.0] [0.0, 1.0] [0.0, 1.0] [0.0, 1.0] [0.0, 1.0] [0.0, 1.0] [0.0, 1.0] [0.0, 1.0] [0.0, 1.0] [0.0, 1.0] [0.0, 1.0] [0.0, 1.0] [0.0, 1.0] [0.0, 1.0] [0.0, 1.0] [0.0, 1.0] [0.0, 1.0] [0.0, 1.0] [0.0, 1.0] [0.0, 1.0] [0.0, 1.0] [0.0, 1.0] [0.0, 1.0] [0.0, 1.0] [0.0, 1.0] [0.0, 1.0] [0.0, 1.0] [0.0, 1.0] [0.0, 1.0] [0.0, 1.0] [0.0, 1.0] [0.0, 1.0] [0.0, 1.0] [0.0, 1.0] [0.0, 1.0] [0.0, 1.0] [0.0, 1.0] [0.0, 1.0] [0.0, 1.0] [0.0, 1.0] [0.0, 1.0] [0.0, 1.0] [0.0, 1.0] [0.0, 1.0] [0.0, 1.0] [0.0, 1.0] [0.0, 1.0] [0.0, 1.0] [0.0, 1.0] [0.0, 1.0] [0.0, 1.0] [0.0, 1.0] [0.0, 1.0] [0.0, 1.0] [0.0, 1.0] [0.0, 1.0] [0.0, 1.0] [0.0, 1.0] [0.0, 1.0] [0.0, 1.0] [0.0, 1.0] [0.0, 1.0] [0.0, 1.0] [0.0, 1.0] [0.0, 1.0] [0.0, 1.0] [0.0, 1.0] [0.0, 1.0] [0.0, 1.0] [0.0, 1.0] [0.0, 1.0] [0.0, 1.0] [0.0, 1.0] [0.0, 1.0] [0.0, 1.0] [0.0, 1.0] [0.0, 1.0] [0.0, 1.0] [0.0, 1.0] [0.0, 1.0] [0.0, 1.0] [0.0, 1.0] [0.0, 1.0] [0.0, 1.0] [0.0, 1.0] [0.0, 1.0] [0.0, 1.0] [0.0, 1.0] [0.0, 1.0] [0.0, 1.0] [0.0, 1.0] [0.0, 1.0] [0.0, 1.0] [0.0, 1.0] [0.0, 1.0] [0.0, 1.0] [0.0, 1.0] [0.0, 1.0] [0.0, 1.0] [0.0, 1.0] [0.0, 1.0] [0.0, 1.0] [0.0, 1.0] [0.0, 1.0] [0.0, 1.0] [0.0, 1.0] [0.0, 1.0] [0.0, 1.0] [0.0, 1.0] [0.0, 1.0] [0.0, 1.0] [0.0, 1.0] [0.0, 1.0] [0.0, 1.0] [0.0, 1.0] [0.0, 1.0] [0.0, 1.0] [0.0, 1.0] [0.0, 1.0] [0.0, 1.0] [0.0, 1.0] [0.0, 1.0] [0.0, 1.0] [0.0, 1.0] [0.0, 1.0] [0.0, 1.0] [0.0, 1.0] [0.0, 1.0] [0.0, 1.0] [0.0, 1.0] [0.0, 1.0] [0.0, 1.0] [0.0, 1.0] [0.0, 1.0] [0.0, 1.0] [0.0, 1.0] [0.0, 1.0] [0.0, 1.0] [0.0, 1.0] [0.0, 1.0] [0.0, 1.0] [0.0, 1.0] [0.0, 1.0] [0.0, 1.0] [0.0, 1.0] [0.0, 1.0] [0.0, 1.0] [0.0, 1.0] [0.0, 1.0] [0.0, 1.0] [0.0, 1.0] [0.0, 1.0] [0.0, 1.0] [0.0, 1.0] [0.0, 1.0] [0.0, 1.0] [0.0, 1.0] [0.0, 1.0] [0.0, 1.0] [0.0, 1.0] [0.0, 1.0] [0.0, 1.0] [0.0, 1.0] [0.0, 1.0] [0.0, 1.0] [0.0, 1.0] [0.0, 1.0] [0.0, 1.0] [0.0, 1.0] [0.0, 1.0] [0.0, 1.0] [0.0, 1.0] [0.0, 1.0] [0.0, 1.0] [0.0, 1.0] [0.0, 1.0] [0.0, 1.0] [0.0, 1.0] [0.0, 1.0] [0.0, 1.0] [0.0, 1.0] [0.0, 1.0] [0.0, 1.0] [0.0, 1.0] [0.0, 1.0] 
    2: [0.0, 4.0] [0.0, 4.0] [0.0, 4.0] [0.0, 4.0] [0.0, 4.0] [0.0, 4.0] [0.0, 4.0] [0.0, 4.0] [0.0, 4.0] [0.0, 4.0] [0.0, 4.0] [0.0, 4.0] [0.0, 4.0] [0.0, 4.0] [0.0, 4.0] [0.0, 4.0] [0.0, 4.0] [0.0, 4.0] [0.0, 4.0] [0.0, 4.0] [0.0, 4.0] [0.0, 4.0] [0.0, 4.0] [0.0, 4.0] [0.0, 4.0] [0.0, 4.0] [0.0, 4.0] [0.0, 4.0] [0.0, 4.0] [0.0, 4.0] [0.0, 4.0] [0.0, 4.0] [0.0, 4.0] [0.0, 4.0] [0.0, 4.0] [0.0, 4.0] [0.0, 4.0] [0.0, 4.0] [0.0, 4.0] [0.0, 4.0] [0.0, 4.0] [0.0, 4.0] [0.0, 4.0] [0.0, 4.0] [0.0, 4.0] [0.0, 4.0] [0.0, 4.0] [0.0, 4.0] [0.0, 4.0] [0.0, 4.0] [0.0, 4.0] [0.0, 4.0] [0.0, 4.0] [0.0, 4.0] [0.0, 4.0] [0.0, 4.0] [0.0, 4.0] [0.0, 4.0] [0.0, 4.0] [0.0, 4.0] [0.0, 4.0] [0.0, 4.0] [0.0, 4.0] [0.0, 4.0] [0.0, 4.0] [0.0, 4.0] [0.0, 4.0] [0.0, 4.0] [0.0, 4.0] [0.0, 4.0] [0.0, 4.0] [0.0, 4.0] [0.0, 4.0] [0.0, 4.0] [0.0, 4.0] [0.0, 4.0] [0.0, 4.0] [0.0, 4.0] [0.0, 4.0] [0.0, 4.0] [0.0, 4.0] [0.0, 4.0] [0.0, 4.0] [0.0, 4.0] [0.0, 4.0] [0.0, 4.0] [0.0, 4.0] [0.0, 4.0] [0.0, 4.0] [0.0, 4.0] [0.0, 4.0] [0.0, 4.0] [0.0, 4.0] [0.0, 4.0] [0.0, 4.0] [0.0, 4.0] [0.0, 4.0] [0.0, 4.0] [0.0, 4.0] [0.0, 4.0] [0.0, 4.0] [0.0, 4.0] [0.0, 4.0] [0.0, 4.0] [0.0, 4.0] [0.0, 4.0] [0.0, 4.0] [0.0, 4.0] [0.0, 4.0] [0.0, 4.0] [0.0, 4.0] [0.0, 4.0] [0.0, 4.0] [0.0, 4.0] [0.0, 4.0] [0.0, 4.0] [0.0, 4.0] [0.0, 4.0] [0.0, 4.0] [0.0, 4.0] [0.0, 4.0] [0.0, 4.0] [0.0, 4.0] [0.0, 4.0] [0.0, 4.0] [0.0, 4.0] [0.0, 4.0] [0.0, 4.0] [0.0, 4.0] [0.0, 4.0] [0.0, 4.0] [0.0, 4.0] [0.0, 4.0] [0.0, 4.0] [0.0, 4.0] [0.0, 4.0] [0.0, 4.0] [0.0, 4.0] [0.0, 4.0] [0.0, 4.0] [0.0, 4.0] [0.0, 4.0] [0.0, 4.0] [0.0, 4.0] [0.0, 4.0] [0.0, 4.0] [0.0, 4.0] [0.0, 4.0] [0.0, 4.0] [0.0, 4.0] [0.0, 4.0] [0.0, 4.0] [0.0, 4.0] [0.0, 4.0] [0.0, 4.0] [0.0, 4.0] [0.0, 4.0] [0.0, 4.0] [0.0, 4.0] [0.0, 4.0] [0.0, 4.0] [0.0, 4.0] [0.0, 4.0] [0.0, 4.0] [0.0, 4.0] [0.0, 4.0] [0.0, 4.0] [0.0, 4.0] [0.0, 4.0] [0.0, 4.0] [0.0, 4.0] [0.0, 4.0] [0.0, 4.0] [0.0, 4.0] [0.0, 4.0] [0.0, 4.0] [0.0, 4.0] [0.0, 4.0] [0.0, 4.0] [0.0, 4.0] [0.0, 4.0] [0.0, 4.0] [0.0, 4.0] [0.0, 4.0] [0.0, 4.0] [0.0, 4.0] [0.0, 4.0] [0.0, 4.0] [0.0, 4.0] [0.0, 4.0] [0.0, 4.0] [0.0, 4.0] [0.0, 4.0] [0.0, 4.0] [0.0, 4.0] [0.0, 4.0] [0.0, 4.0] [0.0, 4.0] [0.0, 4.0] [0.0, 4.0] [0.0, 4.0] [0.0, 4.0] [0.0, 4.0] [0.0, 4.0] [0.0, 4.0] [0.0, 4.0] [0.0, 4.0] [0.0, 4.0] [0.0, 4.0] [0.0, 4.0] [0.0, 4.0] [0.0, 4.0] [0.0, 4.0] [0.0, 4.0] [0.0, 4.0] [0.0, 4.0] [0.0, 4.0] [0.0, 4.0] [0.0, 4.0] [0.0, 4.0] [0.0, 4.0] [0.0, 4.0] [0.0, 4.0] [0.0, 4.0] [0.0, 4.0] [0.0, 4.0] [0.0, 4.0] [0.0, 4.0] [0.0, 4.0] [0.0, 4.0] [0.0, 4.0] [0.0, 4.0] [0.0, 4.0] [0.0, 4.0] [0.0, 4.0] [0.0, 4.0] [0.0, 4.0] [0.0, 4.0] [0.0, 4.0] [0.0, 4.0] [0.0, 4.0] [0.0, 4.0] [0.0, 4.0] [0.0, 4.0] [0.0, 4.0] [0.0, 4.0] [0.0, 4.0] [0.0, 4.0] [0.0, 4.0] [0.0, 4.0] [0.0, 4.0] [0.0, 4.0] [0.0, 4.0] [0.0, 4.0] [0.0, 4.0] [0.0, 4.0] [0.0, 4.0] [0.0, 4.0] [0.0, 4.0] [0.0, 4.0] [0.0, 4.0] [0.0, 4.0] [0.0, 4.0] [0.0, 4.0] [0.0, 4.0] [0.0, 4.0] [0.0, 4.0] [0.0, 4.0] [0.0, 4.0] [0.0, 4.0] [0.0, 4.0] [0.0, 4.0] [0.0, 4.0] [0.0, 4.0] [0.0, 4.0] [0.0, 4.0] [0.0, 4.0] [0.0, 4.0] [0.0, 4.0] [0.0, 4.0] [0.0, 4.0] 
    3: [0.0, 4.0] [0.0, 4.0] [0.0, 4.0] [0.0, 4.0] [0.0, 4.0] [0.0, 4.0] [0.0, 4.0] [0.0, 4.0] [0.0, 4.0] [0.0, 4.0] [0.0, 4.0] [0.0, 4.0] [0.0, 4.0] [0.0, 4.0] [0.0, 4.0] [0.0, 4.0] [0.0, 4.0] [0.0, 4.0] [0.0, 4.0] [0.0, 4.0] [0.0, 4.0] [0.0, 4.0] [0.0, 4.0] [0.0, 4.0] [0.0, 4.0] [0.0, 4.0] [0.0, 4.0] [0.0, 4.0] [0.0, 4.0] [0.0, 4.0] [0.0, 4.0] [0.0, 4.0] [0.0, 4.0] [0.0, 4.0] [0.0, 4.0] [0.0, 4.0] [0.0, 4.0] [0.0, 4.0] [0.0, 4.0] [0.0, 4.0] [0.0, 4.0] [0.0, 4.0] [0.0, 4.0] [0.0, 4.0] [0.0, 4.0] [0.0, 4.0] [0.0, 4.0] [0.0, 4.0] [0.0, 4.0] [0.0, 4.0] [0.0, 4.0] [0.0, 4.0] [0.0, 4.0] [0.0, 4.0] [0.0, 4.0] [0.0, 4.0] [0.0, 4.0] [0.0, 4.0] [0.0, 4.0] [0.0, 4.0] [0.0, 4.0] [0.0, 4.0] [0.0, 4.0] [0.0, 4.0] [0.0, 4.0] [0.0, 4.0] [0.0, 4.0] [0.0, 4.0] [0.0, 4.0] [0.0, 4.0] [0.0, 4.0] [0.0, 4.0] [0.0, 4.0] [0.0, 4.0] [0.0, 4.0] [0.0, 4.0] [0.0, 4.0] [0.0, 4.0] [0.0, 4.0] [0.0, 4.0] [0.0, 4.0] [0.0, 4.0] [0.0, 4.0] [0.0, 4.0] [0.0, 4.0] [0.0, 4.0] [0.0, 4.0] [0.0, 4.0] [0.0, 4.0] [0.0, 4.0] [0.0, 4.0] [0.0, 4.0] [0.0, 4.0] [0.0, 4.0] [0.0, 4.0] [0.0, 4.0] [0.0, 4.0] [0.0, 4.0] [0.0, 4.0] [0.0, 4.0] [0.0, 4.0] [0.0, 4.0] [0.0, 4.0] [0.0, 4.0] [0.0, 4.0] [0.0, 4.0] [0.0, 4.0] [0.0, 4.0] [0.0, 4.0] [0.0, 4.0] [0.0, 4.0] [0.0, 4.0] [0.0, 4.0] [0.0, 4.0] [0.0, 4.0] [0.0, 4.0] [0.0, 4.0] [0.0, 4.0] [0.0, 4.0] [0.0, 4.0] [0.0, 4.0] [0.0, 4.0] [0.0, 4.0] [0.0, 4.0] [0.0, 4.0] [0.0, 4.0] [0.0, 4.0] [0.0, 4.0] [0.0, 4.0] [0.0, 4.0] [0.0, 4.0] [0.0, 4.0] [0.0, 4.0] [0.0, 4.0] [0.0, 4.0] [0.0, 4.0] [0.0, 4.0] [0.0, 4.0] [0.0, 4.0] [0.0, 4.0] [0.0, 4.0] [0.0, 4.0] [0.0, 4.0] [0.0, 4.0] [0.0, 4.0] [0.0, 4.0] [0.0, 4.0] [0.0, 4.0] [0.0, 4.0] [0.0, 4.0] [0.0, 4.0] [0.0, 4.0] [0.0, 4.0] [0.0, 4.0] [0.0, 4.0] [0.0, 4.0] [0.0, 4.0] [0.0, 4.0] [0.0, 4.0] [0.0, 4.0] [0.0, 4.0] [0.0, 4.0] [0.0, 4.0] [0.0, 4.0] [0.0, 4.0] [0.0, 4.0] [0.0, 4.0] [0.0, 4.0] [0.0, 4.0] [0.0, 4.0] [0.0, 4.0] [0.0, 4.0] [0.0, 4.0] [0.0, 4.0] [0.0, 4.0] [0.0, 4.0] [0.0, 4.0] [0.0, 4.0] [0.0, 4.0] [0.0, 4.0] [0.0, 4.0] [0.0, 4.0] [0.0, 4.0] [0.0, 4.0] [0.0, 4.0] [0.0, 4.0] [0.0, 4.0] [0.0, 4.0] [0.0, 4.0] [0.0, 4.0] [0.0, 4.0] [0.0, 4.0] [0.0, 4.0] [0.0, 4.0] [0.0, 4.0] [0.0, 4.0] [0.0, 4.0] [0.0, 4.0] [0.0, 4.0] [0.0, 4.0] [0.0, 4.0] [0.0, 4.0] [0.0, 4.0] [0.0, 4.0] [0.0, 4.0] [0.0, 4.0] [0.0, 4.0] [0.0, 4.0] [0.0, 4.0] [0.0, 4.0] [0.0, 4.0] [0.0, 4.0] [0.0, 4.0] [0.0, 4.0] [0.0, 4.0] [0.0, 4.0] [0.0, 4.0] [0.0, 4.0] [0.0, 4.0] [0.0, 4.0] [0.0, 4.0] [0.0, 4.0] [0.0, 4.0] [0.0, 4.0] [0.0, 4.0] [0.0, 4.0] [0.0, 4.0] [0.0, 4.0] [0.0, 4.0] [0.0, 4.0] [0.0, 4.0] [0.0, 4.0] [0.0, 4.0] [0.0, 4.0] [0.0, 4.0] [0.0, 4.0] [0.0, 4.0] [0.0, 4.0] [0.0, 4.0] [0.0, 4.0] [0.0, 4.0] [0.0, 4.0] [0.0, 4.0] [0.0, 4.0] [0.0, 4.0] [0.0, 4.0] [0.0, 4.0] [0.0, 4.0] [0.0, 4.0] [0.0, 4.0] [0.0, 4.0] [0.0, 4.0] [0.0, 4.0] [0.0, 4.0] [0.0, 4.0] [0.0, 4.0] [0.0, 4.0] [0.0, 4.0] [0.0, 4.0] [0.0, 4.0] [0.0, 4.0] [0.0, 4.0] [0.0, 4.0] [0.0, 4.0] [0.0, 4.0] [0.0, 4.0] [0.0, 4.0] [0.0, 4.0] [0.0, 4.0] [0.0, 4.0] [0.0, 4.0] [0.0, 4.0] [0.0, 4.0] [0.0, 4.0] [0.0, 4.0] [0.0, 4.0] [0.0, 4.0] [0.0, 4.0] [0.0, 4.0] [0.0, 4.0] [0.0, 4.0] 
    4: [0.0, 2.0] [1.0, 3.0] [0.0, 3.0] [0.0, 3.0] [0.0, 3.0] [0.0, 3.0] [0.0, 3.0] [0.0, 3.0] [1.0, 3.0] [0.0, 3.0] [1.0, 3.0] [1.0, 3.0] [0.0, 3.0] [1.0, 3.0] [1.0, 3.0] [0.0, 3.0] [0.0, 3.0] [0.0, 3.0] [1.0, 3.0] [0.0, 3.0] [1.0, 3.0] [0.0, 3.0] [0.0, 3.0] [0.0, 3.0] [0.0, 3.0] [1.0, 3.0] [0.0, 3.0] [1.0, 3.0] [1.0, 3.0] [0.0, 3.0] [1.0, 3.0] [0.0, 3.0] [0.0, 3.0] [0.0, 3.0] [1.0, 3.0] [0.0, 3.0] [0.0, 3.0] [0.0, 3.0] [0.0, 3.0] [1.0, 3.0] [0.0, 3.0] [0.0, 3.0] [0.0, 3.0] [0.0, 3.0] [1.0, 3.0] [1.0, 3.0] [0.0, 3.0] [0.0, 3.0] [0.0, 3.0] [0.0, 3.0] [0.0, 3.0] [1.0, 3.0] [1.0, 3.0] [1.0, 3.0] [0.0, 3.0] [0.0, 3.0] [1.0, 3.0] [1.0, 3.0] [0.0, 3.0] [0.0, 3.0] [0.0, 3.0] [0.0, 3.0] [1.0, 3.0] [0.0, 3.0] [0.0, 3.0] [0.0, 3.0] [0.0, 3.0] [1.0, 3.0] [1.0, 3.0] [1.0, 3.0] [1.0, 3.0] [0.0, 3.0] [0.0, 3.0] [0.0, 3.0] [0.0, 3.0] [1.0, 3.0] [0.0, 3.0] [0.0, 3.0] [0.0, 3.0] [0.0, 3.0] [1.0, 3.0] [0.0, 3.0] [1.0, 3.0] [1.0, 3.0] [0.0, 3.0] [0.0, 3.0] [0.0, 3.0] [0.0, 3.0] [0.0, 3.0] [0.0, 3.0] [1.0, 3.0] [0.0, 3.0] [1.0, 3.0] [0.0, 3.0] [0.0, 3.0] [0.0, 3.0] [0.0, 3.0] [0.0, 3.0] [0.0, 3.0] [1.0, 3.0] [0.0, 3.0] [1.0, 3.0] [0.0, 3.0] [1.0, 3.0] [0.0, 3.0] [0.0, 3.0] [0.0, 3.0] [0.0, 3.0] [1.0, 3.0] [0.0, 3.0] [0.0, 3.0] [0.0, 3.0] [1.0, 3.0] [0.0, 3.0] [1.0, 3.0] [0.0, 3.0] [1.0, 3.0] [0.0, 3.0] [0.0, 3.0] [0.0, 3.0] [1.0, 3.0] [0.0, 3.0] [0.0, 3.0] [0.0, 3.0] [0.0, 3.0] [1.0, 3.0] [1.0, 3.0] [1.0, 3.0] [0.0, 3.0] [0.0, 3.0] [0.0, 3.0] [0.0, 3.0] [0.0, 3.0] [1.0, 3.0] [0.0, 3.0] [0.0, 3.0] [0.0, 3.0] [0.0, 3.0] [1.0, 3.0] [0.0, 3.0] [0.0, 3.0] [0.0, 3.0] [1.0, 3.0] [0.0, 3.0] [0.0, 3.0] [0.0, 3.0] [1.0, 3.0] [0.0, 3.0] [0.0, 3.0] [0.0, 3.0] [1.0, 3.0] [1.0, 3.0] [1.0, 3.0] [0.0, 3.0] [0.0, 3.0] [0.0, 3.0] [0.0, 3.0] [0.0, 3.0] [0.0, 3.0] [0.0, 3.0] [0.0, 3.0] [0.0, 3.0] [1.0, 3.0] [0.0, 3.0] [0.0, 3.0] [0.0, 3.0] [0.0, 3.0] [0.0, 3.0] [0.0, 3.0] [0.0, 3.0] [0.0, 3.0] [0.0, 3.0] [0.0, 3.0] [1.0, 3.0] [1.0, 3.0] [1.0, 3.0] [1.0, 3.0] [0.0, 3.0] [0.0, 3.0] [0.0, 3.0] [0.0, 3.0] [0.0, 3.0] [0.0, 3.0] [0.0, 3.0] [0.0, 3.0] [0.0, 3.0] [0.0, 3.0] [0.0, 3.0] [0.0, 3.0] [0.0, 3.0] [1.0, 3.0] [0.0, 3.0] [0.0, 3.0] [0.0, 3.0] [0.0, 3.0] [0.0, 3.0] [0.0, 3.0] [0.0, 3.0] [1.0, 3.0] [0.0, 3.0] [0.0, 3.0] [0.0, 3.0] [0.0, 3.0] [0.0, 3.0] [1.0, 3.0] [1.0, 3.0] [1.0, 3.0] [1.0, 3.0] [1.0, 3.0] [1.0, 3.0] [1.0, 3.0] [0.0, 3.0] [0.0, 3.0] [0.0, 3.0] [0.0, 3.0] [0.0, 3.0] [1.0, 3.0] [1.0, 3.0] [0.0, 3.0] [0.0, 3.0] [1.0, 3.0] [0.0, 3.0] [0.0, 3.0] [1.0, 3.0] [0.0, 3.0] [0.0, 3.0] [0.0, 3.0] [1.0, 3.0] [0.0, 3.0] [0.0, 3.0] [1.0, 3.0] [0.0, 3.0] [1.0, 3.0] [0.0, 3.0] [0.0, 3.0] [0.0, 3.0] [1.0, 3.0] [0.0, 3.0] [0.0, 3.0] [1.0, 3.0] [0.0, 3.0] [0.0, 3.0] [1.0, 3.0] [0.0, 3.0] [0.0, 3.0] [0.0, 3.0] [1.0, 3.0] [0.0, 3.0] [0.0, 3.0] [0.0, 3.0] [1.0, 3.0] [0.0, 3.0] [1.0, 3.0] [0.0, 3.0] [0.0, 3.0] [0.0, 3.0] [0.0, 3.0] [1.0, 3.0] [0.0, 3.0] [0.0, 3.0] [0.0, 3.0] [0.0, 3.0] [1.0, 3.0] [0.0, 3.0] [1.0, 3.0] [0.0, 3.0] [0.0, 3.0] [0.0, 3.0] [1.0, 3.0] [0.0, 3.0] [0.0, 3.0] [0.0, 3.0] [0.0, 3.0] [1.0, 3.0] [1.0, 3.0] [0.0, 3.0] [0.0, 3.0] [0.0, 3.0] [1.0, 3.0] [0.0, 3.0] [0.0, 3.0] 
  Output fraction of data:
image_identity: (0.661 0.667 0.662 0.661 0.664 0.661 0.663 0.661 0.666 0.664 0.665 0.668 0.662 0.667 0.665 0.666 0.663 0.666 0.666 0.666 0.666 0.663 0.662 0.663 0.663 0.665 0.664 0.666 0.667 0.664 0.666 0.664 0.666 0.664 0.666 0.664 0.664 0.664 0.667 0.666 0.664 0.667 0.667 0.667 0.666 0.666 0.665 0.664 0.668 0.664 0.665 0.666 0.669 0.669 0.665 0.667 0.669 0.668 0.663 0.663 0.665 0.664 0.666 0.662 0.664 0.665 0.666 0.668 0.667 0.668 0.667 0.663 0.665 0.663 0.663 0.667 0.663 0.664 0.666 0.662 0.668 0.666 0.666 0.668 0.667 0.663 0.668 0.664 0.663 0.666 0.669 0.667 0.668 0.665 0.664 0.666 0.664 0.666 0.665 0.666 0.667 0.668 0.668 0.666 0.667 0.665 0.663 0.664 0.667 0.663 0.663 0.665 0.667 0.666 0.666 0.668 0.666 0.665 0.665 0.663 0.665 0.665 0.668 0.661 0.667 0.667 0.668 0.668 0.665 0.667 0.662 0.667 0.666 0.667 0.667 0.664 0.666 0.667 0.668 0.663 0.664 0.664 0.668 0.665 0.663 0.662 0.667 0.662 0.666 0.667 0.667 0.668 0.667 0.665 0.663 0.668 0.663 0.667 0.665 0.665 0.667 0.667 0.667 0.668 0.669 0.669 0.669 0.669 0.669 0.669 0.669 0.667 0.664 0.668 0.668 0.668 0.668 0.664 0.663 0.666 0.666 0.666 0.663 0.665 0.665 0.665 0.665 0.665 0.665 0.665 0.668 0.665 0.665 0.665 0.665 0.665 0.665 0.665 0.667 0.666 0.666 0.666 0.666 0.666 0.666 0.666 0.666 0.666 0.666 0.666 0.666 0.665 0.665 0.665 0.665 0.665 0.667 0.668 0.665 0.664 0.666 0.662 0.663 0.667 0.663 0.664 0.663 0.667 0.667 0.666 0.669 0.665 0.668 0.664 0.667 0.665 0.669 0.662 0.667 0.667 0.665 0.665 0.667 0.665 0.666 0.665 0.665 0.666 0.667 0.667 0.666 0.667 0.669 0.666 0.665 0.663 0.665 0.666 0.666 0.665 0.665 0.664 0.669 0.665 0.666 0.665 0.664 0.667 0.667 0.665 0.665 0.663 0.667 0.666 0.666 0.666 0.667 0.663 0.667 0.665 0.664)  0.000 0.000 0.041 0.000 0.000 0.000 0.000 0.040 0.042 0.045 0.042 0.041 0.041 0.000 0.000 0.000 0.040 0.000 0.000 0.000 0.041 0.000 0.039 0.044 0.043 0.000 0.040 0.000 0.043 0.042 0.000 0.041 0.043 0.000 0.000 0.000 0.000 0.044 0.000 0.041 0.040 0.000 0.042 0.000 0.042 0.042 0.000 0.041 0.044 0.044 0.000 0.000 0.000 0.043 0.000 0.000 0.000 0.000 0.000 0.042 0.044 0.040 0.043 0.000 0.044 0.000 0.000 0.041 0.000 0.000 0.000 0.000 0.000 0.040 0.046 0.042 0.038 0.000 0.040 0.042 0.042 0.043 0.041 0.044 0.040 0.000 0.000 0.041 0.000 0.042 0.000 0.000 0.042 0.000 0.000 0.000 0.000 0.000 0.000 0.000 0.000 0.000 0.037 0.000 0.040 0.000 0.042 0.000 0.040 0.043 0.041 0.041 0.000 0.036 0.040 0.000 0.000 0.000 0.000 0.000 0.042 0.000 0.000 0.043 0.042 0.000 0.000 0.043 0.000 0.000 0.042 0.039 0.042 0.044 0.043 0.044 0.040 0.042 0.042 0.000 0.000 0.000 0.000 0.000 0.042 0.000 0.000 0.041 0.000 0.041 0.000 0.042 0.041 0.040 0.000 0.000 0.000 0.000 0.000 0.000 0.000 0.040 0.000 0.000 0.000 0.000 0.000 0.000 0.000 0.000 0.000 0.043 0.000 0.000 0.000 0.000 0.000 0.000 0.049 0.000 0.000 0.000 0.041 0.039 0.039 0.039 0.039 0.039 0.039 0.039 0.043 0.000 0.000 0.000 0.000 0.000 0.000 0.000 0.044 0.000 0.000 0.000 0.000 0.000 0.041 0.041 0.041 0.041 0.041 0.041 0.041 0.045 0.045 0.045 0.045 0.045 0.000 0.000 0.000 0.037 0.042 0.033 0.000 0.000 0.000 0.041 0.041 0.042 0.000 0.000 0.000 0.042 0.040 0.033 0.000 0.000 0.000 0.000 0.043 0.041 0.039 0.000 0.000 0.000 0.000 0.043 0.043 0.040 0.000 0.000 0.000 0.043 0.039 0.041 0.000 0.000 0.000 0.000 0.000 0.000 0.041 0.039 0.041 0.040 0.039 0.036 0.043 0.000 0.000 0.000 0.000 0.044 0.000 0.000 0.043 0.042 0.000 0.042 0.041 0.047 0.037)  0.000 0.000 0.042 0.000 0.000 0.000 0.000 0.043 0.044 0.039 0.044 0.042 0.043 0.000 0.000 0.000 0.043 0.000 0.000 0.000 0.041 0.000 0.045 0.041 0.042 0.000 0.043 0.000 0.042 0.042 0.000 0.040 0.048 0.000 0.000 0.000 0.000 0.042 0.000 0.041 0.044 0.000 0.043 0.000 0.040 0.043 0.000 0.044 0.040 0.044 0.000 0.000 0.000 0.044 0.000 0.000 0.000 0.000 0.000 0.044 0.046 0.043 0.043 0.000 0.041 0.000 0.000 0.044 0.000 0.000 0.000 0.000 0.000 0.046 0.038 0.041 0.046 0.000 0.042 0.042 0.041 0.042 0.042 0.041 0.044 0.000 0.000 0.042 0.000 0.044 0.000 0.000 0.043 0.000 0.000 0.000 0.000 0.000 0.000 0.000 0.000 0.000 0.043 0.000 0.042 0.000 0.042 0.000 0.042 0.041 0.043 0.041 0.000 0.040 0.043 0.000 0.000 0.000 0.000 0.000 0.040 0.000 0.000 0.043 0.040 0.000 0.000 0.042 0.000 0.000 0.042 0.041 0.039 0.043 0.039 0.040 0.041 0.042 0.043 0.000 0.000 0.000 0.000 0.000 0.044 0.000 0.000 0.042 0.000 0.040 0.000 0.041 0.040 0.043 0.000 0.000 0.000 0.000 0.000 0.000 0.000 0.044 0.000 0.000 0.000 0.000 0.000 0.000 0.000 0.000 0.000 0.041 0.000 0.000 0.000 0.000 0.000 0.000 0.040 0.000 0.000 0.000 0.048 0.041 0.041 0.041 0.041 0.041 0.041 0.041 0.042 0.000 0.000 0.000 0.000 0.000 0.000 0.000 0.041 0.000 0.000 0.000 0.000 0.000 0.043 0.043 0.043 0.043 0.043 0.043 0.043 0.041 0.041 0.041 0.041 0.041 0.000 0.000 0.000 0.046 0.041 0.047 0.000 0.000 0.000 0.045 0.045 0.041 0.000 0.000 0.000 0.040 0.044 0.042 0.000 0.000 0.000 0.000 0.045 0.041 0.039 0.000 0.000 0.000 0.000 0.042 0.041 0.043 0.000 0.000 0.000 0.040 0.042 0.040 0.000 0.000 0.000 0.000 0.000 0.000 0.040 0.040 0.041 0.040 0.041 0.045 0.043 0.000 0.000 0.000 0.000 0.042 0.000 0.000 0.041 0.041 0.000 0.043 0.042 0.044 0.048)  0.000 0.000 0.044 0.000 0.000 0.000 0.000 0.045 0.042 0.037 0.043 0.043 0.041 0.000 0.000 0.000 0.041 0.000 0.000 0.000 0.042 0.000 0.039 0.039 0.044 0.000 0.046 0.000 0.042 0.041 0.000 0.044 0.038 0.000 0.000 0.000 0.000 0.038 0.000 0.041 0.041 0.000 0.040 0.000 0.040 0.041 0.000 0.042 0.042 0.041 0.000 0.000 0.000 0.039 0.000 0.000 0.000 0.000 0.000 0.040 0.041 0.041 0.042 0.000 0.043 0.000 0.000 0.042 0.000 0.000 0.000 0.000 0.000 0.040 0.043 0.043 0.040 0.000 0.041 0.042 0.042 0.044 0.040 0.042 0.046 0.000 0.000 0.042 0.000 0.042 0.000 0.000 0.039 0.000 0.000 0.000 0.000 0.000 0.000 0.000 0.000 0.000 0.041 0.000 0.042 0.000 0.043 0.000 0.042 0.041 0.043 0.044 0.000 0.043 0.042 0.000 0.000 0.000 0.000 0.000 0.040 0.000 0.000 0.042 0.041 0.000 0.000 0.043 0.000 0.000 0.047 0.039 0.042 0.041 0.041 0.046 0.043 0.039 0.041 0.000 0.000 0.000 0.000 0.000 0.045 0.000 0.000 0.045 0.000 0.041 0.000 0.041 0.042 0.044 0.000 0.000 0.000 0.000 0.000 0.000 0.000 0.042 0.000 0.000 0.000 0.000 0.000 0.000 0.000 0.000 0.000 0.043 0.000 0.000 0.000 0.000 0.000 0.000 0.036 0.000 0.000 0.000 0.040 0.043 0.043 0.043 0.043 0.043 0.043 0.043 0.039 0.000 0.000 0.000 0.000 0.000 0.000 0.000 0.040 0.000 0.000 0.000 0.000 0.000 0.041 0.041 0.041 0.041 0.041 0.041 0.041 0.040 0.040 0.040 0.040 0.040 0.000 0.000 0.000 0.042 0.040 0.048 0.000 0.000 0.000 0.037 0.043 0.041 0.000 0.000 0.000 0.040 0.040 0.045 0.000 0.000 0.000 0.000 0.041 0.041 0.044 0.000 0.000 0.000 0.000 0.041 0.043 0.044 0.000 0.000 0.000 0.043 0.040 0.044 0.000 0.000 0.000 0.000 0.000 0.000 0.041 0.044 0.040 0.043 0.043 0.041 0.041 0.000 0.000 0.000 0.000 0.037 0.000 0.000 0.041 0.042 0.000 0.043 0.042 0.042 0.039)  0.000 0.000 0.043 0.000 0.000 0.000 0.000 0.040 0.040 0.040 0.042 0.041 0.046 0.000 0.000 0.000 0.043 0.000 0.000 0.000 0.043 0.000 0.044 0.040 0.042 0.000 0.042 0.000 0.040 0.044 0.000 0.043 0.038 0.000 0.000 0.000 0.000 0.042 0.000 0.044 0.040 0.000 0.042 0.000 0.042 0.042 0.000 0.046 0.041 0.041 0.000 0.000 0.000 0.042 0.000 0.000 0.000 0.000 0.000 0.041 0.039 0.042 0.041 0.000 0.040 0.000 0.000 0.044 0.000 0.000 0.000 0.000 0.000 0.044 0.042 0.042 0.043 0.000 0.043 0.043 0.040 0.042 0.043 0.043 0.040 0.000 0.000 0.046 0.000 0.040 0.000 0.000 0.041 0.000 0.000 0.000 0.000 0.000 0.000 0.000 0.000 0.000 0.043 0.000 0.040 0.000 0.040 0.000 0.043 0.038 0.042 0.044 0.000 0.043 0.043 0.000 0.000 0.000 0.000 0.000 0.046 0.000 0.000 0.042 0.042 0.000 0.000 0.040 0.000 0.000 0.042 0.044 0.045 0.040 0.043 0.037 0.041 0.041 0.041 0.000 0.000 0.000 0.000 0.000 0.044 0.000 0.000 0.043 0.000 0.042 0.000 0.043 0.043 0.044 0.000 0.000 0.000 0.000 0.000 0.000 0.000 0.040 0.000 0.000 0.000 0.000 0.000 0.000 0.000 0.000 0.000 0.040 0.000 0.000 0.000 0.000 0.000 0.000 0.040 0.000 0.000 0.000 0.034 0.043 0.043 0.043 0.043 0.043 0.043 0.043 0.044 0.000 0.000 0.000 0.000 0.000 0.000 0.000 0.041 0.000 0.000 0.000 0.000 0.000 0.046 0.046 0.046 0.046 0.046 0.046 0.046 0.040 0.040 0.040 0.040 0.040 0.000 0.000 0.000 0.041 0.042 0.041 0.000 0.000 0.000 0.046 0.041 0.043 0.000 0.000 0.000 0.044 0.043 0.042 0.000 0.000 0.000 0.000 0.044 0.045 0.042 0.000 0.000 0.000 0.000 0.044 0.042 0.041 0.000 0.000 0.000 0.044 0.044 0.039 0.000 0.000 0.000 0.000 0.000 0.000 0.037 0.042 0.039 0.047 0.042 0.040 0.040 0.000 0.000 0.000 0.000 0.040 0.000 0.000 0.042 0.042 0.000 0.042 0.041 0.041 0.045)  0.000 0.000 0.045 0.000 0.000 0.000 0.000 0.042 0.041 0.045 0.040 0.043 0.042 0.000 0.000 0.000 0.043 0.000 0.000 0.000 0.042 0.000 0.043 0.043 0.042 0.000 0.040 0.000 0.041 0.040 0.000 0.042 0.042 0.000 0.000 0.000 0.000 0.041 0.000 0.040 0.041 0.000 0.039 0.000 0.043 0.042 0.000 0.039 0.039 0.041 0.000 0.000 0.000 0.041 0.000 0.000 0.000 0.000 0.000 0.039 0.040 0.046 0.043 0.000 0.042 0.000 0.000 0.041 0.000 0.000 0.000 0.000 0.000 0.042 0.039 0.041 0.043 0.000 0.045 0.042 0.041 0.041 0.037 0.043 0.042 0.000 0.000 0.044 0.000 0.043 0.000 0.000 0.043 0.000 0.000 0.000 0.000 0.000 0.000 0.000 0.000 0.000 0.043 0.000 0.041 0.000 0.043 0.000 0.039 0.047 0.042 0.041 0.000 0.046 0.043 0.000 0.000 0.000 0.000 0.000 0.041 0.000 0.000 0.042 0.042 0.000 0.000 0.041 0.000 0.000 0.041 0.044 0.039 0.043 0.040 0.042 0.041 0.040 0.040 0.000 0.000 0.000 0.000 0.000 0.042 0.000 0.000 0.048 0.000 0.041 0.000 0.042 0.040 0.040 0.000 0.000 0.000 0.000 0.000 0.000 0.000 0.042 0.000 0.000 0.000 0.000 0.000 0.000 0.000 0.000 0.000 0.041 0.000 0.000 0.000 0.000 0.000 0.000 0.039 0.000 0.000 0.000 0.042 0.042 0.042 0.042 0.042 0.042 0.042 0.042 0.040 0.000 0.000 0.000 0.000 0.000 0.000 0.000 0.044 0.000 0.000 0.000 0.000 0.000 0.040 0.040 0.040 0.040 0.040 0.040 0.040 0.040 0.040 0.040 0.040 0.040 0.000 0.000 0.000 0.042 0.043 0.038 0.000 0.000 0.000 0.042 0.045 0.043 0.000 0.000 0.000 0.042 0.041 0.041 0.000 0.000 0.000 0.000 0.040 0.042 0.038 0.000 0.000 0.000 0.000 0.042 0.042 0.043 0.000 0.000 0.000 0.041 0.041 0.042 0.000 0.000 0.000 0.000 0.000 0.000 0.040 0.043 0.042 0.041 0.042 0.042 0.042 0.000 0.000 0.000 0.000 0.045 0.000 0.000 0.041 0.040 0.000 0.040 0.040 0.042 0.037)  0.041 0.040 0.000 0.040 0.043 0.044 0.036 0.000 0.000 0.000 0.000 0.000 0.000 0.040 0.043 0.038 0.000 0.042 0.040 0.038 0.000 0.041 0.000 0.000 0.000 0.043 0.000 0.041 0.000 0.000 0.039 0.000 0.000 0.042 0.043 0.039 0.042 0.000 0.038 0.000 0.000 0.040 0.000 0.042 0.000 0.000 0.041 0.000 0.000 0.000 0.042 0.042 0.041 0.000 0.051 0.046 0.042 0.044 0.043 0.000 0.000 0.000 0.000 0.042 0.000 0.045 0.042 0.000 0.041 0.043 0.043 0.041 0.041 0.000 0.000 0.000 0.000 0.043 0.000 0.000 0.000 0.000 0.000 0.000 0.000 0.040 0.043 0.000 0.040 0.000 0.039 0.044 0.000 0.040 0.042 0.040 0.041 0.041 0.037 0.042 0.039 0.040 0.000 0.040 0.000 0.040 0.000 0.042 0.000 0.000 0.000 0.000 0.043 0.000 0.000 0.039 0.044 0.036 0.042 0.037 0.000 0.040 0.042 0.000 0.000 0.040 0.043 0.000 0.040 0.042 0.000 0.000 0.000 0.000 0.000 0.000 0.000 0.000 0.000 0.038 0.039 0.038 0.039 0.040 0.000 0.046 0.041 0.000 0.042 0.000 0.041 0.000 0.000 0.000 0.037 0.041 0.041 0.046 0.047 0.040 0.039 0.000 0.040 0.041 0.045 0.045 0.045 0.045 0.045 0.045 0.045 0.000 0.043 0.041 0.041 0.041 0.041 0.047 0.000 0.040 0.040 0.040 0.000 0.000 0.000 0.000 0.000 0.000 0.000 0.000 0.000 0.041 0.041 0.041 0.041 0.041 0.041 0.041 0.000 0.040 0.040 0.040 0.040 0.040 0.000 0.000 0.000 0.000 0.000 0.000 0.000 0.000 0.000 0.000 0.000 0.000 0.043 0.043 0.039 0.000 0.000 0.000 0.043 0.040 0.044 0.000 0.000 0.000 0.040 0.040 0.042 0.000 0.000 0.000 0.043 0.041 0.041 0.040 0.000 0.000 0.000 0.044 0.043 0.046 0.042 0.000 0.000 0.000 0.042 0.042 0.043 0.000 0.000 0.000 0.041 0.037 0.041 0.041 0.041 0.044 0.000 0.000 0.000 0.000 0.000 0.000 0.000 0.042 0.042 0.043 0.039 0.000 0.041 0.043 0.000 0.000 0.042 0.000 0.000 0.000 0.000)  0.065 0.043 0.000 0.038 0.039 0.043 0.043 0.000 0.000 0.000 0.000 0.000 0.000 0.039 0.044 0.039 0.000 0.042 0.041 0.042 0.000 0.045 0.000 0.000 0.000 0.043 0.000 0.043 0.000 0.000 0.041 0.000 0.000 0.042 0.043 0.042 0.042 0.000 0.038 0.000 0.000 0.042 0.000 0.041 0.000 0.000 0.042 0.000 0.000 0.000 0.042 0.042 0.043 0.000 0.045 0.042 0.041 0.041 0.043 0.000 0.000 0.000 0.000 0.042 0.000 0.041 0.045 0.000 0.040 0.039 0.042 0.045 0.044 0.000 0.000 0.000 0.000 0.043 0.000 0.000 0.000 0.000 0.000 0.000 0.000 0.041 0.044 0.000 0.042 0.000 0.043 0.042 0.000 0.041 0.042 0.040 0.042 0.042 0.042 0.042 0.041 0.041 0.000 0.045 0.000 0.044 0.000 0.040 0.000 0.000 0.000 0.000 0.041 0.000 0.000 0.042 0.040 0.041 0.041 0.043 0.000 0.042 0.040 0.000 0.000 0.041 0.040 0.000 0.042 0.045 0.000 0.000 0.000 0.000 0.000 0.000 0.000 0.000 0.000 0.045 0.042 0.047 0.039 0.042 0.000 0.042 0.041 0.000 0.041 0.000 0.039 0.000 0.000 0.000 0.046 0.042 0.043 0.041 0.047 0.041 0.042 0.000 0.042 0.042 0.039 0.039 0.039 0.039 0.039 0.039 0.039 0.000 0.043 0.041 0.041 0.041 0.041 0.032 0.000 0.044 0.044 0.044 0.000 0.000 0.000 0.000 0.000 0.000 0.000 0.000 0.000 0.040 0.040 0.040 0.040 0.040 0.040 0.040 0.000 0.042 0.042 0.042 0.042 0.042 0.000 0.000 0.000 0.000 0.000 0.000 0.000 0.000 0.000 0.000 0.000 0.000 0.038 0.041 0.048 0.000 0.000 0.000 0.045 0.040 0.045 0.000 0.000 0.000 0.043 0.043 0.041 0.000 0.000 0.000 0.040 0.044 0.043 0.044 0.000 0.000 0.000 0.040 0.041 0.046 0.042 0.000 0.000 0.000 0.043 0.042 0.043 0.000 0.000 0.000 0.042 0.052 0.042 0.042 0.044 0.040 0.000 0.000 0.000 0.000 0.000 0.000 0.000 0.044 0.043 0.044 0.043 0.000 0.040 0.042 0.000 0.000 0.039 0.000 0.000 0.000 0.000)  0.051 0.043 0.000 0.043 0.044 0.049 0.046 0.000 0.000 0.000 0.000 0.000 0.000 0.042 0.042 0.044 0.000 0.044 0.043 0.046 0.000 0.040 0.000 0.000 0.000 0.041 0.000 0.042 0.000 0.000 0.041 0.000 0.000 0.042 0.040 0.044 0.044 0.000 0.041 0.000 0.000 0.042 0.000 0.041 0.000 0.000 0.043 0.000 0.000 0.000 0.041 0.041 0.041 0.000 0.040 0.046 0.042 0.043 0.049 0.000 0.000 0.000 0.000 0.039 0.000 0.041 0.041 0.000 0.042 0.043 0.041 0.039 0.041 0.000 0.000 0.000 0.000 0.043 0.000 0.000 0.000 0.000 0.000 0.000 0.000 0.043 0.040 0.000 0.041 0.000 0.040 0.043 0.000 0.041 0.041 0.040 0.042 0.039 0.044 0.044 0.043 0.040 0.000 0.040 0.000 0.048 0.000 0.039 0.000 0.000 0.000 0.000 0.039 0.000 0.000 0.040 0.043 0.043 0.043 0.044 0.000 0.044 0.039 0.000 0.000 0.043 0.043 0.000 0.043 0.042 0.000 0.000 0.000 0.000 0.000 0.000 0.000 0.000 0.000 0.041 0.043 0.056 0.041 0.041 0.000 0.042 0.040 0.000 0.040 0.000 0.044 0.000 0.000 0.000 0.047 0.042 0.037 0.044 0.046 0.042 0.044 0.000 0.043 0.042 0.041 0.041 0.041 0.041 0.041 0.041 0.041 0.000 0.043 0.041 0.041 0.041 0.041 0.049 0.000 0.039 0.039 0.039 0.000 0.000 0.000 0.000 0.000 0.000 0.000 0.000 0.000 0.041 0.041 0.041 0.041 0.041 0.041 0.041 0.000 0.044 0.044 0.044 0.044 0.044 0.000 0.000 0.000 0.000 0.000 0.000 0.000 0.000 0.000 0.000 0.000 0.000 0.044 0.041 0.041 0.000 0.000 0.000 0.040 0.042 0.043 0.000 0.000 0.000 0.041 0.041 0.042 0.000 0.000 0.000 0.044 0.040 0.040 0.039 0.000 0.000 0.000 0.041 0.041 0.046 0.044 0.000 0.000 0.000 0.044 0.040 0.043 0.000 0.000 0.000 0.039 0.033 0.043 0.041 0.043 0.041 0.000 0.000 0.000 0.000 0.000 0.000 0.000 0.040 0.041 0.044 0.043 0.000 0.046 0.043 0.000 0.000 0.043 0.000 0.000 0.000 0.000)  0.022 0.041 0.000 0.050 0.039 0.039 0.041 0.000 0.000 0.000 0.000 0.000 0.000 0.043 0.040 0.039 0.000 0.042 0.041 0.039 0.000 0.040 0.000 0.000 0.000 0.043 0.000 0.043 0.000 0.000 0.042 0.000 0.000 0.043 0.040 0.043 0.041 0.000 0.045 0.000 0.000 0.041 0.000 0.042 0.000 0.000 0.040 0.000 0.000 0.000 0.042 0.042 0.041 0.000 0.046 0.038 0.042 0.043 0.041 0.000 0.000 0.000 0.000 0.043 0.000 0.043 0.042 0.000 0.040 0.043 0.041 0.044 0.044 0.000 0.000 0.000 0.000 0.041 0.000 0.000 0.000 0.000 0.000 0.000 0.000 0.041 0.040 0.000 0.042 0.000 0.040 0.041 0.000 0.039 0.042 0.044 0.042 0.042 0.043 0.040 0.042 0.044 0.000 0.040 0.000 0.040 0.000 0.042 0.000 0.000 0.000 0.000 0.042 0.000 0.000 0.043 0.041 0.040 0.042 0.046 0.000 0.043 0.044 0.000 0.000 0.044 0.042 0.000 0.038 0.039 0.000 0.000 0.000 0.000 0.000 0.000 0.000 0.000 0.000 0.040 0.039 0.048 0.044 0.044 0.000 0.036 0.043 0.000 0.042 0.000 0.043 0.000 0.000 0.000 0.034 0.043 0.042 0.041 0.040 0.041 0.041 0.000 0.042 0.040 0.037 0.037 0.037 0.037 0.037 0.037 0.037 0.000 0.043 0.041 0.041 0.041 0.041 0.041 0.000 0.042 0.042 0.042 0.000 0.000 0.000 0.000 0.000 0.000 0.000 0.000 0.000 0.043 0.043 0.043 0.043 0.043 0.043 0.043 0.000 0.044 0.044 0.044 0.044 0.044 0.000 0.000 0.000 0.000 0.000 0.000 0.000 0.000 0.000 0.000 0.000 0.000 0.044 0.042 0.042 0.000 0.000 0.000 0.046 0.043 0.042 0.000 0.000 0.000 0.039 0.042 0.041 0.000 0.000 0.000 0.043 0.040 0.039 0.038 0.000 0.000 0.000 0.043 0.043 0.036 0.041 0.000 0.000 0.000 0.041 0.042 0.040 0.000 0.000 0.000 0.043 0.044 0.041 0.041 0.045 0.042 0.000 0.000 0.000 0.000 0.000 0.000 0.000 0.041 0.042 0.037 0.041 0.000 0.038 0.041 0.000 0.000 0.042 0.000 0.000 0.000 0.000)  0.052 0.042 0.000 0.040 0.042 0.045 0.043 0.000 0.000 0.000 0.000 0.000 0.000 0.042 0.040 0.044 0.000 0.041 0.041 0.045 0.000 0.042 0.000 0.000 0.000 0.042 0.000 0.041 0.000 0.000 0.044 0.000 0.000 0.042 0.044 0.042 0.040 0.000 0.042 0.000 0.000 0.042 0.000 0.044 0.000 0.000 0.044 0.000 0.000 0.000 0.042 0.042 0.042 0.000 0.036 0.036 0.041 0.041 0.038 0.000 0.000 0.000 0.000 0.046 0.000 0.042 0.041 0.000 0.041 0.041 0.044 0.045 0.041 0.000 0.000 0.000 0.000 0.043 0.000 0.000 0.000 0.000 0.000 0.000 0.000 0.044 0.043 0.000 0.045 0.000 0.042 0.042 0.000 0.046 0.041 0.043 0.041 0.045 0.046 0.041 0.041 0.042 0.000 0.044 0.000 0.041 0.000 0.041 0.000 0.000 0.000 0.000 0.043 0.000 0.000 0.045 0.041 0.048 0.041 0.043 0.000 0.042 0.043 0.000 0.000 0.040 0.040 0.000 0.044 0.043 0.000 0.000 0.000 0.000 0.000 0.000 0.000 0.000 0.000 0.042 0.042 0.040 0.041 0.040 0.000 0.046 0.043 0.000 0.046 0.000 0.039 0.000 0.000 0.000 0.045 0.044 0.038 0.042 0.040 0.043 0.043 0.000 0.042 0.040 0.041 0.041 0.041 0.041 0.041 0.041 0.041 0.000 0.040 0.042 0.042 0.042 0.042 0.031 0.000 0.042 0.042 0.042 0.000 0.000 0.000 0.000 0.000 0.000 0.000 0.000 0.000 0.042 0.042 0.042 0.042 0.042 0.042 0.042 0.000 0.043 0.043 0.043 0.043 0.043 0.000 0.000 0.000 0.000 0.000 0.000 0.000 0.000 0.000 0.000 0.000 0.000 0.041 0.040 0.037 0.000 0.000 0.000 0.040 0.040 0.042 0.000 0.000 0.000 0.040 0.039 0.042 0.000 0.000 0.000 0.043 0.044 0.043 0.046 0.000 0.000 0.000 0.042 0.043 0.040 0.041 0.000 0.000 0.000 0.042 0.043 0.041 0.000 0.000 0.000 0.041 0.033 0.037 0.041 0.042 0.042 0.000 0.000 0.000 0.000 0.000 0.000 0.000 0.041 0.041 0.041 0.040 0.000 0.040 0.041 0.000 0.000 0.042 0.000 0.000 0.000 0.000)  0.025 0.038 0.000 0.042 0.044 0.039 0.043 0.000 0.000 0.000 0.000 0.000 0.000 0.043 0.041 0.043 0.000 0.038 0.041 0.039 0.000 0.039 0.000 0.000 0.000 0.041 0.000 0.039 0.000 0.000 0.042 0.000 0.000 0.041 0.041 0.042 0.043 0.000 0.043 0.000 0.000 0.044 0.000 0.038 0.000 0.000 0.042 0.000 0.000 0.000 0.041 0.041 0.041 0.000 0.043 0.042 0.043 0.041 0.039 0.000 0.000 0.000 0.000 0.041 0.000 0.041 0.043 0.000 0.042 0.041 0.040 0.040 0.039 0.000 0.000 0.000 0.000 0.042 0.000 0.000 0.000 0.000 0.000 0.000 0.000 0.042 0.039 0.000 0.041 0.000 0.041 0.039 0.000 0.042 0.045 0.042 0.042 0.044 0.040 0.041 0.044 0.045 0.000 0.040 0.000 0.045 0.000 0.045 0.000 0.000 0.000 0.000 0.042 0.000 0.000 0.040 0.042 0.044 0.042 0.046 0.000 0.040 0.040 0.000 0.000 0.042 0.040 0.000 0.039 0.041 0.000 0.000 0.000 0.000 0.000 0.000 0.000 0.000 0.000 0.044 0.045 0.042 0.041 0.043 0.000 0.039 0.044 0.000 0.041 0.000 0.041 0.000 0.000 0.000 0.045 0.041 0.042 0.040 0.045 0.043 0.040 0.000 0.041 0.041 0.041 0.041 0.041 0.041 0.041 0.041 0.041 0.000 0.040 0.044 0.044 0.044 0.044 0.036 0.000 0.044 0.044 0.044 0.000 0.000 0.000 0.000 0.000 0.000 0.000 0.000 0.000 0.041 0.041 0.041 0.041 0.041 0.041 0.041 0.000 0.040 0.040 0.040 0.040 0.040 0.000 0.000 0.000 0.000 0.000 0.000 0.000 0.000 0.000 0.000 0.000 0.000 0.042 0.041 0.046 0.000 0.000 0.000 0.041 0.040 0.041 0.000 0.000 0.000 0.043 0.044 0.040 0.000 0.000 0.000 0.039 0.037 0.041 0.046 0.000 0.000 0.000 0.039 0.039 0.042 0.039 0.000 0.000 0.000 0.040 0.044 0.040 0.000 0.000 0.000 0.042 0.044 0.044 0.044 0.043 0.042 0.000 0.000 0.000 0.000 0.000 0.000 0.000 0.044 0.041 0.045 0.041 0.000 0.045 0.041 0.000 0.000 0.041 0.000 0.000 0.000 0.000)  0.000 0.000 0.042 0.000 0.000 0.000 0.000 0.045 0.041 0.043 0.039 0.041 0.042 0.000 0.000 0.000 0.041 0.000 0.000 0.000 0.041 0.000 0.042 0.045 0.042 0.000 0.042 0.000 0.042 0.043 0.000 0.041 0.041 0.000 0.000 0.000 0.000 0.042 0.000 0.041 0.044 0.000 0.043 0.000 0.042 0.041 0.000 0.043 0.042 0.040 0.000 0.000 0.000 0.040 0.000 0.000 0.000 0.000 0.000 0.045 0.041 0.040 0.041 0.000 0.038 0.000 0.000 0.041 0.000 0.000 0.000 0.000 0.000 0.046 0.042 0.043 0.043 0.000 0.039 0.042 0.043 0.041 0.042 0.040 0.043 0.000 0.000 0.040 0.000 0.042 0.000 0.000 0.042 0.000 0.000 0.000 0.000 0.000 0.000 0.000 0.000 0.000 0.042 0.000 0.043 0.000 0.045 0.000 0.042 0.042 0.040 0.043 0.000 0.042 0.041 0.000 0.000 0.000 0.000 0.000 0.043 0.000 0.000 0.043 0.042 0.000 0.000 0.039 0.000 0.000 0.042 0.042 0.041 0.039 0.043 0.042 0.044 0.041 0.040 0.000 0.000 0.000 0.000 0.000 0.042 0.000 0.000 0.041 0.000 0.044 0.000 0.039 0.042 0.043 0.000 0.000 0.000 0.000 0.000 0.000 0.000 0.040 0.000 0.000 0.000 0.000 0.000 0.000 0.000 0.000 0.000 0.043 0.000 0.000 0.000 0.000 0.000 0.000 0.037 0.000 0.000 0.000 0.047 0.039 0.039 0.039 0.039 0.039 0.039 0.039 0.039 0.000 0.000 0.000 0.000 0.000 0.000 0.000 0.044 0.000 0.000 0.000 0.000 0.000 0.041 0.041 0.041 0.041 0.041 0.041 0.041 0.041 0.041 0.041 0.041 0.041 0.000 0.000 0.000 0.043 0.041 0.046 0.000 0.000 0.000 0.037 0.041 0.041 0.000 0.000 0.000 0.041 0.042 0.043 0.000 0.000 0.000 0.000 0.041 0.041 0.042 0.000 0.000 0.000 0.000 0.042 0.041 0.038 0.000 0.000 0.000 0.040 0.042 0.043 0.000 0.000 0.000 0.000 0.000 0.000 0.042 0.042 0.043 0.041 0.043 0.044 0.042 0.000 0.000 0.000 0.000 0.043 0.000 0.000 0.042 0.041 0.000 0.040 0.041 0.040 0.043)  0.000 0.000 0.040 0.000 0.000 0.000 0.000 0.043 0.043 0.043 0.041 0.041 0.040 0.000 0.000 0.000 0.043 0.000 0.000 0.000 0.044 0.000 0.043 0.042 0.039 0.000 0.042 0.000 0.043 0.042 0.000 0.042 0.040 0.000 0.000 0.000 0.000 0.045 0.000 0.043 0.043 0.000 0.043 0.000 0.043 0.042 0.000 0.042 0.041 0.043 0.000 0.000 0.000 0.041 0.000 0.000 0.000 0.000 0.000 0.045 0.041 0.044 0.041 0.000 0.046 0.000 0.000 0.042 0.000 0.000 0.000 0.000 0.000 0.039 0.045 0.040 0.042 0.000 0.042 0.044 0.039 0.040 0.045 0.039 0.039 0.000 0.000 0.041 0.000 0.038 0.000 0.000 0.040 0.000 0.000 0.000 0.000 0.000 0.000 0.000 0.000 0.000 0.043 0.000 0.042 0.000 0.044 0.000 0.041 0.041 0.043 0.043 0.000 0.041 0.043 0.000 0.000 0.000 0.000 0.000 0.041 0.000 0.000 0.043 0.043 0.000 0.000 0.041 0.000 0.000 0.044 0.043 0.042 0.041 0.042 0.044 0.041 0.044 0.044 0.000 0.000 0.000 0.000 0.000 0.040 0.000 0.000 0.042 0.000 0.043 0.000 0.043 0.043 0.041 0.000 0.000 0.000 0.000 0.000 0.000 0.000 0.043 0.000 0.000 0.000 0.000 0.000 0.000 0.000 0.000 0.000 0.042 0.000 0.000 0.000 0.000 0.000 0.000 0.054 0.000 0.000 0.000 0.044 0.046 0.046 0.046 0.046 0.046 0.046 0.046 0.044 0.000 0.000 0.000 0.000 0.000 0.000 0.000 0.040 0.000 0.000 0.000 0.000 0.000 0.041 0.041 0.041 0.041 0.041 0.041 0.041 0.043 0.043 0.043 0.043 0.043 0.000 0.000 0.000 0.044 0.044 0.050 0.000 0.000 0.000 0.044 0.039 0.040 0.000 0.000 0.000 0.043 0.041 0.047 0.000 0.000 0.000 0.000 0.041 0.042 0.042 0.000 0.000 0.000 0.000 0.040 0.041 0.043 0.000 0.000 0.000 0.040 0.040 0.043 0.000 0.000 0.000 0.000 0.000 0.000 0.047 0.042 0.042 0.041 0.043 0.045 0.042 0.000 0.000 0.000 0.000 0.039 0.000 0.000 0.042 0.044 0.000 0.044 0.041 0.042 0.039)  0.031 0.043 0.000 0.043 0.040 0.041 0.042 0.000 0.000 0.000 0.000 0.000 0.000 0.041 0.044 0.045 0.000 0.043 0.043 0.042 0.000 0.046 0.000 0.000 0.000 0.041 0.000 0.042 0.000 0.000 0.042 0.000 0.000 0.043 0.041 0.042 0.042 0.000 0.041 0.000 0.000 0.042 0.000 0.042 0.000 0.000 0.044 0.000 0.000 0.000 0.042 0.043 0.041 0.000 0.036 0.044 0.039 0.038 0.042 0.000 0.000 0.000 0.000 0.042 0.000 0.043 0.037 0.000 0.044 0.041 0.041 0.039 0.042 0.000 0.000 0.000 0.000 0.039 0.000 0.000 0.000 0.000 0.000 0.000 0.000 0.040 0.045 0.000 0.041 0.000 0.042 0.041 0.000 0.041 0.040 0.041 0.039 0.042 0.040 0.040 0.041 0.040 0.000 0.042 0.000 0.040 0.000 0.042 0.000 0.000 0.000 0.000 0.043 0.000 0.000 0.042 0.039 0.042 0.043 0.038 0.000 0.040 0.043 0.000 0.000 0.041 0.043 0.000 0.044 0.040 0.000 0.000 0.000 0.000 0.000 0.000 0.000 0.000 0.000 0.041 0.044 0.036 0.044 0.042 0.000 0.041 0.041 0.000 0.043 0.000 0.045 0.000 0.000 0.000 0.039 0.039 0.045 0.039 0.030 0.042 0.042 0.000 0.042 0.041 0.039 0.039 0.039 0.039 0.039 0.039 0.039 0.000 0.042 0.042 0.042 0.042 0.042 0.052 0.000 0.041 0.041 0.041 0.000 0.000 0.000 0.000 0.000 0.000 0.000 0.000 0.000 0.044 0.044 0.044 0.044 0.044 0.044 0.044 0.000 0.043 0.043 0.043 0.043 0.043 0.000 0.000 0.000 0.000 0.000 0.000 0.000 0.000 0.000 0.000 0.000 0.000 0.038 0.041 0.038 0.000 0.000 0.000 0.038 0.043 0.044 0.000 0.000 0.000 0.043 0.042 0.041 0.000 0.000 0.000 0.042 0.043 0.042 0.039 0.000 0.000 0.000 0.043 0.042 0.038 0.042 0.000 0.000 0.000 0.041 0.039 0.042 0.000 0.000 0.000 0.043 0.045 0.043 0.042 0.041 0.040 0.000 0.000 0.000 0.000 0.000 0.000 0.000 0.042 0.044 0.044 0.041 0.000 0.041 0.041 0.000 0.000 0.044 0.000 0.000 0.000 0.000)  0.051 0.044 0.000 0.043 0.043 0.038 0.043 0.000 0.000 0.000 0.000 0.000 0.000 0.043 0.041 0.042 0.000 0.041 0.044 0.043 0.000 0.044 0.000 0.000 0.000 0.040 0.000 0.045 0.000 0.000 0.044 0.000 0.000 0.041 0.042 0.042 0.043 0.000 0.043 0.000 0.000 0.040 0.000 0.043 0.000 0.000 0.039 0.000 0.000 0.000 0.042 0.041 0.041 0.000 0.039 0.040 0.041 0.041 0.042 0.000 0.000 0.000 0.000 0.043 0.000 0.039 0.043 0.000 0.043 0.041 0.040 0.044 0.043 0.000 0.000 0.000 0.000 0.043 0.000 0.000 0.000 0.000 0.000 0.000 0.000 0.045 0.037 0.000 0.044 0.000 0.043 0.041 0.000 0.045 0.043 0.044 0.045 0.040 0.043 0.045 0.043 0.042 0.000 0.043 0.000 0.038 0.000 0.044 0.000 0.000 0.000 0.000 0.040 0.000 0.000 0.042 0.044 0.040 0.042 0.041 0.000 0.045 0.041 0.000 0.000 0.041 0.041 0.000 0.044 0.041 0.000 0.000 0.000 0.000 0.000 0.000 0.000 0.000 0.000 0.045 0.041 0.030 0.043 0.043 0.000 0.046 0.041 0.000 0.040 0.000 0.042 0.000 0.000 0.000 0.045 0.041 0.048 0.040 0.040 0.044 0.043 0.000 0.040 0.044 0.048 0.048 0.048 0.048 0.048 0.048 0.048 0.000 0.041 0.042 0.042 0.042 0.042 0.048 0.000 0.042 0.042 0.042 0.000 0.000 0.000 0.000 0.000 0.000 0.000 0.000 0.000 0.044 0.044 0.044 0.044 0.044 0.044 0.044 0.000 0.038 0.038 0.038 0.038 0.038 0.000 0.000 0.000 0.000 0.000 0.000 0.000 0.000 0.000 0.000 0.000 0.000 0.042 0.043 0.043 0.000 0.000 0.000 0.043 0.044 0.036 0.000 0.000 0.000 0.044 0.045 0.041 0.000 0.000 0.000 0.039 0.045 0.043 0.046 0.000 0.000 0.000 0.042 0.041 0.041 0.043 0.000 0.000 0.000 0.040 0.043 0.041 0.000 0.000 0.000 0.043 0.050 0.044 0.042 0.036 0.045 0.000 0.000 0.000 0.000 0.000 0.000 0.000 0.039 0.040 0.038 0.046 0.000 0.042 0.040 0.000 0.000 0.041 0.000 0.000 0.000 0.000)  0.000 0.000 0.040 0.000 0.000 0.000 0.000 0.041 0.040 0.044 0.044 0.040 0.041 0.000 0.000 0.000 0.043 0.000 0.000 0.000 0.041 0.000 0.042 0.042 0.044 0.000 0.040 0.000 0.041 0.041 0.000 0.042 0.044 0.000 0.000 0.000 0.000 0.041 0.000 0.043 0.041 0.000 0.041 0.000 0.041 0.041 0.000 0.039 0.042 0.042 0.000 0.000 0.000 0.041 0.000 0.000 0.000 0.000 0.000 0.042 0.043 0.041 0.041 0.000 0.041 0.000 0.000 0.038 0.000 0.000 0.000 0.000 0.000 0.039 0.042 0.041 0.042 0.000 0.044 0.042 0.045 0.042 0.043 0.041 0.040 0.000 0.000 0.039 0.000 0.042 0.000 0.000 0.042 0.000 0.000 0.000 0.000 0.000 0.000 0.000 0.000 0.000 0.041 0.000 0.043 0.000 0.038 0.000 0.044 0.043 0.044 0.038 0.000 0.042 0.041 0.000 0.000 0.000 0.000 0.000 0.041 0.000 0.000 0.041 0.041 0.000 0.000 0.042 0.000 0.000 0.037 0.040 0.043 0.040 0.042 0.041 0.042 0.044 0.041 0.000 0.000 0.000 0.000 0.000 0.038 0.000 0.000 0.036 0.000 0.041 0.000 0.041 0.041 0.040 0.000 0.000 0.000 0.000 0.000 0.000 0.000 0.042 0.000 0.000 0.000 0.000 0.000 0.000 0.000 0.000 0.000 0.040 0.000 0.000 0.000 0.000 0.000 0.000 0.043 0.000 0.000 0.000 0.040 0.043 0.043 0.043 0.043 0.043 0.043 0.043 0.041 0.000 0.000 0.000 0.000 0.000 0.000 0.000 0.041 0.000 0.000 0.000 0.000 0.000 0.042 0.042 0.042 0.042 0.042 0.042 0.042 0.045 0.045 0.045 0.045 0.045 0.000 0.000 0.000 0.042 0.041 0.035 0.000 0.000 0.000 0.044 0.043 0.042 0.000 0.000 0.000 0.043 0.041 0.043 0.000 0.000 0.000 0.000 0.039 0.039 0.047 0.000 0.000 0.000 0.000 0.041 0.042 0.041 0.000 0.000 0.000 0.042 0.042 0.042 0.000 0.000 0.000 0.000 0.000 0.000 0.046 0.044 0.043 0.041 0.040 0.042 0.042 0.000 0.000 0.000 0.000 0.047 0.000 0.000 0.042 0.042 0.000 0.042 0.044 0.037 0.048)  
image_change: (0.989 0.990 0.989 0.989 0.990 0.989 0.989 0.989 0.990 0.989 0.990 0.990 0.989 0.990 0.990 0.989 0.989 0.990 0.990 0.989 0.990 0.989 0.990 0.990 0.989 0.990 0.989 0.990 0.990 0.990 0.990 0.990 0.990 0.990 0.990 0.989 0.990 0.990 0.990 0.990 0.990 0.990 0.990 0.990 0.990 0.990 0.990 0.990 0.990 0.990 0.990 0.990 0.990 0.990 0.989 0.990 0.990 0.990 0.989 0.990 0.990 0.990 0.990 0.990 0.990 0.990 0.990 0.990 0.990 0.990 0.990 0.990 0.990 0.990 0.990 0.990 0.990 0.990 0.990 0.990 0.990 0.990 0.990 0.990 0.990 0.989 0.990 0.990 0.990 0.990 0.990 0.990 0.990 0.990 0.989 0.990 0.989 0.990 0.990 0.990 0.990 0.990 0.990 0.990 0.990 0.989 0.990 0.990 0.990 0.990 0.989 0.990 0.990 0.990 0.990 0.990 0.990 0.990 0.990 0.989 0.990 0.990 0.990 0.989 0.990 0.990 0.990 0.990 0.989 0.990 0.989 0.990 0.990 0.990 0.990 0.990 0.990 0.990 0.990 0.990 0.990 0.988 0.990 0.990 0.990 0.989 0.990 0.990 0.990 0.990 0.990 0.990 0.990 0.990 0.989 0.990 0.990 0.990 0.989 0.990 0.990 0.989 0.990 0.990 0.990 0.990 0.990 0.990 0.990 0.990 0.990 0.990 0.990 0.990 0.990 0.990 0.990 0.989 0.990 0.989 0.989 0.989 0.990 0.990 0.990 0.990 0.990 0.990 0.990 0.990 0.990 0.990 0.990 0.990 0.990 0.990 0.990 0.990 0.990 0.989 0.989 0.989 0.989 0.989 0.990 0.990 0.990 0.990 0.990 0.990 0.990 0.990 0.990 0.990 0.990 0.990 0.990 0.990 0.990 0.990 0.990 0.989 0.990 0.990 0.989 0.990 0.990 0.990 0.990 0.990 0.990 0.990 0.990 0.990 0.990 0.990 0.990 0.989 0.990 0.990 0.989 0.990 0.990 0.989 0.990 0.990 0.990 0.990 0.990 0.990 0.990 0.990 0.990 0.990 0.990 0.989 0.990 0.990 0.990 0.990 0.990 0.990 0.990 0.990 0.990 0.990 0.990 0.990 0.990 0.990 0.990 0.990 0.990 0.990 0.990 0.990 0.990 0.990 0.990 0.989 0.989)  0.011 0.010 0.011 0.011 0.010 0.011 0.011 0.011 0.010 0.011 0.010 0.010 0.011 0.010 0.010 0.011 0.011 0.010 0.010 0.011 0.010 0.011 0.010 0.010 0.011 0.010 0.011 0.010 0.010 0.010 0.010 0.010 0.010 0.010 0.010 0.011 0.010 0.010 0.010 0.010 0.010 0.010 0.010 0.010 0.010 0.010 0.010 0.010 0.010 0.010 0.010 0.010 0.010 0.010 0.011 0.010 0.010 0.010 0.011 0.010 0.010 0.010 0.010 0.010 0.010 0.010 0.010 0.010 0.010 0.010 0.010 0.010 0.010 0.010 0.010 0.010 0.010 0.010 0.010 0.010 0.010 0.010 0.010 0.010 0.010 0.011 0.010 0.010 0.010 0.010 0.010 0.010 0.010 0.010 0.011 0.010 0.011 0.010 0.010 0.010 0.010 0.010 0.010 0.010 0.010 0.011 0.010 0.010 0.010 0.010 0.011 0.010 0.010 0.010 0.010 0.010 0.010 0.010 0.010 0.011 0.010 0.010 0.010 0.011 0.010 0.010 0.010 0.010 0.011 0.010 0.011 0.010 0.010 0.010 0.010 0.010 0.010 0.010 0.010 0.010 0.010 0.012 0.010 0.010 0.010 0.011 0.010 0.010 0.010 0.010 0.010 0.010 0.010 0.010 0.011 0.010 0.010 0.010 0.011 0.010 0.010 0.011 0.010 0.010 0.010 0.010 0.010 0.010 0.010 0.010 0.010 0.010 0.010 0.010 0.010 0.010 0.010 0.011 0.010 0.011 0.011 0.011 0.010 0.010 0.010 0.010 0.010 0.010 0.010 0.010 0.010 0.010 0.010 0.010 0.010 0.010 0.010 0.010 0.010 0.011 0.011 0.011 0.011 0.011 0.010 0.010 0.010 0.010 0.010 0.010 0.010 0.010 0.010 0.010 0.010 0.010 0.010 0.010 0.010 0.010 0.010 0.011 0.010 0.010 0.011 0.010 0.010 0.010 0.010 0.010 0.010 0.010 0.010 0.010 0.010 0.010 0.010 0.011 0.010 0.010 0.011 0.010 0.010 0.011 0.010 0.010 0.010 0.010 0.010 0.010 0.010 0.010 0.010 0.010 0.010 0.011 0.010 0.010 0.010 0.010 0.010 0.010 0.010 0.010 0.010 0.010 0.010 0.010 0.010 0.010 0.010 0.010 0.010 0.010 0.010 0.010 0.010 0.010 0.010 0.011 0.011)  
running_speed_quintile: (0.200 0.200 0.200 0.200 0.200 0.200 0.200 0.200 0.200 0.200 0.200 0.200 0.200 0.200 0.200 0.200 0.200 0.200 0.200 0.200 0.200 0.200 0.200 0.200 0.200 0.200 0.200 0.200 0.200 0.200 0.200 0.200 0.200 0.200 0.200 0.200 0.200 0.200 0.200 0.200 0.200 0.200 0.200 0.200 0.200 0.200 0.200 0.200 0.200 0.200 0.200 0.200 0.200 0.200 0.200 0.200 0.200 0.200 0.200 0.200 0.200 0.200 0.200 0.200 0.200 0.200 0.200 0.200 0.200 0.200 0.200 0.200 0.200 0.200 0.200 0.200 0.200 0.200 0.200 0.200 0.200 0.200 0.200 0.200 0.200 0.200 0.200 0.200 0.200 0.200 0.200 0.200 0.200 0.200 0.200 0.200 0.200 0.200 0.200 0.200 0.200 0.200 0.200 0.200 0.200 0.200 0.200 0.200 0.200 0.200 0.200 0.200 0.200 0.200 0.200 0.200 0.200 0.200 0.200 0.200 0.200 0.200 0.200 0.200 0.200 0.200 0.200 0.200 0.200 0.200 0.200 0.200 0.200 0.200 0.200 0.200 0.200 0.200 0.200 0.200 0.200 0.200 0.200 0.200 0.200 0.200 0.200 0.200 0.200 0.200 0.200 0.200 0.200 0.200 0.200 0.200 0.200 0.200 0.200 0.200 0.200 0.200 0.200 0.200 0.200 0.200 0.200 0.200 0.200 0.200 0.200 0.200 0.200 0.200 0.200 0.200 0.200 0.200 0.200 0.200 0.200 0.200 0.200 0.200 0.200 0.200 0.200 0.200 0.200 0.200 0.200 0.200 0.200 0.200 0.200 0.200 0.200 0.200 0.200 0.200 0.200 0.200 0.200 0.200 0.200 0.200 0.200 0.200 0.200 0.200 0.200 0.200 0.200 0.200 0.200 0.200 0.200 0.200 0.200 0.200 0.200 0.200 0.200 0.200 0.200 0.200 0.200 0.200 0.200 0.200 0.200 0.200 0.200 0.200 0.200 0.200 0.200 0.200 0.200 0.200 0.200 0.200 0.200 0.200 0.200 0.200 0.200 0.200 0.200 0.200 0.200 0.200 0.200 0.200 0.200 0.200 0.200 0.200 0.200 0.200 0.200 0.200 0.200 0.200 0.200 0.200 0.200 0.200 0.200 0.200 0.200 0.200 0.200 0.200 0.200 0.200 0.200 0.200 0.200 0.200 0.200)  0.200 0.200 0.200 0.200 0.200 0.200 0.200 0.200 0.200 0.200 0.200 0.200 0.200 0.200 0.200 0.200 0.200 0.200 0.200 0.200 0.200 0.200 0.200 0.200 0.200 0.200 0.200 0.200 0.200 0.200 0.200 0.200 0.200 0.200 0.200 0.200 0.200 0.200 0.200 0.200 0.200 0.200 0.200 0.200 0.200 0.200 0.200 0.200 0.200 0.200 0.200 0.200 0.200 0.200 0.200 0.200 0.200 0.200 0.200 0.200 0.200 0.200 0.200 0.200 0.200 0.200 0.200 0.200 0.200 0.200 0.200 0.200 0.200 0.200 0.200 0.200 0.200 0.200 0.200 0.200 0.200 0.200 0.200 0.200 0.200 0.200 0.200 0.200 0.200 0.200 0.200 0.200 0.200 0.200 0.200 0.200 0.200 0.200 0.200 0.200 0.200 0.200 0.200 0.200 0.200 0.200 0.200 0.200 0.200 0.200 0.200 0.200 0.200 0.200 0.200 0.200 0.200 0.200 0.200 0.200 0.200 0.200 0.200 0.200 0.200 0.200 0.200 0.200 0.200 0.200 0.200 0.200 0.200 0.200 0.200 0.200 0.200 0.200 0.200 0.200 0.200 0.200 0.200 0.200 0.200 0.200 0.200 0.200 0.200 0.200 0.200 0.200 0.200 0.200 0.200 0.200 0.200 0.200 0.200 0.200 0.200 0.200 0.200 0.200 0.200 0.200 0.200 0.200 0.200 0.200 0.200 0.200 0.200 0.200 0.200 0.200 0.200 0.200 0.200 0.200 0.200 0.200 0.200 0.200 0.200 0.200 0.200 0.200 0.200 0.200 0.200 0.200 0.200 0.200 0.200 0.200 0.200 0.200 0.200 0.200 0.200 0.200 0.200 0.200 0.200 0.200 0.200 0.200 0.200 0.200 0.200 0.200 0.200 0.200 0.200 0.200 0.200 0.200 0.200 0.200 0.200 0.200 0.200 0.200 0.200 0.200 0.200 0.200 0.200 0.200 0.200 0.200 0.200 0.200 0.200 0.200 0.200 0.200 0.200 0.200 0.200 0.200 0.200 0.200 0.200 0.200 0.200 0.200 0.200 0.200 0.200 0.200 0.200 0.200 0.200 0.200 0.200 0.200 0.200 0.200 0.200 0.200 0.200 0.200 0.200 0.200 0.200 0.200 0.200 0.200 0.200 0.200 0.200 0.200 0.200 0.200 0.200 0.200 0.200 0.200 0.200)  0.200 0.200 0.200 0.200 0.200 0.200 0.200 0.200 0.200 0.200 0.200 0.200 0.200 0.200 0.200 0.200 0.200 0.200 0.200 0.200 0.200 0.200 0.200 0.200 0.200 0.200 0.200 0.200 0.200 0.200 0.200 0.200 0.200 0.200 0.200 0.200 0.200 0.200 0.200 0.200 0.200 0.200 0.200 0.200 0.200 0.200 0.200 0.200 0.200 0.200 0.200 0.200 0.200 0.200 0.200 0.200 0.200 0.200 0.200 0.200 0.200 0.200 0.200 0.200 0.200 0.200 0.200 0.200 0.200 0.200 0.200 0.200 0.200 0.200 0.200 0.200 0.200 0.200 0.200 0.200 0.200 0.200 0.200 0.200 0.200 0.200 0.200 0.200 0.200 0.200 0.200 0.200 0.200 0.200 0.200 0.200 0.200 0.200 0.200 0.200 0.200 0.200 0.200 0.200 0.200 0.200 0.200 0.200 0.200 0.200 0.200 0.200 0.200 0.200 0.200 0.200 0.200 0.200 0.200 0.200 0.200 0.200 0.200 0.200 0.200 0.200 0.200 0.200 0.200 0.200 0.200 0.200 0.200 0.200 0.200 0.200 0.200 0.200 0.200 0.200 0.200 0.200 0.200 0.200 0.200 0.200 0.200 0.200 0.200 0.200 0.200 0.200 0.200 0.200 0.200 0.200 0.200 0.200 0.200 0.200 0.200 0.200 0.200 0.200 0.200 0.200 0.200 0.200 0.200 0.200 0.200 0.200 0.200 0.200 0.200 0.200 0.200 0.200 0.200 0.200 0.200 0.200 0.200 0.200 0.200 0.200 0.200 0.200 0.200 0.200 0.200 0.200 0.200 0.200 0.200 0.200 0.200 0.200 0.200 0.200 0.200 0.200 0.200 0.200 0.200 0.200 0.200 0.200 0.200 0.200 0.200 0.200 0.200 0.200 0.200 0.200 0.200 0.200 0.200 0.200 0.200 0.200 0.200 0.200 0.200 0.200 0.200 0.200 0.200 0.200 0.200 0.200 0.200 0.200 0.200 0.200 0.200 0.200 0.200 0.200 0.200 0.200 0.200 0.200 0.200 0.200 0.200 0.200 0.200 0.200 0.200 0.200 0.200 0.200 0.200 0.200 0.200 0.200 0.200 0.200 0.200 0.200 0.200 0.200 0.200 0.200 0.200 0.200 0.200 0.200 0.200 0.200 0.200 0.200 0.200 0.200 0.200 0.200 0.200 0.200 0.200)  0.200 0.200 0.200 0.200 0.200 0.200 0.200 0.200 0.200 0.200 0.200 0.200 0.200 0.200 0.200 0.200 0.200 0.200 0.200 0.200 0.200 0.200 0.200 0.200 0.200 0.200 0.200 0.200 0.200 0.200 0.200 0.200 0.200 0.200 0.200 0.200 0.200 0.200 0.200 0.200 0.200 0.200 0.200 0.200 0.200 0.200 0.200 0.200 0.200 0.200 0.200 0.200 0.200 0.200 0.200 0.200 0.200 0.200 0.200 0.200 0.200 0.200 0.200 0.200 0.200 0.200 0.200 0.200 0.200 0.200 0.200 0.200 0.200 0.200 0.200 0.200 0.200 0.200 0.200 0.200 0.200 0.200 0.200 0.200 0.200 0.200 0.200 0.200 0.200 0.200 0.200 0.200 0.200 0.200 0.200 0.200 0.200 0.200 0.200 0.200 0.200 0.200 0.200 0.200 0.200 0.200 0.200 0.200 0.200 0.200 0.200 0.200 0.200 0.200 0.200 0.200 0.200 0.200 0.200 0.200 0.200 0.200 0.200 0.200 0.200 0.200 0.200 0.200 0.200 0.200 0.200 0.200 0.200 0.200 0.200 0.200 0.200 0.200 0.200 0.200 0.200 0.200 0.200 0.200 0.200 0.200 0.200 0.200 0.200 0.200 0.200 0.200 0.200 0.200 0.200 0.200 0.200 0.200 0.200 0.200 0.200 0.200 0.200 0.200 0.200 0.200 0.200 0.200 0.200 0.200 0.200 0.200 0.200 0.200 0.200 0.200 0.200 0.200 0.200 0.200 0.200 0.200 0.200 0.200 0.200 0.200 0.200 0.200 0.200 0.200 0.200 0.200 0.200 0.200 0.200 0.200 0.200 0.200 0.200 0.200 0.200 0.200 0.200 0.200 0.200 0.200 0.200 0.200 0.200 0.200 0.200 0.200 0.200 0.200 0.200 0.200 0.200 0.200 0.200 0.200 0.200 0.200 0.200 0.200 0.200 0.200 0.200 0.200 0.200 0.200 0.200 0.200 0.200 0.200 0.200 0.200 0.200 0.200 0.200 0.200 0.200 0.200 0.200 0.200 0.200 0.200 0.200 0.200 0.200 0.200 0.200 0.200 0.200 0.200 0.200 0.200 0.200 0.200 0.200 0.200 0.200 0.200 0.200 0.200 0.200 0.200 0.200 0.200 0.200 0.200 0.200 0.200 0.200 0.200 0.200 0.200 0.200 0.200 0.200 0.200 0.200)  0.200 0.200 0.200 0.200 0.200 0.200 0.200 0.200 0.200 0.200 0.200 0.200 0.200 0.200 0.200 0.200 0.200 0.200 0.200 0.200 0.200 0.200 0.200 0.200 0.200 0.200 0.200 0.200 0.200 0.200 0.200 0.200 0.200 0.200 0.200 0.200 0.200 0.200 0.200 0.200 0.200 0.200 0.200 0.200 0.200 0.200 0.200 0.200 0.200 0.200 0.200 0.200 0.200 0.200 0.200 0.200 0.200 0.200 0.200 0.200 0.200 0.200 0.200 0.200 0.200 0.200 0.200 0.200 0.200 0.200 0.200 0.200 0.200 0.200 0.200 0.200 0.200 0.200 0.200 0.200 0.200 0.200 0.200 0.200 0.200 0.200 0.200 0.200 0.200 0.200 0.200 0.200 0.200 0.200 0.200 0.200 0.200 0.200 0.200 0.200 0.200 0.200 0.200 0.200 0.200 0.200 0.200 0.200 0.200 0.200 0.200 0.200 0.200 0.200 0.200 0.200 0.200 0.200 0.200 0.200 0.200 0.200 0.200 0.200 0.200 0.200 0.200 0.200 0.200 0.200 0.200 0.200 0.200 0.200 0.200 0.200 0.200 0.200 0.200 0.200 0.200 0.200 0.200 0.200 0.200 0.200 0.200 0.200 0.200 0.200 0.200 0.200 0.200 0.200 0.200 0.200 0.200 0.200 0.200 0.200 0.200 0.200 0.200 0.200 0.200 0.200 0.200 0.200 0.200 0.200 0.200 0.200 0.200 0.200 0.200 0.200 0.200 0.200 0.200 0.200 0.200 0.200 0.200 0.200 0.200 0.200 0.200 0.200 0.200 0.200 0.200 0.200 0.200 0.200 0.200 0.200 0.200 0.200 0.200 0.200 0.200 0.200 0.200 0.200 0.200 0.200 0.200 0.200 0.200 0.200 0.200 0.200 0.200 0.200 0.200 0.200 0.200 0.200 0.200 0.200 0.200 0.200 0.200 0.200 0.200 0.200 0.200 0.200 0.200 0.200 0.200 0.200 0.200 0.200 0.200 0.200 0.200 0.200 0.200 0.200 0.200 0.200 0.200 0.200 0.200 0.200 0.200 0.200 0.200 0.200 0.200 0.200 0.200 0.200 0.200 0.200 0.200 0.200 0.200 0.200 0.200 0.200 0.200 0.200 0.200 0.200 0.200 0.200 0.200 0.200 0.200 0.200 0.200 0.200 0.200 0.200 0.200 0.200 0.200 0.200 0.200)  
pupil_diameter_quintile: (0.200 0.200 0.200 0.200 0.200 0.200 0.200 0.200 0.200 0.200 0.200 0.200 0.200 0.200 0.200 0.200 0.200 0.200 0.200 0.200 0.200 0.200 0.200 0.200 0.200 0.200 0.200 0.200 0.200 0.200 0.200 0.200 0.200 0.200 0.200 0.200 0.200 0.200 0.200 0.200 0.200 0.200 0.200 0.200 0.200 0.200 0.200 0.200 0.200 0.200 0.200 0.200 0.200 0.200 0.200 0.200 0.200 0.200 0.200 0.200 0.200 0.200 0.200 0.200 0.200 0.200 0.200 0.200 0.200 0.200 0.200 0.200 0.200 0.200 0.200 0.200 0.200 0.200 0.200 0.200 0.200 0.200 0.200 0.200 0.200 0.200 0.200 0.200 0.200 0.200 0.200 0.200 0.200 0.200 0.200 0.200 0.200 0.200 0.200 0.200 0.200 0.200 0.200 0.200 0.200 0.200 0.200 0.200 0.200 0.200 0.200 0.200 0.200 0.200 0.200 0.200 0.200 0.200 0.200 0.200 0.200 0.200 0.200 0.200 0.200 0.200 0.200 0.200 0.200 0.200 0.200 0.200 0.200 0.200 0.200 0.200 0.200 0.200 0.200 0.200 0.200 0.200 0.200 0.200 0.200 0.200 0.200 0.200 0.200 0.200 0.200 0.200 0.200 0.200 0.200 0.200 0.200 0.200 0.200 0.200 0.200 0.200 0.200 0.200 0.200 0.200 0.200 0.200 0.200 0.200 0.200 0.200 0.200 0.200 0.200 0.200 0.200 0.200 0.200 0.200 0.200 0.200 0.200 0.200 0.200 0.200 0.200 0.200 0.200 0.200 0.200 0.200 0.200 0.200 0.200 0.200 0.200 0.200 0.200 0.200 0.200 0.200 0.200 0.200 0.200 0.200 0.200 0.200 0.200 0.200 0.200 0.200 0.200 0.200 0.200 0.200 0.200 0.200 0.200 0.200 0.200 0.200 0.200 0.200 0.200 0.200 0.200 0.200 0.200 0.200 0.200 0.200 0.200 0.200 0.200 0.200 0.200 0.200 0.200 0.200 0.200 0.200 0.200 0.200 0.200 0.200 0.200 0.200 0.200 0.200 0.200 0.200 0.200 0.200 0.200 0.200 0.200 0.200 0.200 0.200 0.200 0.200 0.200 0.200 0.200 0.200 0.200 0.200 0.200 0.200 0.200 0.200 0.200 0.200 0.200 0.200 0.200 0.200 0.200 0.200 0.200)  0.200 0.200 0.200 0.200 0.200 0.200 0.200 0.200 0.200 0.200 0.200 0.200 0.200 0.200 0.200 0.200 0.200 0.200 0.200 0.200 0.200 0.200 0.200 0.200 0.200 0.200 0.200 0.200 0.200 0.200 0.200 0.200 0.200 0.200 0.200 0.200 0.200 0.200 0.200 0.200 0.200 0.200 0.200 0.200 0.200 0.200 0.200 0.200 0.200 0.200 0.200 0.200 0.200 0.200 0.200 0.200 0.200 0.200 0.200 0.200 0.200 0.200 0.200 0.200 0.200 0.200 0.200 0.200 0.200 0.200 0.200 0.200 0.200 0.200 0.200 0.200 0.200 0.200 0.200 0.200 0.200 0.200 0.200 0.200 0.200 0.200 0.200 0.200 0.200 0.200 0.200 0.200 0.200 0.200 0.200 0.200 0.200 0.200 0.200 0.200 0.200 0.200 0.200 0.200 0.200 0.200 0.200 0.200 0.200 0.200 0.200 0.200 0.200 0.200 0.200 0.200 0.200 0.200 0.200 0.200 0.200 0.200 0.200 0.200 0.200 0.200 0.200 0.200 0.200 0.200 0.200 0.200 0.200 0.200 0.200 0.200 0.200 0.200 0.200 0.200 0.200 0.200 0.200 0.200 0.200 0.200 0.200 0.200 0.200 0.200 0.200 0.200 0.200 0.200 0.200 0.200 0.200 0.200 0.200 0.200 0.200 0.200 0.200 0.200 0.200 0.200 0.200 0.200 0.200 0.200 0.200 0.200 0.200 0.200 0.200 0.200 0.200 0.200 0.200 0.200 0.200 0.200 0.200 0.200 0.200 0.200 0.200 0.200 0.200 0.200 0.200 0.200 0.200 0.200 0.200 0.200 0.200 0.200 0.200 0.200 0.200 0.200 0.200 0.200 0.200 0.200 0.200 0.200 0.200 0.200 0.200 0.200 0.200 0.200 0.200 0.200 0.200 0.200 0.200 0.200 0.200 0.200 0.200 0.200 0.200 0.200 0.200 0.200 0.200 0.200 0.200 0.200 0.200 0.200 0.200 0.200 0.200 0.200 0.200 0.200 0.200 0.200 0.200 0.200 0.200 0.200 0.200 0.200 0.200 0.200 0.200 0.200 0.200 0.200 0.200 0.200 0.200 0.200 0.200 0.200 0.200 0.200 0.200 0.200 0.200 0.200 0.200 0.200 0.200 0.200 0.200 0.200 0.200 0.200 0.200 0.200 0.200 0.200 0.200 0.200 0.200)  0.200 0.200 0.200 0.200 0.200 0.200 0.200 0.200 0.200 0.200 0.200 0.200 0.200 0.200 0.200 0.200 0.200 0.200 0.200 0.200 0.200 0.200 0.200 0.200 0.200 0.200 0.200 0.200 0.200 0.200 0.200 0.200 0.200 0.200 0.200 0.200 0.200 0.200 0.200 0.200 0.200 0.200 0.200 0.200 0.200 0.200 0.200 0.200 0.200 0.200 0.200 0.200 0.200 0.200 0.200 0.200 0.200 0.200 0.200 0.200 0.200 0.200 0.200 0.200 0.200 0.200 0.200 0.200 0.200 0.200 0.200 0.200 0.200 0.200 0.200 0.200 0.200 0.200 0.200 0.200 0.200 0.200 0.200 0.200 0.200 0.200 0.200 0.200 0.200 0.200 0.200 0.200 0.200 0.200 0.200 0.200 0.200 0.200 0.200 0.200 0.200 0.200 0.200 0.200 0.200 0.200 0.200 0.200 0.200 0.200 0.200 0.200 0.200 0.200 0.200 0.200 0.200 0.200 0.200 0.200 0.200 0.200 0.200 0.200 0.200 0.200 0.200 0.200 0.200 0.200 0.200 0.200 0.200 0.200 0.200 0.200 0.200 0.200 0.200 0.200 0.200 0.200 0.200 0.200 0.200 0.200 0.200 0.200 0.200 0.200 0.200 0.200 0.200 0.200 0.200 0.200 0.200 0.200 0.200 0.200 0.200 0.200 0.200 0.200 0.200 0.200 0.200 0.200 0.200 0.200 0.200 0.200 0.200 0.200 0.200 0.200 0.200 0.200 0.200 0.200 0.200 0.200 0.200 0.200 0.200 0.200 0.200 0.200 0.200 0.200 0.200 0.200 0.200 0.200 0.200 0.200 0.200 0.200 0.200 0.200 0.200 0.200 0.200 0.200 0.200 0.200 0.200 0.200 0.200 0.200 0.200 0.200 0.200 0.200 0.200 0.200 0.200 0.200 0.200 0.200 0.200 0.200 0.200 0.200 0.200 0.200 0.200 0.200 0.200 0.200 0.200 0.200 0.200 0.200 0.200 0.200 0.200 0.200 0.200 0.200 0.200 0.200 0.200 0.200 0.200 0.200 0.200 0.200 0.200 0.200 0.200 0.200 0.200 0.200 0.200 0.200 0.200 0.200 0.200 0.200 0.200 0.200 0.200 0.200 0.200 0.200 0.200 0.200 0.200 0.200 0.200 0.200 0.200 0.200 0.200 0.200 0.200 0.200 0.200 0.200 0.200)  0.200 0.200 0.200 0.200 0.200 0.200 0.200 0.200 0.200 0.200 0.200 0.200 0.200 0.200 0.200 0.200 0.200 0.200 0.200 0.200 0.200 0.200 0.200 0.200 0.200 0.200 0.200 0.200 0.200 0.200 0.200 0.200 0.200 0.200 0.200 0.200 0.200 0.200 0.200 0.200 0.200 0.200 0.200 0.200 0.200 0.200 0.200 0.200 0.200 0.200 0.200 0.200 0.200 0.200 0.200 0.200 0.200 0.200 0.200 0.200 0.200 0.200 0.200 0.200 0.200 0.200 0.200 0.200 0.200 0.200 0.200 0.200 0.200 0.200 0.200 0.200 0.200 0.200 0.200 0.200 0.200 0.200 0.200 0.200 0.200 0.200 0.200 0.200 0.200 0.200 0.200 0.200 0.200 0.200 0.200 0.200 0.200 0.200 0.200 0.200 0.200 0.200 0.200 0.200 0.200 0.200 0.200 0.200 0.200 0.200 0.200 0.200 0.200 0.200 0.200 0.200 0.200 0.200 0.200 0.200 0.200 0.200 0.200 0.200 0.200 0.200 0.200 0.200 0.200 0.200 0.200 0.200 0.200 0.200 0.200 0.200 0.200 0.200 0.200 0.200 0.200 0.200 0.200 0.200 0.200 0.200 0.200 0.200 0.200 0.200 0.200 0.200 0.200 0.200 0.200 0.200 0.200 0.200 0.200 0.200 0.200 0.200 0.200 0.200 0.200 0.200 0.200 0.200 0.200 0.200 0.200 0.200 0.200 0.200 0.200 0.200 0.200 0.200 0.200 0.200 0.200 0.200 0.200 0.200 0.200 0.200 0.200 0.200 0.200 0.200 0.200 0.200 0.200 0.200 0.200 0.200 0.200 0.200 0.200 0.200 0.200 0.200 0.200 0.200 0.200 0.200 0.200 0.200 0.200 0.200 0.200 0.200 0.200 0.200 0.200 0.200 0.200 0.200 0.200 0.200 0.200 0.200 0.200 0.200 0.200 0.200 0.200 0.200 0.200 0.200 0.200 0.200 0.200 0.200 0.200 0.200 0.200 0.200 0.200 0.200 0.200 0.200 0.200 0.200 0.200 0.200 0.200 0.200 0.200 0.200 0.200 0.200 0.200 0.200 0.200 0.200 0.200 0.200 0.200 0.200 0.200 0.200 0.200 0.200 0.200 0.200 0.200 0.200 0.200 0.200 0.200 0.200 0.200 0.200 0.200 0.200 0.200 0.200 0.200 0.200 0.200)  0.200 0.200 0.200 0.200 0.200 0.200 0.200 0.200 0.200 0.200 0.200 0.200 0.200 0.200 0.200 0.200 0.200 0.200 0.200 0.200 0.200 0.200 0.200 0.200 0.200 0.200 0.200 0.200 0.200 0.200 0.200 0.200 0.200 0.200 0.200 0.200 0.200 0.200 0.200 0.200 0.200 0.200 0.200 0.200 0.200 0.200 0.200 0.200 0.200 0.200 0.200 0.200 0.200 0.200 0.200 0.200 0.200 0.200 0.200 0.200 0.200 0.200 0.200 0.200 0.200 0.200 0.200 0.200 0.200 0.200 0.200 0.200 0.200 0.200 0.200 0.200 0.200 0.200 0.200 0.200 0.200 0.200 0.200 0.200 0.200 0.200 0.200 0.200 0.200 0.200 0.200 0.200 0.200 0.200 0.200 0.200 0.200 0.200 0.200 0.200 0.200 0.200 0.200 0.200 0.200 0.200 0.200 0.200 0.200 0.200 0.200 0.200 0.200 0.200 0.200 0.200 0.200 0.200 0.200 0.200 0.200 0.200 0.200 0.200 0.200 0.200 0.200 0.200 0.200 0.200 0.200 0.200 0.200 0.200 0.200 0.200 0.200 0.200 0.200 0.200 0.200 0.200 0.200 0.200 0.200 0.200 0.200 0.200 0.200 0.200 0.200 0.200 0.200 0.200 0.200 0.200 0.200 0.200 0.200 0.200 0.200 0.200 0.200 0.200 0.200 0.200 0.200 0.200 0.200 0.200 0.200 0.200 0.200 0.200 0.200 0.200 0.200 0.200 0.200 0.200 0.200 0.200 0.200 0.200 0.200 0.200 0.200 0.200 0.200 0.200 0.200 0.200 0.200 0.200 0.200 0.200 0.200 0.200 0.200 0.200 0.200 0.200 0.200 0.200 0.200 0.200 0.200 0.200 0.200 0.200 0.200 0.200 0.200 0.200 0.200 0.200 0.200 0.200 0.200 0.200 0.200 0.200 0.200 0.200 0.200 0.200 0.200 0.200 0.200 0.200 0.200 0.200 0.200 0.200 0.200 0.200 0.200 0.200 0.200 0.200 0.200 0.200 0.200 0.200 0.200 0.200 0.200 0.200 0.200 0.200 0.200 0.200 0.200 0.200 0.200 0.200 0.200 0.200 0.200 0.200 0.200 0.200 0.200 0.200 0.200 0.200 0.200 0.200 0.200 0.200 0.200 0.200 0.200 0.200 0.200 0.200 0.200 0.200 0.200 0.200 0.200)  
trial_outcome: (0.741 0.000 0.567 0.515 0.317 0.435 0.623 0.408 0.000 0.453 0.000 0.000 0.532 0.000 0.000 0.230 0.338 0.535 0.000 0.747 0.000 0.712 0.698 0.551 0.657 0.000 0.803 0.000 0.000 0.403 0.000 0.212 0.353 0.501 0.000 0.280 0.502 0.473 0.377 0.000 0.221 0.014 0.002 0.203 0.000 0.000 0.344 0.308 0.328 0.232 0.006 0.000 0.000 0.000 0.496 0.583 0.000 0.000 0.615 0.768 0.575 0.561 0.000 0.462 0.556 0.316 0.544 0.000 0.000 0.000 0.000 0.501 0.290 0.305 0.577 0.000 0.698 0.457 0.428 0.332 0.000 0.166 0.000 0.000 0.241 0.409 0.243 0.259 0.495 0.050 0.000 0.135 0.000 0.240 0.489 0.099 0.444 0.202 0.695 0.000 0.039 0.000 0.014 0.000 0.041 0.634 0.578 0.283 0.000 0.240 0.541 0.240 0.000 0.299 0.000 0.097 0.000 0.656 0.317 0.772 0.000 0.459 0.289 0.846 0.327 0.000 0.000 0.000 0.517 0.085 0.565 0.191 0.010 0.000 0.324 0.526 0.002 0.071 0.000 0.524 0.527 0.707 0.000 0.344 0.722 0.588 0.000 0.773 0.337 0.031 0.000 0.000 0.000 0.241 0.718 0.029 0.488 0.033 0.593 0.012 0.098 0.318 0.000 0.006 0.308 0.308 0.308 0.308 0.308 0.308 0.308 0.223 0.077 0.000 0.000 0.000 0.000 0.601 0.757 0.217 0.217 0.217 0.451 0.241 0.241 0.241 0.241 0.241 0.241 0.241 0.000 0.164 0.164 0.164 0.164 0.164 0.164 0.164 0.000 0.187 0.187 0.187 0.187 0.187 0.000 0.000 0.000 0.000 0.000 0.000 0.000 0.383 0.383 0.383 0.383 0.383 0.000 0.000 0.438 0.393 0.000 0.808 0.452 0.000 0.606 0.724 0.585 0.000 0.045 0.192 0.000 0.170 0.000 0.421 0.324 0.401 0.000 0.601 0.072 0.000 0.622 0.162 0.000 0.243 0.095 0.154 0.000 0.151 0.155 0.082 0.000 0.107 0.000 0.213 0.281 0.683 0.292 0.000 0.120 0.214 0.507 0.445 0.000 0.351 0.000 0.356 0.341 0.265 0.000 0.324 0.154 0.324 0.290 0.000 0.000 0.149 0.269 0.261 0.000 0.630 0.757)  0.140 0.872 0.300 0.369 0.552 0.440 0.264 0.464 0.875 0.417 0.874 0.876 0.340 0.869 0.872 0.644 0.538 0.330 0.880 0.133 0.871 0.174 0.178 0.324 0.222 0.871 0.079 0.872 0.874 0.463 0.869 0.660 0.523 0.365 0.870 0.596 0.361 0.404 0.491 0.876 0.656 0.857 0.873 0.672 0.870 0.879 0.536 0.570 0.540 0.645 0.873 0.879 0.874 0.878 0.379 0.292 0.877 0.874 0.248 0.116 0.296 0.330 0.874 0.409 0.325 0.558 0.321 0.876 0.874 0.878 0.876 0.375 0.592 0.575 0.292 0.878 0.176 0.418 0.445 0.545 0.878 0.711 0.873 0.874 0.629 0.462 0.634 0.614 0.378 0.828 0.871 0.743 0.873 0.634 0.385 0.772 0.439 0.685 0.179 0.876 0.835 0.874 0.862 0.875 0.831 0.243 0.293 0.588 0.878 0.634 0.335 0.635 0.863 0.580 0.874 0.779 0.878 0.224 0.555 0.098 0.873 0.416 0.582 0.031 0.547 0.875 0.878 0.878 0.360 0.786 0.318 0.683 0.862 0.872 0.554 0.364 0.871 0.806 0.872 0.349 0.344 0.182 0.866 0.528 0.148 0.294 0.876 0.104 0.538 0.843 0.879 0.872 0.869 0.636 0.162 0.845 0.372 0.844 0.288 0.866 0.767 0.564 0.880 0.868 0.556 0.556 0.556 0.556 0.556 0.556 0.556 0.656 0.791 0.879 0.879 0.879 0.879 0.289 0.099 0.653 0.653 0.653 0.423 0.631 0.631 0.631 0.631 0.631 0.631 0.631 0.873 0.710 0.710 0.710 0.710 0.710 0.710 0.710 0.871 0.689 0.689 0.689 0.689 0.689 0.876 0.876 0.876 0.876 0.876 0.876 0.876 0.496 0.496 0.496 0.496 0.496 0.870 0.878 0.430 0.484 0.868 0.062 0.421 0.877 0.270 0.154 0.285 0.873 0.838 0.685 0.874 0.702 0.875 0.445 0.547 0.475 0.877 0.289 0.798 0.877 0.255 0.707 0.870 0.631 0.781 0.722 0.870 0.730 0.726 0.798 0.872 0.764 0.870 0.663 0.589 0.205 0.585 0.880 0.747 0.665 0.363 0.427 0.869 0.521 0.876 0.516 0.537 0.608 0.881 0.544 0.726 0.546 0.576 0.874 0.871 0.727 0.606 0.613 0.868 0.248 0.118)  0.120 0.000 0.039 0.104 0.020 0.070 0.031 0.048 0.000 0.041 0.000 0.000 0.021 0.000 0.000 0.014 0.025 0.031 0.000 0.035 0.000 0.026 0.009 0.037 0.020 0.000 0.024 0.000 0.000 0.004 0.000 0.012 0.007 0.011 0.000 0.030 0.031 0.010 0.041 0.000 0.006 0.000 0.002 0.009 0.000 0.000 0.020 0.023 0.008 0.018 0.000 0.000 0.000 0.000 0.053 0.019 0.003 0.000 0.059 0.040 0.020 0.010 0.000 0.006 0.012 0.022 0.022 0.000 0.000 0.000 0.000 0.008 0.023 0.014 0.026 0.000 0.028 0.031 0.003 0.031 0.000 0.008 0.000 0.000 0.016 0.053 0.034 0.031 0.050 0.006 0.000 0.000 0.000 0.039 0.058 0.010 0.038 0.006 0.036 0.000 0.000 0.000 0.005 0.000 0.002 0.034 0.003 0.027 0.000 0.009 0.017 0.020 0.000 0.015 0.000 0.011 0.000 0.040 0.013 0.084 0.000 0.017 0.006 0.047 0.015 0.000 0.000 0.000 0.028 0.000 0.026 0.007 0.000 0.000 0.005 0.020 0.000 0.000 0.000 0.020 0.024 0.048 0.000 0.003 0.028 0.056 0.000 0.013 0.008 0.006 0.000 0.000 0.000 0.000 0.097 0.010 0.047 0.008 0.048 0.000 0.006 0.028 0.000 0.000 0.016 0.016 0.016 0.016 0.016 0.016 0.016 0.014 0.007 0.000 0.000 0.000 0.000 0.032 0.037 0.014 0.014 0.014 0.021 0.007 0.007 0.007 0.007 0.007 0.007 0.007 0.000 0.003 0.003 0.003 0.003 0.003 0.003 0.003 0.000 0.012 0.012 0.012 0.012 0.012 0.000 0.000 0.000 0.000 0.000 0.000 0.000 0.027 0.027 0.027 0.027 0.027 0.000 0.000 0.040 0.009 0.000 0.065 0.022 0.000 0.037 0.005 0.031 0.000 0.006 0.009 0.000 0.003 0.000 0.037 0.062 0.033 0.000 0.049 0.003 0.000 0.056 0.011 0.000 0.033 0.010 0.011 0.000 0.005 0.012 0.005 0.000 0.006 0.000 0.015 0.016 0.081 0.025 0.000 0.013 0.015 0.008 0.015 0.000 0.048 0.000 0.039 0.017 0.023 0.000 0.032 0.008 0.019 0.037 0.000 0.000 0.016 0.023 0.019 0.000 0.068 0.037)  0.000 0.128 0.094 0.012 0.111 0.055 0.082 0.081 0.125 0.088 0.126 0.124 0.107 0.131 0.128 0.111 0.099 0.105 0.120 0.084 0.129 0.088 0.115 0.089 0.100 0.129 0.095 0.128 0.126 0.130 0.131 0.116 0.117 0.123 0.130 0.094 0.106 0.113 0.091 0.124 0.117 0.129 0.122 0.116 0.130 0.121 0.100 0.099 0.124 0.105 0.121 0.121 0.126 0.122 0.072 0.105 0.120 0.126 0.078 0.076 0.109 0.099 0.126 0.123 0.107 0.104 0.113 0.124 0.126 0.122 0.124 0.117 0.095 0.106 0.104 0.122 0.098 0.095 0.124 0.093 0.122 0.115 0.127 0.126 0.115 0.076 0.089 0.096 0.077 0.116 0.129 0.122 0.127 0.087 0.067 0.118 0.079 0.106 0.089 0.124 0.126 0.126 0.118 0.125 0.126 0.089 0.126 0.102 0.122 0.117 0.106 0.105 0.137 0.106 0.126 0.113 0.122 0.079 0.114 0.046 0.127 0.108 0.123 0.076 0.111 0.125 0.122 0.122 0.096 0.129 0.091 0.119 0.128 0.128 0.118 0.090 0.127 0.123 0.128 0.108 0.104 0.063 0.134 0.125 0.103 0.062 0.124 0.110 0.117 0.120 0.121 0.128 0.131 0.123 0.023 0.115 0.094 0.115 0.071 0.121 0.130 0.089 0.120 0.127 0.120 0.120 0.120 0.120 0.120 0.120 0.120 0.107 0.125 0.121 0.121 0.121 0.121 0.079 0.107 0.115 0.115 0.115 0.105 0.121 0.121 0.121 0.121 0.121 0.121 0.121 0.127 0.123 0.123 0.123 0.123 0.123 0.123 0.123 0.129 0.113 0.113 0.113 0.113 0.113 0.124 0.124 0.124 0.124 0.124 0.124 0.124 0.094 0.094 0.094 0.094 0.094 0.130 0.122 0.093 0.113 0.132 0.065 0.106 0.123 0.087 0.118 0.099 0.127 0.111 0.114 0.126 0.125 0.125 0.098 0.068 0.091 0.123 0.062 0.127 0.123 0.067 0.120 0.130 0.092 0.114 0.113 0.130 0.114 0.107 0.116 0.128 0.123 0.130 0.108 0.113 0.031 0.098 0.120 0.121 0.105 0.122 0.113 0.131 0.081 0.124 0.089 0.106 0.103 0.119 0.099 0.112 0.112 0.097 0.126 0.129 0.109 0.102 0.107 0.132 0.055 0.088)  
Brain region: VISl: 238 neurons, VISp: 41633 neurons  
Training on 67343 trials, testing on 16970 trials
Using device: cuda
Using balanced loss with class weights:
  Output 0: [0.00195313 0.06487765 0.06428444 0.06470993 0.06313106 0.06446054
 0.0616605  0.06016358 0.06038127 0.06069867 0.0601762  0.06023111
 0.06434155 0.06353162 0.0605907  0.05942027 0.06538777]
  Output 1: [0.01026886 0.98973113]
  Output 2: [0.20013928 0.20014295 0.19982703 0.19977205 0.20011869]
  Output 3: [0.20074676 0.19998126 0.19964951 0.19967975 0.19994274]
  Output 4: [0.04941851 0.01303494 0.8592861  0.07826044]
Epoch [1/200], Loss: 1.641700
Epoch [2/200], Loss: 1.639890
Epoch [3/200], Loss: 1.638148
Epoch [4/200], Loss: 1.636470
Epoch [5/200], Loss: 1.634851
Epoch [6/200], Loss: 1.633282
Epoch [7/200], Loss: 1.631758
Epoch [8/200], Loss: 1.630270
Epoch [9/200], Loss: 1.628808
Epoch [10/200], Loss: 1.627365
Epoch [20/200], Loss: 1.612740
Epoch [30/200], Loss: 1.596188
Epoch [40/200], Loss: 1.577316
Epoch [50/200], Loss: 1.556915
Epoch [60/200], Loss: 1.536107
Epoch [70/200], Loss: 1.515858
Epoch [80/200], Loss: 1.496798
Epoch [90/200], Loss: 1.479254
Epoch [100/200], Loss: 1.463326
Epoch [110/200], Loss: 1.448975
Epoch [120/200], Loss: 1.436096
Epoch [130/200], Loss: 1.424557
Epoch [140/200], Loss: 1.414221
Epoch [150/200], Loss: 1.404960
Epoch [160/200], Loss: 1.396656
Epoch [170/200], Loss: 1.389203
Epoch [180/200], Loss: 1.382507
Epoch [190/200], Loss: 1.376485
Epoch [200/200], Loss: 1.371061
Test Loss: 1.514340

Training Balanced Accuracy Scores (chance = 1/num_classes):
  0 (image_identity): 0.3965  (chance: 0.0588)
  1 (image_change): 0.7283  (chance: 0.5000)
  2 (running_speed_quintile): 0.2974  (chance: 0.2000)
  3 (pupil_diameter_quintile): 0.3116  (chance: 0.2000)
  4 (trial_outcome): 0.4575  (chance: 0.2500)

Validation Balanced Accuracy Scores (chance = 1/num_classes):
  0 (image_identity): 0.3634  (chance: 0.0588)
  1 (image_change): 0.6281  (chance: 0.5000)
  2 (running_speed_quintile): 0.2698  (chance: 0.2000)
  3 (pupil_diameter_quintile): 0.2702  (chance: 0.2000)
  4 (trial_outcome): 0.3219  (chance: 0.2500)
train_decoder.py finished successfully.
