Data format is valid, no errors or warnings.
Number of sessions: 445
Total number of trials: 190239
Number of trials per session: [200, 451, 567, 315, 271, 438, 633, 373, 349, 444, 276, 127, 288, 431, 435, 424, 308, 674, 629, 472, 525, 444, 444, 211, 292, 618, 396, 593, 365, 305, 680, 420, 371, 635, 569, 261, 184, 610, 484, 353, 362, 398, 471, 617, 395, 289, 415, 379, 538, 251, 931, 435, 235, 407, 414, 613, 1085, 579, 349, 443, 376, 347, 302, 363, 361, 258, 314, 362, 428, 522, 219, 508, 339, 466, 731, 710, 331, 274, 354, 635, 309, 427, 333, 201, 467, 350, 449, 255, 307, 320, 521, 341, 403, 540, 371, 428, 397, 279, 597, 316, 484, 360, 263, 456, 390, 270, 448, 239, 422, 406, 218, 468, 329, 329, 315, 147, 532, 307, 311, 433, 360, 536, 539, 378, 536, 401, 576, 211, 370, 548, 561, 569, 442, 346, 627, 339, 290, 654, 661, 204, 190, 353, 292, 354, 234, 684, 429, 258, 364, 236, 1055, 514, 245, 416, 643, 372, 565, 244, 428, 207, 437, 585, 753, 133, 843, 260, 642, 695, 323, 663, 590, 375, 356, 392, 728, 323, 337, 196, 498, 345, 359, 308, 381, 408, 543, 270, 572, 467, 448, 460, 390, 617, 413, 428, 329, 467, 669, 328, 325, 439, 411, 603, 394, 320, 194, 490, 765, 358, 245, 374, 467, 249, 518, 481, 301, 243, 312, 467, 260, 594, 324, 627, 592, 322, 438, 351, 325, 316, 475, 297, 445, 341, 356, 630, 169, 302, 919, 500, 472, 585, 345, 260, 576, 410, 457, 609, 594, 355, 322, 470, 246, 287, 289, 297, 243, 491, 330, 291, 405, 841, 656, 392, 333, 664, 433, 383, 263, 374, 387, 536, 419, 378, 383, 383, 722, 294, 565, 532, 1035, 267, 434, 451, 276, 246, 610, 494, 284, 248, 502, 515, 392, 412, 265, 247, 269, 506, 478, 341, 271, 405, 479, 342, 662, 286, 465, 342, 374, 578, 312, 486, 484, 386, 551, 504, 815, 636, 237, 318, 505, 463, 795, 199, 373, 411, 454, 279, 302, 385, 517, 315, 258, 592, 390, 196, 379, 586, 498, 858, 532, 1093, 326, 265, 561, 423, 236, 282, 259, 680, 524, 407, 346, 320, 627, 304, 283, 290, 415, 522, 587, 356, 133, 332, 690, 579, 395, 300, 329, 325, 365, 395, 289, 507, 271, 512, 555, 436, 314, 511, 378, 467, 322, 700, 531, 293, 883, 297, 418, 339, 346, 438, 379, 678, 249, 456, 357, 386, 234, 658, 327, 404, 352, 318, 513, 237, 339, 526, 432, 475, 226, 294, 394, 457, 331, 287, 679, 470, 239, 699, 307, 708, 533, 490, 190, 85, 254, 350, 226, 520, 265, 407, 493, 748, 272, 488, 277, 374, 410, 1204, 383, 365, 1445, 608, 738, 272, 401]
Number of subjects: 136
Number of brain regions: 264
Number of sessions per subject:
  Subject CSHL045: 5 sessions
  Subject CSHL047: 2 sessions
  Subject CSHL049: 4 sessions
  Subject CSHL051: 1 sessions
  Subject CSHL052: 5 sessions
  Subject CSHL053: 4 sessions
  Subject CSHL054: 1 sessions
  Subject CSHL055: 1 sessions
  Subject CSHL058: 3 sessions
  Subject CSHL059: 5 sessions
  Subject CSHL060: 5 sessions
  Subject CSH_ZAD_001: 1 sessions
  Subject CSH_ZAD_011: 1 sessions
  Subject CSH_ZAD_019: 4 sessions
  Subject CSH_ZAD_022: 7 sessions
  Subject CSH_ZAD_024: 1 sessions
  Subject CSH_ZAD_025: 7 sessions
  Subject CSH_ZAD_026: 6 sessions
  Subject CSH_ZAD_029: 7 sessions
  Subject DY_008: 2 sessions
  Subject DY_009: 9 sessions
  Subject DY_010: 5 sessions
  Subject DY_011: 4 sessions
  Subject DY_013: 3 sessions
  Subject DY_014: 7 sessions
  Subject DY_016: 5 sessions
  Subject DY_018: 3 sessions
  Subject DY_020: 8 sessions
  Subject KS014: 3 sessions
  Subject KS016: 3 sessions
  Subject KS022: 1 sessions
  Subject KS023: 4 sessions
  Subject KS042: 2 sessions
  Subject KS043: 2 sessions
  Subject KS044: 2 sessions
  Subject KS046: 4 sessions
  Subject KS051: 2 sessions
  Subject KS055: 1 sessions
  Subject KS084: 1 sessions
  Subject KS086: 2 sessions
  Subject KS091: 2 sessions
  Subject KS094: 4 sessions
  Subject KS096: 5 sessions
  Subject MFD_05: 3 sessions
  Subject MFD_06: 4 sessions
  Subject MFD_07: 3 sessions
  Subject MFD_08: 2 sessions
  Subject MFD_09: 1 sessions
  Subject NR_0017: 1 sessions
  Subject NR_0019: 3 sessions
  Subject NR_0020: 4 sessions
  Subject NR_0021: 3 sessions
  Subject NR_0024: 4 sessions
  Subject NR_0027: 4 sessions
  Subject NR_0028: 5 sessions
  Subject NR_0029: 5 sessions
  Subject NR_0031: 2 sessions
  Subject NYU-11: 2 sessions
  Subject NYU-12: 4 sessions
  Subject NYU-21: 2 sessions
  Subject NYU-30: 3 sessions
  Subject NYU-37: 5 sessions
  Subject NYU-39: 5 sessions
  Subject NYU-40: 4 sessions
  Subject NYU-45: 3 sessions
  Subject NYU-46: 4 sessions
  Subject NYU-47: 3 sessions
  Subject NYU-48: 3 sessions
  Subject NYU-65: 3 sessions
  Subject PL015: 5 sessions
  Subject PL016: 1 sessions
  Subject PL017: 6 sessions
  Subject PL024: 1 sessions
  Subject PL030: 8 sessions
  Subject PL031: 5 sessions
  Subject PL033: 13 sessions
  Subject PL034: 3 sessions
  Subject PL035: 4 sessions
  Subject PL037: 6 sessions
  Subject PL050: 9 sessions
  Subject SWC_038: 2 sessions
  Subject SWC_039: 1 sessions
  Subject SWC_042: 2 sessions
  Subject SWC_043: 7 sessions
  Subject SWC_052: 7 sessions
  Subject SWC_053: 3 sessions
  Subject SWC_054: 6 sessions
  Subject SWC_058: 4 sessions
  Subject SWC_060: 3 sessions
  Subject SWC_061: 3 sessions
  Subject SWC_065: 1 sessions
  Subject SWC_066: 2 sessions
  Subject UCLA005: 1 sessions
  Subject UCLA006: 1 sessions
  Subject UCLA011: 1 sessions
  Subject UCLA012: 1 sessions
  Subject UCLA014: 1 sessions
  Subject UCLA015: 1 sessions
  Subject UCLA017: 1 sessions
  Subject UCLA030: 1 sessions
  Subject UCLA033: 3 sessions
  Subject UCLA034: 4 sessions
  Subject UCLA035: 2 sessions
  Subject UCLA036: 1 sessions
  Subject UCLA037: 4 sessions
  Subject UCLA044: 2 sessions
  Subject UCLA048: 1 sessions
  Subject UCLA049: 2 sessions
  Subject UCLA052: 1 sessions
  Subject ZFM-01576: 2 sessions
  Subject ZFM-01577: 3 sessions
  Subject ZFM-01592: 3 sessions
  Subject ZFM-01935: 4 sessions
  Subject ZFM-01936: 5 sessions
  Subject ZFM-01937: 2 sessions
  Subject ZFM-02368: 1 sessions
  Subject ZFM-02369: 1 sessions
  Subject ZFM-02370: 2 sessions
  Subject ZFM-02372: 2 sessions
  Subject ZFM-02373: 1 sessions
  Subject ZFM-04308: 2 sessions
  Subject ZM_1898: 2 sessions
  Subject ZM_2240: 4 sessions
  Subject ZM_2241: 5 sessions
  Subject ZM_2245: 1 sessions
  Subject ZM_3003: 2 sessions
  Subject ibl_witten_13: 2 sessions
  Subject ibl_witten_17: 2 sessions
  Subject ibl_witten_18: 3 sessions
  Subject ibl_witten_19: 3 sessions
  Subject ibl_witten_20: 3 sessions
  Subject ibl_witten_25: 1 sessions
  Subject ibl_witten_26: 5 sessions
  Subject ibl_witten_27: 5 sessions
  Subject ibl_witten_29: 9 sessions
  Subject ibl_witten_32: 1 sessions
Input dimension: 2
Output dimension: 4
Summary statistics (across all sessions):
  T: mean: 100.00, median: 100.00, min: 100, max: 100
  n_neurons: mean: 141.04', min: 1, max: 516
  Input range:
    time_since_stimulus_onset_s: [-0.5, 1.5]
    trial_number_in_block: [0.0, 98.0]
  Output range:
    choice: [0.0, 1.0]
    prior_probability_left: [0.0, 2.0]
    wheel_speed_tertile: [0.0, 2.0]
    whisker_motion_energy_tertile: [0.0, 2.0]
  Unique outputs per dimension (fraction of data):
    choice: {left (0.493), right (0.507)}
    prior_probability_left: {0.2 (0.418), 0.5 (0.140), 0.8 (0.442)}
    wheel_speed_tertile: {low (0.333), medium (0.333), high (0.333)}
    whisker_motion_energy_tertile: {low (0.333), medium (0.333), high (0.333)}
  Brain region distribution:
    AAA: 25 neurons
    ACAd: 365 neurons
    ACAv: 195 neurons
    ACB: 340 neurons
    AD: 15 neurons
    ADP: 5 neurons
    AHN: 10 neurons
    AId: 170 neurons
    AIp: 93 neurons
    AIv: 149 neurons
    AM: 120 neurons
    AMB: 8 neurons
    ANcr1: 380 neurons
    ANcr2: 507 neurons
    AON: 400 neurons
    AP: 3 neurons
    APN: 1543 neurons
    APr: 16 neurons
    AT: 23 neurons
    AUDd: 133 neurons
    AUDp: 140 neurons
    AUDpo: 46 neurons
    AUDv: 237 neurons
    AV: 190 neurons
    AVP: 15 neurons
    BLA: 150 neurons
    BMA: 175 neurons
    BST: 202 neurons
    CA1: 1783 neurons
    CA2: 39 neurons
    CA3: 923 neurons
    CEA: 159 neurons
    CENT2: 559 neurons
    CENT3: 634 neurons
    CL: 38 neurons
    CLA: 49 neurons
    CLI: 89 neurons
    CM: 65 neurons
    COAa: 17 neurons
    COAp: 121 neurons
    COPY: 284 neurons
    CP: 2890 neurons
    CS: 391 neurons
    CU: 24 neurons
    CUL4 5: 1207 neurons
    CUN: 100 neurons
    DCO: 299 neurons
    DEC: 190 neurons
    DG: 1067 neurons
    DMH: 16 neurons
    DMX: 2 neurons
    DN: 195 neurons
    DP: 247 neurons
    DR: 42 neurons
    DT: 9 neurons
    DTN: 21 neurons
    ECT: 85 neurons
    ECU: 21 neurons
    ENTl: 560 neurons
    ENTm: 615 neurons
    EPd: 199 neurons
    EPv: 124 neurons
    Eth: 366 neurons
    FC: 23 neurons
    FL: 39 neurons
    FN: 46 neurons
    FOTU: 100 neurons
    FRP: 84 neurons
    FS: 32 neurons
    GPe: 322 neurons
    GPi: 45 neurons
    GR: 9 neurons
    GRN: 537 neurons
    GU: 69 neurons
    HATA: 53 neurons
    I5: 42 neurons
    IA: 18 neurons
    IAD: 23 neurons
    IAM: 7 neurons
    IC: 431 neurons
    ICB: 65 neurons
    IF: 18 neurons
    IG: 9 neurons
    IGL: 16 neurons
    III: 7 neurons
    ILA: 286 neurons
    IMD: 1 neurons
    IP: 596 neurons
    IPN: 10 neurons
    IRN: 729 neurons
    ISN: 4 neurons
    IntG: 6 neurons
    LA: 63 neurons
    LAV: 169 neurons
    LD: 581 neurons
    LDT: 51 neurons
    LGd: 526 neurons
    LGv: 143 neurons
    LH: 76 neurons
    LHA: 166 neurons
    LIN: 11 neurons
    LING: 45 neurons
    LM: 8 neurons
    LP: 1669 neurons
    LPO: 89 neurons
    LRN: 19 neurons
    LSc: 111 neurons
    LSr: 1156 neurons
    LSv: 164 neurons
    MA: 48 neurons
    MARN: 83 neurons
    MD: 604 neurons
    MDRN: 180 neurons
    MEA: 184 neurons
    MEPO: 5 neurons
    MG: 316 neurons
    MH: 38 neurons
    MOB: 140 neurons
    MOp: 1414 neurons
    MOs: 1124 neurons
    MPN: 2 neurons
    MPO: 40 neurons
    MRN: 2590 neurons
    MS: 106 neurons
    MV: 651 neurons
    NB: 23 neurons
    NDB: 49 neurons
    NI: 24 neurons
    NLL: 184 neurons
    NOD: 151 neurons
    NOT: 92 neurons
    NPC: 71 neurons
    NTS: 116 neurons
    OP: 39 neurons
    ORBl: 198 neurons
    ORBm: 143 neurons
    ORBvl: 497 neurons
    OT: 79 neurons
    P5: 46 neurons
    PA: 113 neurons
    PAA: 82 neurons
    PAG: 729 neurons
    PAR: 117 neurons
    PARN: 390 neurons
    PAS: 1 neurons
    PB: 302 neurons
    PBG: 14 neurons
    PC5: 35 neurons
    PCG: 82 neurons
    PCN: 84 neurons
    PDTg: 12 neurons
    PERI: 36 neurons
    PF: 150 neurons
    PFL: 133 neurons
    PG: 9 neurons
    PGRN: 117 neurons
    PH: 24 neurons
    PIL: 11 neurons
    PIR: 604 neurons
    PL: 339 neurons
    PMd: 2 neurons
    PO: 2235 neurons
    POL: 144 neurons
    POST: 233 neurons
    PP: 13 neurons
    PPN: 357 neurons
    PPT: 70 neurons
    PR: 28 neurons
    PRE: 115 neurons
    PRM: 382 neurons
    PRNc: 280 neurons
    PRNr: 716 neurons
    PRP: 70 neurons
    PS: 35 neurons
    PSTN: 8 neurons
    PSV: 115 neurons
    PT: 4 neurons
    PVH: 5 neurons
    PVHd: 6 neurons
    PVT: 84 neurons
    PYR: 207 neurons
    Pa4: 3 neurons
    Pa5: 4 neurons
    PeF: 28 neurons
    PoT: 228 neurons
    ProS: 310 neurons
    RE: 8 neurons
    RH: 6 neurons
    RL: 12 neurons
    RN: 429 neurons
    RO: 1 neurons
    RPF: 42 neurons
    RR: 60 neurons
    RSPagl: 310 neurons
    RSPd: 318 neurons
    RSPv: 521 neurons
    RT: 420 neurons
    SAG: 51 neurons
    SCm: 1609 neurons
    SCs: 183 neurons
    SF: 115 neurons
    SGN: 120 neurons
    SH: 4 neurons
    SI: 249 neurons
    SIM: 885 neurons
    SMT: 140 neurons
    SNc: 36 neurons
    SNr: 149 neurons
    SOC: 28 neurons
    SPA: 25 neurons
    SPF: 70 neurons
    SPIV: 298 neurons
    SPVC: 42 neurons
    SPVI: 319 neurons
    SPVO: 129 neurons
    SSp-bfd: 488 neurons
    SSp-ll: 130 neurons
    SSp-m: 354 neurons
    SSp-n: 72 neurons
    SSp-tr: 299 neurons
    SSp-ul: 196 neurons
    SSp-un: 67 neurons
    SSs: 439 neurons
    STN: 6 neurons
    SUB: 682 neurons
    SUM: 8 neurons
    SUT: 103 neurons
    SUV: 277 neurons
    SubG: 7 neurons
    TEa: 166 neurons
    TR: 37 neurons
    TRN: 193 neurons
    TRS: 73 neurons
    TTd: 198 neurons
    TU: 8 neurons
    UVU: 245 neurons
    V: 166 neurons
    VAL: 295 neurons
    VCO: 141 neurons
    VII: 63 neurons
    VISC: 61 neurons
    VISa: 909 neurons
    VISal: 95 neurons
    VISam: 355 neurons
    VISl: 139 neurons
    VISli: 51 neurons
    VISp: 876 neurons
    VISpl: 95 neurons
    VISpm: 240 neurons
    VISpor: 76 neurons
    VISrl: 75 neurons
    VM: 118 neurons
    VMH: 2 neurons
    VPL: 436 neurons
    VPLpc: 78 neurons
    VPM: 1221 neurons
    VPMpc: 67 neurons
    VTA: 17 neurons
    VTN: 11 neurons
    VeCB: 70 neurons
    XII: 12 neurons
    ZI: 352 neurons
    x: 45 neurons
    y: 6 neurons

Per-session statistics:
  Mean T: 100.0, 100.0, 100.0, 100.0, 100.0, 100.0, 100.0, 100.0, 100.0, 100.0, 100.0, 100.0, 100.0, 100.0, 100.0, 100.0, 100.0, 100.0, 100.0, 100.0, 100.0, 100.0, 100.0, 100.0, 100.0, 100.0, 100.0, 100.0, 100.0, 100.0, 100.0, 100.0, 100.0, 100.0, 100.0, 100.0, 100.0, 100.0, 100.0, 100.0, 100.0, 100.0, 100.0, 100.0, 100.0, 100.0, 100.0, 100.0, 100.0, 100.0, 100.0, 100.0, 100.0, 100.0, 100.0, 100.0, 100.0, 100.0, 100.0, 100.0, 100.0, 100.0, 100.0, 100.0, 100.0, 100.0, 100.0, 100.0, 100.0, 100.0, 100.0, 100.0, 100.0, 100.0, 100.0, 100.0, 100.0, 100.0, 100.0, 100.0, 100.0, 100.0, 100.0, 100.0, 100.0, 100.0, 100.0, 100.0, 100.0, 100.0, 100.0, 100.0, 100.0, 100.0, 100.0, 100.0, 100.0, 100.0, 100.0, 100.0, 100.0, 100.0, 100.0, 100.0, 100.0, 100.0, 100.0, 100.0, 100.0, 100.0, 100.0, 100.0, 100.0, 100.0, 100.0, 100.0, 100.0, 100.0, 100.0, 100.0, 100.0, 100.0, 100.0, 100.0, 100.0, 100.0, 100.0, 100.0, 100.0, 100.0, 100.0, 100.0, 100.0, 100.0, 100.0, 100.0, 100.0, 100.0, 100.0, 100.0, 100.0, 100.0, 100.0, 100.0, 100.0, 100.0, 100.0, 100.0, 100.0, 100.0, 100.0, 100.0, 100.0, 100.0, 100.0, 100.0, 100.0, 100.0, 100.0, 100.0, 100.0, 100.0, 100.0, 100.0, 100.0, 100.0, 100.0, 100.0, 100.0, 100.0, 100.0, 100.0, 100.0, 100.0, 100.0, 100.0, 100.0, 100.0, 100.0, 100.0, 100.0, 100.0, 100.0, 100.0, 100.0, 100.0, 100.0, 100.0, 100.0, 100.0, 100.0, 100.0, 100.0, 100.0, 100.0, 100.0, 100.0, 100.0, 100.0, 100.0, 100.0, 100.0, 100.0, 100.0, 100.0, 100.0, 100.0, 100.0, 100.0, 100.0, 100.0, 100.0, 100.0, 100.0, 100.0, 100.0, 100.0, 100.0, 100.0, 100.0, 100.0, 100.0, 100.0, 100.0, 100.0, 100.0, 100.0, 100.0, 100.0, 100.0, 100.0, 100.0, 100.0, 100.0, 100.0, 100.0, 100.0, 100.0, 100.0, 100.0, 100.0, 100.0, 100.0, 100.0, 100.0, 100.0, 100.0, 100.0, 100.0, 100.0, 100.0, 100.0, 100.0, 100.0, 100.0, 100.0, 100.0, 100.0, 100.0, 100.0, 100.0, 100.0, 100.0, 100.0, 100.0, 100.0, 100.0, 100.0, 100.0, 100.0, 100.0, 100.0, 100.0, 100.0, 100.0, 100.0, 100.0, 100.0, 100.0, 100.0, 100.0, 100.0, 100.0, 100.0, 100.0, 100.0, 100.0, 100.0, 100.0, 100.0, 100.0, 100.0, 100.0, 100.0, 100.0, 100.0, 100.0, 100.0, 100.0, 100.0, 100.0, 100.0, 100.0, 100.0, 100.0, 100.0, 100.0, 100.0, 100.0, 100.0, 100.0, 100.0, 100.0, 100.0, 100.0, 100.0, 100.0, 100.0, 100.0, 100.0, 100.0, 100.0, 100.0, 100.0, 100.0, 100.0, 100.0, 100.0, 100.0, 100.0, 100.0, 100.0, 100.0, 100.0, 100.0, 100.0, 100.0, 100.0, 100.0, 100.0, 100.0, 100.0, 100.0, 100.0, 100.0, 100.0, 100.0, 100.0, 100.0, 100.0, 100.0, 100.0, 100.0, 100.0, 100.0, 100.0, 100.0, 100.0, 100.0, 100.0, 100.0, 100.0, 100.0, 100.0, 100.0, 100.0, 100.0, 100.0, 100.0, 100.0, 100.0, 100.0, 100.0, 100.0, 100.0, 100.0, 100.0, 100.0, 100.0, 100.0, 100.0, 100.0, 100.0, 100.0, 100.0, 100.0, 100.0, 100.0, 100.0, 100.0, 100.0, 100.0, 100.0, 100.0, 100.0, 100.0, 100.0, 100.0, 100.0, 100.0, 100.0, 100.0, 100.0, 100.0, 100.0, 100.0, 100.0, 100.0, 100.0, 100.0, 100.0, 100.0, 100.0, 100.0, 100.0, 100.0, 100.0, 100.0, 100.0, 100.0, 100.0, 100.0, 100.0, 100.0, 100.0, 100.0, 100.0, 100.0, 100.0, 100.0, 100.0, 100.0, 100.0, 100.0, 100.0, 100.0, 100.0, 100.0, 100.0, 100.0, 100.0, 100.0, 100.0, 100.0, 100.0
  Min T: 100, 100, 100, 100, 100, 100, 100, 100, 100, 100, 100, 100, 100, 100, 100, 100, 100, 100, 100, 100, 100, 100, 100, 100, 100, 100, 100, 100, 100, 100, 100, 100, 100, 100, 100, 100, 100, 100, 100, 100, 100, 100, 100, 100, 100, 100, 100, 100, 100, 100, 100, 100, 100, 100, 100, 100, 100, 100, 100, 100, 100, 100, 100, 100, 100, 100, 100, 100, 100, 100, 100, 100, 100, 100, 100, 100, 100, 100, 100, 100, 100, 100, 100, 100, 100, 100, 100, 100, 100, 100, 100, 100, 100, 100, 100, 100, 100, 100, 100, 100, 100, 100, 100, 100, 100, 100, 100, 100, 100, 100, 100, 100, 100, 100, 100, 100, 100, 100, 100, 100, 100, 100, 100, 100, 100, 100, 100, 100, 100, 100, 100, 100, 100, 100, 100, 100, 100, 100, 100, 100, 100, 100, 100, 100, 100, 100, 100, 100, 100, 100, 100, 100, 100, 100, 100, 100, 100, 100, 100, 100, 100, 100, 100, 100, 100, 100, 100, 100, 100, 100, 100, 100, 100, 100, 100, 100, 100, 100, 100, 100, 100, 100, 100, 100, 100, 100, 100, 100, 100, 100, 100, 100, 100, 100, 100, 100, 100, 100, 100, 100, 100, 100, 100, 100, 100, 100, 100, 100, 100, 100, 100, 100, 100, 100, 100, 100, 100, 100, 100, 100, 100, 100, 100, 100, 100, 100, 100, 100, 100, 100, 100, 100, 100, 100, 100, 100, 100, 100, 100, 100, 100, 100, 100, 100, 100, 100, 100, 100, 100, 100, 100, 100, 100, 100, 100, 100, 100, 100, 100, 100, 100, 100, 100, 100, 100, 100, 100, 100, 100, 100, 100, 100, 100, 100, 100, 100, 100, 100, 100, 100, 100, 100, 100, 100, 100, 100, 100, 100, 100, 100, 100, 100, 100, 100, 100, 100, 100, 100, 100, 100, 100, 100, 100, 100, 100, 100, 100, 100, 100, 100, 100, 100, 100, 100, 100, 100, 100, 100, 100, 100, 100, 100, 100, 100, 100, 100, 100, 100, 100, 100, 100, 100, 100, 100, 100, 100, 100, 100, 100, 100, 100, 100, 100, 100, 100, 100, 100, 100, 100, 100, 100, 100, 100, 100, 100, 100, 100, 100, 100, 100, 100, 100, 100, 100, 100, 100, 100, 100, 100, 100, 100, 100, 100, 100, 100, 100, 100, 100, 100, 100, 100, 100, 100, 100, 100, 100, 100, 100, 100, 100, 100, 100, 100, 100, 100, 100, 100, 100, 100, 100, 100, 100, 100, 100, 100, 100, 100, 100, 100, 100, 100, 100, 100, 100, 100, 100, 100, 100, 100, 100, 100, 100, 100, 100, 100, 100, 100, 100, 100, 100, 100, 100, 100, 100, 100, 100, 100, 100, 100, 100, 100, 100, 100, 100, 100
  Max T: 100, 100, 100, 100, 100, 100, 100, 100, 100, 100, 100, 100, 100, 100, 100, 100, 100, 100, 100, 100, 100, 100, 100, 100, 100, 100, 100, 100, 100, 100, 100, 100, 100, 100, 100, 100, 100, 100, 100, 100, 100, 100, 100, 100, 100, 100, 100, 100, 100, 100, 100, 100, 100, 100, 100, 100, 100, 100, 100, 100, 100, 100, 100, 100, 100, 100, 100, 100, 100, 100, 100, 100, 100, 100, 100, 100, 100, 100, 100, 100, 100, 100, 100, 100, 100, 100, 100, 100, 100, 100, 100, 100, 100, 100, 100, 100, 100, 100, 100, 100, 100, 100, 100, 100, 100, 100, 100, 100, 100, 100, 100, 100, 100, 100, 100, 100, 100, 100, 100, 100, 100, 100, 100, 100, 100, 100, 100, 100, 100, 100, 100, 100, 100, 100, 100, 100, 100, 100, 100, 100, 100, 100, 100, 100, 100, 100, 100, 100, 100, 100, 100, 100, 100, 100, 100, 100, 100, 100, 100, 100, 100, 100, 100, 100, 100, 100, 100, 100, 100, 100, 100, 100, 100, 100, 100, 100, 100, 100, 100, 100, 100, 100, 100, 100, 100, 100, 100, 100, 100, 100, 100, 100, 100, 100, 100, 100, 100, 100, 100, 100, 100, 100, 100, 100, 100, 100, 100, 100, 100, 100, 100, 100, 100, 100, 100, 100, 100, 100, 100, 100, 100, 100, 100, 100, 100, 100, 100, 100, 100, 100, 100, 100, 100, 100, 100, 100, 100, 100, 100, 100, 100, 100, 100, 100, 100, 100, 100, 100, 100, 100, 100, 100, 100, 100, 100, 100, 100, 100, 100, 100, 100, 100, 100, 100, 100, 100, 100, 100, 100, 100, 100, 100, 100, 100, 100, 100, 100, 100, 100, 100, 100, 100, 100, 100, 100, 100, 100, 100, 100, 100, 100, 100, 100, 100, 100, 100, 100, 100, 100, 100, 100, 100, 100, 100, 100, 100, 100, 100, 100, 100, 100, 100, 100, 100, 100, 100, 100, 100, 100, 100, 100, 100, 100, 100, 100, 100, 100, 100, 100, 100, 100, 100, 100, 100, 100, 100, 100, 100, 100, 100, 100, 100, 100, 100, 100, 100, 100, 100, 100, 100, 100, 100, 100, 100, 100, 100, 100, 100, 100, 100, 100, 100, 100, 100, 100, 100, 100, 100, 100, 100, 100, 100, 100, 100, 100, 100, 100, 100, 100, 100, 100, 100, 100, 100, 100, 100, 100, 100, 100, 100, 100, 100, 100, 100, 100, 100, 100, 100, 100, 100, 100, 100, 100, 100, 100, 100, 100, 100, 100, 100, 100, 100, 100, 100, 100, 100, 100, 100, 100, 100, 100, 100, 100, 100, 100, 100, 100, 100, 100, 100, 100, 100, 100, 100, 100, 100, 100, 100, 100, 100, 100, 100, 100, 100, 100
  n_neurons: 116, 88, 145, 32, 115, 130, 120, 82, 56, 199, 363, 28, 120, 81, 326, 245, 122, 94, 73, 120, 152, 123, 104, 63, 167, 267, 89, 110, 328, 121, 243, 20, 150, 51, 171, 76, 210, 127, 84, 258, 103, 140, 50, 10, 104, 187, 311, 373, 29, 120, 179, 96, 10, 250, 173, 123, 247, 98, 126, 203, 61, 90, 136, 74, 104, 155, 121, 192, 247, 298, 223, 122, 143, 181, 106, 99, 42, 105, 48, 100, 32, 346, 270, 116, 92, 239, 160, 34, 63, 104, 148, 214, 186, 101, 147, 55, 83, 50, 158, 71, 39, 181, 2, 10, 121, 66, 157, 91, 147, 27, 133, 142, 268, 39, 274, 163, 78, 22, 16, 147, 254, 79, 164, 22, 164, 99, 124, 398, 141, 109, 174, 111, 7, 442, 66, 103, 35, 228, 137, 107, 249, 221, 280, 62, 175, 59, 215, 36, 59, 190, 220, 85, 192, 391, 192, 92, 30, 130, 306, 129, 107, 41, 149, 131, 263, 233, 229, 195, 105, 231, 349, 34, 93, 115, 240, 89, 186, 80, 62, 25, 110, 295, 62, 61, 121, 84, 97, 98, 37, 179, 189, 135, 118, 1, 111, 62, 123, 55, 81, 148, 249, 135, 95, 149, 303, 134, 136, 157, 76, 354, 140, 37, 58, 429, 98, 69, 30, 42, 133, 85, 192, 116, 207, 248, 155, 72, 69, 166, 33, 124, 42, 81, 343, 192, 301, 163, 305, 332, 160, 62, 78, 202, 82, 121, 34, 67, 45, 138, 160, 236, 184, 335, 39, 236, 108, 179, 142, 136, 226, 114, 111, 94, 129, 48, 191, 57, 71, 94, 101, 94, 215, 147, 140, 76, 129, 141, 136, 64, 239, 127, 100, 75, 94, 79, 98, 211, 67, 16, 130, 98, 45, 22, 84, 170, 31, 203, 77, 9, 364, 170, 92, 109, 226, 271, 203, 115, 118, 118, 185, 151, 258, 108, 184, 316, 84, 106, 147, 271, 147, 151, 133, 217, 119, 89, 204, 89, 266, 109, 221, 192, 189, 12, 138, 48, 141, 370, 224, 276, 95, 221, 131, 94, 129, 56, 128, 182, 79, 176, 196, 80, 112, 33, 60, 149, 3, 325, 150, 148, 207, 157, 30, 516, 149, 45, 94, 114, 112, 14, 194, 102, 108, 29, 158, 12, 139, 171, 13, 331, 56, 150, 89, 193, 144, 280, 164, 159, 53, 86, 303, 87, 97, 59, 56, 69, 58, 162, 76, 272, 199, 282, 92, 122, 115, 58, 95, 427, 214, 148, 137, 95, 396, 295, 135, 89, 62, 180, 60, 82, 142, 11, 33, 253, 236, 16, 131, 49, 227, 228, 155, 298, 98, 107, 8, 211, 41, 148, 94, 258, 191, 100, 204, 405, 261, 218, 81
  Input range:
    0: [-0.5, 1.5] [-0.5, 1.5] [-0.5, 1.5] [-0.5, 1.5] [-0.5, 1.5] [-0.5, 1.5] [-0.5, 1.5] [-0.5, 1.5] [-0.5, 1.5] [-0.5, 1.5] [-0.5, 1.5] [-0.5, 1.5] [-0.5, 1.5] [-0.5, 1.5] [-0.5, 1.5] [-0.5, 1.5] [-0.5, 1.5] [-0.5, 1.5] [-0.5, 1.5] [-0.5, 1.5] [-0.5, 1.5] [-0.5, 1.5] [-0.5, 1.5] [-0.5, 1.5] [-0.5, 1.5] [-0.5, 1.5] [-0.5, 1.5] [-0.5, 1.5] [-0.5, 1.5] [-0.5, 1.5] [-0.5, 1.5] [-0.5, 1.5] [-0.5, 1.5] [-0.5, 1.5] [-0.5, 1.5] [-0.5, 1.5] [-0.5, 1.5] [-0.5, 1.5] [-0.5, 1.5] [-0.5, 1.5] [-0.5, 1.5] [-0.5, 1.5] [-0.5, 1.5] [-0.5, 1.5] [-0.5, 1.5] [-0.5, 1.5] [-0.5, 1.5] [-0.5, 1.5] [-0.5, 1.5] [-0.5, 1.5] [-0.5, 1.5] [-0.5, 1.5] [-0.5, 1.5] [-0.5, 1.5] [-0.5, 1.5] [-0.5, 1.5] [-0.5, 1.5] [-0.5, 1.5] [-0.5, 1.5] [-0.5, 1.5] [-0.5, 1.5] [-0.5, 1.5] [-0.5, 1.5] [-0.5, 1.5] [-0.5, 1.5] [-0.5, 1.5] [-0.5, 1.5] [-0.5, 1.5] [-0.5, 1.5] [-0.5, 1.5] [-0.5, 1.5] [-0.5, 1.5] [-0.5, 1.5] [-0.5, 1.5] [-0.5, 1.5] [-0.5, 1.5] [-0.5, 1.5] [-0.5, 1.5] [-0.5, 1.5] [-0.5, 1.5] [-0.5, 1.5] [-0.5, 1.5] [-0.5, 1.5] [-0.5, 1.5] [-0.5, 1.5] [-0.5, 1.5] [-0.5, 1.5] [-0.5, 1.5] [-0.5, 1.5] [-0.5, 1.5] [-0.5, 1.5] [-0.5, 1.5] [-0.5, 1.5] [-0.5, 1.5] [-0.5, 1.5] [-0.5, 1.5] [-0.5, 1.5] [-0.5, 1.5] [-0.5, 1.5] [-0.5, 1.5] [-0.5, 1.5] [-0.5, 1.5] [-0.5, 1.5] [-0.5, 1.5] [-0.5, 1.5] [-0.5, 1.5] [-0.5, 1.5] [-0.5, 1.5] [-0.5, 1.5] [-0.5, 1.5] [-0.5, 1.5] [-0.5, 1.5] [-0.5, 1.5] [-0.5, 1.5] [-0.5, 1.5] [-0.5, 1.5] [-0.5, 1.5] [-0.5, 1.5] [-0.5, 1.5] [-0.5, 1.5] [-0.5, 1.5] [-0.5, 1.5] [-0.5, 1.5] [-0.5, 1.5] [-0.5, 1.5] [-0.5, 1.5] [-0.5, 1.5] [-0.5, 1.5] [-0.5, 1.5] [-0.5, 1.5] [-0.5, 1.5] [-0.5, 1.5] [-0.5, 1.5] [-0.5, 1.5] [-0.5, 1.5] [-0.5, 1.5] [-0.5, 1.5] [-0.5, 1.5] [-0.5, 1.5] [-0.5, 1.5] [-0.5, 1.5] [-0.5, 1.5] [-0.5, 1.5] [-0.5, 1.5] [-0.5, 1.5] [-0.5, 1.5] [-0.5, 1.5] [-0.5, 1.5] [-0.5, 1.5] [-0.5, 1.5] [-0.5, 1.5] [-0.5, 1.5] [-0.5, 1.5] [-0.5, 1.5] [-0.5, 1.5] [-0.5, 1.5] [-0.5, 1.5] [-0.5, 1.5] [-0.5, 1.5] [-0.5, 1.5] [-0.5, 1.5] [-0.5, 1.5] [-0.5, 1.5] [-0.5, 1.5] [-0.5, 1.5] [-0.5, 1.5] [-0.5, 1.5] [-0.5, 1.5] [-0.5, 1.5] [-0.5, 1.5] [-0.5, 1.5] [-0.5, 1.5] [-0.5, 1.5] [-0.5, 1.5] [-0.5, 1.5] [-0.5, 1.5] [-0.5, 1.5] [-0.5, 1.5] [-0.5, 1.5] [-0.5, 1.5] [-0.5, 1.5] [-0.5, 1.5] [-0.5, 1.5] [-0.5, 1.5] [-0.5, 1.5] [-0.5, 1.5] [-0.5, 1.5] [-0.5, 1.5] [-0.5, 1.5] [-0.5, 1.5] [-0.5, 1.5] [-0.5, 1.5] [-0.5, 1.5] [-0.5, 1.5] [-0.5, 1.5] [-0.5, 1.5] [-0.5, 1.5] [-0.5, 1.5] [-0.5, 1.5] [-0.5, 1.5] [-0.5, 1.5] [-0.5, 1.5] [-0.5, 1.5] [-0.5, 1.5] [-0.5, 1.5] [-0.5, 1.5] [-0.5, 1.5] [-0.5, 1.5] [-0.5, 1.5] [-0.5, 1.5] [-0.5, 1.5] [-0.5, 1.5] [-0.5, 1.5] [-0.5, 1.5] [-0.5, 1.5] [-0.5, 1.5] [-0.5, 1.5] [-0.5, 1.5] [-0.5, 1.5] [-0.5, 1.5] [-0.5, 1.5] [-0.5, 1.5] [-0.5, 1.5] [-0.5, 1.5] [-0.5, 1.5] [-0.5, 1.5] [-0.5, 1.5] [-0.5, 1.5] [-0.5, 1.5] [-0.5, 1.5] [-0.5, 1.5] [-0.5, 1.5] [-0.5, 1.5] [-0.5, 1.5] [-0.5, 1.5] [-0.5, 1.5] [-0.5, 1.5] [-0.5, 1.5] [-0.5, 1.5] [-0.5, 1.5] [-0.5, 1.5] [-0.5, 1.5] [-0.5, 1.5] [-0.5, 1.5] [-0.5, 1.5] [-0.5, 1.5] [-0.5, 1.5] [-0.5, 1.5] [-0.5, 1.5] [-0.5, 1.5] [-0.5, 1.5] [-0.5, 1.5] [-0.5, 1.5] [-0.5, 1.5] [-0.5, 1.5] [-0.5, 1.5] [-0.5, 1.5] [-0.5, 1.5] [-0.5, 1.5] [-0.5, 1.5] [-0.5, 1.5] [-0.5, 1.5] [-0.5, 1.5] [-0.5, 1.5] [-0.5, 1.5] [-0.5, 1.5] [-0.5, 1.5] [-0.5, 1.5] [-0.5, 1.5] [-0.5, 1.5] [-0.5, 1.5] [-0.5, 1.5] [-0.5, 1.5] [-0.5, 1.5] [-0.5, 1.5] [-0.5, 1.5] [-0.5, 1.5] [-0.5, 1.5] [-0.5, 1.5] [-0.5, 1.5] [-0.5, 1.5] [-0.5, 1.5] [-0.5, 1.5] [-0.5, 1.5] [-0.5, 1.5] [-0.5, 1.5] [-0.5, 1.5] [-0.5, 1.5] [-0.5, 1.5] [-0.5, 1.5] [-0.5, 1.5] [-0.5, 1.5] [-0.5, 1.5] [-0.5, 1.5] [-0.5, 1.5] [-0.5, 1.5] [-0.5, 1.5] [-0.5, 1.5] [-0.5, 1.5] [-0.5, 1.5] [-0.5, 1.5] [-0.5, 1.5] [-0.5, 1.5] [-0.5, 1.5] [-0.5, 1.5] [-0.5, 1.5] [-0.5, 1.5] [-0.5, 1.5] [-0.5, 1.5] [-0.5, 1.5] [-0.5, 1.5] [-0.5, 1.5] [-0.5, 1.5] [-0.5, 1.5] [-0.5, 1.5] [-0.5, 1.5] [-0.5, 1.5] [-0.5, 1.5] [-0.5, 1.5] [-0.5, 1.5] [-0.5, 1.5] [-0.5, 1.5] [-0.5, 1.5] [-0.5, 1.5] [-0.5, 1.5] [-0.5, 1.5] [-0.5, 1.5] [-0.5, 1.5] [-0.5, 1.5] [-0.5, 1.5] [-0.5, 1.5] [-0.5, 1.5] [-0.5, 1.5] [-0.5, 1.5] [-0.5, 1.5] [-0.5, 1.5] [-0.5, 1.5] [-0.5, 1.5] [-0.5, 1.5] [-0.5, 1.5] [-0.5, 1.5] [-0.5, 1.5] [-0.5, 1.5] [-0.5, 1.5] [-0.5, 1.5] [-0.5, 1.5] [-0.5, 1.5] [-0.5, 1.5] [-0.5, 1.5] [-0.5, 1.5] [-0.5, 1.5] [-0.5, 1.5] [-0.5, 1.5] [-0.5, 1.5] [-0.5, 1.5] [-0.5, 1.5] [-0.5, 1.5] [-0.5, 1.5] [-0.5, 1.5] [-0.5, 1.5] [-0.5, 1.5] [-0.5, 1.5] [-0.5, 1.5] [-0.5, 1.5] [-0.5, 1.5] [-0.5, 1.5] [-0.5, 1.5] [-0.5, 1.5] [-0.5, 1.5] [-0.5, 1.5] [-0.5, 1.5] [-0.5, 1.5] [-0.5, 1.5] [-0.5, 1.5] [-0.5, 1.5] [-0.5, 1.5] [-0.5, 1.5] [-0.5, 1.5] [-0.5, 1.5] [-0.5, 1.5] [-0.5, 1.5] [-0.5, 1.5] [-0.5, 1.5] [-0.5, 1.5] [-0.5, 1.5] [-0.5, 1.5] [-0.5, 1.5] [-0.5, 1.5] [-0.5, 1.5] [-0.5, 1.5] [-0.5, 1.5] [-0.5, 1.5] [-0.5, 1.5] [-0.5, 1.5] [-0.5, 1.5] [-0.5, 1.5] [-0.5, 1.5] [-0.5, 1.5] [-0.5, 1.5] [-0.5, 1.5] [-0.5, 1.5] [-0.5, 1.5] [-0.5, 1.5] [-0.5, 1.5] [-0.5, 1.5] [-0.5, 1.5] [-0.5, 1.5] [-0.5, 1.5] [-0.5, 1.5] [-0.5, 1.5] [-0.5, 1.5] [-0.5, 1.5] [-0.5, 1.5] [-0.5, 1.5] [-0.5, 1.5] [-0.5, 1.5] [-0.5, 1.5] [-0.5, 1.5] [-0.5, 1.5] [-0.5, 1.5] [-0.5, 1.5] [-0.5, 1.5] [-0.5, 1.5] [-0.5, 1.5] [-0.5, 1.5] [-0.5, 1.5] [-0.5, 1.5] [-0.5, 1.5] [-0.5, 1.5] [-0.5, 1.5] [-0.5, 1.5] [-0.5, 1.5] [-0.5, 1.5] [-0.5, 1.5] [-0.5, 1.5] [-0.5, 1.5] [-0.5, 1.5] [-0.5, 1.5] [-0.5, 1.5] [-0.5, 1.5] [-0.5, 1.5] [-0.5, 1.5] [-0.5, 1.5] [-0.5, 1.5] [-0.5, 1.5] 
    1: [0.0, 89.0] [0.0, 94.0] [0.0, 88.0] [0.0, 89.0] [0.0, 95.0] [0.0, 93.0] [0.0, 88.0] [0.0, 88.0] [0.0, 88.0] [0.0, 86.0] [0.0, 92.0] [0.0, 90.0] [0.0, 89.0] [0.0, 93.0] [0.0, 84.0] [0.0, 95.0] [0.0, 95.0] [0.0, 98.0] [0.0, 95.0] [0.0, 95.0] [0.0, 98.0] [0.0, 89.0] [0.0, 98.0] [0.0, 90.0] [0.0, 86.0] [0.0, 93.0] [0.0, 92.0] [0.0, 95.0] [0.0, 95.0] [0.0, 88.0] [0.0, 98.0] [0.0, 95.0] [0.0, 95.0] [0.0, 92.0] [0.0, 94.0] [0.0, 88.0] [0.0, 92.0] [0.0, 92.0] [0.0, 89.0] [0.0, 89.0] [0.0, 88.0] [0.0, 89.0] [0.0, 95.0] [0.0, 98.0] [0.0, 89.0] [0.0, 89.0] [0.0, 92.0] [0.0, 95.0] [0.0, 93.0] [0.0, 89.0] [0.0, 98.0] [0.0, 89.0] [0.0, 89.0] [0.0, 95.0] [0.0, 89.0] [0.0, 95.0] [0.0, 89.0] [0.0, 96.0] [0.0, 89.0] [0.0, 98.0] [0.0, 94.0] [0.0, 98.0] [0.0, 87.0] [0.0, 92.0] [0.0, 86.0] [0.0, 95.0] [0.0, 88.0] [0.0, 89.0] [0.0, 94.0] [0.0, 92.0] [0.0, 87.0] [0.0, 95.0] [0.0, 89.0] [0.0, 89.0] [0.0, 95.0] [0.0, 92.0] [0.0, 92.0] [0.0, 95.0] [0.0, 90.0] [0.0, 89.0] [0.0, 89.0] [0.0, 89.0] [0.0, 89.0] [0.0, 89.0] [0.0, 89.0] [0.0, 89.0] [0.0, 89.0] [0.0, 90.0] [0.0, 92.0] [0.0, 87.0] [0.0, 92.0] [0.0, 90.0] [0.0, 89.0] [0.0, 92.0] [0.0, 93.0] [0.0, 94.0] [0.0, 95.0] [0.0, 95.0] [0.0, 95.0] [0.0, 90.0] [0.0, 95.0] [0.0, 88.0] [0.0, 89.0] [0.0, 92.0] [0.0, 92.0] [0.0, 89.0] [0.0, 86.0] [0.0, 89.0] [0.0, 92.0] [0.0, 96.0] [0.0, 90.0] [0.0, 95.0] [0.0, 89.0] [0.0, 91.0] [0.0, 91.0] [0.0, 89.0] [0.0, 89.0] [0.0, 89.0] [0.0, 84.0] [0.0, 88.0] [0.0, 89.0] [0.0, 89.0] [0.0, 92.0] [0.0, 88.0] [0.0, 92.0] [0.0, 92.0] [0.0, 86.0] [0.0, 90.0] [0.0, 95.0] [0.0, 87.0] [0.0, 93.0] [0.0, 91.0] [0.0, 89.0] [0.0, 91.0] [0.0, 98.0] [0.0, 92.0] [0.0, 91.0] [0.0, 98.0] [0.0, 94.0] [0.0, 92.0] [0.0, 89.0] [0.0, 89.0] [0.0, 92.0] [0.0, 92.0] [0.0, 94.0] [0.0, 98.0] [0.0, 95.0] [0.0, 89.0] [0.0, 97.0] [0.0, 89.0] [0.0, 94.0] [0.0, 98.0] [0.0, 89.0] [0.0, 89.0] [0.0, 95.0] [0.0, 89.0] [0.0, 89.0] [0.0, 88.0] [0.0, 95.0] [0.0, 97.0] [0.0, 92.0] [0.0, 87.0] [0.0, 89.0] [1.0, 91.0] [0.0, 95.0] [0.0, 88.0] [0.0, 92.0] [0.0, 98.0] [0.0, 88.0] [0.0, 89.0] [0.0, 95.0] [0.0, 95.0] [0.0, 88.0] [0.0, 89.0] [0.0, 89.0] [0.0, 89.0] [0.0, 91.0] [0.0, 86.0] [0.0, 94.0] [0.0, 85.0] [0.0, 89.0] [0.0, 88.0] [0.0, 88.0] [0.0, 89.0] [0.0, 98.0] [0.0, 89.0] [0.0, 89.0] [0.0, 92.0] [0.0, 95.0] [0.0, 92.0] [0.0, 94.0] [0.0, 92.0] [0.0, 95.0] [0.0, 98.0] [0.0, 95.0] [0.0, 97.0] [0.0, 92.0] [0.0, 89.0] [0.0, 90.0] [0.0, 95.0] [0.0, 95.0] [0.0, 89.0] [0.0, 95.0] [0.0, 89.0] [0.0, 79.0] [0.0, 88.0] [0.0, 84.0] [0.0, 94.0] [0.0, 84.0] [0.0, 97.0] [0.0, 89.0] [0.0, 88.0] [0.0, 89.0] [0.0, 92.0] [0.0, 89.0] [0.0, 88.0] [0.0, 87.0] [0.0, 88.0] [0.0, 89.0] [0.0, 97.0] [0.0, 89.0] [0.0, 92.0] [0.0, 89.0] [0.0, 89.0] [0.0, 94.0] [0.0, 89.0] [0.0, 82.0] [0.0, 94.0] [0.0, 95.0] [0.0, 89.0] [0.0, 88.0] [0.0, 89.0] [0.0, 95.0] [0.0, 98.0] [0.0, 88.0] [0.0, 93.0] [0.0, 95.0] [0.0, 92.0] [0.0, 94.0] [0.0, 95.0] [0.0, 88.0] [0.0, 95.0] [0.0, 94.0] [0.0, 92.0] [0.0, 89.0] [0.0, 98.0] [0.0, 94.0] [0.0, 92.0] [0.0, 92.0] [0.0, 95.0] [0.0, 91.0] [0.0, 90.0] [0.0, 89.0] [0.0, 92.0] [0.0, 95.0] [0.0, 89.0] [0.0, 94.0] [0.0, 90.0] [0.0, 95.0] [0.0, 89.0] [0.0, 89.0] [0.0, 94.0] [0.0, 89.0] [0.0, 89.0] [0.0, 97.0] [0.0, 89.0] [0.0, 92.0] [0.0, 89.0] [0.0, 89.0] [0.0, 92.0] [0.0, 89.0] [0.0, 92.0] [0.0, 87.0] [0.0, 95.0] [0.0, 91.0] [0.0, 92.0] [0.0, 98.0] [0.0, 89.0] [0.0, 89.0] [0.0, 94.0] [0.0, 91.0] [0.0, 95.0] [0.0, 92.0] [0.0, 89.0] [0.0, 93.0] [0.0, 89.0] [0.0, 91.0] [0.0, 92.0] [0.0, 92.0] [0.0, 88.0] [0.0, 89.0] [0.0, 89.0] [0.0, 91.0] [0.0, 89.0] [0.0, 85.0] [0.0, 92.0] [0.0, 88.0] [0.0, 92.0] [0.0, 89.0] [0.0, 88.0] [0.0, 96.0] [0.0, 92.0] [0.0, 91.0] [0.0, 91.0] [0.0, 90.0] [0.0, 92.0] [0.0, 88.0] [0.0, 96.0] [0.0, 87.0] [0.0, 95.0] [0.0, 89.0] [0.0, 90.0] [0.0, 89.0] [0.0, 95.0] [0.0, 89.0] [0.0, 98.0] [0.0, 89.0] [0.0, 95.0] [0.0, 89.0] [0.0, 89.0] [0.0, 98.0] [0.0, 89.0] [0.0, 91.0] [0.0, 89.0] [0.0, 94.0] [0.0, 87.0] [0.0, 88.0] [0.0, 88.0] [0.0, 94.0] [0.0, 89.0] [0.0, 89.0] [0.0, 89.0] [0.0, 88.0] [0.0, 87.0] [0.0, 95.0] [0.0, 92.0] [0.0, 89.0] [0.0, 92.0] [0.0, 92.0] [0.0, 89.0] [0.0, 92.0] [0.0, 86.0] [0.0, 95.0] [0.0, 92.0] [0.0, 92.0] [0.0, 95.0] [0.0, 92.0] [0.0, 98.0] [0.0, 95.0] [0.0, 89.0] [0.0, 92.0] [0.0, 89.0] [0.0, 91.0] [0.0, 88.0] [0.0, 88.0] [0.0, 89.0] [0.0, 88.0] [0.0, 92.0] [0.0, 97.0] [0.0, 95.0] [0.0, 85.0] [0.0, 89.0] [0.0, 97.0] [0.0, 98.0] [0.0, 94.0] [0.0, 89.0] [0.0, 88.0] [0.0, 91.0] [0.0, 91.0] [0.0, 89.0] [0.0, 89.0] [0.0, 88.0] [0.0, 88.0] [0.0, 92.0] [0.0, 94.0] [0.0, 87.0] [0.0, 95.0] [0.0, 89.0] [0.0, 89.0] [0.0, 94.0] [0.0, 89.0] [0.0, 98.0] [0.0, 95.0] [0.0, 89.0] [0.0, 92.0] [0.0, 95.0] [0.0, 95.0] [0.0, 89.0] [0.0, 89.0] [0.0, 95.0] [0.0, 89.0] [0.0, 98.0] [0.0, 89.0] [0.0, 88.0] [0.0, 89.0] [0.0, 92.0] [0.0, 95.0] [0.0, 95.0] [0.0, 89.0] [0.0, 91.0] [0.0, 93.0] [0.0, 88.0] [0.0, 92.0] [0.0, 95.0] [0.0, 87.0] [0.0, 92.0] [0.0, 89.0] [0.0, 98.0] [0.0, 89.0] [0.0, 92.0] [0.0, 94.0] [0.0, 88.0] [0.0, 95.0] [0.0, 89.0] [0.0, 89.0] [0.0, 88.0] [0.0, 86.0] [0.0, 92.0] [0.0, 89.0] [0.0, 98.0] [0.0, 97.0] [0.0, 97.0] [0.0, 89.0] [0.0, 62.0] [0.0, 92.0] [0.0, 89.0] [0.0, 89.0] [0.0, 88.0] [0.0, 89.0] [0.0, 96.0] [0.0, 91.0] [0.0, 92.0] [0.0, 89.0] [0.0, 96.0] [0.0, 89.0] [0.0, 89.0] [0.0, 95.0] [0.0, 95.0] [0.0, 91.0] [0.0, 87.0] [0.0, 89.0] [0.0, 98.0] [0.0, 89.0] [0.0, 92.0] [0.0, 89.0] 
  Output range:
    0: [0.0, 1.0] [0.0, 1.0] [0.0, 1.0] [0.0, 1.0] [0.0, 1.0] [0.0, 1.0] [0.0, 1.0] [0.0, 1.0] [0.0, 1.0] [0.0, 1.0] [0.0, 1.0] [0.0, 1.0] [0.0, 1.0] [0.0, 1.0] [0.0, 1.0] [0.0, 1.0] [0.0, 1.0] [0.0, 1.0] [0.0, 1.0] [0.0, 1.0] [0.0, 1.0] [0.0, 1.0] [0.0, 1.0] [0.0, 1.0] [0.0, 1.0] [0.0, 1.0] [0.0, 1.0] [0.0, 1.0] [0.0, 1.0] [0.0, 1.0] [0.0, 1.0] [0.0, 1.0] [0.0, 1.0] [0.0, 1.0] [0.0, 1.0] [0.0, 1.0] [0.0, 1.0] [0.0, 1.0] [0.0, 1.0] [0.0, 1.0] [0.0, 1.0] [0.0, 1.0] [0.0, 1.0] [0.0, 1.0] [0.0, 1.0] [0.0, 1.0] [0.0, 1.0] [0.0, 1.0] [0.0, 1.0] [0.0, 1.0] [0.0, 1.0] [0.0, 1.0] [0.0, 1.0] [0.0, 1.0] [0.0, 1.0] [0.0, 1.0] [0.0, 1.0] [0.0, 1.0] [0.0, 1.0] [0.0, 1.0] [0.0, 1.0] [0.0, 1.0] [0.0, 1.0] [0.0, 1.0] [0.0, 1.0] [0.0, 1.0] [0.0, 1.0] [0.0, 1.0] [0.0, 1.0] [0.0, 1.0] [0.0, 1.0] [0.0, 1.0] [0.0, 1.0] [0.0, 1.0] [0.0, 1.0] [0.0, 1.0] [0.0, 1.0] [0.0, 1.0] [0.0, 1.0] [0.0, 1.0] [0.0, 1.0] [0.0, 1.0] [0.0, 1.0] [0.0, 1.0] [0.0, 1.0] [0.0, 1.0] [0.0, 1.0] [0.0, 1.0] [0.0, 1.0] [0.0, 1.0] [0.0, 1.0] [0.0, 1.0] [0.0, 1.0] [0.0, 1.0] [0.0, 1.0] [0.0, 1.0] [0.0, 1.0] [0.0, 1.0] [0.0, 1.0] [0.0, 1.0] [0.0, 1.0] [0.0, 1.0] [0.0, 1.0] [0.0, 1.0] [0.0, 1.0] [0.0, 1.0] [0.0, 1.0] [0.0, 1.0] [0.0, 1.0] [0.0, 1.0] [0.0, 1.0] [0.0, 1.0] [0.0, 1.0] [0.0, 1.0] [0.0, 1.0] [0.0, 1.0] [0.0, 1.0] [0.0, 1.0] [0.0, 1.0] [0.0, 1.0] [0.0, 1.0] [0.0, 1.0] [0.0, 1.0] [0.0, 1.0] [0.0, 1.0] [0.0, 1.0] [0.0, 1.0] [0.0, 1.0] [0.0, 1.0] [0.0, 1.0] [0.0, 1.0] [0.0, 1.0] [0.0, 1.0] [0.0, 1.0] [0.0, 1.0] [0.0, 1.0] [0.0, 1.0] [0.0, 1.0] [0.0, 1.0] [0.0, 1.0] [0.0, 1.0] [0.0, 1.0] [0.0, 1.0] [0.0, 1.0] [0.0, 1.0] [0.0, 1.0] [0.0, 1.0] [0.0, 1.0] [0.0, 1.0] [0.0, 1.0] [0.0, 1.0] [0.0, 1.0] [0.0, 1.0] [0.0, 1.0] [0.0, 1.0] [0.0, 1.0] [0.0, 1.0] [0.0, 1.0] [0.0, 1.0] [0.0, 1.0] [0.0, 1.0] [0.0, 1.0] [0.0, 1.0] [0.0, 1.0] [0.0, 1.0] [0.0, 1.0] [0.0, 1.0] [0.0, 1.0] [0.0, 1.0] [0.0, 1.0] [0.0, 1.0] [0.0, 1.0] [0.0, 1.0] [0.0, 1.0] [0.0, 1.0] [0.0, 1.0] [0.0, 1.0] [0.0, 1.0] [0.0, 1.0] [0.0, 1.0] [0.0, 1.0] [0.0, 1.0] [0.0, 1.0] [0.0, 1.0] [0.0, 1.0] [0.0, 1.0] [0.0, 1.0] [0.0, 1.0] [0.0, 1.0] [0.0, 1.0] [0.0, 1.0] [0.0, 1.0] [0.0, 1.0] [0.0, 1.0] [0.0, 1.0] [0.0, 1.0] [0.0, 1.0] [0.0, 1.0] [0.0, 1.0] [0.0, 1.0] [0.0, 1.0] [0.0, 1.0] [0.0, 1.0] [0.0, 1.0] [0.0, 1.0] [0.0, 1.0] [0.0, 1.0] [0.0, 1.0] [0.0, 1.0] [0.0, 1.0] [0.0, 1.0] [0.0, 1.0] [0.0, 1.0] [0.0, 1.0] [0.0, 1.0] [0.0, 1.0] [0.0, 1.0] [0.0, 1.0] [0.0, 1.0] [0.0, 1.0] [0.0, 1.0] [0.0, 1.0] [0.0, 1.0] [0.0, 1.0] [0.0, 1.0] [0.0, 1.0] [0.0, 1.0] [0.0, 1.0] [0.0, 1.0] [0.0, 1.0] [0.0, 1.0] [0.0, 1.0] [0.0, 1.0] [0.0, 1.0] [0.0, 1.0] [0.0, 1.0] [0.0, 1.0] [0.0, 1.0] [0.0, 1.0] [0.0, 1.0] [0.0, 1.0] [0.0, 1.0] [0.0, 1.0] [0.0, 1.0] [0.0, 1.0] [0.0, 1.0] [0.0, 1.0] [0.0, 1.0] [0.0, 1.0] [0.0, 1.0] [0.0, 1.0] [0.0, 1.0] [0.0, 1.0] [0.0, 1.0] [0.0, 1.0] [0.0, 1.0] [0.0, 1.0] [0.0, 1.0] [0.0, 1.0] [0.0, 1.0] [0.0, 1.0] [0.0, 1.0] [0.0, 1.0] [0.0, 1.0] [0.0, 1.0] [0.0, 1.0] [0.0, 1.0] [0.0, 1.0] [0.0, 1.0] [0.0, 1.0] [0.0, 1.0] [0.0, 1.0] [0.0, 1.0] [0.0, 1.0] [0.0, 1.0] [0.0, 1.0] [0.0, 1.0] [0.0, 1.0] [0.0, 1.0] [0.0, 1.0] [0.0, 1.0] [0.0, 1.0] [0.0, 1.0] [0.0, 1.0] [0.0, 1.0] [0.0, 1.0] [0.0, 1.0] [0.0, 1.0] [0.0, 1.0] [0.0, 1.0] [0.0, 1.0] [0.0, 1.0] [0.0, 1.0] [0.0, 1.0] [0.0, 1.0] [0.0, 1.0] [0.0, 1.0] [0.0, 1.0] [0.0, 1.0] [0.0, 1.0] [0.0, 1.0] [0.0, 1.0] [0.0, 1.0] [0.0, 1.0] [0.0, 1.0] [0.0, 1.0] [0.0, 1.0] [0.0, 1.0] [0.0, 1.0] [0.0, 1.0] [0.0, 1.0] [0.0, 1.0] [0.0, 1.0] [0.0, 1.0] [0.0, 1.0] [0.0, 1.0] [0.0, 1.0] [0.0, 1.0] [0.0, 1.0] [0.0, 1.0] [0.0, 1.0] [0.0, 1.0] [0.0, 1.0] [0.0, 1.0] [0.0, 1.0] [0.0, 1.0] [0.0, 1.0] [0.0, 1.0] [0.0, 1.0] [0.0, 1.0] [0.0, 1.0] [0.0, 1.0] [0.0, 1.0] [0.0, 1.0] [0.0, 1.0] [0.0, 1.0] [0.0, 1.0] [0.0, 1.0] [0.0, 1.0] [0.0, 1.0] [0.0, 1.0] [0.0, 1.0] [0.0, 1.0] [0.0, 1.0] [0.0, 1.0] [0.0, 1.0] [0.0, 1.0] [0.0, 1.0] [0.0, 1.0] [0.0, 1.0] [0.0, 1.0] [0.0, 1.0] [0.0, 1.0] [0.0, 1.0] [0.0, 1.0] [0.0, 1.0] [0.0, 1.0] [0.0, 1.0] [0.0, 1.0] [0.0, 1.0] [0.0, 1.0] [0.0, 1.0] [0.0, 1.0] [0.0, 1.0] [0.0, 1.0] [0.0, 1.0] [0.0, 1.0] [0.0, 1.0] [0.0, 1.0] [0.0, 1.0] [0.0, 1.0] [0.0, 1.0] [0.0, 1.0] [0.0, 1.0] [0.0, 1.0] [0.0, 1.0] [0.0, 1.0] [0.0, 1.0] [0.0, 1.0] [0.0, 1.0] [0.0, 1.0] [0.0, 1.0] [0.0, 1.0] [0.0, 1.0] [0.0, 1.0] [0.0, 1.0] [0.0, 1.0] [0.0, 1.0] [0.0, 1.0] [0.0, 1.0] [0.0, 1.0] [0.0, 1.0] [0.0, 1.0] [0.0, 1.0] [0.0, 1.0] [0.0, 1.0] [0.0, 1.0] [0.0, 1.0] [0.0, 1.0] [0.0, 1.0] [0.0, 1.0] [0.0, 1.0] [0.0, 1.0] [0.0, 1.0] [0.0, 1.0] [0.0, 1.0] [0.0, 1.0] [0.0, 1.0] [0.0, 1.0] [0.0, 1.0] [0.0, 1.0] [0.0, 1.0] [0.0, 1.0] [0.0, 1.0] [0.0, 1.0] [0.0, 1.0] [0.0, 1.0] [0.0, 1.0] [0.0, 1.0] [0.0, 1.0] [0.0, 1.0] [0.0, 1.0] [0.0, 1.0] [0.0, 1.0] [0.0, 1.0] [0.0, 1.0] [0.0, 1.0] [0.0, 1.0] [0.0, 1.0] [0.0, 1.0] [0.0, 1.0] [0.0, 1.0] [0.0, 1.0] [0.0, 1.0] [0.0, 1.0] [0.0, 1.0] [0.0, 1.0] [0.0, 1.0] [0.0, 1.0] [0.0, 1.0] [0.0, 1.0] [0.0, 1.0] [0.0, 1.0] [0.0, 1.0] [0.0, 1.0] 
    1: [0.0, 2.0] [0.0, 2.0] [0.0, 2.0] [0.0, 2.0] [0.0, 2.0] [0.0, 2.0] [0.0, 2.0] [0.0, 2.0] [0.0, 2.0] [0.0, 2.0] [0.0, 2.0] [0.0, 2.0] [0.0, 2.0] [0.0, 2.0] [0.0, 2.0] [0.0, 2.0] [0.0, 2.0] [0.0, 2.0] [0.0, 2.0] [0.0, 2.0] [0.0, 2.0] [0.0, 2.0] [0.0, 2.0] [0.0, 2.0] [0.0, 2.0] [0.0, 2.0] [0.0, 2.0] [0.0, 2.0] [0.0, 2.0] [0.0, 2.0] [0.0, 2.0] [0.0, 2.0] [0.0, 2.0] [0.0, 2.0] [0.0, 2.0] [0.0, 2.0] [0.0, 2.0] [0.0, 2.0] [0.0, 2.0] [0.0, 2.0] [0.0, 2.0] [0.0, 2.0] [0.0, 2.0] [0.0, 2.0] [0.0, 2.0] [0.0, 2.0] [0.0, 2.0] [0.0, 2.0] [0.0, 2.0] [0.0, 2.0] [0.0, 2.0] [0.0, 2.0] [0.0, 2.0] [0.0, 2.0] [0.0, 2.0] [0.0, 2.0] [0.0, 2.0] [0.0, 2.0] [0.0, 2.0] [0.0, 2.0] [0.0, 2.0] [0.0, 2.0] [0.0, 2.0] [0.0, 2.0] [0.0, 2.0] [0.0, 2.0] [0.0, 2.0] [0.0, 2.0] [0.0, 2.0] [0.0, 2.0] [0.0, 2.0] [0.0, 2.0] [0.0, 2.0] [0.0, 2.0] [0.0, 2.0] [0.0, 2.0] [0.0, 2.0] [0.0, 2.0] [0.0, 2.0] [0.0, 2.0] [0.0, 2.0] [0.0, 2.0] [0.0, 2.0] [0.0, 2.0] [0.0, 2.0] [0.0, 2.0] [0.0, 2.0] [0.0, 2.0] [0.0, 2.0] [0.0, 2.0] [0.0, 2.0] [0.0, 2.0] [0.0, 2.0] [0.0, 2.0] [0.0, 2.0] [0.0, 2.0] [0.0, 2.0] [0.0, 2.0] [0.0, 2.0] [0.0, 2.0] [0.0, 2.0] [0.0, 2.0] [0.0, 2.0] [0.0, 2.0] [0.0, 2.0] [0.0, 2.0] [0.0, 2.0] [0.0, 2.0] [0.0, 2.0] [0.0, 2.0] [0.0, 2.0] [0.0, 2.0] [0.0, 2.0] [0.0, 2.0] [0.0, 2.0] [0.0, 2.0] [0.0, 2.0] [0.0, 2.0] [0.0, 2.0] [0.0, 2.0] [0.0, 2.0] [0.0, 2.0] [0.0, 2.0] [0.0, 2.0] [0.0, 2.0] [0.0, 2.0] [0.0, 2.0] [0.0, 2.0] [0.0, 2.0] [0.0, 2.0] [0.0, 2.0] [0.0, 2.0] [0.0, 2.0] [0.0, 2.0] [0.0, 2.0] [0.0, 2.0] [0.0, 2.0] [0.0, 2.0] [0.0, 2.0] [0.0, 2.0] [0.0, 2.0] [0.0, 2.0] [0.0, 2.0] [0.0, 2.0] [0.0, 2.0] [0.0, 2.0] [0.0, 2.0] [0.0, 2.0] [0.0, 2.0] [0.0, 2.0] [0.0, 2.0] [0.0, 2.0] [0.0, 2.0] [0.0, 2.0] [0.0, 2.0] [0.0, 2.0] [0.0, 2.0] [0.0, 2.0] [0.0, 2.0] [0.0, 2.0] [0.0, 2.0] [0.0, 2.0] [0.0, 2.0] [0.0, 2.0] [0.0, 2.0] [0.0, 2.0] [0.0, 2.0] [0.0, 2.0] [0.0, 2.0] [0.0, 2.0] [0.0, 2.0] [0.0, 2.0] [0.0, 2.0] [0.0, 2.0] [0.0, 2.0] [0.0, 2.0] [0.0, 2.0] [0.0, 2.0] [0.0, 2.0] [0.0, 2.0] [0.0, 2.0] [0.0, 2.0] [0.0, 2.0] [0.0, 2.0] [0.0, 2.0] [0.0, 2.0] [0.0, 2.0] [0.0, 2.0] [0.0, 2.0] [0.0, 2.0] [0.0, 2.0] [0.0, 2.0] [0.0, 2.0] [0.0, 2.0] [0.0, 2.0] [0.0, 2.0] [0.0, 2.0] [0.0, 2.0] [0.0, 2.0] [0.0, 2.0] [0.0, 2.0] [0.0, 2.0] [0.0, 2.0] [0.0, 2.0] [0.0, 2.0] [0.0, 2.0] [0.0, 2.0] [0.0, 2.0] [0.0, 2.0] [0.0, 2.0] [0.0, 2.0] [0.0, 2.0] [0.0, 2.0] [0.0, 2.0] [0.0, 2.0] [0.0, 2.0] [0.0, 2.0] [0.0, 2.0] [0.0, 2.0] [0.0, 2.0] [0.0, 2.0] [0.0, 2.0] [0.0, 2.0] [0.0, 2.0] [0.0, 2.0] [0.0, 2.0] [0.0, 2.0] [0.0, 2.0] [0.0, 2.0] [0.0, 2.0] [0.0, 2.0] [0.0, 2.0] [0.0, 2.0] [0.0, 2.0] [0.0, 2.0] [0.0, 2.0] [0.0, 2.0] [0.0, 2.0] [0.0, 2.0] [0.0, 2.0] [0.0, 2.0] [0.0, 2.0] [0.0, 2.0] [0.0, 2.0] [0.0, 2.0] [0.0, 2.0] [0.0, 2.0] [0.0, 2.0] [0.0, 2.0] [0.0, 2.0] [0.0, 2.0] [0.0, 2.0] [0.0, 2.0] [0.0, 2.0] [0.0, 2.0] [0.0, 2.0] [0.0, 2.0] [0.0, 2.0] [0.0, 2.0] [0.0, 2.0] [0.0, 2.0] [0.0, 2.0] [0.0, 2.0] [0.0, 2.0] [0.0, 2.0] [0.0, 2.0] [0.0, 2.0] [0.0, 2.0] [0.0, 2.0] [0.0, 2.0] [0.0, 2.0] [0.0, 2.0] [0.0, 2.0] [0.0, 2.0] [0.0, 2.0] [0.0, 2.0] [0.0, 2.0] [0.0, 2.0] [0.0, 2.0] [0.0, 2.0] [0.0, 2.0] [0.0, 2.0] [0.0, 2.0] [0.0, 2.0] [0.0, 2.0] [0.0, 2.0] [0.0, 2.0] [0.0, 2.0] [0.0, 2.0] [0.0, 2.0] [0.0, 2.0] [0.0, 2.0] [0.0, 2.0] [0.0, 2.0] [0.0, 2.0] [0.0, 2.0] [0.0, 2.0] [0.0, 2.0] [0.0, 2.0] [0.0, 2.0] [0.0, 2.0] [0.0, 2.0] [0.0, 2.0] [0.0, 2.0] [0.0, 2.0] [0.0, 2.0] [0.0, 2.0] [0.0, 2.0] [0.0, 2.0] [0.0, 2.0] [0.0, 2.0] [0.0, 2.0] [0.0, 2.0] [0.0, 2.0] [0.0, 2.0] [0.0, 2.0] [0.0, 2.0] [0.0, 2.0] [0.0, 2.0] [0.0, 2.0] [0.0, 2.0] [0.0, 2.0] [0.0, 2.0] [0.0, 2.0] [0.0, 2.0] [0.0, 2.0] [0.0, 2.0] [0.0, 2.0] [0.0, 2.0] [0.0, 2.0] [0.0, 2.0] [0.0, 2.0] [0.0, 2.0] [0.0, 2.0] [0.0, 2.0] [0.0, 2.0] [0.0, 2.0] [0.0, 2.0] [0.0, 2.0] [0.0, 2.0] [0.0, 2.0] [0.0, 2.0] [0.0, 2.0] [0.0, 2.0] [0.0, 2.0] [0.0, 2.0] [0.0, 2.0] [0.0, 2.0] [0.0, 2.0] [0.0, 2.0] [0.0, 2.0] [0.0, 2.0] [0.0, 2.0] [0.0, 2.0] [0.0, 2.0] [0.0, 2.0] [0.0, 2.0] [0.0, 2.0] [0.0, 2.0] [0.0, 2.0] [0.0, 2.0] [0.0, 2.0] [0.0, 2.0] [0.0, 2.0] [0.0, 2.0] [0.0, 2.0] [0.0, 2.0] [0.0, 2.0] [0.0, 2.0] [0.0, 2.0] [0.0, 2.0] [0.0, 2.0] [0.0, 2.0] [0.0, 2.0] [0.0, 2.0] [0.0, 2.0] [0.0, 2.0] [0.0, 2.0] [0.0, 2.0] [0.0, 2.0] [0.0, 2.0] [0.0, 2.0] [0.0, 2.0] [0.0, 2.0] [0.0, 2.0] [0.0, 2.0] [0.0, 2.0] [0.0, 2.0] [0.0, 2.0] [0.0, 2.0] [0.0, 2.0] [0.0, 2.0] [0.0, 2.0] [0.0, 2.0] [0.0, 2.0] [0.0, 2.0] [0.0, 2.0] [0.0, 2.0] [0.0, 2.0] [0.0, 2.0] [0.0, 2.0] [0.0, 2.0] [0.0, 2.0] [0.0, 2.0] [0.0, 2.0] [0.0, 2.0] [0.0, 2.0] [0.0, 2.0] [0.0, 2.0] [0.0, 2.0] [0.0, 2.0] [0.0, 2.0] [0.0, 2.0] [0.0, 2.0] [0.0, 2.0] [0.0, 2.0] [0.0, 2.0] [0.0, 2.0] [0.0, 2.0] [0.0, 2.0] [0.0, 2.0] [0.0, 2.0] [0.0, 2.0] [0.0, 2.0] [0.0, 2.0] [0.0, 2.0] [0.0, 2.0] [0.0, 2.0] [0.0, 2.0] [0.0, 2.0] [0.0, 2.0] [0.0, 2.0] [0.0, 2.0] [0.0, 2.0] [0.0, 2.0] [0.0, 2.0] [0.0, 2.0] [0.0, 2.0] [0.0, 2.0] [0.0, 2.0] [0.0, 2.0] [0.0, 2.0] [0.0, 2.0] [0.0, 2.0] [0.0, 2.0] 
    2: [0.0, 2.0] [0.0, 2.0] [0.0, 2.0] [0.0, 2.0] [0.0, 2.0] [0.0, 2.0] [0.0, 2.0] [0.0, 2.0] [0.0, 2.0] [0.0, 2.0] [0.0, 2.0] [0.0, 2.0] [0.0, 2.0] [0.0, 2.0] [0.0, 2.0] [0.0, 2.0] [0.0, 2.0] [0.0, 2.0] [0.0, 2.0] [0.0, 2.0] [0.0, 2.0] [0.0, 2.0] [0.0, 2.0] [0.0, 2.0] [0.0, 2.0] [0.0, 2.0] [0.0, 2.0] [0.0, 2.0] [0.0, 2.0] [0.0, 2.0] [0.0, 2.0] [0.0, 2.0] [0.0, 2.0] [0.0, 2.0] [0.0, 2.0] [0.0, 2.0] [0.0, 2.0] [0.0, 2.0] [0.0, 2.0] [0.0, 2.0] [0.0, 2.0] [0.0, 2.0] [0.0, 2.0] [0.0, 2.0] [0.0, 2.0] [0.0, 2.0] [0.0, 2.0] [0.0, 2.0] [0.0, 2.0] [0.0, 2.0] [0.0, 2.0] [0.0, 2.0] [0.0, 2.0] [0.0, 2.0] [0.0, 2.0] [0.0, 2.0] [0.0, 2.0] [0.0, 2.0] [0.0, 2.0] [0.0, 2.0] [0.0, 2.0] [0.0, 2.0] [0.0, 2.0] [0.0, 2.0] [0.0, 2.0] [0.0, 2.0] [0.0, 2.0] [0.0, 2.0] [0.0, 2.0] [0.0, 2.0] [0.0, 2.0] [0.0, 2.0] [0.0, 2.0] [0.0, 2.0] [0.0, 2.0] [0.0, 2.0] [0.0, 2.0] [0.0, 2.0] [0.0, 2.0] [0.0, 2.0] [0.0, 2.0] [0.0, 2.0] [0.0, 2.0] [0.0, 2.0] [0.0, 2.0] [0.0, 2.0] [0.0, 2.0] [0.0, 2.0] [0.0, 2.0] [0.0, 2.0] [0.0, 2.0] [0.0, 2.0] [0.0, 2.0] [0.0, 2.0] [0.0, 2.0] [0.0, 2.0] [0.0, 2.0] [0.0, 2.0] [0.0, 2.0] [0.0, 2.0] [0.0, 2.0] [0.0, 2.0] [0.0, 2.0] [0.0, 2.0] [0.0, 2.0] [0.0, 2.0] [0.0, 2.0] [0.0, 2.0] [0.0, 2.0] [0.0, 2.0] [0.0, 2.0] [0.0, 2.0] [0.0, 2.0] [0.0, 2.0] [0.0, 2.0] [0.0, 2.0] [0.0, 2.0] [0.0, 2.0] [0.0, 2.0] [0.0, 2.0] [0.0, 2.0] [0.0, 2.0] [0.0, 2.0] [0.0, 2.0] [0.0, 2.0] [0.0, 2.0] [0.0, 2.0] [0.0, 2.0] [0.0, 2.0] [0.0, 2.0] [0.0, 2.0] [0.0, 2.0] [0.0, 2.0] [0.0, 2.0] [0.0, 2.0] [0.0, 2.0] [0.0, 2.0] [0.0, 2.0] [0.0, 2.0] [0.0, 2.0] [0.0, 2.0] [0.0, 2.0] [0.0, 2.0] [0.0, 2.0] [0.0, 2.0] [0.0, 2.0] [0.0, 2.0] [0.0, 2.0] [0.0, 2.0] [0.0, 2.0] [0.0, 2.0] [0.0, 2.0] [0.0, 2.0] [0.0, 2.0] [0.0, 2.0] [0.0, 2.0] [0.0, 2.0] [0.0, 2.0] [0.0, 2.0] [0.0, 2.0] [0.0, 2.0] [0.0, 2.0] [0.0, 2.0] [0.0, 2.0] [0.0, 2.0] [0.0, 2.0] [0.0, 2.0] [0.0, 2.0] [0.0, 2.0] [0.0, 2.0] [0.0, 2.0] [0.0, 2.0] [0.0, 2.0] [0.0, 2.0] [0.0, 2.0] [0.0, 2.0] [0.0, 2.0] [0.0, 2.0] [0.0, 2.0] [0.0, 2.0] [0.0, 2.0] [0.0, 2.0] [0.0, 2.0] [0.0, 2.0] [0.0, 2.0] [0.0, 2.0] [0.0, 2.0] [0.0, 2.0] [0.0, 2.0] [0.0, 2.0] [0.0, 2.0] [0.0, 2.0] [0.0, 2.0] [0.0, 2.0] [0.0, 2.0] [0.0, 2.0] [0.0, 2.0] [0.0, 2.0] [0.0, 2.0] [0.0, 2.0] [0.0, 2.0] [0.0, 2.0] [0.0, 2.0] [0.0, 2.0] [0.0, 2.0] [0.0, 2.0] [0.0, 2.0] [0.0, 2.0] [0.0, 2.0] [0.0, 2.0] [0.0, 2.0] [0.0, 2.0] [0.0, 2.0] [0.0, 2.0] [0.0, 2.0] [0.0, 2.0] [0.0, 2.0] [0.0, 2.0] [0.0, 2.0] [0.0, 2.0] [0.0, 2.0] [0.0, 2.0] [0.0, 2.0] [0.0, 2.0] [0.0, 2.0] [0.0, 2.0] [0.0, 2.0] [0.0, 2.0] [0.0, 2.0] [0.0, 2.0] [0.0, 2.0] [0.0, 2.0] [0.0, 2.0] [0.0, 2.0] [0.0, 2.0] [0.0, 2.0] [0.0, 2.0] [0.0, 2.0] [0.0, 2.0] [0.0, 2.0] [0.0, 2.0] [0.0, 2.0] [0.0, 2.0] [0.0, 2.0] [0.0, 2.0] [0.0, 2.0] [0.0, 2.0] [0.0, 2.0] [0.0, 2.0] [0.0, 2.0] [0.0, 2.0] [0.0, 2.0] [0.0, 2.0] [0.0, 2.0] [0.0, 2.0] [0.0, 2.0] [0.0, 2.0] [0.0, 2.0] [0.0, 2.0] [0.0, 2.0] [0.0, 2.0] [0.0, 2.0] [0.0, 2.0] [0.0, 2.0] [0.0, 2.0] [0.0, 2.0] [0.0, 2.0] [0.0, 2.0] [0.0, 2.0] [0.0, 2.0] [0.0, 2.0] [0.0, 2.0] [0.0, 2.0] [0.0, 2.0] [0.0, 2.0] [0.0, 2.0] [0.0, 2.0] [0.0, 2.0] [0.0, 2.0] [0.0, 2.0] [0.0, 2.0] [0.0, 2.0] [0.0, 2.0] [0.0, 2.0] [0.0, 2.0] [0.0, 2.0] [0.0, 2.0] [0.0, 2.0] [0.0, 2.0] [0.0, 2.0] [0.0, 2.0] [0.0, 2.0] [0.0, 2.0] [0.0, 2.0] [0.0, 2.0] [0.0, 2.0] [0.0, 2.0] [0.0, 2.0] [0.0, 2.0] [0.0, 2.0] [0.0, 2.0] [0.0, 2.0] [0.0, 2.0] [0.0, 2.0] [0.0, 2.0] [0.0, 2.0] [0.0, 2.0] [0.0, 2.0] [0.0, 2.0] [0.0, 2.0] [0.0, 2.0] [0.0, 2.0] [0.0, 2.0] [0.0, 2.0] [0.0, 2.0] [0.0, 2.0] [0.0, 2.0] [0.0, 2.0] [0.0, 2.0] [0.0, 2.0] [0.0, 2.0] [0.0, 2.0] [0.0, 2.0] [0.0, 2.0] [0.0, 2.0] [0.0, 2.0] [0.0, 2.0] [0.0, 2.0] [0.0, 2.0] [0.0, 2.0] [0.0, 2.0] [0.0, 2.0] [0.0, 2.0] [0.0, 2.0] [0.0, 2.0] [0.0, 2.0] [0.0, 2.0] [0.0, 2.0] [0.0, 2.0] [0.0, 2.0] [0.0, 2.0] [0.0, 2.0] [0.0, 2.0] [0.0, 2.0] [0.0, 2.0] [0.0, 2.0] [0.0, 2.0] [0.0, 2.0] [0.0, 2.0] [0.0, 2.0] [0.0, 2.0] [0.0, 2.0] [0.0, 2.0] [0.0, 2.0] [0.0, 2.0] [0.0, 2.0] [0.0, 2.0] [0.0, 2.0] [0.0, 2.0] [0.0, 2.0] [0.0, 2.0] [0.0, 2.0] [0.0, 2.0] [0.0, 2.0] [0.0, 2.0] [0.0, 2.0] [0.0, 2.0] [0.0, 2.0] [0.0, 2.0] [0.0, 2.0] [0.0, 2.0] [0.0, 2.0] [0.0, 2.0] [0.0, 2.0] [0.0, 2.0] [0.0, 2.0] [0.0, 2.0] [0.0, 2.0] [0.0, 2.0] [0.0, 2.0] [0.0, 2.0] [0.0, 2.0] [0.0, 2.0] [0.0, 2.0] [0.0, 2.0] [0.0, 2.0] [0.0, 2.0] [0.0, 2.0] [0.0, 2.0] [0.0, 2.0] [0.0, 2.0] [0.0, 2.0] [0.0, 2.0] [0.0, 2.0] [0.0, 2.0] [0.0, 2.0] [0.0, 2.0] [0.0, 2.0] [0.0, 2.0] [0.0, 2.0] [0.0, 2.0] [0.0, 2.0] [0.0, 2.0] [0.0, 2.0] [0.0, 2.0] [0.0, 2.0] [0.0, 2.0] [0.0, 2.0] [0.0, 2.0] [0.0, 2.0] [0.0, 2.0] [0.0, 2.0] [0.0, 2.0] [0.0, 2.0] [0.0, 2.0] [0.0, 2.0] [0.0, 2.0] [0.0, 2.0] [0.0, 2.0] [0.0, 2.0] [0.0, 2.0] [0.0, 2.0] [0.0, 2.0] [0.0, 2.0] [0.0, 2.0] [0.0, 2.0] [0.0, 2.0] [0.0, 2.0] [0.0, 2.0] [0.0, 2.0] [0.0, 2.0] [0.0, 2.0] [0.0, 2.0] [0.0, 2.0] [0.0, 2.0] [0.0, 2.0] [0.0, 2.0] [0.0, 2.0] [0.0, 2.0] [0.0, 2.0] [0.0, 2.0] [0.0, 2.0] [0.0, 2.0] [0.0, 2.0] [0.0, 2.0] 
    3: [0.0, 2.0] [0.0, 2.0] [0.0, 2.0] [0.0, 2.0] [0.0, 2.0] [0.0, 2.0] [0.0, 2.0] [0.0, 1.0] [0.0, 2.0] [0.0, 2.0] [0.0, 2.0] [0.0, 2.0] [0.0, 2.0] [0.0, 2.0] [0.0, 2.0] [0.0, 2.0] [0.0, 2.0] [0.0, 2.0] [0.0, 2.0] [0.0, 2.0] [0.0, 2.0] [0.0, 2.0] [0.0, 2.0] [0.0, 2.0] [0.0, 2.0] [0.0, 2.0] [0.0, 2.0] [0.0, 2.0] [0.0, 2.0] [0.0, 2.0] [0.0, 2.0] [0.0, 2.0] [0.0, 2.0] [0.0, 2.0] [0.0, 2.0] [0.0, 2.0] [0.0, 2.0] [0.0, 2.0] [0.0, 2.0] [0.0, 2.0] [0.0, 2.0] [0.0, 2.0] [0.0, 2.0] [0.0, 2.0] [0.0, 2.0] [0.0, 2.0] [0.0, 2.0] [0.0, 2.0] [0.0, 2.0] [0.0, 2.0] [0.0, 2.0] [0.0, 2.0] [0.0, 2.0] [0.0, 2.0] [0.0, 2.0] [0.0, 2.0] [0.0, 2.0] [0.0, 2.0] [0.0, 2.0] [0.0, 1.0] [0.0, 2.0] [0.0, 2.0] [0.0, 2.0] [0.0, 2.0] [0.0, 2.0] [0.0, 2.0] [0.0, 1.0] [0.0, 2.0] [0.0, 2.0] [0.0, 2.0] [0.0, 2.0] [0.0, 2.0] [0.0, 2.0] [0.0, 2.0] [0.0, 1.0] [0.0, 2.0] [0.0, 2.0] [0.0, 2.0] [0.0, 2.0] [0.0, 2.0] [0.0, 2.0] [0.0, 2.0] [0.0, 2.0] [0.0, 2.0] [0.0, 2.0] [0.0, 2.0] [0.0, 2.0] [0.0, 2.0] [0.0, 2.0] [0.0, 2.0] [0.0, 2.0] [0.0, 2.0] [0.0, 2.0] [0.0, 2.0] [0.0, 2.0] [0.0, 2.0] [0.0, 2.0] [0.0, 2.0] [0.0, 2.0] [0.0, 2.0] [0.0, 2.0] [0.0, 2.0] [0.0, 2.0] [0.0, 2.0] [0.0, 2.0] [0.0, 2.0] [0.0, 2.0] [0.0, 2.0] [0.0, 2.0] [0.0, 2.0] [0.0, 2.0] [0.0, 2.0] [0.0, 2.0] [0.0, 2.0] [0.0, 2.0] [0.0, 2.0] [0.0, 2.0] [0.0, 2.0] [0.0, 2.0] [0.0, 2.0] [0.0, 2.0] [0.0, 2.0] [0.0, 2.0] [0.0, 2.0] [0.0, 2.0] [0.0, 2.0] [0.0, 2.0] [0.0, 2.0] [0.0, 2.0] [0.0, 2.0] [0.0, 2.0] [0.0, 2.0] [0.0, 2.0] [0.0, 2.0] [0.0, 2.0] [0.0, 2.0] [0.0, 2.0] [0.0, 2.0] [0.0, 2.0] [0.0, 2.0] [0.0, 2.0] [0.0, 2.0] [0.0, 2.0] [0.0, 2.0] [0.0, 2.0] [0.0, 2.0] [0.0, 2.0] [0.0, 2.0] [0.0, 2.0] [0.0, 1.0] [0.0, 2.0] [0.0, 2.0] [0.0, 2.0] [0.0, 2.0] [0.0, 2.0] [0.0, 2.0] [0.0, 2.0] [0.0, 2.0] [0.0, 2.0] [0.0, 2.0] [0.0, 0.0] [0.0, 2.0] [0.0, 2.0] [0.0, 2.0] [0.0, 2.0] [0.0, 2.0] [0.0, 2.0] [0.0, 2.0] [0.0, 2.0] [0.0, 2.0] [0.0, 2.0] [0.0, 2.0] [0.0, 2.0] [0.0, 2.0] [0.0, 2.0] [0.0, 2.0] [0.0, 2.0] [0.0, 2.0] [0.0, 2.0] [0.0, 2.0] [0.0, 2.0] [0.0, 2.0] [0.0, 2.0] [0.0, 2.0] [0.0, 2.0] [0.0, 2.0] [0.0, 2.0] [0.0, 2.0] [0.0, 2.0] [0.0, 2.0] [0.0, 2.0] [0.0, 2.0] [0.0, 2.0] [0.0, 2.0] [0.0, 2.0] [0.0, 2.0] [0.0, 2.0] [0.0, 2.0] [0.0, 2.0] [0.0, 2.0] [0.0, 2.0] [0.0, 2.0] [0.0, 2.0] [0.0, 2.0] [0.0, 2.0] [0.0, 2.0] [0.0, 2.0] [0.0, 2.0] [0.0, 2.0] [0.0, 2.0] [0.0, 2.0] [0.0, 2.0] [0.0, 2.0] [0.0, 2.0] [0.0, 2.0] [0.0, 2.0] [0.0, 2.0] [0.0, 2.0] [0.0, 2.0] [0.0, 2.0] [0.0, 2.0] [0.0, 2.0] [0.0, 2.0] [0.0, 1.0] [0.0, 2.0] [0.0, 2.0] [0.0, 2.0] [0.0, 2.0] [0.0, 2.0] [0.0, 2.0] [0.0, 2.0] [0.0, 2.0] [0.0, 1.0] [0.0, 2.0] [0.0, 2.0] [0.0, 2.0] [0.0, 2.0] [0.0, 2.0] [0.0, 2.0] [0.0, 2.0] [0.0, 2.0] [0.0, 2.0] [0.0, 2.0] [0.0, 2.0] [0.0, 2.0] [0.0, 2.0] [0.0, 2.0] [0.0, 2.0] [0.0, 2.0] [0.0, 2.0] [0.0, 2.0] [0.0, 2.0] [0.0, 2.0] [0.0, 2.0] [0.0, 2.0] [0.0, 2.0] [0.0, 2.0] [0.0, 2.0] [0.0, 2.0] [0.0, 2.0] [0.0, 2.0] [0.0, 2.0] [0.0, 2.0] [0.0, 2.0] [0.0, 2.0] [0.0, 2.0] [0.0, 2.0] [0.0, 2.0] [0.0, 2.0] [0.0, 2.0] [0.0, 2.0] [0.0, 2.0] [0.0, 2.0] [0.0, 2.0] [0.0, 2.0] [0.0, 2.0] [0.0, 2.0] [0.0, 2.0] [0.0, 2.0] [0.0, 2.0] [0.0, 2.0] [0.0, 2.0] [0.0, 2.0] [0.0, 2.0] [0.0, 2.0] [0.0, 2.0] [0.0, 2.0] [0.0, 2.0] [0.0, 2.0] [0.0, 2.0] [0.0, 2.0] [0.0, 2.0] [0.0, 2.0] [0.0, 2.0] [0.0, 2.0] [0.0, 2.0] [0.0, 2.0] [0.0, 2.0] [0.0, 2.0] [0.0, 2.0] [0.0, 2.0] [0.0, 2.0] [0.0, 2.0] [0.0, 2.0] [0.0, 2.0] [0.0, 2.0] [0.0, 2.0] [0.0, 2.0] [0.0, 2.0] [0.0, 2.0] [0.0, 2.0] [0.0, 2.0] [0.0, 2.0] [0.0, 1.0] [0.0, 2.0] [0.0, 2.0] [0.0, 1.0] [0.0, 2.0] [0.0, 2.0] [0.0, 2.0] [0.0, 2.0] [0.0, 2.0] [0.0, 2.0] [0.0, 2.0] [0.0, 2.0] [0.0, 2.0] [0.0, 2.0] [0.0, 2.0] [0.0, 2.0] [0.0, 2.0] [0.0, 2.0] [0.0, 2.0] [0.0, 2.0] [0.0, 2.0] [0.0, 2.0] [0.0, 2.0] [0.0, 2.0] [0.0, 2.0] [0.0, 2.0] [0.0, 2.0] [0.0, 2.0] [0.0, 2.0] [0.0, 2.0] [0.0, 2.0] [0.0, 2.0] [0.0, 2.0] [0.0, 2.0] [0.0, 2.0] [0.0, 2.0] [0.0, 2.0] [0.0, 2.0] [0.0, 2.0] [0.0, 2.0] [0.0, 2.0] [0.0, 2.0] [0.0, 2.0] [0.0, 2.0] [0.0, 2.0] [0.0, 2.0] [0.0, 2.0] [0.0, 2.0] [0.0, 2.0] [0.0, 2.0] [0.0, 2.0] [0.0, 2.0] [0.0, 2.0] [0.0, 2.0] [0.0, 2.0] [0.0, 2.0] [0.0, 2.0] [0.0, 2.0] [0.0, 2.0] [0.0, 2.0] [0.0, 2.0] [0.0, 2.0] [0.0, 2.0] [0.0, 2.0] [0.0, 2.0] [0.0, 2.0] [0.0, 2.0] [0.0, 2.0] [0.0, 2.0] [0.0, 2.0] [0.0, 1.0] [0.0, 2.0] [0.0, 2.0] [0.0, 2.0] [0.0, 2.0] [0.0, 2.0] [0.0, 2.0] [0.0, 2.0] [0.0, 2.0] [0.0, 2.0] [0.0, 2.0] [0.0, 2.0] [0.0, 2.0] [0.0, 2.0] [0.0, 2.0] [0.0, 2.0] [0.0, 2.0] [0.0, 2.0] [0.0, 2.0] [0.0, 2.0] [0.0, 2.0] [0.0, 2.0] [0.0, 2.0] [0.0, 2.0] [0.0, 2.0] [0.0, 2.0] [0.0, 2.0] [0.0, 2.0] [0.0, 2.0] [0.0, 2.0] [0.0, 2.0] [0.0, 2.0] [0.0, 2.0] [0.0, 2.0] [0.0, 2.0] [0.0, 2.0] [0.0, 2.0] [0.0, 2.0] [0.0, 2.0] [0.0, 2.0] [0.0, 0.0] [0.0, 2.0] [0.0, 2.0] [0.0, 1.0] [0.0, 2.0] [0.0, 2.0] [0.0, 2.0] [0.0, 2.0] [0.0, 2.0] [0.0, 1.0] [0.0, 2.0] [0.0, 2.0] [0.0, 2.0] [0.0, 2.0] [0.0, 2.0] [0.0, 2.0] [0.0, 2.0] [0.0, 2.0] [0.0, 2.0] [0.0, 2.0] [0.0, 2.0] [0.0, 2.0] 
  Output fraction of data:
choice: (0.545 0.477 0.335 0.495 0.421 0.454 0.433 0.523 0.507 0.273 0.514 0.331 0.361 0.541 0.609 0.542 0.403 0.641 0.399 0.472 0.432 0.471 0.453 0.464 0.469 0.409 0.515 0.410 0.238 0.410 0.513 0.424 0.442 0.575 0.318 0.548 0.668 0.451 0.519 0.584 0.442 0.580 0.482 0.360 0.461 0.623 0.477 0.348 0.428 0.542 0.444 0.476 0.498 0.494 0.413 0.452 0.509 0.373 0.501 0.664 0.505 0.458 0.599 0.471 0.440 0.395 0.395 0.696 0.554 0.525 0.689 0.447 0.543 0.440 0.547 0.572 0.363 0.394 0.421 0.520 0.602 0.496 0.535 0.607 0.473 0.557 0.492 0.616 0.577 0.494 0.403 0.592 0.427 0.581 0.474 0.624 0.559 0.416 0.335 0.598 0.405 0.486 0.593 0.432 0.379 0.496 0.571 0.414 0.540 0.549 0.495 0.536 0.520 0.562 0.394 0.415 0.513 0.453 0.531 0.529 0.472 0.582 0.633 0.503 0.558 0.451 0.510 0.403 0.551 0.496 0.333 0.534 0.527 0.494 0.525 0.546 0.469 0.529 0.451 0.500 0.458 0.581 0.760 0.438 0.500 0.423 0.597 0.442 0.467 0.504 0.499 0.469 0.571 0.438 0.384 0.392 0.561 0.447 0.458 0.599 0.394 0.479 0.485 0.511 0.547 0.304 0.564 0.482 0.285 0.400 0.337 0.531 0.612 0.610 0.552 0.573 0.558 0.556 0.420 0.510 0.507 0.403 0.493 0.426 0.394 0.500 0.425 0.428 0.467 0.654 0.618 0.520 0.380 0.603 0.316 0.486 0.454 0.457 0.646 0.428 0.387 0.436 0.201 0.494 0.629 0.333 0.429 0.430 0.424 0.374 0.552 0.578 0.550 0.561 0.455 0.502 0.481 0.683 0.623 0.412 0.463 0.372 0.549 0.522 0.639 0.541 0.505 0.231 0.404 0.630 0.458 0.581 0.643 0.535 0.497 0.470 0.359 0.452 0.411 0.381 0.672 0.331 0.491 0.429 0.611 0.484 0.426 0.515 0.531 0.587 0.305 0.505 0.481 0.529 0.494 0.699 0.121 0.412 0.358 0.428 0.523 0.406 0.480 0.494 0.522 0.595 0.483 0.497 0.450 0.558 0.539 0.460 0.616 0.470 0.470 0.803 0.414 0.541 0.530 0.502 0.512 0.426 0.536 0.431 0.379 0.532 0.623 0.448 0.554 0.612 0.559 0.653 0.592 0.575 0.565 0.601 0.506 0.510 0.561 0.477 0.516 0.389 0.563 0.524 0.449 0.386 0.529 0.524 0.734 0.588 0.541 0.503 0.410 0.379 0.416 0.431 0.557 0.657 0.610 0.497 0.556 0.357 0.568 0.526 0.368 0.516 0.440 0.439 0.691 0.397 0.543 0.497 0.505 0.510 0.588 0.444 0.500 0.576 0.496 0.513 0.531 0.532 0.531 0.482 0.627 0.532 0.448 0.463 0.538 0.764 0.532 0.569 0.405 0.599 0.431 0.741 0.492 0.458 0.368 0.348 0.398 0.470 0.664 0.509 0.289 0.477 0.502 0.517 0.573 0.595 0.426 0.600 0.797 0.676 0.526 0.390 0.519 0.554 0.362 0.649 0.503 0.384 0.365 0.526 0.454 0.428 0.464 0.475 0.332 0.409 0.425 0.397 0.486 0.518 0.462 0.635 0.291 0.426 0.642 0.614 0.543 0.447 0.458 0.388 0.522 0.401 0.537 0.537 0.540 0.527 0.561 0.608 0.541 0.453 0.558 0.523 0.552 0.403 0.479 0.626 0.546 0.576 0.395 0.635 0.642 0.557 0.381 0.592 0.358 0.440 0.511 0.432 0.504 0.443 0.599 0.655 0.332 0.483 0.501 0.559 0.473 0.488 0.491 0.449 0.397)  0.455 0.523 0.665 0.505 0.579 0.546 0.567 0.477 0.493 0.727 0.486 0.669 0.639 0.459 0.391 0.458 0.597 0.359 0.601 0.528 0.568 0.529 0.547 0.536 0.531 0.591 0.485 0.590 0.762 0.590 0.487 0.576 0.558 0.425 0.682 0.452 0.332 0.549 0.481 0.416 0.558 0.420 0.518 0.640 0.539 0.377 0.523 0.652 0.572 0.458 0.556 0.524 0.502 0.506 0.587 0.548 0.491 0.627 0.499 0.336 0.495 0.542 0.401 0.529 0.560 0.605 0.605 0.304 0.446 0.475 0.311 0.553 0.457 0.560 0.453 0.428 0.637 0.606 0.579 0.480 0.398 0.504 0.465 0.393 0.527 0.443 0.508 0.384 0.423 0.506 0.597 0.408 0.573 0.419 0.526 0.376 0.441 0.584 0.665 0.402 0.595 0.514 0.407 0.568 0.621 0.504 0.429 0.586 0.460 0.451 0.505 0.464 0.480 0.438 0.606 0.585 0.487 0.547 0.469 0.471 0.528 0.418 0.367 0.497 0.442 0.549 0.490 0.597 0.449 0.504 0.667 0.466 0.473 0.506 0.475 0.454 0.531 0.471 0.549 0.500 0.542 0.419 0.240 0.562 0.500 0.577 0.403 0.558 0.533 0.496 0.501 0.531 0.429 0.562 0.616 0.608 0.439 0.553 0.542 0.401 0.606 0.521 0.515 0.489 0.453 0.696 0.436 0.518 0.715 0.600 0.663 0.469 0.388 0.390 0.448 0.427 0.442 0.444 0.580 0.490 0.493 0.597 0.507 0.574 0.606 0.500 0.575 0.572 0.533 0.346 0.382 0.480 0.620 0.397 0.684 0.514 0.546 0.543 0.354 0.572 0.613 0.564 0.799 0.506 0.371 0.667 0.571 0.570 0.576 0.626 0.448 0.422 0.450 0.439 0.545 0.498 0.519 0.317 0.377 0.588 0.537 0.628 0.451 0.478 0.361 0.459 0.495 0.769 0.596 0.370 0.542 0.419 0.357 0.465 0.503 0.530 0.641 0.548 0.589 0.619 0.328 0.669 0.509 0.571 0.389 0.516 0.574 0.485 0.469 0.413 0.695 0.495 0.519 0.471 0.506 0.301 0.879 0.588 0.642 0.572 0.477 0.594 0.520 0.506 0.478 0.405 0.517 0.503 0.550 0.442 0.461 0.540 0.384 0.530 0.530 0.197 0.586 0.459 0.470 0.498 0.488 0.574 0.464 0.569 0.621 0.468 0.377 0.552 0.446 0.388 0.441 0.347 0.408 0.425 0.435 0.399 0.494 0.490 0.439 0.523 0.484 0.611 0.437 0.476 0.551 0.614 0.471 0.476 0.266 0.412 0.459 0.497 0.590 0.621 0.584 0.569 0.443 0.343 0.390 0.503 0.444 0.643 0.432 0.474 0.632 0.484 0.560 0.561 0.309 0.603 0.457 0.503 0.495 0.490 0.412 0.556 0.500 0.424 0.504 0.487 0.469 0.468 0.469 0.518 0.373 0.468 0.552 0.537 0.462 0.236 0.468 0.431 0.595 0.401 0.569 0.259 0.508 0.542 0.632 0.652 0.602 0.530 0.336 0.491 0.711 0.523 0.498 0.483 0.427 0.405 0.574 0.400 0.203 0.324 0.474 0.610 0.481 0.446 0.638 0.351 0.497 0.616 0.635 0.474 0.546 0.572 0.536 0.525 0.668 0.591 0.575 0.603 0.514 0.482 0.538 0.365 0.709 0.574 0.358 0.386 0.457 0.553 0.542 0.612 0.478 0.599 0.463 0.463 0.460 0.473 0.439 0.392 0.459 0.547 0.442 0.477 0.448 0.597 0.521 0.374 0.454 0.424 0.605 0.365 0.358 0.443 0.619 0.408 0.642 0.560 0.489 0.568 0.496 0.557 0.401 0.345 0.668 0.517 0.499 0.441 0.527 0.512 0.509 0.551 0.603)  
prior_probability_left: (0.475 0.430 0.423 0.432 0.314 0.317 0.404 0.424 0.479 0.473 0.370 0.283 0.361 0.545 0.616 0.328 0.308 0.427 0.342 0.303 0.507 0.405 0.441 0.427 0.414 0.529 0.399 0.327 0.299 0.374 0.415 0.331 0.321 0.433 0.341 0.414 0.533 0.441 0.467 0.450 0.401 0.417 0.291 0.525 0.511 0.394 0.419 0.298 0.314 0.558 0.396 0.409 0.298 0.391 0.459 0.426 0.497 0.420 0.410 0.454 0.479 0.464 0.414 0.463 0.529 0.236 0.494 0.434 0.505 0.444 0.498 0.346 0.372 0.386 0.430 0.441 0.417 0.234 0.472 0.398 0.492 0.429 0.505 0.303 0.433 0.423 0.434 0.392 0.528 0.403 0.369 0.364 0.385 0.417 0.480 0.509 0.322 0.280 0.340 0.415 0.335 0.508 0.437 0.417 0.397 0.385 0.522 0.251 0.403 0.507 0.399 0.323 0.489 0.413 0.263 0.299 0.442 0.365 0.402 0.404 0.456 0.483 0.421 0.370 0.442 0.359 0.422 0.265 0.327 0.469 0.349 0.425 0.437 0.462 0.399 0.419 0.472 0.491 0.415 0.304 0.368 0.388 0.442 0.458 0.372 0.453 0.322 0.298 0.538 0.339 0.482 0.482 0.543 0.413 0.327 0.503 0.437 0.414 0.276 0.478 0.343 0.448 0.408 0.444 0.386 0.200 0.436 0.436 0.359 0.469 0.285 0.269 0.396 0.485 0.470 0.437 0.433 0.520 0.349 0.484 0.398 0.373 0.465 0.439 0.413 0.478 0.524 0.469 0.388 0.420 0.569 0.413 0.383 0.463 0.350 0.465 0.466 0.354 0.458 0.305 0.343 0.393 0.289 0.416 0.361 0.355 0.412 0.288 0.518 0.382 0.415 0.426 0.490 0.407 0.359 0.519 0.413 0.473 0.338 0.439 0.472 0.477 0.466 0.478 0.500 0.444 0.406 0.250 0.303 0.451 0.357 0.393 0.309 0.395 0.396 0.268 0.368 0.404 0.439 0.337 0.501 0.281 0.488 0.490 0.575 0.430 0.367 0.400 0.416 0.336 0.366 0.254 0.401 0.384 0.342 0.485 0.270 0.340 0.291 0.548 0.512 0.309 0.381 0.527 0.457 0.413 0.456 0.412 0.413 0.442 0.513 0.421 0.460 0.272 0.485 0.483 0.444 0.504 0.534 0.292 0.456 0.335 0.409 0.402 0.389 0.441 0.458 0.375 0.410 0.423 0.401 0.527 0.442 0.389 0.442 0.451 0.456 0.378 0.506 0.449 0.478 0.477 0.447 0.385 0.413 0.404 0.487 0.410 0.417 0.329 0.463 0.350 0.448 0.393 0.458 0.418 0.435 0.365 0.507 0.384 0.405 0.291 0.426 0.511 0.300 0.434 0.341 0.468 0.530 0.343 0.407 0.470 0.479 0.495 0.245 0.437 0.446 0.521 0.432 0.518 0.491 0.540 0.412 0.449 0.458 0.298 0.340 0.413 0.282 0.447 0.353 0.378 0.470 0.434 0.392 0.417 0.455 0.448 0.419 0.309 0.436 0.479 0.388 0.449 0.413 0.440 0.426 0.388 0.400 0.461 0.360 0.475 0.369 0.451 0.476 0.470 0.280 0.401 0.296 0.471 0.373 0.379 0.262 0.430 0.418 0.306 0.297 0.413 0.332 0.297 0.356 0.410 0.378 0.463 0.445 0.420 0.222 0.336 0.489 0.359 0.312 0.472 0.450 0.245 0.425 0.403 0.373 0.446 0.522 0.497 0.327 0.453 0.266 0.568 0.449 0.464 0.427 0.442 0.443 0.446 0.426 0.437 0.379 0.612 0.429 0.449 0.407 0.488 0.400 0.403 0.394 0.425 0.390 0.436 0.509 0.425 0.388 0.440 0.420 0.427 0.428 0.387 0.457 0.467 0.421)  0.125 0.113 0.115 0.219 0.111 0.144 0.115 0.174 0.097 0.135 0.261 0.315 0.153 0.160 0.110 0.163 0.195 0.096 0.092 0.161 0.107 0.173 0.146 0.118 0.209 0.102 0.144 0.111 0.115 0.220 0.088 0.095 0.102 0.110 0.104 0.295 0.190 0.115 0.110 0.198 0.174 0.136 0.146 0.081 0.144 0.225 0.101 0.121 0.117 0.211 0.077 0.170 0.226 0.123 0.150 0.080 0.080 0.124 0.183 0.163 0.154 0.058 0.209 0.157 0.100 0.275 0.153 0.185 0.121 0.138 0.251 0.065 0.165 0.155 0.104 0.096 0.199 0.252 0.178 0.102 0.149 0.166 0.135 0.224 0.141 0.166 0.163 0.290 0.150 0.212 0.086 0.211 0.203 0.102 0.100 0.182 0.174 0.172 0.104 0.190 0.132 0.161 0.232 0.134 0.149 0.259 0.132 0.314 0.171 0.155 0.234 0.139 0.173 0.222 0.137 0.252 0.113 0.225 0.145 0.159 0.172 0.104 0.156 0.124 0.149 0.180 0.099 0.223 0.151 0.111 0.102 0.127 0.183 0.168 0.118 0.180 0.186 0.099 0.057 0.225 0.195 0.178 0.195 0.121 0.145 0.080 0.140 0.182 0.077 0.309 0.073 0.113 0.184 0.147 0.067 0.132 0.135 0.242 0.140 0.174 0.160 0.120 0.080 0.128 0.081 0.188 0.103 0.096 0.176 0.100 0.117 0.131 0.185 0.168 0.088 0.204 0.202 0.138 0.092 0.154 0.220 0.240 0.147 0.147 0.109 0.189 0.112 0.139 0.163 0.154 0.100 0.120 0.143 0.112 0.191 0.135 0.102 0.238 0.225 0.164 0.144 0.075 0.190 0.203 0.103 0.129 0.094 0.170 0.139 0.128 0.161 0.185 0.158 0.143 0.199 0.189 0.147 0.143 0.265 0.116 0.204 0.100 0.111 0.208 0.123 0.191 0.148 0.196 0.154 0.192 0.108 0.129 0.171 0.094 0.189 0.219 0.073 0.110 0.167 0.113 0.142 0.219 0.099 0.071 0.153 0.103 0.111 0.220 0.171 0.132 0.256 0.223 0.232 0.226 0.292 0.100 0.233 0.141 0.126 0.067 0.102 0.125 0.183 0.080 0.159 0.178 0.133 0.198 0.163 0.134 0.150 0.153 0.193 0.128 0.082 0.116 0.120 0.132 0.080 0.266 0.143 0.160 0.228 0.305 0.098 0.119 0.229 0.157 0.110 0.115 0.191 0.175 0.185 0.324 0.134 0.150 0.151 0.235 0.159 0.109 0.115 0.091 0.082 0.140 0.112 0.135 0.104 0.112 0.173 0.148 0.163 0.127 0.140 0.127 0.090 0.088 0.207 0.116 0.131 0.143 0.104 0.266 0.193 0.153 0.108 0.211 0.248 0.101 0.147 0.156 0.217 0.110 0.144 0.194 0.145 0.108 0.124 0.082 0.133 0.071 0.178 0.109 0.107 0.147 0.140 0.234 0.228 0.110 0.124 0.197 0.173 0.250 0.094 0.145 0.155 0.228 0.142 0.136 0.109 0.180 0.180 0.202 0.091 0.105 0.152 0.213 0.198 0.231 0.192 0.190 0.256 0.105 0.155 0.143 0.137 0.096 0.245 0.123 0.204 0.118 0.230 0.089 0.139 0.259 0.087 0.189 0.187 0.218 0.188 0.176 0.158 0.099 0.341 0.127 0.174 0.171 0.274 0.103 0.199 0.193 0.196 0.179 0.101 0.283 0.171 0.118 0.153 0.147 0.146 0.075 0.150 0.131 0.245 0.167 0.102 0.147 0.130 0.083 0.169 0.105 0.109 0.124 0.263 0.000 0.209 0.154 0.270 0.137 0.230 0.088 0.154 0.074 0.202 0.139 0.134 0.190 0.112 0.071 0.141 0.170 0.056 0.090 0.111 0.202 0.150)  0.400 0.457 0.462 0.349 0.576 0.539 0.480 0.402 0.424 0.392 0.370 0.402 0.486 0.295 0.274 0.509 0.497 0.476 0.566 0.536 0.387 0.421 0.412 0.455 0.377 0.369 0.457 0.562 0.586 0.407 0.497 0.574 0.577 0.457 0.555 0.291 0.277 0.444 0.424 0.351 0.425 0.447 0.563 0.394 0.344 0.381 0.480 0.580 0.569 0.231 0.526 0.421 0.477 0.486 0.391 0.494 0.423 0.456 0.407 0.384 0.367 0.478 0.377 0.380 0.371 0.488 0.354 0.381 0.374 0.418 0.251 0.589 0.463 0.459 0.466 0.463 0.384 0.515 0.350 0.499 0.359 0.405 0.360 0.473 0.426 0.411 0.403 0.318 0.322 0.384 0.545 0.425 0.412 0.481 0.420 0.308 0.504 0.548 0.556 0.396 0.533 0.331 0.331 0.450 0.454 0.356 0.346 0.435 0.427 0.337 0.367 0.538 0.337 0.365 0.600 0.449 0.445 0.410 0.453 0.436 0.372 0.412 0.423 0.505 0.409 0.461 0.479 0.512 0.522 0.420 0.549 0.448 0.380 0.370 0.483 0.401 0.341 0.410 0.528 0.471 0.437 0.433 0.363 0.421 0.483 0.466 0.538 0.519 0.385 0.352 0.445 0.405 0.273 0.440 0.607 0.366 0.428 0.344 0.584 0.348 0.497 0.432 0.513 0.429 0.534 0.612 0.461 0.468 0.464 0.431 0.598 0.600 0.419 0.347 0.442 0.359 0.365 0.342 0.558 0.362 0.382 0.386 0.388 0.414 0.479 0.333 0.364 0.392 0.449 0.426 0.331 0.467 0.475 0.425 0.459 0.400 0.432 0.409 0.317 0.531 0.513 0.532 0.520 0.381 0.536 0.516 0.494 0.542 0.343 0.489 0.424 0.390 0.351 0.449 0.442 0.292 0.439 0.383 0.396 0.444 0.324 0.423 0.422 0.314 0.377 0.365 0.446 0.554 0.543 0.357 0.535 0.478 0.520 0.511 0.414 0.513 0.559 0.486 0.394 0.550 0.357 0.500 0.413 0.439 0.271 0.466 0.522 0.380 0.413 0.532 0.378 0.523 0.367 0.391 0.366 0.415 0.497 0.519 0.583 0.385 0.386 0.566 0.435 0.393 0.383 0.410 0.411 0.390 0.424 0.424 0.337 0.426 0.347 0.601 0.434 0.401 0.435 0.365 0.386 0.442 0.401 0.506 0.362 0.293 0.513 0.439 0.313 0.468 0.480 0.462 0.408 0.299 0.374 0.287 0.424 0.399 0.393 0.387 0.336 0.442 0.407 0.433 0.471 0.476 0.475 0.462 0.409 0.478 0.410 0.523 0.374 0.523 0.412 0.480 0.453 0.494 0.359 0.519 0.362 0.473 0.491 0.442 0.381 0.336 0.593 0.355 0.411 0.431 0.323 0.502 0.376 0.421 0.377 0.311 0.609 0.456 0.430 0.397 0.434 0.411 0.331 0.351 0.481 0.404 0.403 0.468 0.432 0.476 0.594 0.356 0.474 0.372 0.435 0.421 0.452 0.355 0.402 0.416 0.472 0.511 0.383 0.319 0.520 0.446 0.435 0.347 0.377 0.382 0.408 0.349 0.384 0.420 0.476 0.406 0.387 0.433 0.475 0.476 0.500 0.411 0.398 0.533 0.599 0.311 0.495 0.505 0.517 0.369 0.480 0.527 0.485 0.491 0.281 0.410 0.381 0.409 0.504 0.561 0.312 0.448 0.491 0.349 0.448 0.473 0.404 0.479 0.475 0.406 0.332 0.429 0.523 0.416 0.489 0.265 0.449 0.389 0.444 0.475 0.388 0.449 0.465 0.439 0.358 0.388 0.362 0.397 0.323 0.375 0.370 0.509 0.452 0.501 0.408 0.424 0.357 0.385 0.500 0.489 0.439 0.403 0.516 0.523 0.432 0.331 0.429)  
wheel_speed_tertile: (0.234 0.317 0.401 0.329 0.279 0.392 0.305 0.300 0.249 0.366 0.416 0.256 0.329 0.329 0.252 0.359 0.309 0.371 0.405 0.447 0.300 0.325 0.208 0.184 0.297 0.277 0.247 0.265 0.327 0.498 0.317 0.215 0.296 0.302 0.390 0.394 0.171 0.248 0.204 0.483 0.405 0.258 0.254 0.266 0.285 0.357 0.351 0.356 0.344 0.382 0.583 0.358 0.361 0.181 0.502 0.260 0.364 0.351 0.351 0.367 0.295 0.282 0.237 0.425 0.305 0.466 0.350 0.251 0.128 0.285 0.458 0.364 0.241 0.382 0.481 0.345 0.416 0.428 0.266 0.364 0.313 0.354 0.306 0.365 0.368 0.200 0.375 0.388 0.531 0.366 0.313 0.292 0.300 0.300 0.311 0.339 0.380 0.275 0.453 0.368 0.136 0.279 0.381 0.159 0.344 0.367 0.222 0.380 0.299 0.370 0.274 0.336 0.249 0.400 0.328 0.219 0.319 0.323 0.317 0.267 0.426 0.349 0.363 0.310 0.350 0.266 0.453 0.229 0.306 0.342 0.362 0.353 0.528 0.333 0.380 0.292 0.314 0.228 0.286 0.267 0.170 0.266 0.288 0.349 0.231 0.381 0.291 0.223 0.318 0.475 0.342 0.350 0.302 0.326 0.188 0.278 0.364 0.343 0.428 0.191 0.364 0.233 0.228 0.163 0.394 0.473 0.398 0.322 0.352 0.524 0.366 0.329 0.285 0.349 0.364 0.340 0.367 0.244 0.322 0.222 0.342 0.398 0.363 0.321 0.283 0.372 0.470 0.400 0.255 0.360 0.367 0.125 0.199 0.303 0.476 0.306 0.251 0.265 0.428 0.359 0.368 0.277 0.365 0.307 0.281 0.310 0.324 0.273 0.217 0.269 0.320 0.249 0.302 0.317 0.248 0.307 0.217 0.377 0.413 0.350 0.285 0.301 0.280 0.329 0.385 0.309 0.210 0.320 0.342 0.279 0.344 0.269 0.411 0.445 0.242 0.315 0.458 0.348 0.404 0.268 0.322 0.251 0.366 0.354 0.483 0.292 0.176 0.375 0.305 0.348 0.454 0.298 0.464 0.279 0.281 0.393 0.413 0.278 0.281 0.320 0.397 0.335 0.493 0.335 0.346 0.286 0.258 0.350 0.272 0.476 0.269 0.427 0.232 0.336 0.324 0.249 0.329 0.215 0.338 0.400 0.363 0.323 0.313 0.443 0.428 0.256 0.331 0.318 0.270 0.321 0.406 0.333 0.310 0.332 0.227 0.410 0.280 0.331 0.291 0.321 0.309 0.174 0.316 0.204 0.354 0.285 0.265 0.331 0.278 0.360 0.374 0.308 0.310 0.305 0.313 0.334 0.269 0.372 0.351 0.394 0.370 0.483 0.367 0.408 0.364 0.254 0.283 0.494 0.370 0.251 0.382 0.156 0.356 0.316 0.275 0.453 0.267 0.439 0.358 0.336 0.138 0.224 0.360 0.410 0.312 0.301 0.427 0.406 0.351 0.320 0.273 0.314 0.348 0.286 0.317 0.269 0.352 0.389 0.338 0.377 0.174 0.253 0.290 0.324 0.491 0.317 0.330 0.439 0.310 0.266 0.365 0.214 0.354 0.376 0.384 0.281 0.372 0.339 0.437 0.235 0.416 0.331 0.429 0.423 0.392 0.357 0.394 0.422 0.428 0.382 0.367 0.350 0.530 0.093 0.223 0.255 0.376 0.259 0.299 0.320 0.288 0.352 0.475 0.310 0.231 0.334 0.369 0.291 0.263 0.193 0.360 0.276 0.380 0.535 0.326 0.369 0.271 0.372 0.300 0.316 0.323 0.367 0.245 0.375 0.336 0.265 0.302 0.407 0.498 0.294 0.345 0.394 0.290 0.432 0.238 0.350 0.270 0.340 0.261 0.446 0.339 0.334 0.442 0.306 0.410)  0.452 0.310 0.413 0.369 0.469 0.358 0.322 0.327 0.505 0.282 0.326 0.351 0.388 0.446 0.408 0.285 0.412 0.254 0.249 0.273 0.356 0.247 0.405 0.474 0.347 0.453 0.366 0.454 0.363 0.210 0.444 0.436 0.442 0.210 0.252 0.232 0.366 0.388 0.435 0.254 0.210 0.451 0.378 0.466 0.279 0.388 0.322 0.360 0.394 0.241 0.203 0.387 0.414 0.385 0.299 0.540 0.228 0.288 0.339 0.369 0.424 0.309 0.455 0.336 0.323 0.273 0.335 0.339 0.420 0.395 0.306 0.277 0.276 0.352 0.295 0.241 0.314 0.347 0.329 0.245 0.384 0.397 0.285 0.432 0.379 0.370 0.314 0.235 0.334 0.242 0.262 0.389 0.293 0.385 0.337 0.285 0.321 0.482 0.356 0.359 0.444 0.391 0.380 0.525 0.402 0.255 0.391 0.253 0.286 0.397 0.289 0.326 0.328 0.235 0.310 0.498 0.230 0.422 0.407 0.452 0.291 0.296 0.170 0.389 0.321 0.331 0.300 0.297 0.298 0.279 0.316 0.358 0.154 0.403 0.352 0.377 0.383 0.447 0.389 0.347 0.331 0.518 0.272 0.251 0.371 0.300 0.325 0.574 0.285 0.287 0.224 0.312 0.382 0.376 0.409 0.425 0.273 0.385 0.317 0.492 0.363 0.375 0.357 0.432 0.297 0.261 0.258 0.338 0.305 0.209 0.338 0.377 0.498 0.400 0.329 0.286 0.429 0.365 0.453 0.343 0.398 0.252 0.324 0.392 0.366 0.354 0.310 0.374 0.294 0.279 0.381 0.440 0.386 0.431 0.209 0.388 0.520 0.425 0.218 0.271 0.381 0.303 0.254 0.514 0.429 0.301 0.306 0.513 0.411 0.397 0.415 0.433 0.280 0.284 0.389 0.351 0.469 0.206 0.321 0.320 0.331 0.248 0.427 0.317 0.358 0.324 0.489 0.453 0.375 0.401 0.421 0.447 0.276 0.323 0.433 0.286 0.221 0.318 0.178 0.290 0.373 0.403 0.301 0.401 0.217 0.312 0.574 0.291 0.351 0.238 0.313 0.486 0.324 0.306 0.404 0.245 0.181 0.419 0.366 0.347 0.354 0.382 0.311 0.267 0.387 0.294 0.385 0.428 0.353 0.216 0.333 0.257 0.332 0.400 0.295 0.420 0.340 0.342 0.231 0.215 0.393 0.391 0.285 0.274 0.263 0.300 0.354 0.372 0.294 0.371 0.232 0.254 0.496 0.265 0.493 0.335 0.320 0.235 0.267 0.309 0.320 0.373 0.315 0.462 0.313 0.482 0.395 0.356 0.329 0.251 0.326 0.283 0.429 0.406 0.254 0.402 0.478 0.392 0.228 0.387 0.183 0.198 0.387 0.229 0.379 0.383 0.324 0.239 0.180 0.427 0.356 0.407 0.365 0.419 0.326 0.249 0.497 0.326 0.358 0.227 0.444 0.335 0.277 0.316 0.396 0.472 0.218 0.275 0.347 0.256 0.426 0.322 0.278 0.299 0.329 0.273 0.425 0.381 0.345 0.238 0.411 0.444 0.408 0.314 0.228 0.321 0.352 0.203 0.438 0.341 0.248 0.468 0.285 0.241 0.210 0.396 0.389 0.252 0.321 0.340 0.265 0.428 0.293 0.290 0.205 0.277 0.289 0.246 0.252 0.252 0.241 0.423 0.165 0.454 0.357 0.310 0.268 0.380 0.482 0.380 0.272 0.352 0.286 0.370 0.491 0.290 0.218 0.376 0.368 0.396 0.418 0.421 0.202 0.269 0.364 0.356 0.437 0.420 0.435 0.186 0.285 0.287 0.299 0.363 0.223 0.409 0.331 0.274 0.193 0.321 0.189 0.310 0.356 0.305 0.338 0.376 0.355 0.225 0.518 0.202 0.249 0.310 0.289 0.340 0.237)  0.315 0.373 0.186 0.302 0.253 0.250 0.374 0.374 0.245 0.352 0.257 0.393 0.283 0.224 0.341 0.355 0.280 0.375 0.346 0.280 0.344 0.428 0.387 0.341 0.356 0.271 0.387 0.281 0.310 0.291 0.238 0.349 0.262 0.488 0.358 0.374 0.463 0.364 0.361 0.263 0.385 0.292 0.368 0.268 0.435 0.255 0.327 0.285 0.262 0.376 0.214 0.255 0.225 0.434 0.199 0.200 0.408 0.361 0.310 0.264 0.282 0.410 0.307 0.239 0.372 0.261 0.315 0.410 0.452 0.320 0.235 0.360 0.483 0.266 0.224 0.415 0.270 0.226 0.405 0.391 0.303 0.249 0.409 0.203 0.253 0.430 0.311 0.377 0.135 0.392 0.425 0.319 0.407 0.315 0.353 0.376 0.300 0.243 0.191 0.273 0.420 0.330 0.239 0.315 0.254 0.378 0.387 0.367 0.415 0.234 0.437 0.338 0.423 0.366 0.362 0.283 0.451 0.255 0.276 0.281 0.284 0.354 0.467 0.301 0.328 0.403 0.247 0.474 0.396 0.378 0.322 0.288 0.319 0.264 0.268 0.330 0.302 0.325 0.326 0.386 0.499 0.216 0.440 0.400 0.398 0.319 0.384 0.203 0.398 0.238 0.433 0.339 0.316 0.299 0.404 0.296 0.363 0.272 0.255 0.317 0.273 0.392 0.415 0.405 0.309 0.265 0.344 0.339 0.343 0.267 0.297 0.295 0.217 0.251 0.307 0.374 0.204 0.391 0.225 0.435 0.260 0.350 0.313 0.287 0.352 0.274 0.221 0.226 0.451 0.361 0.252 0.435 0.415 0.266 0.316 0.306 0.229 0.310 0.354 0.370 0.252 0.420 0.381 0.179 0.289 0.389 0.370 0.214 0.372 0.334 0.265 0.318 0.418 0.398 0.364 0.341 0.315 0.417 0.266 0.331 0.384 0.451 0.293 0.354 0.256 0.367 0.301 0.227 0.283 0.319 0.235 0.283 0.314 0.233 0.324 0.399 0.321 0.334 0.419 0.443 0.305 0.346 0.333 0.245 0.300 0.396 0.250 0.334 0.343 0.413 0.233 0.216 0.212 0.415 0.315 0.362 0.406 0.303 0.353 0.333 0.249 0.284 0.196 0.397 0.267 0.420 0.357 0.222 0.375 0.308 0.398 0.316 0.436 0.265 0.381 0.331 0.331 0.442 0.431 0.385 0.243 0.286 0.401 0.283 0.309 0.444 0.315 0.310 0.436 0.308 0.362 0.412 0.194 0.403 0.280 0.255 0.399 0.434 0.441 0.370 0.371 0.453 0.370 0.335 0.333 0.233 0.340 0.312 0.394 0.389 0.300 0.409 0.261 0.289 0.433 0.264 0.253 0.236 0.421 0.219 0.447 0.319 0.246 0.363 0.257 0.362 0.393 0.268 0.450 0.322 0.262 0.437 0.279 0.265 0.400 0.298 0.235 0.235 0.284 0.437 0.417 0.441 0.363 0.274 0.292 0.228 0.355 0.319 0.301 0.424 0.301 0.364 0.373 0.415 0.354 0.459 0.223 0.230 0.317 0.385 0.415 0.303 0.302 0.361 0.281 0.362 0.319 0.358 0.252 0.393 0.386 0.317 0.361 0.383 0.406 0.323 0.239 0.409 0.242 0.425 0.319 0.242 0.279 0.287 0.403 0.366 0.317 0.332 0.320 0.366 0.392 0.227 0.305 0.452 0.419 0.436 0.356 0.361 0.219 0.300 0.439 0.297 0.239 0.320 0.278 0.376 0.414 0.333 0.369 0.411 0.222 0.303 0.418 0.196 0.310 0.276 0.292 0.209 0.265 0.498 0.392 0.346 0.456 0.262 0.441 0.325 0.367 0.319 0.308 0.385 0.467 0.296 0.353 0.263 0.424 0.275 0.375 0.435 0.221 0.352 0.411 0.357 0.269 0.354 0.353)  
whisker_motion_energy_tertile: (0.237 0.035 0.129 0.194 0.805 0.420 0.315 0.449 0.063 0.260 0.357 0.315 0.376 0.284 0.228 0.210 0.049 0.245 0.338 0.479 0.301 0.355 0.115 0.082 0.291 0.134 0.101 0.123 0.644 0.419 0.237 0.141 0.087 0.139 0.999 0.303 0.224 0.099 0.106 0.423 0.363 0.192 0.088 0.158 0.153 0.379 0.394 0.223 0.022 0.098 0.211 0.168 0.276 0.118 0.143 0.181 0.955 0.338 0.414 0.972 0.815 0.191 0.163 0.351 0.155 0.420 0.646 0.395 0.059 0.102 0.489 0.448 0.364 0.252 0.984 0.232 0.486 0.320 0.221 0.225 0.290 0.398 0.258 0.197 0.245 0.381 0.312 0.312 0.330 0.264 0.653 0.235 0.323 0.156 0.097 0.104 0.171 0.061 0.447 0.269 0.051 0.276 0.360 0.034 0.214 0.240 0.170 0.267 0.198 0.996 0.234 0.271 0.119 0.292 0.343 0.741 0.257 0.066 0.274 0.189 0.206 0.393 0.339 0.247 0.120 0.578 0.589 0.315 0.273 0.438 0.402 0.308 0.528 0.243 0.413 0.082 0.390 0.016 0.275 0.140 0.076 0.064 0.473 0.246 0.184 0.459 0.456 0.068 0.678 0.941 0.947 0.211 0.233 0.121 0.098 0.273 0.595 0.229 0.526 0.102 1.000 0.078 0.127 0.048 0.249 0.984 0.247 0.250 0.484 0.988 0.969 0.319 0.122 0.246 0.303 0.202 0.284 0.251 0.256 0.270 0.232 0.234 0.243 0.278 0.151 0.449 0.341 0.298 0.508 0.228 0.269 0.005 0.039 0.138 0.429 0.149 0.104 0.076 0.409 0.320 0.186 0.401 0.314 0.175 0.201 0.234 0.394 0.080 0.240 0.165 0.324 0.186 0.089 0.259 0.117 0.138 0.263 0.318 0.228 0.228 0.176 0.183 0.247 0.902 0.340 0.091 0.165 0.172 0.173 0.222 0.140 0.355 0.718 0.779 0.114 0.137 0.998 0.325 0.493 0.200 0.380 0.760 0.451 0.410 0.606 0.115 0.023 0.210 0.264 0.219 0.412 0.464 0.128 0.322 0.240 0.783 0.350 0.102 0.341 0.304 0.965 0.099 0.336 0.357 0.156 0.235 0.490 0.291 0.110 0.390 0.209 0.296 0.398 0.184 0.313 0.153 0.259 0.123 0.980 0.338 0.169 0.236 0.267 0.379 0.328 0.368 0.386 0.340 0.349 0.189 0.311 0.254 0.069 0.328 0.237 0.359 0.300 0.301 0.233 0.315 0.144 0.046 0.363 0.103 0.364 0.959 0.196 0.320 0.403 0.193 0.327 0.236 0.121 0.840 0.457 0.348 0.996 0.078 0.316 0.212 0.357 0.937 0.284 0.383 0.398 0.078 0.358 0.435 0.360 0.352 0.152 0.067 0.402 0.323 0.420 0.368 0.090 0.974 0.249 0.685 0.006 0.318 0.185 0.401 0.315 0.296 0.436 0.293 0.308 0.451 0.324 0.104 0.253 0.275 0.278 0.389 0.185 0.328 0.368 0.386 0.262 0.051 0.109 0.336 0.510 0.161 0.189 0.417 0.135 0.081 0.232 0.104 0.405 0.241 0.389 0.268 0.370 0.189 0.421 0.402 0.280 0.335 0.407 0.779 0.948 0.080 0.237 0.369 0.955 0.345 0.249 0.278 0.530 0.030 0.205 0.411 0.411 0.133 0.475 0.189 0.316 0.189 0.575 0.318 0.125 0.173 0.339 0.131 0.144 0.200 0.240 0.155 0.334 0.557 0.281 0.259 0.186 0.188 0.229 0.309 0.295 0.182 0.328 1.000 0.204 0.170 0.657 0.255 0.179 0.364 0.374 0.398 0.405 0.336 0.283 0.202 0.195 0.700 0.131 0.380 0.986 0.179 0.954 0.262 0.178)  0.320 0.259 0.319 0.542 0.195 0.480 0.481 0.551 0.326 0.249 0.169 0.214 0.624 0.471 0.482 0.135 0.568 0.299 0.112 0.475 0.687 0.316 0.802 0.403 0.233 0.197 0.374 0.353 0.356 0.089 0.542 0.557 0.270 0.499 0.000 0.175 0.636 0.339 0.410 0.201 0.207 0.361 0.217 0.175 0.235 0.621 0.596 0.184 0.540 0.301 0.112 0.245 0.463 0.765 0.344 0.751 0.045 0.564 0.480 0.028 0.185 0.145 0.331 0.603 0.326 0.107 0.354 0.402 0.842 0.198 0.399 0.451 0.496 0.191 0.016 0.127 0.348 0.263 0.686 0.132 0.362 0.602 0.093 0.234 0.196 0.501 0.557 0.288 0.366 0.210 0.347 0.761 0.471 0.367 0.392 0.224 0.399 0.323 0.522 0.411 0.841 0.505 0.149 0.257 0.190 0.205 0.328 0.221 0.151 0.004 0.096 0.202 0.236 0.198 0.591 0.258 0.120 0.613 0.480 0.416 0.146 0.535 0.290 0.353 0.387 0.422 0.410 0.539 0.106 0.518 0.562 0.203 0.085 0.391 0.299 0.233 0.524 0.215 0.685 0.313 0.270 0.171 0.460 0.152 0.472 0.496 0.419 0.339 0.322 0.059 0.053 0.317 0.305 0.388 0.280 0.476 0.403 0.282 0.473 0.456 0.000 0.136 0.211 0.231 0.135 0.016 0.125 0.577 0.445 0.012 0.031 0.496 0.225 0.444 0.182 0.120 0.204 0.717 0.433 0.727 0.152 0.222 0.393 0.188 0.321 0.549 0.631 0.354 0.487 0.310 0.663 0.162 0.128 0.375 0.310 0.327 0.154 0.253 0.225 0.410 0.343 0.599 0.119 0.395 0.341 0.144 0.266 0.302 0.749 0.201 0.258 0.380 0.245 0.114 0.185 0.372 0.457 0.321 0.296 0.536 0.220 0.200 0.645 0.098 0.627 0.245 0.299 0.202 0.248 0.419 0.310 0.485 0.282 0.206 0.363 0.319 0.002 0.554 0.498 0.716 0.423 0.239 0.542 0.564 0.376 0.339 0.233 0.177 0.382 0.170 0.371 0.535 0.392 0.446 0.504 0.068 0.204 0.311 0.659 0.639 0.035 0.307 0.369 0.580 0.398 0.465 0.510 0.536 0.255 0.128 0.388 0.173 0.504 0.354 0.181 0.279 0.195 0.773 0.020 0.264 0.379 0.144 0.112 0.129 0.112 0.497 0.423 0.523 0.468 0.208 0.187 0.145 0.365 0.601 0.350 0.183 0.699 0.504 0.183 0.643 0.262 0.664 0.544 0.338 0.580 0.039 0.383 0.201 0.360 0.326 0.228 0.138 0.187 0.160 0.504 0.576 0.004 0.590 0.258 0.239 0.283 0.063 0.208 0.217 0.600 0.281 0.398 0.343 0.277 0.647 0.385 0.851 0.370 0.540 0.399 0.102 0.426 0.026 0.335 0.315 0.128 0.639 0.177 0.592 0.477 0.263 0.280 0.132 0.183 0.417 0.478 0.252 0.157 0.094 0.439 0.398 0.299 0.371 0.616 0.476 0.733 0.232 0.359 0.568 0.485 0.345 0.380 0.100 0.187 0.328 0.190 0.582 0.568 0.172 0.242 0.464 0.130 0.313 0.440 0.478 0.206 0.609 0.196 0.221 0.052 0.284 0.108 0.249 0.045 0.135 0.228 0.443 0.100 0.830 0.713 0.415 0.252 0.149 0.524 0.366 0.480 0.299 0.424 0.265 0.674 0.123 0.270 0.343 0.339 0.597 0.449 0.377 0.228 0.427 0.297 0.335 0.360 0.468 0.166 0.572 0.148 0.164 0.541 0.000 0.160 0.346 0.343 0.126 0.306 0.636 0.544 0.502 0.595 0.285 0.517 0.428 0.799 0.300 0.234 0.120 0.013 0.118 0.046 0.474 0.248)  0.443 0.705 0.552 0.265 0.000 0.100 0.204 0.000 0.611 0.490 0.475 0.472 0.000 0.245 0.291 0.655 0.384 0.456 0.550 0.046 0.013 0.330 0.083 0.515 0.475 0.669 0.525 0.524 0.001 0.492 0.221 0.302 0.643 0.362 0.000 0.522 0.140 0.561 0.484 0.376 0.430 0.446 0.695 0.667 0.612 0.000 0.010 0.593 0.438 0.601 0.677 0.587 0.261 0.117 0.513 0.068 0.000 0.098 0.106 0.000 0.000 0.664 0.506 0.046 0.519 0.472 0.000 0.203 0.100 0.700 0.113 0.102 0.140 0.556 0.000 0.641 0.167 0.418 0.093 0.642 0.348 0.000 0.650 0.569 0.560 0.118 0.131 0.400 0.304 0.526 0.000 0.004 0.206 0.477 0.511 0.672 0.431 0.616 0.031 0.320 0.108 0.219 0.491 0.709 0.595 0.554 0.501 0.512 0.650 0.000 0.670 0.528 0.645 0.510 0.066 0.001 0.623 0.322 0.246 0.395 0.648 0.072 0.371 0.399 0.493 0.000 0.001 0.146 0.621 0.044 0.036 0.489 0.387 0.366 0.288 0.685 0.086 0.769 0.040 0.547 0.654 0.765 0.068 0.602 0.344 0.045 0.125 0.593 0.000 0.000 0.000 0.472 0.462 0.491 0.622 0.250 0.002 0.489 0.001 0.442 0.000 0.786 0.662 0.721 0.616 0.000 0.629 0.173 0.071 0.000 0.000 0.185 0.652 0.310 0.515 0.678 0.511 0.031 0.311 0.003 0.617 0.543 0.364 0.534 0.528 0.002 0.028 0.348 0.005 0.462 0.068 0.832 0.833 0.486 0.261 0.524 0.742 0.671 0.366 0.270 0.471 0.000 0.567 0.430 0.457 0.622 0.340 0.619 0.011 0.634 0.418 0.434 0.665 0.627 0.699 0.490 0.280 0.361 0.476 0.235 0.604 0.618 0.108 0.000 0.033 0.665 0.536 0.626 0.578 0.359 0.550 0.159 0.000 0.015 0.523 0.544 0.000 0.121 0.009 0.084 0.196 0.000 0.008 0.026 0.018 0.546 0.745 0.612 0.353 0.611 0.217 0.000 0.480 0.233 0.257 0.149 0.446 0.588 0.000 0.057 0.000 0.594 0.294 0.063 0.446 0.299 0.000 0.173 0.635 0.481 0.403 0.530 0.097 0.462 0.506 0.569 0.546 0.105 0.000 0.399 0.452 0.620 0.621 0.491 0.560 0.135 0.191 0.137 0.183 0.603 0.502 0.601 0.565 0.071 0.413 0.458 0.000 0.195 0.585 0.042 0.594 0.290 0.094 0.560 0.057 0.002 0.421 0.478 0.237 0.481 0.444 0.626 0.692 0.000 0.040 0.076 0.000 0.333 0.425 0.549 0.360 0.000 0.508 0.400 0.002 0.642 0.244 0.222 0.362 0.000 0.463 0.081 0.228 0.136 0.181 0.530 0.485 0.000 0.416 0.000 0.866 0.044 0.638 0.007 0.208 0.441 0.284 0.575 0.509 0.133 0.198 0.644 0.590 0.631 0.283 0.213 0.515 0.300 0.016 0.138 0.005 0.717 0.533 0.096 0.005 0.494 0.431 0.483 0.679 0.590 0.578 0.314 0.026 0.587 0.369 0.267 0.501 0.498 0.138 0.120 0.514 0.055 0.397 0.000 0.000 0.636 0.655 0.382 0.000 0.520 0.523 0.279 0.370 0.140 0.083 0.174 0.337 0.718 0.001 0.445 0.204 0.512 0.001 0.417 0.201 0.704 0.391 0.526 0.517 0.203 0.311 0.468 0.438 0.015 0.422 0.406 0.455 0.345 0.604 0.118 0.558 0.654 0.132 0.000 0.636 0.485 0.000 0.619 0.516 0.000 0.082 0.100 0.000 0.378 0.200 0.370 0.006 0.000 0.635 0.500 0.000 0.703 0.000 0.264 0.574)  
Brain region: AAA: 25 neurons, ACAd: 365 neurons, ACAv: 195 neurons, ACB: 340 neurons, AD: 15 neurons, ADP: 5 neurons, AHN: 10 neurons, AId: 170 neurons, AIp: 93 neurons, AIv: 149 neurons, AM: 120 neurons, AMB: 8 neurons, ANcr1: 380 neurons, ANcr2: 507 neurons, AON: 400 neurons, AP: 3 neurons, APN: 1543 neurons, APr: 16 neurons, AT: 23 neurons, AUDd: 133 neurons, AUDp: 140 neurons, AUDpo: 46 neurons, AUDv: 237 neurons, AV: 190 neurons, AVP: 15 neurons, BLA: 150 neurons, BMA: 175 neurons, BST: 202 neurons, CA1: 1783 neurons, CA2: 39 neurons, CA3: 923 neurons, CEA: 159 neurons, CENT2: 559 neurons, CENT3: 634 neurons, CL: 38 neurons, CLA: 49 neurons, CLI: 89 neurons, CM: 65 neurons, COAa: 17 neurons, COAp: 121 neurons, COPY: 284 neurons, CP: 2890 neurons, CS: 391 neurons, CU: 24 neurons, CUL4 5: 1207 neurons, CUN: 100 neurons, DCO: 299 neurons, DEC: 190 neurons, DG: 1067 neurons, DMH: 16 neurons, DMX: 2 neurons, DN: 195 neurons, DP: 247 neurons, DR: 42 neurons, DT: 9 neurons, DTN: 21 neurons, ECT: 85 neurons, ECU: 21 neurons, ENTl: 560 neurons, ENTm: 615 neurons, EPd: 199 neurons, EPv: 124 neurons, Eth: 366 neurons, FC: 23 neurons, FL: 39 neurons, FN: 46 neurons, FOTU: 100 neurons, FRP: 84 neurons, FS: 32 neurons, GPe: 322 neurons, GPi: 45 neurons, GR: 9 neurons, GRN: 537 neurons, GU: 69 neurons, HATA: 53 neurons, I5: 42 neurons, IA: 18 neurons, IAD: 23 neurons, IAM: 7 neurons, IC: 431 neurons, ICB: 65 neurons, IF: 18 neurons, IG: 9 neurons, IGL: 16 neurons, III: 7 neurons, ILA: 286 neurons, IMD: 1 neurons, IP: 596 neurons, IPN: 10 neurons, IRN: 729 neurons, ISN: 4 neurons, IntG: 6 neurons, LA: 63 neurons, LAV: 169 neurons, LD: 581 neurons, LDT: 51 neurons, LGd: 526 neurons, LGv: 143 neurons, LH: 76 neurons, LHA: 166 neurons, LIN: 11 neurons, LING: 45 neurons, LM: 8 neurons, LP: 1669 neurons, LPO: 89 neurons, LRN: 19 neurons, LSc: 111 neurons, LSr: 1156 neurons, LSv: 164 neurons, MA: 48 neurons, MARN: 83 neurons, MD: 604 neurons, MDRN: 180 neurons, MEA: 184 neurons, MEPO: 5 neurons, MG: 316 neurons, MH: 38 neurons, MOB: 140 neurons, MOp: 1414 neurons, MOs: 1124 neurons, MPN: 2 neurons, MPO: 40 neurons, MRN: 2590 neurons, MS: 106 neurons, MV: 651 neurons, NB: 23 neurons, NDB: 49 neurons, NI: 24 neurons, NLL: 184 neurons, NOD: 151 neurons, NOT: 92 neurons, NPC: 71 neurons, NTS: 116 neurons, OP: 39 neurons, ORBl: 198 neurons, ORBm: 143 neurons, ORBvl: 497 neurons, OT: 79 neurons, P5: 46 neurons, PA: 113 neurons, PAA: 82 neurons, PAG: 729 neurons, PAR: 117 neurons, PARN: 390 neurons, PAS: 1 neurons, PB: 302 neurons, PBG: 14 neurons, PC5: 35 neurons, PCG: 82 neurons, PCN: 84 neurons, PDTg: 12 neurons, PERI: 36 neurons, PF: 150 neurons, PFL: 133 neurons, PG: 9 neurons, PGRN: 117 neurons, PH: 24 neurons, PIL: 11 neurons, PIR: 604 neurons, PL: 339 neurons, PMd: 2 neurons, PO: 2235 neurons, POL: 144 neurons, POST: 233 neurons, PP: 13 neurons, PPN: 357 neurons, PPT: 70 neurons, PR: 28 neurons, PRE: 115 neurons, PRM: 382 neurons, PRNc: 280 neurons, PRNr: 716 neurons, PRP: 70 neurons, PS: 35 neurons, PSTN: 8 neurons, PSV: 115 neurons, PT: 4 neurons, PVH: 5 neurons, PVHd: 6 neurons, PVT: 84 neurons, PYR: 207 neurons, Pa4: 3 neurons, Pa5: 4 neurons, PeF: 28 neurons, PoT: 228 neurons, ProS: 310 neurons, RE: 8 neurons, RH: 6 neurons, RL: 12 neurons, RN: 429 neurons, RO: 1 neurons, RPF: 42 neurons, RR: 60 neurons, RSPagl: 310 neurons, RSPd: 318 neurons, RSPv: 521 neurons, RT: 420 neurons, SAG: 51 neurons, SCm: 1609 neurons, SCs: 183 neurons, SF: 115 neurons, SGN: 120 neurons, SH: 4 neurons, SI: 249 neurons, SIM: 885 neurons, SMT: 140 neurons, SNc: 36 neurons, SNr: 149 neurons, SOC: 28 neurons, SPA: 25 neurons, SPF: 70 neurons, SPIV: 298 neurons, SPVC: 42 neurons, SPVI: 319 neurons, SPVO: 129 neurons, SSp-bfd: 488 neurons, SSp-ll: 130 neurons, SSp-m: 354 neurons, SSp-n: 72 neurons, SSp-tr: 299 neurons, SSp-ul: 196 neurons, SSp-un: 67 neurons, SSs: 439 neurons, STN: 6 neurons, SUB: 682 neurons, SUM: 8 neurons, SUT: 103 neurons, SUV: 277 neurons, SubG: 7 neurons, TEa: 166 neurons, TR: 37 neurons, TRN: 193 neurons, TRS: 73 neurons, TTd: 198 neurons, TU: 8 neurons, UVU: 245 neurons, V: 166 neurons, VAL: 295 neurons, VCO: 141 neurons, VII: 63 neurons, VISC: 61 neurons, VISa: 909 neurons, VISal: 95 neurons, VISam: 355 neurons, VISl: 139 neurons, VISli: 51 neurons, VISp: 876 neurons, VISpl: 95 neurons, VISpm: 240 neurons, VISpor: 76 neurons, VISrl: 75 neurons, VM: 118 neurons, VMH: 2 neurons, VPL: 436 neurons, VPLpc: 78 neurons, VPM: 1221 neurons, VPMpc: 67 neurons, VTA: 17 neurons, VTN: 11 neurons, VeCB: 70 neurons, XII: 12 neurons, ZI: 352 neurons, x: 45 neurons, y: 6 neurons  
Data verification complete.
