Data format warnings:
  - Session 326, trial 241: all neural data is zero
  - Session 326, trial 242: all neural data is zero
  - Session 326, trial 243: all neural data is zero
Number of sessions: 378
Total number of trials: 164322
Number of trials per session: [407, 244, 147, 221, 337, 267, 486, 352, 590, 509, 695, 321, 226, 260, 499, 369, 439, 403, 493, 338, 383, 203, 289, 193, 236, 190, 234, 132, 131, 245, 193, 342, 183, 347, 407, 476, 419, 446, 246, 288, 296, 438, 371, 741, 535, 591, 461, 192, 559, 423, 585, 326, 313, 594, 407, 682, 576, 547, 420, 211, 226, 168, 341, 515, 462, 484, 270, 355, 369, 436, 280, 358, 444, 389, 388, 435, 274, 226, 198, 538, 565, 514, 467, 496, 610, 593, 204, 285, 398, 579, 412, 585, 578, 372, 467, 444, 347, 365, 358, 515, 282, 327, 289, 341, 603, 407, 290, 422, 267, 399, 311, 258, 313, 262, 286, 241, 257, 353, 529, 410, 324, 362, 555, 482, 501, 524, 578, 483, 329, 441, 366, 438, 459, 323, 674, 454, 511, 484, 306, 304, 315, 248, 293, 401, 627, 395, 410, 297, 326, 326, 926, 254, 470, 532, 412, 288, 231, 288, 237, 268, 261, 320, 326, 392, 379, 304, 335, 387, 273, 380, 446, 348, 427, 518, 316, 255, 267, 338, 327, 532, 461, 794, 507, 419, 490, 285, 286, 374, 305, 356, 427, 386, 407, 209, 185, 493, 501, 338, 466, 383, 349, 379, 257, 697, 411, 466, 317, 319, 529, 342, 394, 608, 298, 535, 367, 294, 708, 338, 586, 610, 421, 640, 322, 481, 751, 641, 379, 533, 386, 488, 304, 370, 274, 333, 216, 304, 628, 270, 370, 627, 393, 355, 472, 271, 255, 241, 354, 298, 499, 654, 443, 601, 359, 519, 519, 679, 536, 364, 414, 564, 259, 428, 373, 247, 397, 299, 325, 350, 360, 242, 307, 413, 432, 463, 475, 543, 449, 394, 457, 687, 286, 632, 677, 449, 373, 727, 422, 657, 584, 358, 466, 434, 320, 384, 312, 466, 306, 663, 618, 618, 548, 843, 710, 633, 490, 561, 442, 248, 314, 325, 262, 335, 280, 656, 398, 505, 624, 505, 553, 359, 631, 698, 660, 351, 265, 372, 244, 435, 505, 217, 352, 722, 679, 467, 513, 444, 232, 765, 814, 472, 448, 457, 565, 125, 402, 418, 626, 426, 574, 511, 823, 612, 308, 392, 455, 389, 659, 496, 439, 232, 586, 651, 733, 730, 855, 257, 346, 919, 662, 198, 566, 882, 1085, 1201, 1054, 1033, 1445, 1093]
Number of subjects: 125
Number of brain regions: 274
Number of sessions per subject:
  Subject CSHL045: 5 sessions
  Subject CSHL047: 2 sessions
  Subject CSHL049: 4 sessions
  Subject CSHL051: 1 sessions
  Subject CSHL052: 5 sessions
  Subject CSHL053: 4 sessions
  Subject CSHL054: 1 sessions
  Subject CSHL055: 1 sessions
  Subject CSHL058: 3 sessions
  Subject CSHL059: 5 sessions
  Subject CSHL060: 4 sessions
  Subject CSH_ZAD_001: 1 sessions
  Subject CSH_ZAD_011: 1 sessions
  Subject CSH_ZAD_019: 4 sessions
  Subject CSH_ZAD_022: 7 sessions
  Subject CSH_ZAD_024: 1 sessions
  Subject CSH_ZAD_025: 7 sessions
  Subject CSH_ZAD_026: 6 sessions
  Subject CSH_ZAD_029: 7 sessions
  Subject DY_008: 2 sessions
  Subject DY_009: 9 sessions
  Subject DY_010: 5 sessions
  Subject DY_011: 4 sessions
  Subject DY_013: 3 sessions
  Subject DY_014: 7 sessions
  Subject DY_016: 5 sessions
  Subject DY_018: 3 sessions
  Subject DY_020: 8 sessions
  Subject KS014: 3 sessions
  Subject KS016: 3 sessions
  Subject KS022: 1 sessions
  Subject KS023: 4 sessions
  Subject KS042: 2 sessions
  Subject KS043: 2 sessions
  Subject KS044: 2 sessions
  Subject KS046: 4 sessions
  Subject KS051: 2 sessions
  Subject KS055: 1 sessions
  Subject KS084: 1 sessions
  Subject KS086: 2 sessions
  Subject KS091: 2 sessions
  Subject KS094: 4 sessions
  Subject KS096: 5 sessions
  Subject MFD_05: 3 sessions
  Subject MFD_06: 4 sessions
  Subject MFD_07: 3 sessions
  Subject MFD_08: 2 sessions
  Subject MFD_09: 1 sessions
  Subject NR_0017: 1 sessions
  Subject NR_0019: 3 sessions
  Subject NR_0020: 4 sessions
  Subject NR_0021: 3 sessions
  Subject NR_0024: 4 sessions
  Subject NR_0027: 4 sessions
  Subject NR_0028: 5 sessions
  Subject NR_0029: 5 sessions
  Subject NR_0031: 2 sessions
  Subject NYU-11: 2 sessions
  Subject NYU-12: 4 sessions
  Subject NYU-21: 2 sessions
  Subject NYU-30: 3 sessions
  Subject NYU-37: 5 sessions
  Subject NYU-39: 5 sessions
  Subject NYU-40: 4 sessions
  Subject NYU-45: 3 sessions
  Subject NYU-46: 4 sessions
  Subject NYU-47: 3 sessions
  Subject NYU-48: 3 sessions
  Subject NYU-65: 3 sessions
  Subject SWC_038: 2 sessions
  Subject SWC_039: 1 sessions
  Subject SWC_042: 2 sessions
  Subject SWC_043: 7 sessions
  Subject SWC_052: 7 sessions
  Subject SWC_053: 3 sessions
  Subject SWC_054: 6 sessions
  Subject SWC_058: 4 sessions
  Subject SWC_060: 3 sessions
  Subject SWC_061: 3 sessions
  Subject SWC_065: 1 sessions
  Subject SWC_066: 2 sessions
  Subject UCLA005: 1 sessions
  Subject UCLA006: 1 sessions
  Subject UCLA011: 1 sessions
  Subject UCLA012: 1 sessions
  Subject UCLA014: 1 sessions
  Subject UCLA015: 1 sessions
  Subject UCLA017: 1 sessions
  Subject UCLA030: 1 sessions
  Subject UCLA033: 3 sessions
  Subject UCLA034: 4 sessions
  Subject UCLA035: 2 sessions
  Subject UCLA036: 1 sessions
  Subject UCLA037: 4 sessions
  Subject UCLA044: 2 sessions
  Subject UCLA048: 1 sessions
  Subject UCLA049: 2 sessions
  Subject UCLA052: 1 sessions
  Subject ZFM-01576: 2 sessions
  Subject ZFM-01577: 3 sessions
  Subject ZFM-01592: 3 sessions
  Subject ZFM-01935: 4 sessions
  Subject ZFM-01936: 5 sessions
  Subject ZFM-01937: 2 sessions
  Subject ZFM-02368: 1 sessions
  Subject ZFM-02369: 1 sessions
  Subject ZFM-02370: 2 sessions
  Subject ZFM-02372: 2 sessions
  Subject ZFM-02373: 1 sessions
  Subject ZFM-04308: 2 sessions
  Subject ZM_1898: 1 sessions
  Subject ZM_2240: 4 sessions
  Subject ZM_2241: 4 sessions
  Subject ZM_2245: 1 sessions
  Subject ZM_3003: 2 sessions
  Subject ibl_witten_13: 2 sessions
  Subject ibl_witten_17: 1 sessions
  Subject ibl_witten_18: 2 sessions
  Subject ibl_witten_19: 2 sessions
  Subject ibl_witten_20: 3 sessions
  Subject ibl_witten_25: 1 sessions
  Subject ibl_witten_26: 5 sessions
  Subject ibl_witten_27: 5 sessions
  Subject ibl_witten_29: 9 sessions
  Subject ibl_witten_32: 1 sessions
Input dimension: 2
Output dimension: 4
Summary statistics (across all sessions):
  T: mean: 100.00, median: 100.00, min: 100, max: 100
  n_neurons: mean: 1428.19', min: 135, max: 3140
  Input range:
    time_since_stim_onset: [-0.5, 1.5]
    trial_number_in_block: [1.0, 91.0]
  Output range:
    choice: [0.0, 1.0]
    prior_probability_left: [0.0, 2.0]
    wheel_speed: [0.0, 2.0]
    whisker_motion_energy: [0.0, 2.0]
  Unique outputs per dimension (fraction of data):
    choice: {left (0.493), right (0.507)}
    prior_probability_left: {0.2 (0.418), 0.5 (0.140), 0.8 (0.442)}
    wheel_speed: {low (0.333), medium (0.333), high (0.333)}
    whisker_motion_energy: {low (0.333), medium (0.333), high (0.333)}
  Brain region distribution:
    AAA: 265 neurons
    ACAd: 1926 neurons
    ACAv: 1398 neurons
    ACB: 2655 neurons
    ADP: 80 neurons
    AHN: 101 neurons
    AId: 1096 neurons
    AIp: 533 neurons
    AIv: 709 neurons
    AM: 456 neurons
    AMB: 73 neurons
    ANcr1: 2959 neurons
    ANcr2: 4177 neurons
    AOB: 90 neurons
    AON: 3345 neurons
    AP: 183 neurons
    APN: 13583 neurons
    APr: 255 neurons
    AT: 124 neurons
    AUDd: 991 neurons
    AUDp: 1096 neurons
    AUDpo: 314 neurons
    AUDv: 876 neurons
    AV: 1062 neurons
    AVP: 161 neurons
    BLA: 883 neurons
    BMA: 1441 neurons
    BST: 1514 neurons
    CA1: 21597 neurons
    CA2: 563 neurons
    CA3: 10784 neurons
    CEA: 1026 neurons
    CENT2: 3653 neurons
    CENT3: 4096 neurons
    CL: 266 neurons
    CLA: 359 neurons
    CLI: 273 neurons
    CM: 270 neurons
    COAa: 113 neurons
    COAp: 1791 neurons
    COPY: 3359 neurons
    CP: 24159 neurons
    CS: 1656 neurons
    CU: 434 neurons
    CUL4 5: 7754 neurons
    CUN: 920 neurons
    DCO: 1365 neurons
    DEC: 1763 neurons
    DG: 16494 neurons
    DMH: 130 neurons
    DMX: 31 neurons
    DN: 513 neurons
    DP: 1098 neurons
    DR: 232 neurons
    DT: 41 neurons
    DTN: 164 neurons
    ECT: 567 neurons
    ECU: 492 neurons
    ENTl: 3379 neurons
    ENTm: 3440 neurons
    EPd: 1181 neurons
    EPv: 697 neurons
    EW: 3 neurons
    Eth: 1668 neurons
    FC: 166 neurons
    FL: 466 neurons
    FN: 217 neurons
    FOTU: 594 neurons
    FRP: 717 neurons
    FS: 157 neurons
    GPe: 1337 neurons
    GPi: 403 neurons
    GR: 32 neurons
    GRN: 3727 neurons
    GU: 445 neurons
    HATA: 512 neurons
    I5: 366 neurons
    IA: 82 neurons
    IAD: 100 neurons
    IAM: 24 neurons
    IC: 5246 neurons
    ICB: 249 neurons
    IF: 127 neurons
    IG: 134 neurons
    IGL: 144 neurons
    III: 47 neurons
    ILA: 1817 neurons
    IMD: 6 neurons
    IO: 94 neurons
    IP: 2013 neurons
    IPN: 142 neurons
    IRN: 5930 neurons
    IntG: 35 neurons
    LA: 458 neurons
    LAV: 712 neurons
    LC: 2 neurons
    LD: 2930 neurons
    LDT: 567 neurons
    LGd: 2701 neurons
    LGv: 879 neurons
    LH: 539 neurons
    LHA: 910 neurons
    LIN: 61 neurons
    LING: 216 neurons
    LM: 34 neurons
    LP: 7149 neurons
    LPO: 136 neurons
    LRN: 263 neurons
    LSc: 644 neurons
    LSr: 5615 neurons
    LSv: 1303 neurons
    MA: 363 neurons
    MA3: 6 neurons
    MARN: 449 neurons
    MD: 2651 neurons
    MDRN: 2323 neurons
    MEA: 1213 neurons
    MEPO: 32 neurons
    MG: 1172 neurons
    MH: 120 neurons
    MM: 140 neurons
    MOB: 1227 neurons
    MOp: 8109 neurons
    MOs: 8188 neurons
    MPN: 24 neurons
    MPO: 315 neurons
    MPT: 22 neurons
    MRN: 17352 neurons
    MS: 724 neurons
    MT: 25 neurons
    MV: 4877 neurons
    NB: 209 neurons
    NDB: 309 neurons
    NI: 373 neurons
    NLL: 1571 neurons
    NOD: 951 neurons
    NOT: 750 neurons
    NPC: 736 neurons
    NTS: 1335 neurons
    OP: 79 neurons
    ORBl: 2133 neurons
    ORBm: 745 neurons
    ORBvl: 1835 neurons
    OT: 862 neurons
    P5: 479 neurons
    PA: 931 neurons
    PAA: 490 neurons
    PAG: 6120 neurons
    PAR: 1568 neurons
    PARN: 2007 neurons
    PAS: 6 neurons
    PB: 3102 neurons
    PBG: 107 neurons
    PC5: 113 neurons
    PCG: 923 neurons
    PCN: 239 neurons
    PDTg: 194 neurons
    PERI: 137 neurons
    PF: 466 neurons
    PFL: 1264 neurons
    PG: 65 neurons
    PGRN: 1129 neurons
    PH: 431 neurons
    PIL: 139 neurons
    PIR: 3205 neurons
    PL: 1758 neurons
    PO: 9624 neurons
    POL: 1167 neurons
    POST: 2774 neurons
    PP: 31 neurons
    PPN: 2700 neurons
    PPT: 337 neurons
    PR: 94 neurons
    PRE: 1549 neurons
    PRM: 3868 neurons
    PRNc: 1710 neurons
    PRNr: 4019 neurons
    PRP: 918 neurons
    PS: 192 neurons
    PSTN: 18 neurons
    PSV: 1443 neurons
    PT: 19 neurons
    PVH: 67 neurons
    PVHd: 51 neurons
    PVT: 512 neurons
    PYR: 1115 neurons
    Pa4: 67 neurons
    Pa5: 75 neurons
    PeF: 167 neurons
    PoT: 1448 neurons
    ProS: 2508 neurons
    RE: 148 neurons
    RH: 63 neurons
    RL: 40 neurons
    RN: 3047 neurons
    RPF: 212 neurons
    RR: 106 neurons
    RSPagl: 2252 neurons
    RSPd: 3025 neurons
    RSPv: 4197 neurons
    RT: 2767 neurons
    SAG: 239 neurons
    SCm: 11739 neurons
    SCs: 2002 neurons
    SF: 593 neurons
    SFO: 1 neurons
    SGN: 607 neurons
    SH: 61 neurons
    SI: 1550 neurons
    SIM: 5840 neurons
    SMT: 829 neurons
    SNc: 161 neurons
    SNr: 1167 neurons
    SOC: 617 neurons
    SPA: 351 neurons
    SPF: 755 neurons
    SPIV: 1899 neurons
    SPVC: 636 neurons
    SPVI: 4008 neurons
    SPVO: 1501 neurons
    SSp-bfd: 5100 neurons
    SSp-ll: 1323 neurons
    SSp-m: 3570 neurons
    SSp-n: 1201 neurons
    SSp-tr: 1872 neurons
    SSp-ul: 1723 neurons
    SSp-un: 611 neurons
    SSs: 3169 neurons
    STN: 65 neurons
    SUB: 4756 neurons
    SUM: 119 neurons
    SUT: 1379 neurons
    SUV: 1305 neurons
    SubG: 48 neurons
    TEa: 926 neurons
    TR: 497 neurons
    TRN: 884 neurons
    TRS: 511 neurons
    TTd: 906 neurons
    TTv: 7 neurons
    TU: 69 neurons
    UVU: 2167 neurons
    V: 1501 neurons
    VAL: 1537 neurons
    VCO: 644 neurons
    VII: 556 neurons
    VISC: 375 neurons
    VISa: 5947 neurons
    VISal: 407 neurons
    VISam: 2095 neurons
    VISl: 1418 neurons
    VISli: 456 neurons
    VISp: 7835 neurons
    VISpl: 360 neurons
    VISpm: 1985 neurons
    VISpor: 751 neurons
    VISrl: 1168 neurons
    VLPO: 16 neurons
    VM: 471 neurons
    VMH: 77 neurons
    VPL: 2592 neurons
    VPLpc: 513 neurons
    VPM: 6272 neurons
    VPMpc: 257 neurons
    VTA: 185 neurons
    VTN: 130 neurons
    VeCB: 427 neurons
    XII: 93 neurons
    Xi: 7 neurons
    ZI: 2794 neurons
    root: 71790 neurons
    void: 12524 neurons
    x: 344 neurons
    y: 18 neurons

Per-session statistics:
  Mean T: 100.0, 100.0, 100.0, 100.0, 100.0, 100.0, 100.0, 100.0, 100.0, 100.0, 100.0, 100.0, 100.0, 100.0, 100.0, 100.0, 100.0, 100.0, 100.0, 100.0, 100.0, 100.0, 100.0, 100.0, 100.0, 100.0, 100.0, 100.0, 100.0, 100.0, 100.0, 100.0, 100.0, 100.0, 100.0, 100.0, 100.0, 100.0, 100.0, 100.0, 100.0, 100.0, 100.0, 100.0, 100.0, 100.0, 100.0, 100.0, 100.0, 100.0, 100.0, 100.0, 100.0, 100.0, 100.0, 100.0, 100.0, 100.0, 100.0, 100.0, 100.0, 100.0, 100.0, 100.0, 100.0, 100.0, 100.0, 100.0, 100.0, 100.0, 100.0, 100.0, 100.0, 100.0, 100.0, 100.0, 100.0, 100.0, 100.0, 100.0, 100.0, 100.0, 100.0, 100.0, 100.0, 100.0, 100.0, 100.0, 100.0, 100.0, 100.0, 100.0, 100.0, 100.0, 100.0, 100.0, 100.0, 100.0, 100.0, 100.0, 100.0, 100.0, 100.0, 100.0, 100.0, 100.0, 100.0, 100.0, 100.0, 100.0, 100.0, 100.0, 100.0, 100.0, 100.0, 100.0, 100.0, 100.0, 100.0, 100.0, 100.0, 100.0, 100.0, 100.0, 100.0, 100.0, 100.0, 100.0, 100.0, 100.0, 100.0, 100.0, 100.0, 100.0, 100.0, 100.0, 100.0, 100.0, 100.0, 100.0, 100.0, 100.0, 100.0, 100.0, 100.0, 100.0, 100.0, 100.0, 100.0, 100.0, 100.0, 100.0, 100.0, 100.0, 100.0, 100.0, 100.0, 100.0, 100.0, 100.0, 100.0, 100.0, 100.0, 100.0, 100.0, 100.0, 100.0, 100.0, 100.0, 100.0, 100.0, 100.0, 100.0, 100.0, 100.0, 100.0, 100.0, 100.0, 100.0, 100.0, 100.0, 100.0, 100.0, 100.0, 100.0, 100.0, 100.0, 100.0, 100.0, 100.0, 100.0, 100.0, 100.0, 100.0, 100.0, 100.0, 100.0, 100.0, 100.0, 100.0, 100.0, 100.0, 100.0, 100.0, 100.0, 100.0, 100.0, 100.0, 100.0, 100.0, 100.0, 100.0, 100.0, 100.0, 100.0, 100.0, 100.0, 100.0, 100.0, 100.0, 100.0, 100.0, 100.0, 100.0, 100.0, 100.0, 100.0, 100.0, 100.0, 100.0, 100.0, 100.0, 100.0, 100.0, 100.0, 100.0, 100.0, 100.0, 100.0, 100.0, 100.0, 100.0, 100.0, 100.0, 100.0, 100.0, 100.0, 100.0, 100.0, 100.0, 100.0, 100.0, 100.0, 100.0, 100.0, 100.0, 100.0, 100.0, 100.0, 100.0, 100.0, 100.0, 100.0, 100.0, 100.0, 100.0, 100.0, 100.0, 100.0, 100.0, 100.0, 100.0, 100.0, 100.0, 100.0, 100.0, 100.0, 100.0, 100.0, 100.0, 100.0, 100.0, 100.0, 100.0, 100.0, 100.0, 100.0, 100.0, 100.0, 100.0, 100.0, 100.0, 100.0, 100.0, 100.0, 100.0, 100.0, 100.0, 100.0, 100.0, 100.0, 100.0, 100.0, 100.0, 100.0, 100.0, 100.0, 100.0, 100.0, 100.0, 100.0, 100.0, 100.0, 100.0, 100.0, 100.0, 100.0, 100.0, 100.0, 100.0, 100.0, 100.0, 100.0, 100.0, 100.0, 100.0, 100.0, 100.0, 100.0, 100.0, 100.0, 100.0, 100.0, 100.0, 100.0, 100.0, 100.0, 100.0, 100.0, 100.0, 100.0, 100.0, 100.0, 100.0, 100.0, 100.0, 100.0, 100.0, 100.0, 100.0, 100.0, 100.0, 100.0, 100.0, 100.0, 100.0, 100.0, 100.0, 100.0, 100.0, 100.0, 100.0, 100.0, 100.0, 100.0, 100.0, 100.0, 100.0, 100.0, 100.0, 100.0, 100.0, 100.0, 100.0, 100.0, 100.0, 100.0, 100.0
  Min T: 100, 100, 100, 100, 100, 100, 100, 100, 100, 100, 100, 100, 100, 100, 100, 100, 100, 100, 100, 100, 100, 100, 100, 100, 100, 100, 100, 100, 100, 100, 100, 100, 100, 100, 100, 100, 100, 100, 100, 100, 100, 100, 100, 100, 100, 100, 100, 100, 100, 100, 100, 100, 100, 100, 100, 100, 100, 100, 100, 100, 100, 100, 100, 100, 100, 100, 100, 100, 100, 100, 100, 100, 100, 100, 100, 100, 100, 100, 100, 100, 100, 100, 100, 100, 100, 100, 100, 100, 100, 100, 100, 100, 100, 100, 100, 100, 100, 100, 100, 100, 100, 100, 100, 100, 100, 100, 100, 100, 100, 100, 100, 100, 100, 100, 100, 100, 100, 100, 100, 100, 100, 100, 100, 100, 100, 100, 100, 100, 100, 100, 100, 100, 100, 100, 100, 100, 100, 100, 100, 100, 100, 100, 100, 100, 100, 100, 100, 100, 100, 100, 100, 100, 100, 100, 100, 100, 100, 100, 100, 100, 100, 100, 100, 100, 100, 100, 100, 100, 100, 100, 100, 100, 100, 100, 100, 100, 100, 100, 100, 100, 100, 100, 100, 100, 100, 100, 100, 100, 100, 100, 100, 100, 100, 100, 100, 100, 100, 100, 100, 100, 100, 100, 100, 100, 100, 100, 100, 100, 100, 100, 100, 100, 100, 100, 100, 100, 100, 100, 100, 100, 100, 100, 100, 100, 100, 100, 100, 100, 100, 100, 100, 100, 100, 100, 100, 100, 100, 100, 100, 100, 100, 100, 100, 100, 100, 100, 100, 100, 100, 100, 100, 100, 100, 100, 100, 100, 100, 100, 100, 100, 100, 100, 100, 100, 100, 100, 100, 100, 100, 100, 100, 100, 100, 100, 100, 100, 100, 100, 100, 100, 100, 100, 100, 100, 100, 100, 100, 100, 100, 100, 100, 100, 100, 100, 100, 100, 100, 100, 100, 100, 100, 100, 100, 100, 100, 100, 100, 100, 100, 100, 100, 100, 100, 100, 100, 100, 100, 100, 100, 100, 100, 100, 100, 100, 100, 100, 100, 100, 100, 100, 100, 100, 100, 100, 100, 100, 100, 100, 100, 100, 100, 100, 100, 100, 100, 100, 100, 100, 100, 100, 100, 100, 100, 100, 100, 100, 100, 100, 100, 100, 100, 100, 100, 100, 100, 100, 100, 100, 100, 100, 100, 100, 100, 100, 100, 100, 100, 100
  Max T: 100, 100, 100, 100, 100, 100, 100, 100, 100, 100, 100, 100, 100, 100, 100, 100, 100, 100, 100, 100, 100, 100, 100, 100, 100, 100, 100, 100, 100, 100, 100, 100, 100, 100, 100, 100, 100, 100, 100, 100, 100, 100, 100, 100, 100, 100, 100, 100, 100, 100, 100, 100, 100, 100, 100, 100, 100, 100, 100, 100, 100, 100, 100, 100, 100, 100, 100, 100, 100, 100, 100, 100, 100, 100, 100, 100, 100, 100, 100, 100, 100, 100, 100, 100, 100, 100, 100, 100, 100, 100, 100, 100, 100, 100, 100, 100, 100, 100, 100, 100, 100, 100, 100, 100, 100, 100, 100, 100, 100, 100, 100, 100, 100, 100, 100, 100, 100, 100, 100, 100, 100, 100, 100, 100, 100, 100, 100, 100, 100, 100, 100, 100, 100, 100, 100, 100, 100, 100, 100, 100, 100, 100, 100, 100, 100, 100, 100, 100, 100, 100, 100, 100, 100, 100, 100, 100, 100, 100, 100, 100, 100, 100, 100, 100, 100, 100, 100, 100, 100, 100, 100, 100, 100, 100, 100, 100, 100, 100, 100, 100, 100, 100, 100, 100, 100, 100, 100, 100, 100, 100, 100, 100, 100, 100, 100, 100, 100, 100, 100, 100, 100, 100, 100, 100, 100, 100, 100, 100, 100, 100, 100, 100, 100, 100, 100, 100, 100, 100, 100, 100, 100, 100, 100, 100, 100, 100, 100, 100, 100, 100, 100, 100, 100, 100, 100, 100, 100, 100, 100, 100, 100, 100, 100, 100, 100, 100, 100, 100, 100, 100, 100, 100, 100, 100, 100, 100, 100, 100, 100, 100, 100, 100, 100, 100, 100, 100, 100, 100, 100, 100, 100, 100, 100, 100, 100, 100, 100, 100, 100, 100, 100, 100, 100, 100, 100, 100, 100, 100, 100, 100, 100, 100, 100, 100, 100, 100, 100, 100, 100, 100, 100, 100, 100, 100, 100, 100, 100, 100, 100, 100, 100, 100, 100, 100, 100, 100, 100, 100, 100, 100, 100, 100, 100, 100, 100, 100, 100, 100, 100, 100, 100, 100, 100, 100, 100, 100, 100, 100, 100, 100, 100, 100, 100, 100, 100, 100, 100, 100, 100, 100, 100, 100, 100, 100, 100, 100, 100, 100, 100, 100, 100, 100, 100, 100, 100, 100, 100, 100, 100, 100, 100, 100, 100, 100, 100, 100, 100, 100
  n_neurons: 898, 1728, 1202, 1255, 2017, 1673, 2002, 1190, 616, 813, 1469, 2205, 2001, 1676, 2777, 867, 1366, 1553, 1357, 1578, 961, 1742, 1114, 1607, 1241, 1189, 1602, 1417, 638, 1701, 582, 481, 2023, 1299, 1994, 1951, 1684, 1571, 2445, 2185, 1529, 1346, 652, 1487, 1324, 1237, 1615, 1203, 1499, 818, 1088, 931, 1805, 1802, 1215, 1102, 1051, 1025, 489, 626, 1083, 2076, 1307, 2846, 1504, 1619, 1401, 1669, 967, 2250, 379, 1776, 1734, 2562, 745, 2120, 1333, 1117, 1239, 1363, 1112, 1504, 1689, 967, 1113, 1241, 982, 1414, 1557, 1108, 1242, 684, 1187, 983, 1186, 1248, 1316, 2506, 798, 1353, 2416, 1230, 2175, 1180, 2856, 1578, 2681, 2047, 259, 1012, 1057, 981, 657, 1242, 1460, 1543, 914, 1912, 1217, 790, 814, 1141, 1517, 925, 1254, 1624, 1017, 1566, 1775, 1821, 1764, 1184, 2547, 1795, 908, 2664, 1651, 1521, 899, 384, 2129, 911, 1384, 950, 2245, 1898, 2480, 1301, 1860, 1674, 2298, 2051, 1669, 793, 514, 1014, 685, 709, 737, 513, 632, 697, 717, 1406, 1235, 888, 539, 563, 457, 889, 781, 615, 430, 566, 329, 709, 647, 1575, 897, 1284, 499, 1270, 1308, 1414, 1085, 2071, 1961, 2617, 1504, 2095, 1994, 1002, 1410, 1807, 1093, 1468, 1926, 2093, 1672, 1358, 1525, 1370, 1952, 902, 2361, 1892, 1232, 910, 1637, 2316, 1221, 1091, 1466, 1363, 1708, 1323, 603, 244, 1528, 644, 1955, 1895, 1021, 2521, 1962, 731, 1822, 448, 855, 595, 735, 1044, 876, 1441, 841, 879, 514, 1719, 1864, 518, 1049, 1197, 695, 1547, 1939, 1038, 889, 2744, 1816, 1068, 822, 2079, 1877, 1934, 1570, 1368, 1193, 891, 2769, 1343, 2612, 2634, 1399, 1213, 2375, 2251, 1203, 1843, 2584, 1711, 406, 2220, 1333, 1931, 1791, 2027, 313, 860, 2465, 2177, 2602, 1093, 758, 603, 1124, 1425, 1902, 2622, 736, 1555, 1273, 668, 1048, 1696, 2746, 1208, 2212, 1563, 358, 1807, 1739, 2962, 1035, 1274, 1899, 1487, 167, 1213, 326, 135, 151, 2130, 1359, 1900, 765, 214, 883, 1213, 1453, 1186, 1321, 1405, 2520, 2055, 2277, 2414, 658, 2461, 728, 1583, 984, 1744, 1257, 1388, 700, 1495, 633, 876, 930, 1040, 310, 1301, 549, 672, 519, 1927, 2136, 2013, 1689, 1513, 1611, 986, 2564, 1846, 1576, 2055, 685, 2522, 2793, 2736, 3011, 1532, 1400, 1393, 2091, 2227, 2199, 2148, 1969, 1934, 910, 2377, 2828, 3140, 1715, 2146, 2129, 1956
  Input range:
    0: [-0.5, 1.5] [-0.5, 1.5] [-0.5, 1.5] [-0.5, 1.5] [-0.5, 1.5] [-0.5, 1.5] [-0.5, 1.5] [-0.5, 1.5] [-0.5, 1.5] [-0.5, 1.5] [-0.5, 1.5] [-0.5, 1.5] [-0.5, 1.5] [-0.5, 1.5] [-0.5, 1.5] [-0.5, 1.5] [-0.5, 1.5] [-0.5, 1.5] [-0.5, 1.5] [-0.5, 1.5] [-0.5, 1.5] [-0.5, 1.5] [-0.5, 1.5] [-0.5, 1.5] [-0.5, 1.5] [-0.5, 1.5] [-0.5, 1.5] [-0.5, 1.5] [-0.5, 1.5] [-0.5, 1.5] [-0.5, 1.5] [-0.5, 1.5] [-0.5, 1.5] [-0.5, 1.5] [-0.5, 1.5] [-0.5, 1.5] [-0.5, 1.5] [-0.5, 1.5] [-0.5, 1.5] [-0.5, 1.5] [-0.5, 1.5] [-0.5, 1.5] [-0.5, 1.5] [-0.5, 1.5] [-0.5, 1.5] [-0.5, 1.5] [-0.5, 1.5] [-0.5, 1.5] [-0.5, 1.5] [-0.5, 1.5] [-0.5, 1.5] [-0.5, 1.5] [-0.5, 1.5] [-0.5, 1.5] [-0.5, 1.5] [-0.5, 1.5] [-0.5, 1.5] [-0.5, 1.5] [-0.5, 1.5] [-0.5, 1.5] [-0.5, 1.5] [-0.5, 1.5] [-0.5, 1.5] [-0.5, 1.5] [-0.5, 1.5] [-0.5, 1.5] [-0.5, 1.5] [-0.5, 1.5] [-0.5, 1.5] [-0.5, 1.5] [-0.5, 1.5] [-0.5, 1.5] [-0.5, 1.5] [-0.5, 1.5] [-0.5, 1.5] [-0.5, 1.5] [-0.5, 1.5] [-0.5, 1.5] [-0.5, 1.5] [-0.5, 1.5] [-0.5, 1.5] [-0.5, 1.5] [-0.5, 1.5] [-0.5, 1.5] [-0.5, 1.5] [-0.5, 1.5] [-0.5, 1.5] [-0.5, 1.5] [-0.5, 1.5] [-0.5, 1.5] [-0.5, 1.5] [-0.5, 1.5] [-0.5, 1.5] [-0.5, 1.5] [-0.5, 1.5] [-0.5, 1.5] [-0.5, 1.5] [-0.5, 1.5] [-0.5, 1.5] [-0.5, 1.5] [-0.5, 1.5] [-0.5, 1.5] [-0.5, 1.5] [-0.5, 1.5] [-0.5, 1.5] [-0.5, 1.5] [-0.5, 1.5] [-0.5, 1.5] [-0.5, 1.5] [-0.5, 1.5] [-0.5, 1.5] [-0.5, 1.5] [-0.5, 1.5] [-0.5, 1.5] [-0.5, 1.5] [-0.5, 1.5] [-0.5, 1.5] [-0.5, 1.5] [-0.5, 1.5] [-0.5, 1.5] [-0.5, 1.5] [-0.5, 1.5] [-0.5, 1.5] [-0.5, 1.5] [-0.5, 1.5] [-0.5, 1.5] [-0.5, 1.5] [-0.5, 1.5] [-0.5, 1.5] [-0.5, 1.5] [-0.5, 1.5] [-0.5, 1.5] [-0.5, 1.5] [-0.5, 1.5] [-0.5, 1.5] [-0.5, 1.5] [-0.5, 1.5] [-0.5, 1.5] [-0.5, 1.5] [-0.5, 1.5] [-0.5, 1.5] [-0.5, 1.5] [-0.5, 1.5] [-0.5, 1.5] [-0.5, 1.5] [-0.5, 1.5] [-0.5, 1.5] [-0.5, 1.5] [-0.5, 1.5] [-0.5, 1.5] [-0.5, 1.5] [-0.5, 1.5] [-0.5, 1.5] [-0.5, 1.5] [-0.5, 1.5] [-0.5, 1.5] [-0.5, 1.5] [-0.5, 1.5] [-0.5, 1.5] [-0.5, 1.5] [-0.5, 1.5] [-0.5, 1.5] [-0.5, 1.5] [-0.5, 1.5] [-0.5, 1.5] [-0.5, 1.5] [-0.5, 1.5] [-0.5, 1.5] [-0.5, 1.5] [-0.5, 1.5] [-0.5, 1.5] [-0.5, 1.5] [-0.5, 1.5] [-0.5, 1.5] [-0.5, 1.5] [-0.5, 1.5] [-0.5, 1.5] [-0.5, 1.5] [-0.5, 1.5] [-0.5, 1.5] [-0.5, 1.5] [-0.5, 1.5] [-0.5, 1.5] [-0.5, 1.5] [-0.5, 1.5] [-0.5, 1.5] [-0.5, 1.5] [-0.5, 1.5] [-0.5, 1.5] [-0.5, 1.5] [-0.5, 1.5] [-0.5, 1.5] [-0.5, 1.5] [-0.5, 1.5] [-0.5, 1.5] [-0.5, 1.5] [-0.5, 1.5] [-0.5, 1.5] [-0.5, 1.5] [-0.5, 1.5] [-0.5, 1.5] [-0.5, 1.5] [-0.5, 1.5] [-0.5, 1.5] [-0.5, 1.5] [-0.5, 1.5] [-0.5, 1.5] [-0.5, 1.5] [-0.5, 1.5] [-0.5, 1.5] [-0.5, 1.5] [-0.5, 1.5] [-0.5, 1.5] [-0.5, 1.5] [-0.5, 1.5] [-0.5, 1.5] [-0.5, 1.5] [-0.5, 1.5] [-0.5, 1.5] [-0.5, 1.5] [-0.5, 1.5] [-0.5, 1.5] [-0.5, 1.5] [-0.5, 1.5] [-0.5, 1.5] [-0.5, 1.5] [-0.5, 1.5] [-0.5, 1.5] [-0.5, 1.5] [-0.5, 1.5] [-0.5, 1.5] [-0.5, 1.5] [-0.5, 1.5] [-0.5, 1.5] [-0.5, 1.5] [-0.5, 1.5] [-0.5, 1.5] [-0.5, 1.5] [-0.5, 1.5] [-0.5, 1.5] [-0.5, 1.5] [-0.5, 1.5] [-0.5, 1.5] [-0.5, 1.5] [-0.5, 1.5] [-0.5, 1.5] [-0.5, 1.5] [-0.5, 1.5] [-0.5, 1.5] [-0.5, 1.5] [-0.5, 1.5] [-0.5, 1.5] [-0.5, 1.5] [-0.5, 1.5] [-0.5, 1.5] [-0.5, 1.5] [-0.5, 1.5] [-0.5, 1.5] [-0.5, 1.5] [-0.5, 1.5] [-0.5, 1.5] [-0.5, 1.5] [-0.5, 1.5] [-0.5, 1.5] [-0.5, 1.5] [-0.5, 1.5] [-0.5, 1.5] [-0.5, 1.5] [-0.5, 1.5] [-0.5, 1.5] [-0.5, 1.5] [-0.5, 1.5] [-0.5, 1.5] [-0.5, 1.5] [-0.5, 1.5] [-0.5, 1.5] [-0.5, 1.5] [-0.5, 1.5] [-0.5, 1.5] [-0.5, 1.5] [-0.5, 1.5] [-0.5, 1.5] [-0.5, 1.5] [-0.5, 1.5] [-0.5, 1.5] [-0.5, 1.5] [-0.5, 1.5] [-0.5, 1.5] [-0.5, 1.5] [-0.5, 1.5] [-0.5, 1.5] [-0.5, 1.5] [-0.5, 1.5] [-0.5, 1.5] [-0.5, 1.5] [-0.5, 1.5] [-0.5, 1.5] [-0.5, 1.5] [-0.5, 1.5] [-0.5, 1.5] [-0.5, 1.5] [-0.5, 1.5] [-0.5, 1.5] [-0.5, 1.5] [-0.5, 1.5] [-0.5, 1.5] [-0.5, 1.5] [-0.5, 1.5] [-0.5, 1.5] [-0.5, 1.5] [-0.5, 1.5] [-0.5, 1.5] [-0.5, 1.5] [-0.5, 1.5] [-0.5, 1.5] [-0.5, 1.5] [-0.5, 1.5] [-0.5, 1.5] [-0.5, 1.5] [-0.5, 1.5] [-0.5, 1.5] [-0.5, 1.5] [-0.5, 1.5] [-0.5, 1.5] [-0.5, 1.5] [-0.5, 1.5] [-0.5, 1.5] [-0.5, 1.5] [-0.5, 1.5] [-0.5, 1.5] [-0.5, 1.5] [-0.5, 1.5] [-0.5, 1.5] [-0.5, 1.5] [-0.5, 1.5] [-0.5, 1.5] [-0.5, 1.5] [-0.5, 1.5] [-0.5, 1.5] [-0.5, 1.5] [-0.5, 1.5] [-0.5, 1.5] [-0.5, 1.5] [-0.5, 1.5] [-0.5, 1.5] [-0.5, 1.5] [-0.5, 1.5] [-0.5, 1.5] [-0.5, 1.5] [-0.5, 1.5] [-0.5, 1.5] [-0.5, 1.5] [-0.5, 1.5] [-0.5, 1.5] [-0.5, 1.5] [-0.5, 1.5] [-0.5, 1.5] [-0.5, 1.5] [-0.5, 1.5] [-0.5, 1.5] [-0.5, 1.5] [-0.5, 1.5] [-0.5, 1.5] [-0.5, 1.5] [-0.5, 1.5] [-0.5, 1.5] [-0.5, 1.5] [-0.5, 1.5] [-0.5, 1.5] [-0.5, 1.5] [-0.5, 1.5] [-0.5, 1.5] [-0.5, 1.5] [-0.5, 1.5] [-0.5, 1.5] [-0.5, 1.5] [-0.5, 1.5] [-0.5, 1.5] 
    1: [1.0, 60.0] [1.0, 56.0] [1.0, 37.0] [1.0, 45.0] [1.0, 68.0] [1.0, 61.0] [1.0, 60.0] [1.0, 69.0] [1.0, 79.0] [1.0, 78.0] [1.0, 81.0] [1.0, 66.0] [1.0, 61.0] [1.0, 64.0] [1.0, 84.0] [1.0, 66.0] [1.0, 82.0] [1.0, 82.0] [1.0, 76.0] [1.0, 58.0] [1.0, 68.0] [1.0, 46.0] [1.0, 53.0] [1.0, 39.0] [1.0, 53.0] [1.0, 37.0] [1.0, 39.0] [1.0, 33.0] [1.0, 27.0] [1.0, 44.0] [1.0, 43.0] [1.0, 60.0] [1.0, 61.0] [1.0, 68.0] [1.0, 76.0] [1.0, 72.0] [1.0, 70.0] [1.0, 66.0] [1.0, 80.0] [1.0, 67.0] [1.0, 75.0] [1.0, 71.0] [1.0, 77.0] [1.0, 74.0] [1.0, 57.0] [1.0, 66.0] [1.0, 66.0] [1.0, 45.0] [1.0, 59.0] [1.0, 66.0] [1.0, 74.0] [1.0, 65.0] [1.0, 57.0] [1.0, 62.0] [1.0, 58.0] [1.0, 73.0] [1.0, 65.0] [1.0, 61.0] [1.0, 45.0] [1.0, 37.0] [1.0, 40.0] [1.0, 31.0] [1.0, 43.0] [1.0, 80.0] [1.0, 69.0] [1.0, 68.0] [1.0, 73.0] [1.0, 75.0] [1.0, 52.0] [1.0, 64.0] [1.0, 67.0] [1.0, 58.0] [1.0, 73.0] [1.0, 59.0] [1.0, 66.0] [1.0, 77.0] [1.0, 57.0] [1.0, 44.0] [1.0, 29.0] [1.0, 72.0] [1.0, 78.0] [1.0, 58.0] [1.0, 65.0] [1.0, 61.0] [1.0, 77.0] [1.0, 73.0] [1.0, 36.0] [1.0, 40.0] [1.0, 78.0] [1.0, 79.0] [1.0, 71.0] [1.0, 68.0] [1.0, 72.0] [1.0, 65.0] [1.0, 79.0] [1.0, 79.0] [1.0, 64.0] [1.0, 51.0] [1.0, 60.0] [1.0, 73.0] [1.0, 71.0] [1.0, 65.0] [1.0, 65.0] [1.0, 72.0] [1.0, 60.0] [1.0, 54.0] [1.0, 76.0] [1.0, 71.0] [1.0, 55.0] [1.0, 71.0] [1.0, 54.0] [1.0, 44.0] [1.0, 48.0] [1.0, 53.0] [1.0, 44.0] [1.0, 63.0] [1.0, 54.0] [1.0, 70.0] [1.0, 81.0] [1.0, 64.0] [1.0, 78.0] [1.0, 63.0] [1.0, 79.0] [1.0, 57.0] [1.0, 76.0] [1.0, 73.0] [1.0, 75.0] [1.0, 79.0] [1.0, 77.0] [1.0, 60.0] [1.0, 75.0] [1.0, 77.0] [1.0, 56.0] [1.0, 66.0] [1.0, 78.0] [1.0, 74.0] [1.0, 63.0] [1.0, 71.0] [1.0, 65.0] [1.0, 69.0] [1.0, 69.0] [1.0, 52.0] [1.0, 65.0] [1.0, 60.0] [1.0, 71.0] [1.0, 57.0] [1.0, 59.0] [1.0, 60.0] [1.0, 57.0] [1.0, 74.0] [1.0, 80.0] [1.0, 53.0] [1.0, 65.0] [1.0, 60.0] [1.0, 75.0] [1.0, 60.0] [1.0, 64.0] [1.0, 74.0] [1.0, 75.0] [1.0, 70.0] [1.0, 77.0] [1.0, 68.0] [1.0, 77.0] [1.0, 75.0] [1.0, 60.0] [1.0, 74.0] [1.0, 71.0] [1.0, 81.0] [1.0, 59.0] [1.0, 63.0] [1.0, 71.0] [1.0, 67.0] [1.0, 78.0] [1.0, 82.0] [1.0, 80.0] [1.0, 74.0] [1.0, 71.0] [1.0, 73.0] [1.0, 81.0] [1.0, 84.0] [1.0, 67.0] [1.0, 83.0] [1.0, 76.0] [1.0, 64.0] [1.0, 69.0] [1.0, 71.0] [1.0, 66.0] [1.0, 72.0] [1.0, 54.0] [1.0, 67.0] [1.0, 62.0] [1.0, 76.0] [1.0, 80.0] [1.0, 56.0] [1.0, 50.0] [1.0, 59.0] [1.0, 69.0] [1.0, 57.0] [1.0, 67.0] [1.0, 74.0] [1.0, 58.0] [1.0, 56.0] [1.0, 59.0] [1.0, 69.0] [1.0, 73.0] [1.0, 80.0] [1.0, 66.0] [1.0, 64.0] [1.0, 70.0] [1.0, 77.0] [1.0, 74.0] [1.0, 84.0] [1.0, 68.0] [1.0, 80.0] [1.0, 62.0] [1.0, 64.0] [1.0, 85.0] [1.0, 80.0] [1.0, 71.0] [1.0, 60.0] [1.0, 78.0] [1.0, 76.0] [1.0, 66.0] [1.0, 69.0] [1.0, 63.0] [1.0, 72.0] [1.0, 54.0] [1.0, 68.0] [1.0, 53.0] [1.0, 63.0] [1.0, 44.0] [1.0, 71.0] [1.0, 63.0] [1.0, 50.0] [1.0, 51.0] [1.0, 67.0] [1.0, 82.0] [1.0, 59.0] [1.0, 48.0] [1.0, 76.0] [1.0, 75.0] [1.0, 78.0] [1.0, 77.0] [1.0, 72.0] [1.0, 71.0] [1.0, 74.0] [1.0, 68.0] [1.0, 66.0] [1.0, 69.0] [1.0, 67.0] [1.0, 66.0] [1.0, 78.0] [1.0, 61.0] [1.0, 61.0] [1.0, 71.0] [1.0, 82.0] [1.0, 82.0] [1.0, 62.0] [1.0, 62.0] [1.0, 65.0] [1.0, 69.0] [1.0, 69.0] [1.0, 71.0] [1.0, 46.0] [1.0, 54.0] [1.0, 63.0] [1.0, 48.0] [1.0, 54.0] [1.0, 51.0] [1.0, 54.0] [1.0, 66.0] [1.0, 61.0] [1.0, 69.0] [1.0, 63.0] [1.0, 70.0] [1.0, 66.0] [1.0, 68.0] [1.0, 69.0] [1.0, 60.0] [1.0, 76.0] [1.0, 61.0] [1.0, 83.0] [1.0, 82.0] [1.0, 73.0] [1.0, 73.0] [1.0, 71.0] [1.0, 72.0] [1.0, 81.0] [1.0, 70.0] [1.0, 78.0] [1.0, 72.0] [1.0, 74.0] [1.0, 74.0] [1.0, 57.0] [1.0, 62.0] [1.0, 66.0] [1.0, 52.0] [1.0, 67.0] [1.0, 69.0] [1.0, 68.0] [1.0, 77.0] [1.0, 80.0] [1.0, 77.0] [1.0, 65.0] [1.0, 61.0] [1.0, 84.0] [1.0, 81.0] [1.0, 85.0] [1.0, 77.0] [1.0, 80.0] [1.0, 64.0] [1.0, 68.0] [1.0, 70.0] [1.0, 64.0] [1.0, 71.0] [1.0, 73.0] [1.0, 74.0] [1.0, 58.0] [1.0, 81.0] [1.0, 79.0] [1.0, 72.0] [1.0, 71.0] [1.0, 72.0] [1.0, 62.0] [1.0, 64.0] [1.0, 39.0] [1.0, 70.0] [1.0, 53.0] [1.0, 53.0] [1.0, 55.0] [1.0, 74.0] [1.0, 81.0] [1.0, 75.0] [1.0, 75.0] [1.0, 79.0] [1.0, 77.0] [1.0, 64.0] [1.0, 72.0] [1.0, 73.0] [1.0, 79.0] [1.0, 73.0] [1.0, 74.0] [1.0, 76.0] [1.0, 40.0] [1.0, 63.0] [1.0, 69.0] [1.0, 63.0] [1.0, 64.0] [1.0, 59.0] [1.0, 65.0] [1.0, 54.0] [1.0, 52.0] [1.0, 63.0] [1.0, 50.0] [1.0, 65.0] [1.0, 55.0] [1.0, 57.0] [1.0, 69.0] [1.0, 72.0] [1.0, 71.0] [1.0, 76.0] [1.0, 69.0] [1.0, 81.0] [1.0, 78.0] [1.0, 77.0] [1.0, 49.0] [1.0, 65.0] [1.0, 89.0] [1.0, 66.0] [1.0, 53.0] [1.0, 81.0] [1.0, 87.0] [1.0, 87.0] [1.0, 91.0] [1.0, 91.0] [1.0, 83.0] [1.0, 83.0] [1.0, 80.0] 
  Output range:
    0: [0.0, 1.0] [0.0, 1.0] [0.0, 1.0] [0.0, 1.0] [0.0, 1.0] [0.0, 1.0] [0.0, 1.0] [0.0, 1.0] [0.0, 1.0] [0.0, 1.0] [0.0, 1.0] [0.0, 1.0] [0.0, 1.0] [0.0, 1.0] [0.0, 1.0] [0.0, 1.0] [0.0, 1.0] [0.0, 1.0] [0.0, 1.0] [0.0, 1.0] [0.0, 1.0] [0.0, 1.0] [0.0, 1.0] [0.0, 1.0] [0.0, 1.0] [0.0, 1.0] [0.0, 1.0] [0.0, 1.0] [0.0, 1.0] [0.0, 1.0] [0.0, 1.0] [0.0, 1.0] [0.0, 1.0] [0.0, 1.0] [0.0, 1.0] [0.0, 1.0] [0.0, 1.0] [0.0, 1.0] [0.0, 1.0] [0.0, 1.0] [0.0, 1.0] [0.0, 1.0] [0.0, 1.0] [0.0, 1.0] [0.0, 1.0] [0.0, 1.0] [0.0, 1.0] [0.0, 1.0] [0.0, 1.0] [0.0, 1.0] [0.0, 1.0] [0.0, 1.0] [0.0, 1.0] [0.0, 1.0] [0.0, 1.0] [0.0, 1.0] [0.0, 1.0] [0.0, 1.0] [0.0, 1.0] [0.0, 1.0] [0.0, 1.0] [0.0, 1.0] [0.0, 1.0] [0.0, 1.0] [0.0, 1.0] [0.0, 1.0] [0.0, 1.0] [0.0, 1.0] [0.0, 1.0] [0.0, 1.0] [0.0, 1.0] [0.0, 1.0] [0.0, 1.0] [0.0, 1.0] [0.0, 1.0] [0.0, 1.0] [0.0, 1.0] [0.0, 1.0] [0.0, 1.0] [0.0, 1.0] [0.0, 1.0] [0.0, 1.0] [0.0, 1.0] [0.0, 1.0] [0.0, 1.0] [0.0, 1.0] [0.0, 1.0] [0.0, 1.0] [0.0, 1.0] [0.0, 1.0] [0.0, 1.0] [0.0, 1.0] [0.0, 1.0] [0.0, 1.0] [0.0, 1.0] [0.0, 1.0] [0.0, 1.0] [0.0, 1.0] [0.0, 1.0] [0.0, 1.0] [0.0, 1.0] [0.0, 1.0] [0.0, 1.0] [0.0, 1.0] [0.0, 1.0] [0.0, 1.0] [0.0, 1.0] [0.0, 1.0] [0.0, 1.0] [0.0, 1.0] [0.0, 1.0] [0.0, 1.0] [0.0, 1.0] [0.0, 1.0] [0.0, 1.0] [0.0, 1.0] [0.0, 1.0] [0.0, 1.0] [0.0, 1.0] [0.0, 1.0] [0.0, 1.0] [0.0, 1.0] [0.0, 1.0] [0.0, 1.0] [0.0, 1.0] [0.0, 1.0] [0.0, 1.0] [0.0, 1.0] [0.0, 1.0] [0.0, 1.0] [0.0, 1.0] [0.0, 1.0] [0.0, 1.0] [0.0, 1.0] [0.0, 1.0] [0.0, 1.0] [0.0, 1.0] [0.0, 1.0] [0.0, 1.0] [0.0, 1.0] [0.0, 1.0] [0.0, 1.0] [0.0, 1.0] [0.0, 1.0] [0.0, 1.0] [0.0, 1.0] [0.0, 1.0] [0.0, 1.0] [0.0, 1.0] [0.0, 1.0] [0.0, 1.0] [0.0, 1.0] [0.0, 1.0] [0.0, 1.0] [0.0, 1.0] [0.0, 1.0] [0.0, 1.0] [0.0, 1.0] [0.0, 1.0] [0.0, 1.0] [0.0, 1.0] [0.0, 1.0] [0.0, 1.0] [0.0, 1.0] [0.0, 1.0] [0.0, 1.0] [0.0, 1.0] [0.0, 1.0] [0.0, 1.0] [0.0, 1.0] [0.0, 1.0] [0.0, 1.0] [0.0, 1.0] [0.0, 1.0] [0.0, 1.0] [0.0, 1.0] [0.0, 1.0] [0.0, 1.0] [0.0, 1.0] [0.0, 1.0] [0.0, 1.0] [0.0, 1.0] [0.0, 1.0] [0.0, 1.0] [0.0, 1.0] [0.0, 1.0] [0.0, 1.0] [0.0, 1.0] [0.0, 1.0] [0.0, 1.0] [0.0, 1.0] [0.0, 1.0] [0.0, 1.0] [0.0, 1.0] [0.0, 1.0] [0.0, 1.0] [0.0, 1.0] [0.0, 1.0] [0.0, 1.0] [0.0, 1.0] [0.0, 1.0] [0.0, 1.0] [0.0, 1.0] [0.0, 1.0] [0.0, 1.0] [0.0, 1.0] [0.0, 1.0] [0.0, 1.0] [0.0, 1.0] [0.0, 1.0] [0.0, 1.0] [0.0, 1.0] [0.0, 1.0] [0.0, 1.0] [0.0, 1.0] [0.0, 1.0] [0.0, 1.0] [0.0, 1.0] [0.0, 1.0] [0.0, 1.0] [0.0, 1.0] [0.0, 1.0] [0.0, 1.0] [0.0, 1.0] [0.0, 1.0] [0.0, 1.0] [0.0, 1.0] [0.0, 1.0] [0.0, 1.0] [0.0, 1.0] [0.0, 1.0] [0.0, 1.0] [0.0, 1.0] [0.0, 1.0] [0.0, 1.0] [0.0, 1.0] [0.0, 1.0] [0.0, 1.0] [0.0, 1.0] [0.0, 1.0] [0.0, 1.0] [0.0, 1.0] [0.0, 1.0] [0.0, 1.0] [0.0, 1.0] [0.0, 1.0] [0.0, 1.0] [0.0, 1.0] [0.0, 1.0] [0.0, 1.0] [0.0, 1.0] [0.0, 1.0] [0.0, 1.0] [0.0, 1.0] [0.0, 1.0] [0.0, 1.0] [0.0, 1.0] [0.0, 1.0] [0.0, 1.0] [0.0, 1.0] [0.0, 1.0] [0.0, 1.0] [0.0, 1.0] [0.0, 1.0] [0.0, 1.0] [0.0, 1.0] [0.0, 1.0] [0.0, 1.0] [0.0, 1.0] [0.0, 1.0] [0.0, 1.0] [0.0, 1.0] [0.0, 1.0] [0.0, 1.0] [0.0, 1.0] [0.0, 1.0] [0.0, 1.0] [0.0, 1.0] [0.0, 1.0] [0.0, 1.0] [0.0, 1.0] [0.0, 1.0] [0.0, 1.0] [0.0, 1.0] [0.0, 1.0] [0.0, 1.0] [0.0, 1.0] [0.0, 1.0] [0.0, 1.0] [0.0, 1.0] [0.0, 1.0] [0.0, 1.0] [0.0, 1.0] [0.0, 1.0] [0.0, 1.0] [0.0, 1.0] [0.0, 1.0] [0.0, 1.0] [0.0, 1.0] [0.0, 1.0] [0.0, 1.0] [0.0, 1.0] [0.0, 1.0] [0.0, 1.0] [0.0, 1.0] [0.0, 1.0] [0.0, 1.0] [0.0, 1.0] [0.0, 1.0] [0.0, 1.0] [0.0, 1.0] [0.0, 1.0] [0.0, 1.0] [0.0, 1.0] [0.0, 1.0] [0.0, 1.0] [0.0, 1.0] [0.0, 1.0] [0.0, 1.0] [0.0, 1.0] [0.0, 1.0] [0.0, 1.0] [0.0, 1.0] [0.0, 1.0] [0.0, 1.0] [0.0, 1.0] [0.0, 1.0] [0.0, 1.0] [0.0, 1.0] [0.0, 1.0] [0.0, 1.0] [0.0, 1.0] [0.0, 1.0] [0.0, 1.0] [0.0, 1.0] [0.0, 1.0] [0.0, 1.0] [0.0, 1.0] [0.0, 1.0] [0.0, 1.0] [0.0, 1.0] [0.0, 1.0] [0.0, 1.0] [0.0, 1.0] [0.0, 1.0] [0.0, 1.0] [0.0, 1.0] [0.0, 1.0] [0.0, 1.0] [0.0, 1.0] [0.0, 1.0] [0.0, 1.0] [0.0, 1.0] [0.0, 1.0] [0.0, 1.0] [0.0, 1.0] [0.0, 1.0] [0.0, 1.0] [0.0, 1.0] [0.0, 1.0] [0.0, 1.0] [0.0, 1.0] [0.0, 1.0] [0.0, 1.0] [0.0, 1.0] [0.0, 1.0] [0.0, 1.0] [0.0, 1.0] [0.0, 1.0] [0.0, 1.0] [0.0, 1.0] [0.0, 1.0] [0.0, 1.0] [0.0, 1.0] [0.0, 1.0] [0.0, 1.0] [0.0, 1.0] [0.0, 1.0] 
    1: [0.0, 2.0] [0.0, 2.0] [0.0, 2.0] [0.0, 2.0] [0.0, 2.0] [0.0, 2.0] [0.0, 2.0] [0.0, 2.0] [0.0, 2.0] [0.0, 2.0] [0.0, 2.0] [0.0, 2.0] [0.0, 2.0] [0.0, 2.0] [0.0, 2.0] [0.0, 2.0] [0.0, 2.0] [0.0, 2.0] [0.0, 2.0] [0.0, 2.0] [0.0, 2.0] [0.0, 2.0] [0.0, 2.0] [0.0, 2.0] [0.0, 2.0] [0.0, 2.0] [0.0, 2.0] [0.0, 2.0] [0.0, 2.0] [0.0, 2.0] [0.0, 2.0] [0.0, 2.0] [0.0, 2.0] [0.0, 2.0] [0.0, 2.0] [0.0, 2.0] [0.0, 2.0] [0.0, 2.0] [0.0, 2.0] [0.0, 2.0] [0.0, 2.0] [0.0, 2.0] [0.0, 2.0] [0.0, 2.0] [0.0, 2.0] [0.0, 2.0] [0.0, 2.0] [0.0, 2.0] [0.0, 2.0] [0.0, 2.0] [0.0, 2.0] [0.0, 2.0] [0.0, 2.0] [0.0, 2.0] [0.0, 2.0] [0.0, 2.0] [0.0, 2.0] [0.0, 2.0] [0.0, 2.0] [0.0, 2.0] [0.0, 2.0] [0.0, 2.0] [0.0, 2.0] [0.0, 2.0] [0.0, 2.0] [0.0, 2.0] [0.0, 2.0] [0.0, 2.0] [0.0, 2.0] [0.0, 2.0] [0.0, 2.0] [0.0, 2.0] [0.0, 2.0] [0.0, 2.0] [0.0, 2.0] [0.0, 2.0] [0.0, 2.0] [0.0, 2.0] [0.0, 2.0] [0.0, 2.0] [0.0, 2.0] [0.0, 2.0] [0.0, 2.0] [0.0, 2.0] [0.0, 2.0] [0.0, 2.0] [0.0, 2.0] [0.0, 2.0] [0.0, 2.0] [0.0, 2.0] [0.0, 2.0] [0.0, 2.0] [0.0, 2.0] [0.0, 2.0] [0.0, 2.0] [0.0, 2.0] [0.0, 2.0] [0.0, 2.0] [0.0, 2.0] [0.0, 2.0] [0.0, 2.0] [0.0, 2.0] [0.0, 2.0] [0.0, 2.0] [0.0, 2.0] [0.0, 2.0] [0.0, 2.0] [0.0, 2.0] [0.0, 2.0] [0.0, 2.0] [0.0, 2.0] [0.0, 2.0] [0.0, 2.0] [0.0, 2.0] [0.0, 2.0] [0.0, 2.0] [0.0, 2.0] [0.0, 2.0] [0.0, 2.0] [0.0, 2.0] [0.0, 2.0] [0.0, 2.0] [0.0, 2.0] [0.0, 2.0] [0.0, 2.0] [0.0, 2.0] [0.0, 2.0] [0.0, 2.0] [0.0, 2.0] [0.0, 2.0] [0.0, 2.0] [0.0, 2.0] [0.0, 2.0] [0.0, 2.0] [0.0, 2.0] [0.0, 2.0] [0.0, 2.0] [0.0, 2.0] [0.0, 2.0] [0.0, 2.0] [0.0, 2.0] [0.0, 2.0] [0.0, 2.0] [0.0, 2.0] [0.0, 2.0] [0.0, 2.0] [0.0, 2.0] [0.0, 2.0] [0.0, 2.0] [0.0, 2.0] [0.0, 2.0] [0.0, 2.0] [0.0, 2.0] [0.0, 2.0] [0.0, 2.0] [0.0, 2.0] [0.0, 2.0] [0.0, 2.0] [0.0, 2.0] [0.0, 2.0] [0.0, 2.0] [0.0, 2.0] [0.0, 2.0] [0.0, 2.0] [0.0, 2.0] [0.0, 2.0] [0.0, 2.0] [0.0, 2.0] [0.0, 2.0] [0.0, 2.0] [0.0, 2.0] [0.0, 2.0] [0.0, 2.0] [0.0, 2.0] [0.0, 2.0] [0.0, 2.0] [0.0, 2.0] [0.0, 2.0] [0.0, 2.0] [0.0, 2.0] [0.0, 2.0] [0.0, 2.0] [0.0, 2.0] [0.0, 2.0] [0.0, 2.0] [0.0, 2.0] [0.0, 2.0] [0.0, 2.0] [0.0, 2.0] [0.0, 2.0] [0.0, 2.0] [0.0, 2.0] [0.0, 2.0] [0.0, 2.0] [0.0, 2.0] [0.0, 2.0] [0.0, 2.0] [0.0, 2.0] [0.0, 2.0] [0.0, 2.0] [0.0, 2.0] [0.0, 2.0] [0.0, 2.0] [0.0, 2.0] [0.0, 2.0] [0.0, 2.0] [0.0, 2.0] [0.0, 2.0] [0.0, 2.0] [0.0, 2.0] [0.0, 2.0] [0.0, 2.0] [0.0, 2.0] [0.0, 2.0] [0.0, 2.0] [0.0, 2.0] [0.0, 2.0] [0.0, 2.0] [0.0, 2.0] [0.0, 2.0] [0.0, 2.0] [0.0, 2.0] [0.0, 2.0] [0.0, 2.0] [0.0, 2.0] [0.0, 2.0] [0.0, 2.0] [0.0, 2.0] [0.0, 2.0] [0.0, 2.0] [0.0, 2.0] [0.0, 2.0] [0.0, 2.0] [0.0, 2.0] [0.0, 2.0] [0.0, 2.0] [0.0, 2.0] [0.0, 2.0] [0.0, 2.0] [0.0, 2.0] [0.0, 2.0] [0.0, 2.0] [0.0, 2.0] [0.0, 2.0] [0.0, 2.0] [0.0, 2.0] [0.0, 2.0] [0.0, 2.0] [0.0, 2.0] [0.0, 2.0] [0.0, 2.0] [0.0, 2.0] [0.0, 2.0] [0.0, 2.0] [0.0, 2.0] [0.0, 2.0] [0.0, 2.0] [0.0, 2.0] [0.0, 2.0] [0.0, 2.0] [0.0, 2.0] [0.0, 2.0] [0.0, 2.0] [0.0, 2.0] [0.0, 2.0] [0.0, 2.0] [0.0, 2.0] [0.0, 2.0] [0.0, 2.0] [0.0, 2.0] [0.0, 2.0] [0.0, 2.0] [0.0, 2.0] [0.0, 2.0] [0.0, 2.0] [0.0, 2.0] [0.0, 2.0] [0.0, 2.0] [0.0, 2.0] [0.0, 2.0] [0.0, 2.0] [0.0, 2.0] [0.0, 2.0] [0.0, 2.0] [0.0, 2.0] [0.0, 2.0] [0.0, 2.0] [0.0, 2.0] [0.0, 2.0] [0.0, 2.0] [0.0, 2.0] [0.0, 2.0] [0.0, 2.0] [0.0, 2.0] [0.0, 2.0] [0.0, 2.0] [0.0, 2.0] [0.0, 2.0] [0.0, 2.0] [0.0, 2.0] [0.0, 2.0] [0.0, 2.0] [0.0, 2.0] [0.0, 2.0] [0.0, 2.0] [0.0, 2.0] [0.0, 2.0] [0.0, 2.0] [0.0, 2.0] [0.0, 2.0] [0.0, 2.0] [0.0, 2.0] [0.0, 2.0] [0.0, 2.0] [0.0, 2.0] [0.0, 2.0] [0.0, 2.0] [0.0, 2.0] [0.0, 2.0] [0.0, 2.0] [0.0, 2.0] [0.0, 2.0] [0.0, 2.0] [0.0, 2.0] [0.0, 2.0] [0.0, 2.0] [0.0, 2.0] [0.0, 2.0] [0.0, 2.0] [0.0, 2.0] [0.0, 2.0] [0.0, 2.0] [0.0, 2.0] [0.0, 2.0] [0.0, 2.0] [0.0, 2.0] [0.0, 2.0] [0.0, 2.0] [0.0, 2.0] [0.0, 2.0] [0.0, 2.0] [0.0, 2.0] [0.0, 2.0] [0.0, 2.0] [0.0, 2.0] [0.0, 2.0] [0.0, 2.0] [0.0, 2.0] [0.0, 2.0] [0.0, 2.0] [0.0, 2.0] [0.0, 2.0] [0.0, 2.0] [0.0, 2.0] [0.0, 2.0] [0.0, 2.0] [0.0, 2.0] [0.0, 2.0] [0.0, 2.0] [0.0, 2.0] [0.0, 2.0] [0.0, 2.0] [0.0, 2.0] [0.0, 2.0] [0.0, 2.0] [0.0, 2.0] [0.0, 2.0] [0.0, 2.0] [0.0, 2.0] [0.0, 2.0] [0.0, 2.0] [0.0, 2.0] [0.0, 2.0] [0.0, 2.0] [0.0, 2.0] [0.0, 2.0] [0.0, 2.0] [0.0, 2.0] 
    2: [0.0, 2.0] [0.0, 2.0] [0.0, 2.0] [0.0, 2.0] [0.0, 2.0] [0.0, 2.0] [0.0, 2.0] [0.0, 2.0] [0.0, 2.0] [0.0, 2.0] [0.0, 2.0] [0.0, 2.0] [0.0, 2.0] [0.0, 2.0] [0.0, 2.0] [0.0, 2.0] [0.0, 2.0] [0.0, 2.0] [0.0, 2.0] [0.0, 2.0] [0.0, 2.0] [0.0, 2.0] [0.0, 2.0] [0.0, 2.0] [0.0, 2.0] [0.0, 2.0] [0.0, 2.0] [0.0, 2.0] [0.0, 2.0] [0.0, 2.0] [0.0, 2.0] [0.0, 2.0] [0.0, 2.0] [0.0, 2.0] [0.0, 2.0] [0.0, 2.0] [0.0, 2.0] [0.0, 2.0] [0.0, 2.0] [0.0, 2.0] [0.0, 2.0] [0.0, 2.0] [0.0, 2.0] [0.0, 2.0] [0.0, 2.0] [0.0, 2.0] [0.0, 2.0] [0.0, 2.0] [0.0, 2.0] [0.0, 2.0] [0.0, 2.0] [0.0, 2.0] [0.0, 2.0] [0.0, 2.0] [0.0, 2.0] [0.0, 2.0] [0.0, 2.0] [0.0, 2.0] [0.0, 2.0] [0.0, 2.0] [0.0, 2.0] [0.0, 2.0] [0.0, 2.0] [0.0, 2.0] [0.0, 2.0] [0.0, 2.0] [0.0, 2.0] [0.0, 2.0] [0.0, 2.0] [0.0, 2.0] [0.0, 2.0] [0.0, 2.0] [0.0, 2.0] [0.0, 2.0] [0.0, 2.0] [0.0, 2.0] [0.0, 2.0] [0.0, 2.0] [0.0, 2.0] [0.0, 2.0] [0.0, 2.0] [0.0, 2.0] [0.0, 2.0] [0.0, 2.0] [0.0, 2.0] [0.0, 2.0] [0.0, 2.0] [0.0, 2.0] [0.0, 2.0] [0.0, 2.0] [0.0, 2.0] [0.0, 2.0] [0.0, 2.0] [0.0, 2.0] [0.0, 2.0] [0.0, 2.0] [0.0, 2.0] [0.0, 2.0] [0.0, 2.0] [0.0, 2.0] [0.0, 2.0] [0.0, 2.0] [0.0, 2.0] [0.0, 2.0] [0.0, 2.0] [0.0, 2.0] [0.0, 2.0] [0.0, 2.0] [0.0, 2.0] [0.0, 2.0] [0.0, 2.0] [0.0, 2.0] [0.0, 2.0] [0.0, 2.0] [0.0, 2.0] [0.0, 2.0] [0.0, 2.0] [0.0, 2.0] [0.0, 2.0] [0.0, 2.0] [0.0, 2.0] [0.0, 2.0] [0.0, 2.0] [0.0, 2.0] [0.0, 2.0] [0.0, 2.0] [0.0, 2.0] [0.0, 2.0] [0.0, 2.0] [0.0, 2.0] [0.0, 2.0] [0.0, 2.0] [0.0, 2.0] [0.0, 2.0] [0.0, 2.0] [0.0, 2.0] [0.0, 2.0] [0.0, 2.0] [0.0, 2.0] [0.0, 2.0] [0.0, 2.0] [0.0, 2.0] [0.0, 2.0] [0.0, 2.0] [0.0, 2.0] [0.0, 2.0] [0.0, 2.0] [0.0, 2.0] [0.0, 2.0] [0.0, 2.0] [0.0, 2.0] [0.0, 2.0] [0.0, 2.0] [0.0, 2.0] [0.0, 2.0] [0.0, 2.0] [0.0, 2.0] [0.0, 2.0] [0.0, 2.0] [0.0, 2.0] [0.0, 2.0] [0.0, 2.0] [0.0, 2.0] [0.0, 2.0] [0.0, 2.0] [0.0, 2.0] [0.0, 2.0] [0.0, 2.0] [0.0, 2.0] [0.0, 2.0] [0.0, 2.0] [0.0, 2.0] [0.0, 2.0] [0.0, 2.0] [0.0, 2.0] [0.0, 2.0] [0.0, 2.0] [0.0, 2.0] [0.0, 2.0] [0.0, 2.0] [0.0, 2.0] [0.0, 2.0] [0.0, 2.0] [0.0, 2.0] [0.0, 2.0] [0.0, 2.0] [0.0, 2.0] [0.0, 2.0] [0.0, 2.0] [0.0, 2.0] [0.0, 2.0] [0.0, 2.0] [0.0, 2.0] [0.0, 2.0] [0.0, 2.0] [0.0, 2.0] [0.0, 2.0] [0.0, 2.0] [0.0, 2.0] [0.0, 2.0] [0.0, 2.0] [0.0, 2.0] [0.0, 2.0] [0.0, 2.0] [0.0, 2.0] [0.0, 2.0] [0.0, 2.0] [0.0, 2.0] [0.0, 2.0] [0.0, 2.0] [0.0, 2.0] [0.0, 2.0] [0.0, 2.0] [0.0, 2.0] [0.0, 2.0] [0.0, 2.0] [0.0, 2.0] [0.0, 2.0] [0.0, 2.0] [0.0, 2.0] [0.0, 2.0] [0.0, 2.0] [0.0, 2.0] [0.0, 2.0] [0.0, 2.0] [0.0, 2.0] [0.0, 2.0] [0.0, 2.0] [0.0, 2.0] [0.0, 2.0] [0.0, 2.0] [0.0, 2.0] [0.0, 2.0] [0.0, 2.0] [0.0, 2.0] [0.0, 2.0] [0.0, 2.0] [0.0, 2.0] [0.0, 2.0] [0.0, 2.0] [0.0, 2.0] [0.0, 2.0] [0.0, 2.0] [0.0, 2.0] [0.0, 2.0] [0.0, 2.0] [0.0, 2.0] [0.0, 2.0] [0.0, 2.0] [0.0, 2.0] [0.0, 2.0] [0.0, 2.0] [0.0, 2.0] [0.0, 2.0] [0.0, 2.0] [0.0, 2.0] [0.0, 2.0] [0.0, 2.0] [0.0, 2.0] [0.0, 2.0] [0.0, 2.0] [0.0, 2.0] [0.0, 2.0] [0.0, 2.0] [0.0, 2.0] [0.0, 2.0] [0.0, 2.0] [0.0, 2.0] [0.0, 2.0] [0.0, 2.0] [0.0, 2.0] [0.0, 2.0] [0.0, 2.0] [0.0, 2.0] [0.0, 2.0] [0.0, 2.0] [0.0, 2.0] [0.0, 2.0] [0.0, 2.0] [0.0, 2.0] [0.0, 2.0] [0.0, 2.0] [0.0, 2.0] [0.0, 2.0] [0.0, 2.0] [0.0, 2.0] [0.0, 2.0] [0.0, 2.0] [0.0, 2.0] [0.0, 2.0] [0.0, 2.0] [0.0, 2.0] [0.0, 2.0] [0.0, 2.0] [0.0, 2.0] [0.0, 2.0] [0.0, 2.0] [0.0, 2.0] [0.0, 2.0] [0.0, 2.0] [0.0, 2.0] [0.0, 2.0] [0.0, 2.0] [0.0, 2.0] [0.0, 2.0] [0.0, 2.0] [0.0, 2.0] [0.0, 2.0] [0.0, 2.0] [0.0, 2.0] [0.0, 2.0] [0.0, 2.0] [0.0, 2.0] [0.0, 2.0] [0.0, 2.0] [0.0, 2.0] [0.0, 2.0] [0.0, 2.0] [0.0, 2.0] [0.0, 2.0] [0.0, 2.0] [0.0, 2.0] [0.0, 2.0] [0.0, 2.0] [0.0, 2.0] [0.0, 2.0] [0.0, 2.0] [0.0, 2.0] [0.0, 2.0] [0.0, 2.0] [0.0, 2.0] [0.0, 2.0] [0.0, 2.0] [0.0, 2.0] [0.0, 2.0] [0.0, 2.0] [0.0, 2.0] [0.0, 2.0] [0.0, 2.0] [0.0, 2.0] [0.0, 2.0] [0.0, 2.0] [0.0, 2.0] [0.0, 2.0] [0.0, 2.0] [0.0, 2.0] [0.0, 2.0] [0.0, 2.0] [0.0, 2.0] [0.0, 2.0] [0.0, 2.0] [0.0, 2.0] [0.0, 2.0] [0.0, 2.0] [0.0, 2.0] [0.0, 2.0] [0.0, 2.0] [0.0, 2.0] [0.0, 2.0] [0.0, 2.0] [0.0, 2.0] [0.0, 2.0] [0.0, 2.0] [0.0, 2.0] [0.0, 2.0] [0.0, 2.0] [0.0, 2.0] [0.0, 2.0] [0.0, 2.0] [0.0, 2.0] [0.0, 2.0] [0.0, 2.0] [0.0, 2.0] [0.0, 2.0] [0.0, 2.0] [0.0, 2.0] [0.0, 2.0] [0.0, 2.0] 
    3: [0.0, 2.0] [0.0, 2.0] [0.0, 2.0] [0.0, 1.0] [0.0, 2.0] [0.0, 2.0] [0.0, 2.0] [0.0, 2.0] [0.0, 2.0] [0.0, 2.0] [0.0, 2.0] [0.0, 1.0] [0.0, 1.0] [0.0, 2.0] [0.0, 1.0] [0.0, 2.0] [0.0, 2.0] [0.0, 2.0] [0.0, 2.0] [0.0, 2.0] [0.0, 2.0] [0.0, 2.0] [0.0, 2.0] [0.0, 2.0] [0.0, 2.0] [0.0, 2.0] [0.0, 2.0] [0.0, 2.0] [0.0, 2.0] [0.0, 2.0] [0.0, 2.0] [0.0, 2.0] [0.0, 2.0] [0.0, 2.0] [0.0, 2.0] [0.0, 2.0] [0.0, 2.0] [0.0, 2.0] [0.0, 2.0] [0.0, 2.0] [0.0, 2.0] [0.0, 2.0] [0.0, 2.0] [0.0, 2.0] [0.0, 2.0] [0.0, 2.0] [0.0, 2.0] [0.0, 2.0] [0.0, 2.0] [0.0, 2.0] [0.0, 2.0] [0.0, 2.0] [0.0, 2.0] [0.0, 2.0] [0.0, 2.0] [0.0, 2.0] [0.0, 2.0] [0.0, 2.0] [0.0, 2.0] [0.0, 2.0] [0.0, 2.0] [0.0, 2.0] [0.0, 2.0] [0.0, 2.0] [0.0, 2.0] [0.0, 2.0] [0.0, 2.0] [0.0, 2.0] [0.0, 2.0] [0.0, 2.0] [0.0, 2.0] [0.0, 2.0] [0.0, 2.0] [0.0, 2.0] [0.0, 2.0] [0.0, 2.0] [0.0, 2.0] [0.0, 2.0] [0.0, 2.0] [0.0, 2.0] [0.0, 2.0] [0.0, 2.0] [0.0, 2.0] [0.0, 2.0] [0.0, 2.0] [0.0, 2.0] [0.0, 2.0] [0.0, 2.0] [0.0, 2.0] [0.0, 2.0] [0.0, 2.0] [0.0, 2.0] [0.0, 2.0] [0.0, 2.0] [0.0, 2.0] [0.0, 2.0] [0.0, 2.0] [0.0, 2.0] [0.0, 2.0] [0.0, 2.0] [0.0, 2.0] [0.0, 2.0] [0.0, 2.0] [0.0, 2.0] [0.0, 2.0] [0.0, 2.0] [0.0, 1.0] [0.0, 2.0] [0.0, 2.0] [0.0, 2.0] [0.0, 2.0] [0.0, 2.0] [0.0, 1.0] [0.0, 2.0] [0.0, 2.0] [0.0, 2.0] [0.0, 2.0] [0.0, 2.0] [0.0, 2.0] [0.0, 2.0] [0.0, 2.0] [0.0, 2.0] [0.0, 2.0] [0.0, 2.0] [0.0, 2.0] [0.0, 2.0] [0.0, 2.0] [0.0, 2.0] [0.0, 2.0] [0.0, 2.0] [0.0, 2.0] [0.0, 2.0] [0.0, 2.0] [0.0, 2.0] [0.0, 2.0] [0.0, 2.0] [0.0, 2.0] [0.0, 2.0] [0.0, 2.0] [0.0, 2.0] [0.0, 2.0] [0.0, 2.0] [0.0, 2.0] [0.0, 2.0] [0.0, 2.0] [0.0, 2.0] [0.0, 2.0] [0.0, 2.0] [0.0, 2.0] [0.0, 2.0] [0.0, 2.0] [0.0, 2.0] [0.0, 2.0] [0.0, 2.0] [0.0, 2.0] [0.0, 2.0] [0.0, 2.0] [0.0, 2.0] [0.0, 2.0] [0.0, 2.0] [0.0, 2.0] [0.0, 2.0] [0.0, 2.0] [0.0, 2.0] [0.0, 2.0] [0.0, 2.0] [0.0, 2.0] [0.0, 2.0] [0.0, 2.0] [0.0, 2.0] [0.0, 2.0] [0.0, 2.0] [0.0, 2.0] [0.0, 2.0] [0.0, 2.0] [0.0, 2.0] [0.0, 2.0] [0.0, 2.0] [0.0, 2.0] [0.0, 2.0] [0.0, 2.0] [0.0, 2.0] [0.0, 2.0] [0.0, 2.0] [0.0, 2.0] [0.0, 2.0] [0.0, 2.0] [0.0, 2.0] [0.0, 2.0] [0.0, 2.0] [0.0, 2.0] [0.0, 2.0] [0.0, 2.0] [0.0, 2.0] [0.0, 2.0] [0.0, 2.0] [0.0, 2.0] [0.0, 2.0] [0.0, 2.0] [0.0, 2.0] [0.0, 2.0] [0.0, 2.0] [0.0, 2.0] [0.0, 2.0] [0.0, 2.0] [0.0, 2.0] [0.0, 2.0] [0.0, 2.0] [0.0, 2.0] [0.0, 2.0] [0.0, 2.0] [0.0, 2.0] [0.0, 2.0] [0.0, 2.0] [0.0, 2.0] [0.0, 2.0] [0.0, 2.0] [0.0, 2.0] [0.0, 2.0] [0.0, 2.0] [0.0, 2.0] [0.0, 2.0] [0.0, 2.0] [0.0, 2.0] [0.0, 2.0] [0.0, 2.0] [0.0, 2.0] [0.0, 2.0] [0.0, 2.0] [0.0, 2.0] [0.0, 2.0] [0.0, 2.0] [0.0, 2.0] [0.0, 2.0] [0.0, 2.0] [0.0, 2.0] [0.0, 2.0] [0.0, 2.0] [0.0, 2.0] [0.0, 2.0] [0.0, 2.0] [0.0, 2.0] [0.0, 2.0] [0.0, 2.0] [0.0, 2.0] [0.0, 2.0] [0.0, 2.0] [0.0, 2.0] [0.0, 2.0] [0.0, 2.0] [0.0, 2.0] [0.0, 2.0] [0.0, 2.0] [0.0, 2.0] [0.0, 2.0] [0.0, 2.0] [0.0, 2.0] [0.0, 2.0] [0.0, 2.0] [0.0, 2.0] [0.0, 2.0] [0.0, 2.0] [0.0, 2.0] [0.0, 2.0] [0.0, 2.0] [0.0, 2.0] [0.0, 2.0] [0.0, 2.0] [0.0, 2.0] [0.0, 2.0] [0.0, 2.0] [0.0, 2.0] [0.0, 2.0] [0.0, 2.0] [0.0, 2.0] [0.0, 2.0] [0.0, 2.0] [0.0, 2.0] [0.0, 2.0] [0.0, 2.0] [0.0, 2.0] [0.0, 2.0] [0.0, 2.0] [0.0, 2.0] [0.0, 2.0] [0.0, 2.0] [0.0, 2.0] [0.0, 2.0] [0.0, 2.0] [0.0, 2.0] [0.0, 2.0] [0.0, 2.0] [0.0, 2.0] [0.0, 2.0] [0.0, 2.0] [0.0, 2.0] [0.0, 2.0] [0.0, 2.0] [0.0, 2.0] [0.0, 2.0] [0.0, 2.0] [0.0, 2.0] [0.0, 2.0] [0.0, 2.0] [0.0, 2.0] [0.0, 2.0] [0.0, 2.0] [0.0, 2.0] [0.0, 2.0] [0.0, 2.0] [0.0, 2.0] [0.0, 2.0] [0.0, 2.0] [0.0, 2.0] [0.0, 2.0] [0.0, 2.0] [0.0, 2.0] [0.0, 2.0] [0.0, 2.0] [0.0, 2.0] [0.0, 2.0] [0.0, 2.0] [0.0, 2.0] [0.0, 2.0] [0.0, 2.0] [0.0, 2.0] [0.0, 2.0] [0.0, 2.0] [0.0, 2.0] [0.0, 2.0] [0.0, 2.0] [0.0, 2.0] [0.0, 2.0] [0.0, 2.0] [0.0, 2.0] [0.0, 2.0] [0.0, 2.0] [0.0, 2.0] [0.0, 2.0] [0.0, 2.0] [0.0, 2.0] [0.0, 2.0] [0.0, 2.0] [0.0, 2.0] [0.0, 2.0] [0.0, 1.0] [0.0, 2.0] [0.0, 2.0] [0.0, 2.0] [0.0, 2.0] [0.0, 2.0] [0.0, 2.0] [0.0, 2.0] [0.0, 2.0] [0.0, 2.0] [0.0, 2.0] [0.0, 2.0] [0.0, 2.0] [0.0, 1.0] [0.0, 2.0] [0.0, 2.0] [0.0, 2.0] [0.0, 2.0] [0.0, 1.0] [0.0, 2.0] [0.0, 2.0] [0.0, 2.0] [0.0, 2.0] [0.0, 2.0] [0.0, 2.0] [0.0, 2.0] [0.0, 2.0] [0.0, 2.0] [0.0, 2.0] [0.0, 2.0] [0.0, 2.0] [0.0, 2.0] [0.0, 2.0] 
  Output fraction of data:
choice: (0.428 0.574 0.415 0.538 0.383 0.416 0.695 0.543 0.408 0.468 0.482 0.520 0.381 0.331 0.383 0.509 0.428 0.427 0.511 0.521 0.595 0.498 0.412 0.632 0.559 0.458 0.500 0.508 0.389 0.424 0.554 0.506 0.672 0.418 0.327 0.506 0.539 0.572 0.573 0.521 0.439 0.454 0.356 0.429 0.583 0.548 0.497 0.594 0.335 0.482 0.369 0.500 0.441 0.335 0.430 0.422 0.491 0.495 0.424 0.464 0.540 0.494 0.387 0.435 0.517 0.440 0.393 0.346 0.393 0.390 0.432 0.489 0.493 0.563 0.606 0.637 0.631 0.611 0.551 0.582 0.414 0.611 0.537 0.500 0.451 0.410 0.593 0.526 0.618 0.509 0.481 0.381 0.374 0.522 0.469 0.360 0.654 0.238 0.466 0.402 0.511 0.642 0.623 0.592 0.436 0.440 0.524 0.493 0.509 0.361 0.389 0.492 0.393 0.798 0.360 0.311 0.490 0.584 0.363 0.527 0.648 0.442 0.526 0.521 0.599 0.538 0.524 0.542 0.122 0.270 0.462 0.409 0.516 0.464 0.641 0.650 0.554 0.587 0.405 0.454 0.657 0.548 0.430 0.397 0.372 0.461 0.376 0.455 0.521 0.531 0.443 0.642 0.587 0.513 0.653 0.472 0.377 0.424 0.414 0.496 0.548 0.494 0.561 0.559 0.425 0.405 0.546 0.408 0.516 0.453 0.478 0.540 0.623 0.550 0.563 0.616 0.502 0.476 0.538 0.632 0.679 0.555 0.692 0.542 0.614 0.772 0.741 0.588 0.731 0.702 0.595 0.635 0.764 0.397 0.395 0.531 0.555 0.544 0.648 0.616 0.556 0.491 0.350 0.403 0.387 0.427 0.492 0.527 0.495 0.491 0.594 0.484 0.466 0.557 0.477 0.486 0.626 0.509 0.444 0.379 0.539 0.562 0.571 0.561 0.485 0.382 0.348 0.546 0.503 0.334 0.599 0.551 0.540 0.535 0.495 0.411 0.400 0.563 0.378 0.405 0.201 0.515 0.405 0.513 0.396 0.440 0.438 0.463 0.527 0.529 0.483 0.494 0.474 0.403 0.593 0.462 0.558 0.558 0.413 0.333 0.622 0.528 0.657 0.575 0.579 0.599 0.505 0.557 0.439 0.504 0.492 0.433 0.521 0.482 0.537 0.394 0.588 0.558 0.608 0.662 0.815 0.574 0.397 0.428 0.568 0.553 0.540 0.425 0.478 0.570 0.440 0.477 0.503 0.370 0.231 0.472 0.480 0.457 0.351 0.409 0.407 0.547 0.572 0.518 0.576 0.531 0.527 0.484 0.519 0.517 0.592 0.558 0.532 0.451 0.452 0.679 0.524 0.446 0.537 0.507 0.434 0.385 0.562 0.581 0.460 0.532 0.496 0.609 0.602 0.691 0.486 0.470 0.558 0.552 0.462 0.471 0.284 0.429 0.416 0.411 0.467 0.611 0.561 0.336 0.550 0.388 0.535 0.458 0.512 0.458 0.434 0.451 0.380 0.464 0.440 0.617 0.492 0.450 0.661 0.500 0.334 0.521 0.487 0.548 0.574 0.300 0.332 0.359 0.399 0.354 0.318 0.454 0.509 0.483 0.498 0.531 0.473 0.513)  0.572 0.426 0.585 0.462 0.617 0.584 0.305 0.457 0.592 0.532 0.518 0.480 0.619 0.669 0.617 0.491 0.572 0.573 0.489 0.479 0.405 0.502 0.588 0.368 0.441 0.542 0.500 0.492 0.611 0.576 0.446 0.494 0.328 0.582 0.673 0.494 0.461 0.428 0.427 0.479 0.561 0.546 0.644 0.571 0.417 0.452 0.503 0.406 0.665 0.518 0.631 0.500 0.559 0.665 0.570 0.578 0.509 0.505 0.576 0.536 0.460 0.506 0.613 0.565 0.483 0.560 0.607 0.654 0.607 0.610 0.568 0.511 0.507 0.437 0.394 0.363 0.369 0.389 0.449 0.418 0.586 0.389 0.463 0.500 0.549 0.590 0.407 0.474 0.382 0.491 0.519 0.619 0.626 0.478 0.531 0.640 0.346 0.762 0.534 0.598 0.489 0.358 0.377 0.408 0.564 0.560 0.476 0.507 0.491 0.639 0.611 0.508 0.607 0.202 0.640 0.689 0.510 0.416 0.637 0.473 0.352 0.558 0.474 0.479 0.401 0.462 0.476 0.458 0.878 0.730 0.538 0.591 0.484 0.536 0.359 0.350 0.446 0.413 0.595 0.546 0.343 0.452 0.570 0.603 0.628 0.539 0.624 0.545 0.479 0.469 0.557 0.358 0.413 0.487 0.347 0.528 0.623 0.576 0.586 0.504 0.452 0.506 0.439 0.441 0.575 0.595 0.454 0.592 0.484 0.547 0.522 0.460 0.377 0.450 0.437 0.384 0.498 0.524 0.462 0.368 0.321 0.445 0.308 0.458 0.386 0.228 0.259 0.412 0.269 0.298 0.405 0.365 0.236 0.603 0.605 0.469 0.445 0.456 0.352 0.384 0.444 0.509 0.650 0.597 0.613 0.573 0.508 0.473 0.505 0.509 0.406 0.516 0.534 0.443 0.523 0.514 0.374 0.491 0.556 0.621 0.461 0.438 0.429 0.439 0.515 0.618 0.652 0.454 0.497 0.666 0.401 0.449 0.460 0.465 0.505 0.589 0.600 0.437 0.622 0.595 0.799 0.485 0.595 0.487 0.604 0.560 0.562 0.537 0.473 0.471 0.517 0.506 0.526 0.597 0.407 0.538 0.442 0.442 0.587 0.667 0.378 0.472 0.343 0.425 0.421 0.401 0.495 0.443 0.561 0.496 0.508 0.567 0.479 0.518 0.463 0.606 0.412 0.442 0.392 0.338 0.185 0.426 0.603 0.572 0.432 0.447 0.460 0.575 0.522 0.430 0.560 0.523 0.497 0.630 0.769 0.528 0.520 0.543 0.649 0.591 0.593 0.453 0.428 0.482 0.424 0.469 0.473 0.516 0.481 0.483 0.408 0.442 0.468 0.549 0.548 0.321 0.476 0.554 0.463 0.493 0.566 0.615 0.438 0.419 0.540 0.468 0.504 0.391 0.398 0.309 0.514 0.530 0.442 0.448 0.538 0.529 0.716 0.571 0.584 0.589 0.533 0.389 0.439 0.664 0.450 0.612 0.465 0.542 0.488 0.542 0.566 0.549 0.620 0.536 0.560 0.383 0.508 0.550 0.339 0.500 0.666 0.479 0.513 0.452 0.426 0.700 0.668 0.641 0.601 0.646 0.682 0.546 0.491 0.517 0.502 0.469 0.527 0.487)  
prior_probability_left: (0.440 0.541 0.299 0.421 0.404 0.307 0.490 0.312 0.437 0.481 0.436 0.480 0.407 0.281 0.391 0.474 0.305 0.385 0.394 0.426 0.413 0.305 0.343 0.363 0.432 0.368 0.372 0.447 0.443 0.518 0.518 0.485 0.536 0.467 0.388 0.458 0.513 0.525 0.386 0.372 0.338 0.317 0.294 0.425 0.484 0.467 0.386 0.302 0.349 0.449 0.417 0.426 0.470 0.338 0.489 0.452 0.488 0.468 0.331 0.427 0.522 0.399 0.478 0.501 0.463 0.436 0.230 0.307 0.501 0.470 0.393 0.506 0.439 0.326 0.482 0.499 0.445 0.456 0.470 0.418 0.444 0.424 0.323 0.446 0.441 0.327 0.485 0.382 0.359 0.449 0.420 0.337 0.420 0.422 0.304 0.295 0.314 0.299 0.534 0.363 0.252 0.489 0.394 0.364 0.393 0.403 0.431 0.422 0.386 0.293 0.341 0.450 0.495 0.366 0.364 0.357 0.463 0.450 0.259 0.512 0.460 0.401 0.476 0.467 0.449 0.282 0.410 0.462 0.267 0.472 0.429 0.297 0.475 0.471 0.427 0.416 0.401 0.331 0.304 0.362 0.362 0.565 0.304 0.421 0.477 0.511 0.383 0.360 0.491 0.491 0.397 0.429 0.336 0.442 0.527 0.410 0.238 0.358 0.245 0.384 0.414 0.403 0.417 0.401 0.356 0.368 0.421 0.305 0.440 0.405 0.430 0.440 0.508 0.490 0.383 0.392 0.292 0.414 0.263 0.419 0.479 0.406 0.531 0.379 0.506 0.449 0.420 0.249 0.423 0.438 0.321 0.420 0.447 0.258 0.368 0.442 0.411 0.373 0.472 0.460 0.421 0.462 0.389 0.442 0.343 0.468 0.413 0.420 0.431 0.468 0.462 0.429 0.272 0.441 0.477 0.442 0.446 0.376 0.437 0.389 0.328 0.434 0.438 0.407 0.407 0.326 0.298 0.426 0.350 0.355 0.434 0.327 0.405 0.505 0.394 0.372 0.341 0.507 0.381 0.470 0.290 0.400 0.305 0.358 0.227 0.402 0.458 0.460 0.435 0.491 0.300 0.388 0.457 0.408 0.489 0.414 0.442 0.429 0.459 0.420 0.336 0.397 0.426 0.425 0.418 0.418 0.406 0.449 0.528 0.521 0.430 0.409 0.456 0.460 0.446 0.413 0.443 0.322 0.453 0.389 0.493 0.432 0.411 0.336 0.426 0.470 0.403 0.336 0.447 0.405 0.386 0.408 0.369 0.396 0.250 0.433 0.441 0.465 0.515 0.529 0.447 0.386 0.441 0.400 0.437 0.412 0.437 0.379 0.280 0.388 0.435 0.433 0.300 0.413 0.357 0.455 0.401 0.345 0.429 0.398 0.404 0.380 0.447 0.390 0.460 0.489 0.344 0.616 0.475 0.498 0.386 0.485 0.449 0.415 0.442 0.405 0.216 0.412 0.457 0.439 0.388 0.575 0.437 0.272 0.502 0.340 0.395 0.275 0.422 0.448 0.546 0.426 0.269 0.452 0.418 0.568 0.530 0.405 0.456 0.341 0.282 0.515 0.460 0.429 0.523 0.202 0.332 0.368 0.468 0.288 0.339 0.418 0.497 0.440 0.482 0.534 0.428 0.518)  0.147 0.184 0.252 0.204 0.136 0.112 0.101 0.196 0.117 0.112 0.096 0.206 0.270 0.219 0.128 0.154 0.164 0.203 0.154 0.172 0.178 0.222 0.142 0.104 0.131 0.195 0.145 0.129 0.168 0.139 0.135 0.149 0.191 0.182 0.113 0.151 0.150 0.132 0.325 0.233 0.253 0.144 0.208 0.074 0.105 0.112 0.143 0.234 0.102 0.147 0.109 0.199 0.182 0.104 0.071 0.081 0.099 0.112 0.095 0.118 0.146 0.185 0.091 0.105 0.149 0.140 0.256 0.180 0.133 0.096 0.157 0.162 0.164 0.149 0.170 0.124 0.208 0.146 0.126 0.102 0.120 0.113 0.139 0.123 0.115 0.111 0.176 0.140 0.196 0.105 0.102 0.113 0.125 0.175 0.161 0.110 0.176 0.115 0.078 0.087 0.227 0.199 0.225 0.211 0.075 0.088 0.262 0.168 0.206 0.128 0.158 0.132 0.153 0.160 0.154 0.261 0.198 0.198 0.140 0.154 0.225 0.174 0.137 0.110 0.152 0.124 0.112 0.164 0.234 0.136 0.145 0.176 0.111 0.204 0.096 0.156 0.123 0.147 0.196 0.227 0.117 0.206 0.188 0.150 0.100 0.144 0.144 0.202 0.175 0.178 0.076 0.209 0.132 0.113 0.175 0.208 0.277 0.257 0.316 0.261 0.295 0.212 0.215 0.191 0.158 0.243 0.179 0.127 0.216 0.166 0.114 0.193 0.183 0.158 0.253 0.290 0.266 0.216 0.248 0.158 0.145 0.105 0.150 0.153 0.129 0.196 0.231 0.147 0.177 0.188 0.141 0.171 0.197 0.225 0.270 0.120 0.110 0.166 0.118 0.193 0.166 0.148 0.230 0.083 0.144 0.139 0.205 0.172 0.132 0.170 0.188 0.104 0.221 0.150 0.098 0.218 0.105 0.237 0.108 0.098 0.164 0.103 0.205 0.143 0.080 0.067 0.121 0.109 0.127 0.129 0.145 0.151 0.230 0.135 0.236 0.220 0.092 0.156 0.130 0.094 0.191 0.220 0.155 0.266 0.278 0.307 0.121 0.221 0.132 0.099 0.149 0.092 0.170 0.118 0.137 0.109 0.134 0.170 0.150 0.115 0.266 0.161 0.190 0.186 0.136 0.211 0.148 0.154 0.100 0.190 0.215 0.148 0.160 0.136 0.147 0.109 0.145 0.175 0.131 0.092 0.119 0.111 0.099 0.160 0.193 0.088 0.171 0.104 0.120 0.193 0.155 0.171 0.231 0.146 0.199 0.142 0.170 0.101 0.087 0.102 0.141 0.081 0.096 0.103 0.124 0.107 0.183 0.343 0.245 0.231 0.233 0.203 0.232 0.058 0.178 0.143 0.119 0.065 0.130 0.220 0.114 0.086 0.082 0.177 0.208 0.105 0.287 0.110 0.105 0.253 0.210 0.082 0.102 0.161 0.136 0.173 0.276 0.094 0.090 0.167 0.163 0.153 0.135 0.320 0.157 0.165 0.093 0.141 0.099 0.102 0.062 0.080 0.136 0.110 0.110 0.100 0.080 0.105 0.164 0.306 0.118 0.103 0.111 0.104 0.082 0.187 0.188 0.073 0.100 0.268 0.104 0.087 0.080 0.070 0.073 0.079 0.056 0.071)  0.413 0.275 0.449 0.376 0.460 0.581 0.409 0.491 0.446 0.407 0.468 0.315 0.323 0.500 0.481 0.371 0.531 0.412 0.452 0.402 0.410 0.473 0.516 0.534 0.436 0.437 0.483 0.424 0.389 0.343 0.347 0.365 0.273 0.352 0.499 0.391 0.337 0.343 0.289 0.396 0.409 0.539 0.499 0.501 0.411 0.421 0.471 0.464 0.549 0.404 0.474 0.374 0.348 0.557 0.440 0.468 0.413 0.420 0.574 0.455 0.332 0.417 0.431 0.394 0.387 0.424 0.515 0.513 0.366 0.433 0.450 0.332 0.396 0.524 0.348 0.377 0.347 0.398 0.404 0.480 0.435 0.463 0.537 0.431 0.444 0.562 0.338 0.477 0.445 0.446 0.478 0.550 0.455 0.403 0.535 0.595 0.510 0.586 0.388 0.550 0.521 0.312 0.381 0.425 0.532 0.509 0.307 0.410 0.408 0.579 0.502 0.419 0.351 0.473 0.483 0.382 0.339 0.351 0.601 0.334 0.315 0.425 0.387 0.423 0.399 0.594 0.478 0.375 0.498 0.392 0.426 0.527 0.414 0.325 0.476 0.427 0.476 0.523 0.500 0.411 0.521 0.230 0.509 0.429 0.423 0.344 0.473 0.438 0.334 0.331 0.527 0.362 0.532 0.445 0.299 0.382 0.485 0.385 0.439 0.354 0.291 0.384 0.368 0.408 0.485 0.388 0.400 0.568 0.344 0.429 0.455 0.368 0.309 0.351 0.364 0.318 0.442 0.370 0.489 0.423 0.375 0.490 0.320 0.468 0.365 0.354 0.350 0.604 0.400 0.374 0.539 0.409 0.356 0.517 0.362 0.438 0.479 0.462 0.410 0.347 0.413 0.391 0.381 0.475 0.513 0.393 0.382 0.408 0.437 0.363 0.350 0.467 0.507 0.409 0.425 0.340 0.449 0.388 0.456 0.513 0.508 0.463 0.357 0.449 0.513 0.607 0.580 0.465 0.523 0.516 0.421 0.522 0.365 0.360 0.370 0.408 0.567 0.337 0.489 0.435 0.519 0.380 0.540 0.376 0.494 0.290 0.421 0.319 0.433 0.410 0.551 0.521 0.373 0.474 0.374 0.477 0.424 0.401 0.391 0.465 0.398 0.442 0.383 0.389 0.446 0.371 0.446 0.397 0.372 0.289 0.355 0.443 0.384 0.404 0.406 0.479 0.412 0.503 0.416 0.520 0.388 0.457 0.490 0.503 0.381 0.442 0.427 0.560 0.433 0.402 0.459 0.422 0.400 0.458 0.551 0.425 0.389 0.434 0.398 0.369 0.412 0.534 0.463 0.498 0.439 0.481 0.380 0.278 0.475 0.382 0.332 0.364 0.468 0.529 0.465 0.402 0.481 0.590 0.441 0.382 0.482 0.534 0.471 0.433 0.332 0.406 0.369 0.274 0.420 0.249 0.403 0.434 0.449 0.424 0.421 0.421 0.509 0.494 0.453 0.394 0.449 0.271 0.428 0.408 0.341 0.495 0.513 0.585 0.479 0.450 0.392 0.493 0.594 0.439 0.473 0.332 0.390 0.490 0.380 0.353 0.601 0.382 0.430 0.467 0.395 0.611 0.480 0.559 0.432 0.444 0.557 0.494 0.423 0.490 0.445 0.386 0.516 0.411)  
wheel_speed: (0.317 0.298 0.218 0.259 0.282 0.273 0.388 0.287 0.347 0.344 0.319 0.325 0.300 0.247 0.300 0.292 0.355 0.295 0.342 0.228 0.283 0.261 0.272 0.279 0.267 0.166 0.227 0.158 0.170 0.211 0.238 0.218 0.165 0.262 0.266 0.275 0.267 0.220 0.326 0.268 0.274 0.389 0.431 0.386 0.347 0.277 0.390 0.349 0.358 0.406 0.334 0.324 0.349 0.449 0.351 0.378 0.362 0.339 0.213 0.181 0.260 0.240 0.169 0.295 0.360 0.430 0.421 0.373 0.273 0.278 0.311 0.276 0.372 0.356 0.343 0.380 0.268 0.300 0.230 0.296 0.326 0.317 0.331 0.262 0.243 0.260 0.185 0.200 0.315 0.321 0.347 0.262 0.347 0.293 0.440 0.358 0.402 0.324 0.309 0.308 0.290 0.294 0.355 0.290 0.275 0.291 0.416 0.350 0.285 0.276 0.246 0.252 0.347 0.351 0.324 0.445 0.357 0.480 0.424 0.404 0.422 0.401 0.380 0.201 0.404 0.347 0.328 0.370 0.407 0.361 0.416 0.378 0.300 0.279 0.367 0.353 0.336 0.354 0.305 0.317 0.369 0.380 0.348 0.406 0.297 0.282 0.192 0.235 0.243 0.135 0.581 0.333 0.345 0.314 0.328 0.290 0.303 0.360 0.376 0.361 0.389 0.364 0.392 0.404 0.361 0.396 0.287 0.328 0.249 0.267 0.310 0.304 0.333 0.298 0.307 0.385 0.396 0.417 0.375 0.358 0.372 0.367 0.362 0.357 0.340 0.280 0.259 0.271 0.274 0.244 0.288 0.249 0.316 0.224 0.234 0.253 0.265 0.239 0.229 0.229 0.196 0.360 0.496 0.366 0.364 0.395 0.304 0.299 0.352 0.325 0.261 0.289 0.310 0.345 0.307 0.312 0.314 0.327 0.452 0.426 0.356 0.394 0.334 0.313 0.225 0.185 0.354 0.320 0.303 0.305 0.280 0.302 0.306 0.301 0.263 0.494 0.400 0.286 0.262 0.344 0.362 0.372 0.337 0.406 0.464 0.439 0.344 0.248 0.279 0.225 0.246 0.330 0.420 0.328 0.401 0.401 0.471 0.440 0.499 0.396 0.407 0.262 0.345 0.246 0.253 0.231 0.208 0.261 0.301 0.303 0.324 0.322 0.343 0.297 0.288 0.280 0.297 0.372 0.272 0.287 0.241 0.296 0.348 0.318 0.363 0.361 0.295 0.257 0.232 0.303 0.378 0.353 0.411 0.340 0.312 0.364 0.296 0.248 0.263 0.274 0.307 0.392 0.341 0.360 0.366 0.357 0.523 0.525 0.369 0.434 0.377 0.364 0.295 0.281 0.262 0.372 0.375 0.358 0.346 0.335 0.300 0.326 0.310 0.259 0.301 0.260 0.277 0.248 0.213 0.454 0.343 0.320 0.322 0.315 0.381 0.321 0.372 0.319 0.308 0.399 0.251 0.480 0.360 0.253 0.367 0.352 0.442 0.424 0.452 0.474 0.315 0.257 0.318 0.307 0.344 0.362 0.330 0.344 0.361 0.473 0.362 0.391 0.438 0.477 0.436 0.471 0.424 0.454 0.522 0.481 0.386 0.388 0.360 0.334 0.337 0.333 0.337 0.331)  0.402 0.394 0.505 0.488 0.490 0.477 0.251 0.276 0.327 0.320 0.347 0.326 0.340 0.414 0.416 0.432 0.279 0.300 0.193 0.503 0.302 0.358 0.431 0.439 0.445 0.340 0.384 0.448 0.421 0.425 0.378 0.352 0.377 0.338 0.364 0.329 0.340 0.397 0.274 0.317 0.335 0.369 0.332 0.321 0.305 0.439 0.396 0.450 0.329 0.324 0.355 0.362 0.362 0.365 0.411 0.308 0.311 0.287 0.447 0.486 0.377 0.444 0.383 0.371 0.368 0.311 0.358 0.245 0.436 0.407 0.342 0.402 0.323 0.429 0.412 0.368 0.413 0.411 0.462 0.395 0.351 0.383 0.339 0.509 0.401 0.468 0.507 0.477 0.392 0.326 0.332 0.302 0.298 0.340 0.283 0.389 0.284 0.375 0.295 0.271 0.500 0.494 0.397 0.398 0.310 0.329 0.301 0.407 0.364 0.375 0.436 0.395 0.344 0.289 0.398 0.325 0.368 0.263 0.304 0.240 0.230 0.218 0.219 0.447 0.346 0.359 0.369 0.338 0.188 0.289 0.270 0.263 0.333 0.345 0.263 0.288 0.261 0.260 0.423 0.436 0.400 0.243 0.290 0.247 0.255 0.287 0.399 0.403 0.338 0.457 0.208 0.228 0.246 0.240 0.263 0.360 0.380 0.261 0.260 0.263 0.243 0.250 0.244 0.242 0.253 0.259 0.386 0.392 0.390 0.361 0.320 0.336 0.296 0.290 0.331 0.243 0.225 0.254 0.207 0.175 0.211 0.190 0.186 0.225 0.236 0.276 0.280 0.334 0.334 0.346 0.331 0.320 0.267 0.303 0.304 0.309 0.303 0.281 0.351 0.341 0.379 0.334 0.197 0.429 0.388 0.382 0.522 0.359 0.368 0.415 0.351 0.320 0.296 0.332 0.346 0.325 0.190 0.239 0.254 0.269 0.293 0.267 0.295 0.296 0.367 0.420 0.368 0.295 0.294 0.312 0.311 0.310 0.299 0.296 0.303 0.218 0.259 0.278 0.412 0.289 0.262 0.300 0.386 0.338 0.278 0.280 0.262 0.456 0.407 0.459 0.385 0.319 0.301 0.299 0.286 0.287 0.225 0.214 0.306 0.423 0.329 0.462 0.384 0.439 0.461 0.468 0.499 0.421 0.335 0.364 0.378 0.383 0.394 0.399 0.385 0.374 0.436 0.332 0.435 0.418 0.434 0.215 0.432 0.403 0.395 0.338 0.297 0.391 0.384 0.449 0.361 0.397 0.272 0.410 0.466 0.389 0.444 0.530 0.477 0.463 0.437 0.303 0.249 0.252 0.291 0.283 0.161 0.173 0.400 0.211 0.392 0.438 0.485 0.400 0.342 0.248 0.361 0.289 0.376 0.414 0.334 0.438 0.327 0.528 0.350 0.408 0.418 0.420 0.475 0.314 0.439 0.305 0.375 0.427 0.397 0.255 0.274 0.316 0.262 0.183 0.301 0.220 0.279 0.356 0.406 0.377 0.330 0.326 0.305 0.290 0.354 0.549 0.321 0.321 0.325 0.390 0.278 0.330 0.380 0.292 0.348 0.365 0.298 0.304 0.333 0.266 0.259 0.228 0.214 0.201 0.262 0.216 0.240 0.238 0.237 0.243 0.260 0.239)  0.281 0.308 0.277 0.253 0.229 0.250 0.361 0.437 0.326 0.336 0.334 0.349 0.360 0.339 0.283 0.277 0.366 0.404 0.466 0.269 0.415 0.381 0.296 0.282 0.288 0.493 0.389 0.394 0.409 0.364 0.384 0.430 0.458 0.401 0.370 0.396 0.393 0.383 0.399 0.415 0.392 0.243 0.237 0.293 0.349 0.284 0.213 0.201 0.313 0.270 0.311 0.314 0.289 0.186 0.237 0.314 0.326 0.374 0.340 0.334 0.362 0.316 0.448 0.334 0.272 0.259 0.221 0.381 0.292 0.314 0.348 0.323 0.305 0.216 0.246 0.251 0.318 0.288 0.307 0.310 0.323 0.300 0.330 0.229 0.356 0.272 0.308 0.324 0.294 0.353 0.321 0.436 0.355 0.368 0.276 0.253 0.314 0.302 0.396 0.422 0.210 0.212 0.248 0.312 0.416 0.380 0.283 0.243 0.351 0.349 0.318 0.353 0.310 0.360 0.278 0.231 0.275 0.256 0.272 0.356 0.349 0.381 0.401 0.352 0.250 0.294 0.303 0.292 0.405 0.350 0.314 0.359 0.367 0.376 0.370 0.359 0.403 0.386 0.272 0.247 0.231 0.377 0.362 0.347 0.448 0.430 0.409 0.362 0.419 0.408 0.211 0.439 0.409 0.446 0.408 0.349 0.317 0.380 0.363 0.376 0.368 0.386 0.364 0.355 0.386 0.345 0.327 0.280 0.361 0.371 0.371 0.361 0.371 0.412 0.361 0.372 0.380 0.329 0.418 0.467 0.417 0.443 0.453 0.418 0.424 0.444 0.461 0.395 0.392 0.410 0.381 0.431 0.417 0.472 0.461 0.438 0.432 0.480 0.420 0.431 0.426 0.306 0.307 0.205 0.248 0.223 0.174 0.343 0.280 0.259 0.388 0.391 0.394 0.323 0.347 0.363 0.497 0.433 0.294 0.305 0.351 0.339 0.371 0.391 0.408 0.395 0.278 0.385 0.404 0.382 0.409 0.389 0.395 0.403 0.434 0.287 0.340 0.436 0.326 0.368 0.375 0.328 0.277 0.255 0.259 0.282 0.394 0.296 0.314 0.316 0.369 0.351 0.279 0.373 0.313 0.312 0.303 0.346 0.196 0.181 0.264 0.276 0.271 0.315 0.285 0.302 0.294 0.318 0.365 0.333 0.298 0.295 0.263 0.304 0.328 0.347 0.266 0.295 0.294 0.295 0.325 0.488 0.220 0.279 0.241 0.301 0.408 0.352 0.384 0.248 0.262 0.250 0.316 0.250 0.221 0.247 0.260 0.222 0.259 0.263 0.256 0.305 0.411 0.388 0.343 0.360 0.317 0.302 0.231 0.355 0.232 0.198 0.221 0.319 0.396 0.380 0.263 0.353 0.279 0.251 0.366 0.236 0.363 0.213 0.349 0.332 0.305 0.331 0.311 0.231 0.217 0.375 0.303 0.258 0.223 0.424 0.355 0.365 0.431 0.418 0.448 0.300 0.360 0.391 0.227 0.270 0.228 0.250 0.243 0.236 0.331 0.194 0.361 0.372 0.331 0.248 0.393 0.326 0.260 0.235 0.290 0.243 0.264 0.219 0.231 0.263 0.317 0.318 0.264 0.318 0.352 0.396 0.400 0.428 0.426 0.424 0.404 0.429)  
whisker_motion_energy: (0.262 0.216 0.659 0.994 0.924 0.723 0.775 0.290 0.211 0.196 0.236 0.855 0.575 0.663 0.759 0.730 0.305 0.309 0.359 0.107 0.215 0.125 0.087 0.181 0.166 0.061 0.167 0.035 0.250 0.218 0.232 0.248 0.204 0.203 0.180 0.274 0.199 0.158 0.312 0.294 0.338 0.406 0.406 0.382 0.376 0.225 0.192 0.171 0.387 0.377 0.347 0.164 0.167 0.429 0.390 0.443 0.430 0.424 0.121 0.071 0.129 0.096 0.030 0.271 0.177 0.232 0.224 0.376 0.256 0.253 0.262 0.257 0.297 0.220 0.226 0.318 0.202 0.288 0.229 0.142 0.239 0.170 0.247 0.080 0.093 0.113 0.081 0.090 0.166 0.324 0.369 0.174 0.314 0.400 0.454 0.370 0.666 0.590 0.617 0.581 0.373 0.390 0.307 0.185 0.356 0.322 0.701 0.351 0.361 0.308 0.311 0.436 0.602 0.384 0.347 0.399 0.415 0.406 0.391 0.369 0.392 0.340 0.373 0.097 0.342 0.295 0.309 0.317 0.305 0.207 0.273 0.330 0.125 0.164 0.216 0.196 0.159 0.169 0.006 0.010 0.022 0.076 0.046 0.122 0.153 0.122 0.032 0.099 0.093 0.004 0.192 0.175 0.186 0.238 0.224 0.267 0.287 0.203 0.236 0.214 0.276 0.239 0.263 0.286 0.223 0.206 0.070 0.085 0.065 0.094 0.029 0.078 0.089 0.079 0.092 0.285 0.312 0.345 0.309 0.318 0.294 0.334 0.333 0.308 0.283 0.441 0.367 0.398 0.385 0.370 0.434 0.392 0.430 0.294 0.298 0.344 0.326 0.344 0.377 0.371 0.352 0.160 0.118 0.145 0.140 0.218 0.136 0.202 0.188 0.174 0.063 0.093 0.111 0.098 0.075 0.135 0.249 0.219 0.350 0.311 0.193 0.228 0.186 0.242 0.105 0.082 0.205 0.278 0.218 0.215 0.260 0.254 0.247 0.245 0.219 0.398 0.316 0.219 0.150 0.231 0.293 0.193 0.157 0.332 0.402 0.355 0.226 0.042 0.088 0.014 0.073 0.166 0.193 0.160 0.240 0.266 0.352 0.287 0.125 0.110 0.183 0.165 0.177 0.164 0.172 0.138 0.143 0.144 0.135 0.117 0.147 0.103 0.135 0.126 0.115 0.131 0.117 0.144 0.137 0.091 0.130 0.115 0.259 0.223 0.273 0.292 0.184 0.124 0.073 0.124 0.238 0.153 0.267 0.192 0.147 0.220 0.205 0.092 0.144 0.117 0.104 0.227 0.212 0.203 0.162 0.161 0.520 0.517 0.358 0.407 0.349 0.272 0.285 0.247 0.512 0.220 0.398 0.424 0.289 0.213 0.299 0.311 0.342 0.055 0.245 0.184 0.224 0.212 0.091 0.459 0.271 0.294 0.262 0.313 0.307 0.339 0.393 0.378 0.442 0.473 0.467 0.587 0.553 0.289 0.995 0.998 0.743 0.906 0.982 0.906 0.275 0.155 0.316 0.279 0.331 0.244 0.332 0.307 0.949 0.902 0.957 0.939 0.923 0.967 0.955 0.969 0.923 0.997 0.978 0.900 0.999 0.925 0.928 0.972 0.923 0.965 0.976 0.938)  0.207 0.326 0.340 0.006 0.074 0.277 0.077 0.511 0.559 0.337 0.598 0.145 0.425 0.337 0.241 0.270 0.431 0.495 0.564 0.702 0.494 0.334 0.330 0.367 0.384 0.291 0.501 0.248 0.745 0.771 0.739 0.748 0.663 0.711 0.815 0.726 0.400 0.349 0.621 0.477 0.418 0.498 0.459 0.521 0.554 0.673 0.261 0.253 0.578 0.616 0.637 0.405 0.324 0.543 0.586 0.514 0.562 0.535 0.589 0.423 0.361 0.385 0.690 0.716 0.421 0.394 0.360 0.492 0.500 0.487 0.463 0.531 0.574 0.475 0.468 0.651 0.440 0.510 0.332 0.389 0.218 0.230 0.230 0.442 0.355 0.372 0.475 0.354 0.394 0.584 0.621 0.746 0.592 0.600 0.501 0.628 0.334 0.409 0.382 0.419 0.626 0.609 0.693 0.811 0.644 0.678 0.299 0.648 0.639 0.692 0.688 0.564 0.398 0.592 0.652 0.390 0.583 0.222 0.216 0.231 0.242 0.231 0.260 0.426 0.200 0.198 0.218 0.241 0.249 0.302 0.190 0.150 0.276 0.233 0.330 0.341 0.346 0.350 0.616 0.673 0.651 0.324 0.314 0.302 0.229 0.265 0.133 0.196 0.257 0.136 0.131 0.190 0.202 0.138 0.174 0.259 0.291 0.218 0.250 0.231 0.202 0.238 0.226 0.211 0.255 0.250 0.244 0.322 0.292 0.270 0.268 0.258 0.243 0.258 0.263 0.317 0.292 0.275 0.253 0.315 0.346 0.310 0.302 0.297 0.289 0.492 0.420 0.426 0.384 0.427 0.444 0.439 0.439 0.564 0.570 0.521 0.496 0.519 0.505 0.535 0.532 0.480 0.375 0.517 0.396 0.440 0.437 0.448 0.401 0.465 0.349 0.364 0.346 0.415 0.419 0.366 0.638 0.591 0.120 0.129 0.151 0.142 0.133 0.130 0.231 0.298 0.202 0.163 0.156 0.161 0.107 0.122 0.128 0.104 0.106 0.106 0.131 0.198 0.215 0.178 0.138 0.196 0.265 0.191 0.124 0.150 0.173 0.239 0.209 0.221 0.225 0.128 0.160 0.135 0.139 0.158 0.164 0.210 0.365 0.340 0.346 0.443 0.459 0.407 0.386 0.354 0.324 0.375 0.349 0.395 0.592 0.409 0.423 0.349 0.361 0.344 0.400 0.425 0.401 0.381 0.303 0.525 0.470 0.157 0.223 0.195 0.166 0.160 0.143 0.199 0.208 0.261 0.221 0.210 0.222 0.220 0.189 0.165 0.190 0.215 0.204 0.155 0.146 0.151 0.184 0.201 0.091 0.110 0.142 0.110 0.161 0.218 0.281 0.715 0.487 0.191 0.319 0.475 0.219 0.171 0.503 0.637 0.567 0.182 0.495 0.397 0.523 0.504 0.603 0.431 0.579 0.201 0.322 0.272 0.394 0.334 0.274 0.285 0.519 0.517 0.528 0.396 0.445 0.230 0.004 0.002 0.242 0.094 0.018 0.093 0.671 0.780 0.622 0.678 0.613 0.693 0.609 0.576 0.051 0.098 0.043 0.061 0.077 0.033 0.045 0.031 0.077 0.003 0.022 0.100 0.001 0.075 0.071 0.028 0.077 0.035 0.024 0.062)  0.531 0.458 0.001 0.000 0.002 0.001 0.148 0.200 0.229 0.467 0.166 0.000 0.000 0.000 0.000 0.000 0.264 0.196 0.077 0.191 0.291 0.541 0.583 0.452 0.450 0.649 0.333 0.717 0.005 0.011 0.029 0.004 0.132 0.086 0.006 0.001 0.401 0.494 0.067 0.229 0.245 0.095 0.136 0.097 0.069 0.102 0.547 0.577 0.035 0.007 0.016 0.431 0.509 0.029 0.024 0.043 0.008 0.041 0.290 0.506 0.510 0.519 0.279 0.013 0.402 0.374 0.416 0.132 0.244 0.260 0.276 0.212 0.129 0.305 0.305 0.030 0.358 0.202 0.439 0.469 0.543 0.599 0.524 0.477 0.552 0.516 0.443 0.556 0.440 0.092 0.010 0.079 0.094 0.000 0.045 0.002 0.000 0.001 0.000 0.000 0.001 0.001 0.001 0.004 0.000 0.000 0.000 0.001 0.000 0.000 0.001 0.000 0.000 0.024 0.001 0.211 0.002 0.372 0.393 0.400 0.366 0.428 0.366 0.477 0.459 0.507 0.474 0.443 0.446 0.491 0.538 0.520 0.600 0.603 0.454 0.463 0.495 0.481 0.378 0.317 0.327 0.600 0.639 0.576 0.619 0.613 0.835 0.706 0.650 0.860 0.677 0.635 0.611 0.624 0.602 0.474 0.422 0.579 0.514 0.555 0.522 0.524 0.511 0.502 0.521 0.544 0.686 0.593 0.642 0.637 0.703 0.665 0.668 0.663 0.645 0.398 0.396 0.380 0.439 0.367 0.361 0.356 0.365 0.394 0.428 0.067 0.213 0.176 0.232 0.203 0.122 0.169 0.131 0.142 0.132 0.135 0.178 0.137 0.118 0.094 0.116 0.361 0.507 0.339 0.463 0.342 0.427 0.350 0.411 0.361 0.588 0.544 0.543 0.488 0.506 0.499 0.113 0.191 0.530 0.561 0.656 0.630 0.682 0.628 0.665 0.620 0.593 0.558 0.627 0.624 0.633 0.624 0.626 0.652 0.675 0.496 0.553 0.583 0.634 0.591 0.569 0.611 0.578 0.477 0.475 0.495 0.601 0.719 0.704 0.765 0.702 0.706 0.647 0.706 0.621 0.576 0.484 0.503 0.510 0.550 0.470 0.392 0.365 0.429 0.443 0.508 0.533 0.480 0.516 0.488 0.261 0.489 0.442 0.525 0.523 0.525 0.483 0.430 0.462 0.528 0.567 0.360 0.271 0.620 0.504 0.512 0.650 0.716 0.784 0.677 0.554 0.586 0.512 0.599 0.631 0.560 0.606 0.742 0.666 0.667 0.693 0.618 0.642 0.646 0.654 0.639 0.389 0.373 0.500 0.483 0.490 0.510 0.434 0.037 0.000 0.589 0.282 0.101 0.492 0.616 0.199 0.052 0.091 0.763 0.261 0.419 0.253 0.283 0.306 0.110 0.150 0.504 0.416 0.415 0.299 0.327 0.333 0.337 0.039 0.009 0.005 0.017 0.003 0.480 0.000 0.000 0.015 0.000 0.000 0.000 0.055 0.065 0.063 0.043 0.057 0.063 0.059 0.118 0.000 0.000 0.000 0.000 0.000 0.000 0.000 0.000 0.000 0.000 0.000 0.000 0.000 0.000 0.000 0.000 0.000 0.000 0.000 0.000)  
Brain region: AAA: 265 neurons, ACAd: 1926 neurons, ACAv: 1398 neurons, ACB: 2655 neurons, ADP: 80 neurons, AHN: 101 neurons, AId: 1096 neurons, AIp: 533 neurons, AIv: 709 neurons, AM: 456 neurons, AMB: 73 neurons, ANcr1: 2959 neurons, ANcr2: 4177 neurons, AOB: 90 neurons, AON: 3345 neurons, AP: 183 neurons, APN: 13583 neurons, APr: 255 neurons, AT: 124 neurons, AUDd: 991 neurons, AUDp: 1096 neurons, AUDpo: 314 neurons, AUDv: 876 neurons, AV: 1062 neurons, AVP: 161 neurons, BLA: 883 neurons, BMA: 1441 neurons, BST: 1514 neurons, CA1: 21597 neurons, CA2: 563 neurons, CA3: 10784 neurons, CEA: 1026 neurons, CENT2: 3653 neurons, CENT3: 4096 neurons, CL: 266 neurons, CLA: 359 neurons, CLI: 273 neurons, CM: 270 neurons, COAa: 113 neurons, COAp: 1791 neurons, COPY: 3359 neurons, CP: 24159 neurons, CS: 1656 neurons, CU: 434 neurons, CUL4 5: 7754 neurons, CUN: 920 neurons, DCO: 1365 neurons, DEC: 1763 neurons, DG: 16494 neurons, DMH: 130 neurons, DMX: 31 neurons, DN: 513 neurons, DP: 1098 neurons, DR: 232 neurons, DT: 41 neurons, DTN: 164 neurons, ECT: 567 neurons, ECU: 492 neurons, ENTl: 3379 neurons, ENTm: 3440 neurons, EPd: 1181 neurons, EPv: 697 neurons, EW: 3 neurons, Eth: 1668 neurons, FC: 166 neurons, FL: 466 neurons, FN: 217 neurons, FOTU: 594 neurons, FRP: 717 neurons, FS: 157 neurons, GPe: 1337 neurons, GPi: 403 neurons, GR: 32 neurons, GRN: 3727 neurons, GU: 445 neurons, HATA: 512 neurons, I5: 366 neurons, IA: 82 neurons, IAD: 100 neurons, IAM: 24 neurons, IC: 5246 neurons, ICB: 249 neurons, IF: 127 neurons, IG: 134 neurons, IGL: 144 neurons, III: 47 neurons, ILA: 1817 neurons, IMD: 6 neurons, IO: 94 neurons, IP: 2013 neurons, IPN: 142 neurons, IRN: 5930 neurons, IntG: 35 neurons, LA: 458 neurons, LAV: 712 neurons, LC: 2 neurons, LD: 2930 neurons, LDT: 567 neurons, LGd: 2701 neurons, LGv: 879 neurons, LH: 539 neurons, LHA: 910 neurons, LIN: 61 neurons, LING: 216 neurons, LM: 34 neurons, LP: 7149 neurons, LPO: 136 neurons, LRN: 263 neurons, LSc: 644 neurons, LSr: 5615 neurons, LSv: 1303 neurons, MA: 363 neurons, MA3: 6 neurons, MARN: 449 neurons, MD: 2651 neurons, MDRN: 2323 neurons, MEA: 1213 neurons, MEPO: 32 neurons, MG: 1172 neurons, MH: 120 neurons, MM: 140 neurons, MOB: 1227 neurons, MOp: 8109 neurons, MOs: 8188 neurons, MPN: 24 neurons, MPO: 315 neurons, MPT: 22 neurons, MRN: 17352 neurons, MS: 724 neurons, MT: 25 neurons, MV: 4877 neurons, NB: 209 neurons, NDB: 309 neurons, NI: 373 neurons, NLL: 1571 neurons, NOD: 951 neurons, NOT: 750 neurons, NPC: 736 neurons, NTS: 1335 neurons, OP: 79 neurons, ORBl: 2133 neurons, ORBm: 745 neurons, ORBvl: 1835 neurons, OT: 862 neurons, P5: 479 neurons, PA: 931 neurons, PAA: 490 neurons, PAG: 6120 neurons, PAR: 1568 neurons, PARN: 2007 neurons, PAS: 6 neurons, PB: 3102 neurons, PBG: 107 neurons, PC5: 113 neurons, PCG: 923 neurons, PCN: 239 neurons, PDTg: 194 neurons, PERI: 137 neurons, PF: 466 neurons, PFL: 1264 neurons, PG: 65 neurons, PGRN: 1129 neurons, PH: 431 neurons, PIL: 139 neurons, PIR: 3205 neurons, PL: 1758 neurons, PO: 9624 neurons, POL: 1167 neurons, POST: 2774 neurons, PP: 31 neurons, PPN: 2700 neurons, PPT: 337 neurons, PR: 94 neurons, PRE: 1549 neurons, PRM: 3868 neurons, PRNc: 1710 neurons, PRNr: 4019 neurons, PRP: 918 neurons, PS: 192 neurons, PSTN: 18 neurons, PSV: 1443 neurons, PT: 19 neurons, PVH: 67 neurons, PVHd: 51 neurons, PVT: 512 neurons, PYR: 1115 neurons, Pa4: 67 neurons, Pa5: 75 neurons, PeF: 167 neurons, PoT: 1448 neurons, ProS: 2508 neurons, RE: 148 neurons, RH: 63 neurons, RL: 40 neurons, RN: 3047 neurons, RPF: 212 neurons, RR: 106 neurons, RSPagl: 2252 neurons, RSPd: 3025 neurons, RSPv: 4197 neurons, RT: 2767 neurons, SAG: 239 neurons, SCm: 11739 neurons, SCs: 2002 neurons, SF: 593 neurons, SFO: 1 neurons, SGN: 607 neurons, SH: 61 neurons, SI: 1550 neurons, SIM: 5840 neurons, SMT: 829 neurons, SNc: 161 neurons, SNr: 1167 neurons, SOC: 617 neurons, SPA: 351 neurons, SPF: 755 neurons, SPIV: 1899 neurons, SPVC: 636 neurons, SPVI: 4008 neurons, SPVO: 1501 neurons, SSp-bfd: 5100 neurons, SSp-ll: 1323 neurons, SSp-m: 3570 neurons, SSp-n: 1201 neurons, SSp-tr: 1872 neurons, SSp-ul: 1723 neurons, SSp-un: 611 neurons, SSs: 3169 neurons, STN: 65 neurons, SUB: 4756 neurons, SUM: 119 neurons, SUT: 1379 neurons, SUV: 1305 neurons, SubG: 48 neurons, TEa: 926 neurons, TR: 497 neurons, TRN: 884 neurons, TRS: 511 neurons, TTd: 906 neurons, TTv: 7 neurons, TU: 69 neurons, UVU: 2167 neurons, V: 1501 neurons, VAL: 1537 neurons, VCO: 644 neurons, VII: 556 neurons, VISC: 375 neurons, VISa: 5947 neurons, VISal: 407 neurons, VISam: 2095 neurons, VISl: 1418 neurons, VISli: 456 neurons, VISp: 7835 neurons, VISpl: 360 neurons, VISpm: 1985 neurons, VISpor: 751 neurons, VISrl: 1168 neurons, VLPO: 16 neurons, VM: 471 neurons, VMH: 77 neurons, VPL: 2592 neurons, VPLpc: 513 neurons, VPM: 6272 neurons, VPMpc: 257 neurons, VTA: 185 neurons, VTN: 130 neurons, VeCB: 427 neurons, XII: 93 neurons, Xi: 7 neurons, ZI: 2794 neurons, root: 71790 neurons, void: 12524 neurons, x: 344 neurons, y: 18 neurons  
Training on 131302 trials, testing on 33020 trials
Using device: cuda
Using balanced loss with class weights:
  Output 0: [0.5062375  0.49376246]
  Output 1: [0.20239538 0.60636866 0.19123597]
  Output 2: [0.3333942 0.3331934 0.3334124]
  Output 3: [0.33338013 0.33329618 0.3333237 ]
Session 4: Using random projection to 2000 of 2017 neurons for SVD initialization
Session 6: Using random projection to 2000 of 2002 neurons for SVD initialization
Session 10: Using 50000 of 55600 timepoints for SVD initialization
Session 11: Using random projection to 2000 of 2205 neurons for SVD initialization
Session 12: Using random projection to 2000 of 2001 neurons for SVD initialization
Session 14: Using random projection to 2000 of 2777 neurons for SVD initialization
Session 32: Using random projection to 2000 of 2023 neurons for SVD initialization
Session 38: Using random projection to 2000 of 2445 neurons for SVD initialization
Session 39: Using random projection to 2000 of 2185 neurons for SVD initialization
Session 43: Using 50000 of 59200 timepoints for SVD initialization
Session 55: Using 50000 of 54500 timepoints for SVD initialization
Session 61: Using random projection to 2000 of 2076 neurons for SVD initialization
Session 63: Using random projection to 2000 of 2846 neurons for SVD initialization
Session 69: Using random projection to 2000 of 2250 neurons for SVD initialization
Session 73: Using random projection to 2000 of 2562 neurons for SVD initialization
Session 75: Using random projection to 2000 of 2120 neurons for SVD initialization
Session 97: Using random projection to 2000 of 2506 neurons for SVD initialization
Session 100: Using random projection to 2000 of 2416 neurons for SVD initialization
Session 102: Using random projection to 2000 of 2175 neurons for SVD initialization
Session 104: Using random projection to 2000 of 2856 neurons for SVD initialization
Session 106: Using random projection to 2000 of 2681 neurons for SVD initialization
Session 107: Using random projection to 2000 of 2047 neurons for SVD initialization
Session 132: Using random projection to 2000 of 2547 neurons for SVD initialization
Session 134: Using 50000 of 53900 timepoints for SVD initialization
Session 135: Using random projection to 2000 of 2664 neurons for SVD initialization
Session 140: Using random projection to 2000 of 2129 neurons for SVD initialization
Session 144: Using 50000 of 50100 timepoints for SVD initialization
Session 144: Using random projection to 2000 of 2245 neurons for SVD initialization
Session 146: Using random projection to 2000 of 2480 neurons for SVD initialization
Session 150: Using 50000 of 74000 timepoints for SVD initialization
Session 150: Using random projection to 2000 of 2298 neurons for SVD initialization
Session 151: Using random projection to 2000 of 2051 neurons for SVD initialization
Session 181: Using 50000 of 63500 timepoints for SVD initialization
Session 185: Using random projection to 2000 of 2071 neurons for SVD initialization
Session 187: Using random projection to 2000 of 2617 neurons for SVD initialization
Session 189: Using random projection to 2000 of 2095 neurons for SVD initialization
Session 197: Using random projection to 2000 of 2093 neurons for SVD initialization
Session 203: Using 50000 of 55700 timepoints for SVD initialization
Session 204: Using random projection to 2000 of 2361 neurons for SVD initialization
Session 209: Using random projection to 2000 of 2316 neurons for SVD initialization
Session 216: Using 50000 of 56600 timepoints for SVD initialization
Session 221: Using 50000 of 51200 timepoints for SVD initialization
Session 223: Using random projection to 2000 of 2521 neurons for SVD initialization
Session 224: Using 50000 of 60000 timepoints for SVD initialization
Session 225: Using 50000 of 51200 timepoints for SVD initialization
Session 236: Using 50000 of 50200 timepoints for SVD initialization
Session 239: Using 50000 of 50100 timepoints for SVD initialization
Session 247: Using random projection to 2000 of 2744 neurons for SVD initialization
Session 249: Using 50000 of 52300 timepoints for SVD initialization
Session 251: Using random projection to 2000 of 2079 neurons for SVD initialization
Session 255: Using 50000 of 54300 timepoints for SVD initialization
Session 258: Using random projection to 2000 of 2769 neurons for SVD initialization
Session 260: Using random projection to 2000 of 2612 neurons for SVD initialization
Session 261: Using random projection to 2000 of 2634 neurons for SVD initialization
Session 264: Using random projection to 2000 of 2375 neurons for SVD initialization
Session 265: Using random projection to 2000 of 2251 neurons for SVD initialization
Session 268: Using random projection to 2000 of 2584 neurons for SVD initialization
Session 271: Using random projection to 2000 of 2220 neurons for SVD initialization
Session 275: Using random projection to 2000 of 2027 neurons for SVD initialization
Session 278: Using random projection to 2000 of 2465 neurons for SVD initialization
Session 279: Using 50000 of 54900 timepoints for SVD initialization
Session 279: Using random projection to 2000 of 2177 neurons for SVD initialization
Session 280: Using random projection to 2000 of 2602 neurons for SVD initialization
Session 281: Using 50000 of 50500 timepoints for SVD initialization
Session 282: Using 50000 of 54100 timepoints for SVD initialization
Session 285: Using 50000 of 58100 timepoints for SVD initialization
Session 287: Using 50000 of 52500 timepoints for SVD initialization
Session 287: Using random projection to 2000 of 2622 neurons for SVD initialization
Session 294: Using random projection to 2000 of 2746 neurons for SVD initialization
Session 296: Using random projection to 2000 of 2212 neurons for SVD initialization
Session 297: Using 50000 of 53000 timepoints for SVD initialization
Session 301: Using 50000 of 67400 timepoints for SVD initialization
Session 301: Using random projection to 2000 of 2962 neurons for SVD initialization
Session 302: Using 50000 of 56800 timepoints for SVD initialization
Session 303: Using 50000 of 50600 timepoints for SVD initialization
Session 311: Using random projection to 2000 of 2130 neurons for SVD initialization
Session 313: Using 50000 of 52400 timepoints for SVD initialization
Session 320: Using 50000 of 50400 timepoints for SVD initialization
Session 321: Using 50000 of 55800 timepoints for SVD initialization
Session 322: Using 50000 of 52800 timepoints for SVD initialization
Session 322: Using random projection to 2000 of 2520 neurons for SVD initialization
Session 323: Using random projection to 2000 of 2055 neurons for SVD initialization
Session 324: Using random projection to 2000 of 2277 neurons for SVD initialization
Session 325: Using random projection to 2000 of 2414 neurons for SVD initialization
Session 327: Using random projection to 2000 of 2461 neurons for SVD initialization
Session 331: Using 50000 of 57700 timepoints for SVD initialization
Session 332: Using 50000 of 54300 timepoints for SVD initialization
Session 337: Using 50000 of 61200 timepoints for SVD initialization
Session 338: Using 50000 of 65100 timepoints for SVD initialization
Session 346: Using random projection to 2000 of 2136 neurons for SVD initialization
Session 347: Using random projection to 2000 of 2013 neurons for SVD initialization
Session 350: Using 50000 of 65800 timepoints for SVD initialization
Session 352: Using random projection to 2000 of 2564 neurons for SVD initialization
Session 355: Using random projection to 2000 of 2055 neurons for SVD initialization
Session 356: Using 50000 of 52700 timepoints for SVD initialization
Session 357: Using random projection to 2000 of 2522 neurons for SVD initialization
Session 358: Using random projection to 2000 of 2793 neurons for SVD initialization
Session 359: Using random projection to 2000 of 2736 neurons for SVD initialization
Session 360: Using random projection to 2000 of 3011 neurons for SVD initialization
Session 361: Using 50000 of 52000 timepoints for SVD initialization
Session 362: Using 50000 of 58600 timepoints for SVD initialization
Session 363: Using 50000 of 58400 timepoints for SVD initialization
Session 364: Using 50000 of 68400 timepoints for SVD initialization
Session 364: Using random projection to 2000 of 2091 neurons for SVD initialization
Session 365: Using random projection to 2000 of 2227 neurons for SVD initialization
Session 366: Using random projection to 2000 of 2199 neurons for SVD initialization
Session 367: Using 50000 of 73500 timepoints for SVD initialization
Session 367: Using random projection to 2000 of 2148 neurons for SVD initialization
Session 368: Using 50000 of 52900 timepoints for SVD initialization
Session 371: Using 50000 of 70500 timepoints for SVD initialization
Session 371: Using random projection to 2000 of 2377 neurons for SVD initialization
Session 372: Using 50000 of 86800 timepoints for SVD initialization
Session 372: Using random projection to 2000 of 2828 neurons for SVD initialization
Session 373: Using 50000 of 96000 timepoints for SVD initialization
Session 373: Using random projection to 2000 of 3140 neurons for SVD initialization
Session 374: Using 50000 of 84300 timepoints for SVD initialization
Session 375: Using 50000 of 82600 timepoints for SVD initialization
Session 375: Using random projection to 2000 of 2146 neurons for SVD initialization
Session 376: Using 50000 of 115600 timepoints for SVD initialization
Session 376: Using random projection to 2000 of 2129 neurons for SVD initialization
Session 377: Using 50000 of 87400 timepoints for SVD initialization
Epoch [1/200], Loss: 9.393732
Epoch [2/200], Loss: 9.049469
Epoch [3/200], Loss: 8.750011
Epoch [4/200], Loss: 8.484228
Epoch [5/200], Loss: 8.242965
Epoch [6/200], Loss: 8.018666
Epoch [7/200], Loss: 7.805904
Epoch [8/200], Loss: 7.601242
Epoch [9/200], Loss: 7.402701
Epoch [10/200], Loss: 7.209226
Epoch [20/200], Loss: 5.531498
Epoch [30/200], Loss: 4.455465
Epoch [40/200], Loss: 3.758218
Epoch [50/200], Loss: 3.225237
Epoch [60/200], Loss: 2.829614
Epoch [70/200], Loss: 2.538976
Epoch [80/200], Loss: 2.370659
Epoch [90/200], Loss: 2.278158
Epoch [100/200], Loss: 2.213496
Epoch [110/200], Loss: 2.163390
Epoch [120/200], Loss: 2.131500
Epoch [130/200], Loss: 2.118035
Epoch [140/200], Loss: 2.108301
Epoch [150/200], Loss: 2.098203
Epoch [160/200], Loss: 2.088893
Epoch [170/200], Loss: 2.079830
Epoch [180/200], Loss: 2.070842
Epoch [190/200], Loss: 2.061969
Epoch [200/200], Loss: 2.053157
Test Loss: 0.857072

Training Balanced Accuracy Scores (chance = 1/num_classes):
  0 (choice): 0.5660  (chance: 0.5000)
  1 (prior_probability_left): 0.5778  (chance: 0.3333)
  2 (wheel_speed): 0.5791  (chance: 0.3333)
  3 (whisker_motion_energy): 0.7118  (chance: 0.3333)

Validation Balanced Accuracy Scores (chance = 1/num_classes):
  0 (choice): 0.5582  (chance: 0.5000)
  1 (prior_probability_left): 0.5646  (chance: 0.3333)
  2 (wheel_speed): 0.5787  (chance: 0.3333)
  3 (whisker_motion_energy): 0.7105  (chance: 0.3333)
