Data format is valid, no errors or warnings.
Number of sessions: 76
Total number of trials: 31442
Number of trials per session: [503, 431, 518, 455, 629, 218, 259, 305, 248, 306, 457, 453, 400, 407, 492, 419, 335, 426, 145, 269, 201, 259, 251, 309, 455, 453, 210, 300, 423, 402, 457, 418, 84, 320, 370, 267, 405, 568, 379, 429, 452, 473, 511, 789, 345, 475, 459, 520, 658, 578, 368, 369, 398, 237, 303, 485, 471, 479, 408, 454, 435, 400, 238, 401, 402, 403, 282, 605, 636, 600, 450, 348, 470, 719, 506, 680]
Number of subjects: 19
Number of brain regions: 5
Number of sessions per subject:
  Subject DR10: 5 sessions
  Subject DR15: 5 sessions
  Subject LZ13: 4 sessions
  Subject LZ16: 4 sessions
  Subject TX104: 2 sessions
  Subject TX105: 5 sessions
  Subject TX108: 6 sessions
  Subject TX109: 6 sessions
  Subject TX119: 6 sessions
  Subject TX123: 6 sessions
  Subject TX124: 1 sessions
  Subject TX139: 2 sessions
  Subject TX140: 1 sessions
  Subject TX60: 5 sessions
  Subject TX61: 3 sessions
  Subject TX83: 3 sessions
  Subject TX85: 2 sessions
  Subject TX88: 5 sessions
  Subject VR2: 5 sessions
Input dimension: 4
Output dimension: 4
Summary statistics (across all sessions):
  T: mean: 41.11, median: 33.42, min: 11, max: 1000
  n_neurons: mean: 53252.22', min: 24383, max: 89577
  Input range:
    time_to_sound_cue: [-404.1, 314.3]
    day_of_training: [0.0, 6.0]
    time_since_trial_start: [0.0, 315.1]
    reward_availability: [0.0, 1.0]
  Output range:
    visual_stimulus: [0.0, 12.0]
    licking: [0.0, 1.0]
    position_bin: [0.0, 3.0]
    speed_bin: [0.0, 3.0]
  Unique outputs per dimension (fraction of data):
    visual_stimulus: {circle1 (0.283), circle2 (0.056), circle3 (0.010), leaf1 (0.300), leaf1_swap1 (0.002), leaf1_swap2 (0.003), leaf2 (0.124), leaf3 (0.040), rock1 (0.071), rock2 (0.013), wood1 (0.057), wood2 (0.028), wood5 (0.012)}
    licking: {no_lick (0.965), lick (0.035)}
    position_bin: {0-1m (0.287), 1-2m (0.229), 2-3m (0.235), 3-4m (0.249)}
    speed_bin: {Q1_slowest (0.099), Q2 (0.394), Q3 (0.253), Q4_fastest (0.253)}
  Brain region distribution:
    V1: 1596329 neurons
    mHV: 960180 neurons
    lHV: 424554 neurons
    aHV: 582244 neurons
    unassigned: 483862 neurons

Per-session statistics:
  Mean T: 37.9, 34.8, 31.1, 31.5, 31.8, 101.7, 72.9, 58.7, 82.3, 66.3, 24.7, 28.2, 29.3, 28.5, 34.1, 27.4, 27.6, 28.5, 88.2, 40.4, 86.5, 43.0, 79.3, 77.6, 40.1, 32.1, 76.8, 42.7, 41.3, 30.4, 30.5, 46.2, 107.2, 47.1, 33.4, 46.6, 34.7, 22.0, 26.0, 27.2, 22.5, 25.0, 32.7, 29.0, 30.7, 45.1, 31.6, 21.3, 17.9, 23.1, 39.0, 37.8, 39.5, 44.0, 35.0, 30.9, 27.4, 27.6, 42.7, 28.4, 31.0, 31.0, 73.0, 61.1, 36.0, 50.8, 47.2, 30.6, 33.4, 32.3, 40.4, 45.1, 27.3, 26.0, 25.4, 25.8
  Min T: 13, 20, 20, 20, 20, 20, 20, 20, 21, 21, 20, 20, 20, 20, 20, 19, 20, 19, 21, 20, 21, 20, 21, 21, 20, 20, 22, 20, 20, 20, 20, 21, 28, 21, 21, 21, 21, 15, 17, 15, 15, 15, 16, 15, 15, 16, 15, 15, 15, 15, 20, 20, 20, 12, 11, 20, 20, 20, 20, 20, 20, 20, 21, 20, 20, 21, 20, 20, 20, 20, 20, 15, 14, 14, 14, 14
  Max T: 312, 160, 175, 305, 117, 1000, 1000, 652, 1000, 814, 162, 545, 172, 329, 338, 748, 224, 960, 1000, 413, 979, 223, 648, 1000, 406, 367, 650, 675, 523, 90, 192, 1000, 1000, 1000, 905, 1000, 797, 235, 238, 421, 128, 1000, 801, 1000, 358, 1000, 479, 83, 83, 580, 552, 595, 432, 1000, 649, 362, 102, 157, 250, 110, 157, 138, 650, 650, 221, 636, 264, 260, 480, 309, 1000, 968, 71, 105, 177, 93
  n_neurons: 58224, 54741, 50347, 50195, 56106, 55746, 58930, 64130, 57540, 59251, 34658, 34575, 38489, 39358, 33577, 31859, 35918, 35291, 43834, 42565, 58941, 55653, 61115, 45207, 55457, 68553, 85481, 75480, 79417, 68045, 76530, 85468, 63625, 89577, 83309, 71687, 76296, 28907, 31672, 36935, 27281, 29587, 32547, 52044, 28696, 43103, 30931, 30252, 26756, 24383, 35126, 34522, 49311, 48732, 57368, 47785, 60924, 48742, 62256, 67669, 72193, 44059, 52954, 50689, 59560, 55163, 62606, 48824, 58099, 53028, 61456, 81473, 71069, 76108, 63897, 65287
  Input range:
    0: [-94.2, 67.0] [-47.2, 29.0] [-38.8, 51.1] [-36.8, 76.9] [-35.1, 20.7] [-404.1, 313.1] [-271.6, 226.0] [-204.4, 191.5] [-404.1, 91.8] [-150.4, 252.0] [-42.0, 49.3] [-170.7, 53.1] [-43.0, 52.1] [-33.5, 101.6] [-105.3, 80.6] [-28.3, 223.4] [-15.0, 69.2] [-104.3, 300.7] [-233.2, 314.3] [-118.8, 103.9] [-275.5, 306.2] [-41.4, 45.1] [-200.4, 145.5] [-404.1, 279.0] [-126.9, 67.5] [-76.5, 82.2] [-200.5, 196.0] [-77.1, 209.8] [-150.2, 35.9] [-15.7, 21.6] [-20.1, 59.3] [-238.9, 303.6] [-401.4, 65.3] [-401.0, 312.2] [-39.8, 282.5] [-273.8, 313.7] [-23.5, 249.9] [-30.2, 71.9] [-73.8, 38.6] [-60.6, 129.2] [-35.2, 37.6] [-401.9, 160.1] [-250.7, 232.8] [-401.0, 292.5] [-79.4, 111.4] [-401.3, 205.6] [-150.2, 78.5] [-25.6, 10.5] [-25.1, 16.4] [-157.5, 179.2] [-173.3, 130.2] [-184.6, 65.2] [-125.9, 134.4] [-221.2, 310.6] [-202.8, 59.6] [-43.4, 70.5] [-29.3, 17.9] [-45.3, 33.3] [-50.2, 75.5] [-24.9, 19.9] [-40.3, 21.0] [-39.5, 29.8] [-204.1, 110.4] [-203.5, 184.1] [-65.9, 49.1] [-115.2, 183.2] [-64.9, 79.8] [-69.1, 52.9] [-145.5, 126.1] [-76.6, 48.2] [-93.6, 313.1] [-83.6, 301.6] [-15.1, 19.5] [-28.6, 22.7] [-35.2, 25.4] [-27.5, 22.8] 
    1: [0.0, 0.0] [1.0, 1.0] [2.0, 2.0] [3.0, 3.0] [4.0, 4.0] [0.0, 0.0] [1.0, 1.0] [2.0, 2.0] [3.0, 3.0] [4.0, 4.0] [0.0, 0.0] [1.0, 1.0] [2.0, 2.0] [3.0, 3.0] [0.0, 0.0] [1.0, 1.0] [2.0, 2.0] [3.0, 3.0] [0.0, 0.0] [1.0, 1.0] [0.0, 0.0] [1.0, 1.0] [2.0, 2.0] [3.0, 3.0] [4.0, 4.0] [0.0, 0.0] [1.0, 1.0] [2.0, 2.0] [3.0, 3.0] [4.0, 4.0] [5.0, 5.0] [0.0, 0.0] [1.0, 1.0] [2.0, 2.0] [3.0, 3.0] [4.0, 4.0] [5.0, 5.0] [0.0, 0.0] [2.0, 2.0] [3.0, 3.0] [4.0, 4.0] [5.0, 5.0] [6.0, 6.0] [0.0, 0.0] [2.0, 2.0] [3.0, 3.0] [4.0, 4.0] [5.0, 5.0] [6.0, 6.0] [0.0, 0.0] [0.0, 0.0] [1.0, 1.0] [0.0, 0.0] [0.0, 0.0] [1.0, 1.0] [2.0, 2.0] [3.0, 3.0] [4.0, 4.0] [0.0, 0.0] [1.0, 1.0] [2.0, 2.0] [0.0, 0.0] [1.0, 1.0] [2.0, 2.0] [0.0, 0.0] [1.0, 1.0] [0.0, 0.0] [1.0, 1.0] [2.0, 2.0] [3.0, 3.0] [4.0, 4.0] [0.0, 0.0] [1.0, 1.0] [2.0, 2.0] [3.0, 3.0] [4.0, 4.0] 
    2: [0.0, 98.1] [0.0, 50.2] [0.0, 54.9] [0.0, 95.9] [0.0, 36.6] [0.0, 315.1] [0.0, 315.1] [0.0, 205.4] [0.0, 315.1] [0.0, 256.5] [0.0, 50.8] [0.0, 171.6] [0.0, 53.9] [0.0, 103.5] [0.0, 106.3] [0.0, 235.6] [0.0, 70.3] [0.0, 302.5] [0.0, 315.1] [0.0, 130.0] [0.0, 308.5] [0.0, 70.0] [0.0, 204.1] [0.0, 315.1] [0.0, 127.8] [0.0, 115.5] [0.0, 204.7] [0.0, 212.6] [0.0, 164.7] [0.0, 28.1] [0.0, 60.3] [0.0, 315.1] [0.0, 315.1] [0.0, 315.1] [0.0, 285.2] [0.0, 315.1] [0.0, 251.1] [0.0, 73.8] [0.0, 74.8] [0.0, 132.5] [0.0, 40.1] [0.0, 315.1] [0.0, 252.4] [0.0, 315.1] [0.0, 112.6] [0.0, 315.1] [0.0, 150.8] [0.0, 25.9] [0.0, 25.9] [0.0, 182.6] [0.0, 173.8] [0.0, 187.4] [0.0, 136.0] [0.0, 315.1] [0.0, 204.4] [0.0, 113.9] [0.0, 31.9] [0.0, 49.2] [0.0, 78.5] [0.0, 34.4] [0.0, 49.2] [0.0, 43.2] [0.0, 204.7] [0.0, 204.7] [0.0, 69.4] [0.0, 200.3] [0.0, 83.0] [0.0, 81.7] [0.0, 151.1] [0.0, 97.2] [0.0, 315.1] [0.0, 305.0] [0.0, 22.1] [0.0, 32.8] [0.0, 55.5] [0.0, 29.0] 
    3: [0.0, 0.0] [0.0, 0.0] [0.0, 0.0] [0.0, 0.0] [0.0, 0.0] [0.0, 0.0] [0.0, 0.0] [0.0, 0.0] [0.0, 0.0] [0.0, 0.0] [0.0, 0.0] [0.0, 0.0] [0.0, 0.0] [0.0, 0.0] [0.0, 0.0] [0.0, 0.0] [0.0, 0.0] [0.0, 0.0] [0.0, 0.0] [0.0, 0.0] [0.0, 0.0] [0.0, 0.0] [0.0, 0.0] [0.0, 0.0] [0.0, 0.0] [0.0, 0.0] [0.0, 1.0] [0.0, 1.0] [0.0, 1.0] [0.0, 1.0] [0.0, 1.0] [0.0, 0.0] [0.0, 1.0] [0.0, 1.0] [0.0, 1.0] [0.0, 1.0] [0.0, 1.0] [0.0, 0.0] [0.0, 0.0] [0.0, 0.0] [0.0, 0.0] [0.0, 0.0] [0.0, 0.0] [0.0, 0.0] [0.0, 0.0] [0.0, 0.0] [0.0, 0.0] [0.0, 0.0] [0.0, 0.0] [0.0, 0.0] [0.0, 0.0] [0.0, 0.0] [0.0, 0.0] [0.0, 1.0] [0.0, 1.0] [0.0, 1.0] [0.0, 1.0] [0.0, 1.0] [0.0, 1.0] [0.0, 1.0] [0.0, 1.0] [0.0, 0.0] [0.0, 0.0] [0.0, 0.0] [0.0, 0.0] [0.0, 0.0] [0.0, 0.0] [0.0, 0.0] [0.0, 0.0] [0.0, 0.0] [0.0, 0.0] [0.0, 1.0] [0.0, 1.0] [0.0, 1.0] [0.0, 1.0] [0.0, 1.0] 
  Output range:
    0: [0.0, 3.0] [0.0, 3.0] [0.0, 6.0] [0.0, 6.0] [0.0, 7.0] [0.0, 3.0] [0.0, 3.0] [0.0, 6.0] [0.0, 6.0] [0.0, 7.0] [0.0, 7.0] [8.0, 12.0] [0.0, 7.0] [8.0, 12.0] [0.0, 7.0] [8.0, 12.0] [0.0, 7.0] [8.0, 12.0] [3.0, 8.0] [3.0, 8.0] [0.0, 3.0] [0.0, 3.0] [0.0, 6.0] [0.0, 6.0] [0.0, 7.0] [0.0, 6.0] [8.0, 10.0] [8.0, 10.0] [8.0, 11.0] [8.0, 11.0] [8.0, 12.0] [0.0, 6.0] [0.0, 3.0] [0.0, 3.0] [0.0, 6.0] [0.0, 3.0] [0.0, 6.0] [8.0, 12.0] [8.0, 10.0] [8.0, 10.0] [8.0, 11.0] [8.0, 11.0] [8.0, 12.0] [0.0, 7.0] [0.0, 3.0] [0.0, 3.0] [0.0, 6.0] [0.0, 6.0] [0.0, 7.0] [0.0, 7.0] [0.0, 7.0] [0.0, 7.0] [0.0, 7.0] [0.0, 3.0] [0.0, 3.0] [0.0, 6.0] [0.0, 6.0] [0.0, 7.0] [0.0, 6.0] [0.0, 6.0] [0.0, 7.0] [0.0, 3.0] [0.0, 3.0] [0.0, 6.0] [0.0, 3.0] [0.0, 3.0] [0.0, 3.0] [0.0, 3.0] [0.0, 8.0] [0.0, 6.0] [0.0, 7.0] [0.0, 3.0] [0.0, 3.0] [0.0, 6.0] [0.0, 6.0] [0.0, 7.0] 
    1: [0.0, 0.0] [0.0, 0.0] [0.0, 0.0] [0.0, 0.0] [0.0, 0.0] [0.0, 0.0] [0.0, 0.0] [0.0, 0.0] [0.0, 0.0] [0.0, 0.0] [0.0, 0.0] [0.0, 0.0] [0.0, 0.0] [0.0, 0.0] [0.0, 0.0] [0.0, 0.0] [0.0, 0.0] [0.0, 0.0] [0.0, 0.0] [0.0, 0.0] [0.0, 0.0] [0.0, 0.0] [0.0, 0.0] [0.0, 0.0] [0.0, 0.0] [0.0, 0.0] [0.0, 1.0] [0.0, 1.0] [0.0, 1.0] [0.0, 1.0] [0.0, 1.0] [0.0, 0.0] [0.0, 1.0] [0.0, 1.0] [0.0, 1.0] [0.0, 1.0] [0.0, 1.0] [0.0, 0.0] [0.0, 0.0] [0.0, 0.0] [0.0, 0.0] [0.0, 0.0] [0.0, 0.0] [0.0, 0.0] [0.0, 0.0] [0.0, 0.0] [0.0, 0.0] [0.0, 0.0] [0.0, 0.0] [0.0, 0.0] [0.0, 0.0] [0.0, 0.0] [0.0, 0.0] [0.0, 1.0] [0.0, 1.0] [0.0, 1.0] [0.0, 1.0] [0.0, 1.0] [0.0, 1.0] [0.0, 1.0] [0.0, 1.0] [0.0, 0.0] [0.0, 0.0] [0.0, 0.0] [0.0, 0.0] [0.0, 0.0] [0.0, 0.0] [0.0, 0.0] [0.0, 0.0] [0.0, 0.0] [0.0, 0.0] [0.0, 1.0] [0.0, 1.0] [0.0, 1.0] [0.0, 1.0] [0.0, 1.0] 
    2: [0.0, 3.0] [0.0, 3.0] [0.0, 3.0] [0.0, 3.0] [0.0, 3.0] [0.0, 3.0] [0.0, 3.0] [0.0, 3.0] [0.0, 3.0] [0.0, 3.0] [0.0, 3.0] [0.0, 3.0] [0.0, 3.0] [0.0, 3.0] [0.0, 3.0] [0.0, 3.0] [0.0, 3.0] [0.0, 3.0] [0.0, 3.0] [0.0, 3.0] [0.0, 3.0] [0.0, 3.0] [0.0, 3.0] [0.0, 3.0] [0.0, 3.0] [0.0, 3.0] [0.0, 3.0] [0.0, 3.0] [0.0, 3.0] [0.0, 3.0] [0.0, 3.0] [0.0, 3.0] [0.0, 3.0] [0.0, 3.0] [0.0, 3.0] [0.0, 3.0] [0.0, 3.0] [0.0, 3.0] [0.0, 3.0] [0.0, 3.0] [0.0, 3.0] [0.0, 3.0] [0.0, 3.0] [0.0, 3.0] [0.0, 3.0] [0.0, 3.0] [0.0, 3.0] [0.0, 3.0] [0.0, 3.0] [0.0, 3.0] [0.0, 3.0] [0.0, 3.0] [0.0, 3.0] [0.0, 3.0] [0.0, 3.0] [0.0, 3.0] [0.0, 3.0] [0.0, 3.0] [0.0, 3.0] [0.0, 3.0] [0.0, 3.0] [0.0, 3.0] [0.0, 3.0] [0.0, 3.0] [0.0, 3.0] [0.0, 3.0] [0.0, 3.0] [0.0, 3.0] [0.0, 3.0] [0.0, 3.0] [0.0, 3.0] [0.0, 3.0] [0.0, 3.0] [0.0, 3.0] [0.0, 3.0] [0.0, 3.0] 
    3: [0.0, 3.0] [0.0, 3.0] [0.0, 3.0] [0.0, 3.0] [0.0, 3.0] [0.0, 3.0] [0.0, 3.0] [0.0, 3.0] [0.0, 3.0] [0.0, 3.0] [0.0, 3.0] [0.0, 3.0] [0.0, 3.0] [0.0, 3.0] [0.0, 3.0] [0.0, 3.0] [0.0, 3.0] [0.0, 3.0] [0.0, 3.0] [0.0, 3.0] [0.0, 3.0] [0.0, 3.0] [0.0, 3.0] [0.0, 3.0] [0.0, 3.0] [0.0, 3.0] [0.0, 3.0] [0.0, 3.0] [0.0, 3.0] [0.0, 3.0] [0.0, 3.0] [0.0, 3.0] [0.0, 3.0] [0.0, 3.0] [0.0, 3.0] [0.0, 3.0] [0.0, 3.0] [0.0, 3.0] [0.0, 3.0] [0.0, 3.0] [0.0, 3.0] [0.0, 3.0] [0.0, 3.0] [0.0, 3.0] [0.0, 3.0] [0.0, 3.0] [0.0, 3.0] [0.0, 3.0] [0.0, 3.0] [0.0, 3.0] [0.0, 3.0] [0.0, 3.0] [0.0, 3.0] [0.0, 3.0] [0.0, 3.0] [0.0, 3.0] [0.0, 3.0] [0.0, 3.0] [0.0, 3.0] [0.0, 3.0] [0.0, 3.0] [0.0, 3.0] [0.0, 3.0] [0.0, 3.0] [0.0, 3.0] [0.0, 3.0] [0.0, 3.0] [0.0, 3.0] [0.0, 3.0] [0.0, 3.0] [0.0, 3.0] [0.0, 3.0] [0.0, 3.0] [0.0, 3.0] [0.0, 3.0] [0.0, 3.0] 
  Output fraction of data:
visual_stimulus: (0.481 0.510 0.216 0.311 0.247 0.525 0.521 0.238 0.316 0.246 0.228 0.000 0.277 0.000 0.204 0.000 0.178 0.000 0.000 0.000 0.517 0.485 0.311 0.321 0.181 0.278 0.000 0.000 0.000 0.000 0.000 0.226 0.414 0.536 0.422 0.206 0.359 0.000 0.000 0.000 0.000 0.000 0.000 0.114 0.506 0.588 0.221 0.291 0.235 0.135 0.197 0.228 0.253 0.627 0.454 0.327 0.372 0.308 0.427 0.362 0.275 0.519 0.517 0.252 0.507 0.490 0.523 0.550 0.324 0.319 0.239 0.489 0.387 0.387 0.342 0.190)  0.000 0.000 0.255 0.000 0.000 0.000 0.000 0.195 0.000 0.000 0.185 0.000 0.136 0.000 0.168 0.000 0.153 0.000 0.000 0.000 0.000 0.000 0.210 0.000 0.000 0.248 0.000 0.000 0.000 0.000 0.000 0.203 0.000 0.000 0.111 0.319 0.218 0.000 0.000 0.000 0.000 0.000 0.000 0.161 0.000 0.000 0.242 0.000 0.000 0.129 0.190 0.104 0.154 0.000 0.000 0.107 0.000 0.000 0.142 0.000 0.000 0.000 0.000 0.224 0.000 0.000 0.000 0.000 0.103 0.000 0.000 0.000 0.000 0.098 0.000 0.000)  0.000 0.000 0.000 0.000 0.000 0.000 0.000 0.000 0.000 0.000 0.000 0.000 0.000 0.000 0.126 0.000 0.164 0.000 0.000 0.000 0.000 0.000 0.000 0.000 0.000 0.000 0.000 0.000 0.000 0.000 0.000 0.000 0.000 0.000 0.000 0.000 0.155 0.000 0.000 0.000 0.000 0.000 0.000 0.130 0.000 0.000 0.000 0.000 0.000 0.194 0.000 0.000 0.000 0.000 0.000 0.000 0.000 0.000 0.000 0.000 0.000 0.000 0.000 0.000 0.000 0.000 0.000 0.000 0.000 0.000 0.000 0.000 0.000 0.000 0.000 0.000)  0.519 0.490 0.277 0.392 0.252 0.475 0.479 0.287 0.256 0.262 0.169 0.000 0.202 0.000 0.212 0.000 0.165 0.000 0.328 0.577 0.483 0.515 0.216 0.309 0.277 0.217 0.000 0.000 0.000 0.000 0.000 0.298 0.586 0.464 0.351 0.475 0.171 0.000 0.000 0.000 0.000 0.000 0.000 0.138 0.494 0.412 0.278 0.373 0.259 0.212 0.300 0.270 0.237 0.373 0.546 0.456 0.372 0.403 0.333 0.341 0.437 0.481 0.483 0.220 0.493 0.510 0.477 0.450 0.348 0.347 0.294 0.511 0.613 0.423 0.371 0.435)  0.000 0.000 0.000 0.000 0.000 0.000 0.000 0.000 0.000 0.000 0.000 0.000 0.000 0.000 0.000 0.000 0.000 0.000 0.000 0.000 0.000 0.000 0.000 0.000 0.000 0.000 0.000 0.000 0.000 0.000 0.000 0.000 0.000 0.000 0.000 0.000 0.000 0.000 0.000 0.000 0.000 0.000 0.000 0.100 0.000 0.000 0.000 0.000 0.000 0.000 0.000 0.000 0.000 0.000 0.000 0.000 0.000 0.000 0.000 0.000 0.000 0.000 0.000 0.000 0.000 0.000 0.000 0.000 0.000 0.000 0.000 0.000 0.000 0.000 0.000 0.000)  0.000 0.000 0.000 0.000 0.000 0.000 0.000 0.000 0.000 0.000 0.000 0.000 0.000 0.000 0.000 0.000 0.000 0.000 0.000 0.000 0.000 0.000 0.000 0.000 0.000 0.000 0.000 0.000 0.000 0.000 0.000 0.000 0.000 0.000 0.000 0.000 0.000 0.000 0.000 0.000 0.000 0.000 0.000 0.134 0.000 0.000 0.000 0.000 0.000 0.000 0.000 0.000 0.000 0.000 0.000 0.000 0.000 0.000 0.000 0.000 0.000 0.000 0.000 0.000 0.000 0.000 0.000 0.000 0.000 0.000 0.000 0.000 0.000 0.000 0.000 0.000)  0.000 0.000 0.252 0.297 0.251 0.000 0.000 0.280 0.428 0.285 0.226 0.000 0.248 0.000 0.205 0.000 0.193 0.000 0.000 0.000 0.000 0.000 0.263 0.370 0.263 0.258 0.000 0.000 0.000 0.000 0.000 0.273 0.000 0.000 0.117 0.000 0.097 0.000 0.000 0.000 0.000 0.000 0.000 0.114 0.000 0.000 0.260 0.336 0.260 0.160 0.118 0.277 0.218 0.000 0.000 0.110 0.256 0.128 0.098 0.297 0.159 0.000 0.000 0.305 0.000 0.000 0.000 0.000 0.104 0.335 0.286 0.000 0.000 0.093 0.287 0.195)  0.000 0.000 0.000 0.000 0.249 0.000 0.000 0.000 0.000 0.206 0.192 0.000 0.136 0.000 0.085 0.000 0.147 0.000 0.000 0.000 0.000 0.000 0.000 0.000 0.279 0.000 0.000 0.000 0.000 0.000 0.000 0.000 0.000 0.000 0.000 0.000 0.000 0.000 0.000 0.000 0.000 0.000 0.000 0.110 0.000 0.000 0.000 0.000 0.246 0.169 0.195 0.120 0.137 0.000 0.000 0.000 0.000 0.161 0.000 0.000 0.129 0.000 0.000 0.000 0.000 0.000 0.000 0.000 0.000 0.000 0.181 0.000 0.000 0.000 0.000 0.180)  0.000 0.000 0.000 0.000 0.000 0.000 0.000 0.000 0.000 0.000 0.000 0.205 0.000 0.239 0.000 0.254 0.000 0.240 0.672 0.423 0.000 0.000 0.000 0.000 0.000 0.000 0.517 0.551 0.363 0.338 0.235 0.000 0.000 0.000 0.000 0.000 0.000 0.204 0.498 0.597 0.274 0.332 0.272 0.000 0.000 0.000 0.000 0.000 0.000 0.000 0.000 0.000 0.000 0.000 0.000 0.000 0.000 0.000 0.000 0.000 0.000 0.000 0.000 0.000 0.000 0.000 0.000 0.000 0.121 0.000 0.000 0.000 0.000 0.000 0.000 0.000)  0.000 0.000 0.000 0.000 0.000 0.000 0.000 0.000 0.000 0.000 0.000 0.172 0.000 0.112 0.000 0.165 0.000 0.146 0.000 0.000 0.000 0.000 0.000 0.000 0.000 0.000 0.000 0.000 0.160 0.000 0.000 0.000 0.000 0.000 0.000 0.000 0.000 0.202 0.000 0.000 0.271 0.000 0.000 0.000 0.000 0.000 0.000 0.000 0.000 0.000 0.000 0.000 0.000 0.000 0.000 0.000 0.000 0.000 0.000 0.000 0.000 0.000 0.000 0.000 0.000 0.000 0.000 0.000 0.000 0.000 0.000 0.000 0.000 0.000 0.000 0.000)  0.000 0.000 0.000 0.000 0.000 0.000 0.000 0.000 0.000 0.000 0.000 0.192 0.000 0.262 0.000 0.274 0.000 0.202 0.000 0.000 0.000 0.000 0.000 0.000 0.000 0.000 0.483 0.449 0.357 0.399 0.456 0.000 0.000 0.000 0.000 0.000 0.000 0.204 0.502 0.403 0.234 0.340 0.315 0.000 0.000 0.000 0.000 0.000 0.000 0.000 0.000 0.000 0.000 0.000 0.000 0.000 0.000 0.000 0.000 0.000 0.000 0.000 0.000 0.000 0.000 0.000 0.000 0.000 0.000 0.000 0.000 0.000 0.000 0.000 0.000 0.000)  0.000 0.000 0.000 0.000 0.000 0.000 0.000 0.000 0.000 0.000 0.000 0.258 0.000 0.256 0.000 0.201 0.000 0.303 0.000 0.000 0.000 0.000 0.000 0.000 0.000 0.000 0.000 0.000 0.120 0.263 0.178 0.000 0.000 0.000 0.000 0.000 0.000 0.194 0.000 0.000 0.221 0.328 0.216 0.000 0.000 0.000 0.000 0.000 0.000 0.000 0.000 0.000 0.000 0.000 0.000 0.000 0.000 0.000 0.000 0.000 0.000 0.000 0.000 0.000 0.000 0.000 0.000 0.000 0.000 0.000 0.000 0.000 0.000 0.000 0.000 0.000)  0.000 0.000 0.000 0.000 0.000 0.000 0.000 0.000 0.000 0.000 0.000 0.172 0.000 0.132 0.000 0.107 0.000 0.109 0.000 0.000 0.000 0.000 0.000 0.000 0.000 0.000 0.000 0.000 0.000 0.000 0.131 0.000 0.000 0.000 0.000 0.000 0.000 0.196 0.000 0.000 0.000 0.000 0.197 0.000 0.000 0.000 0.000 0.000 0.000 0.000 0.000 0.000 0.000 0.000 0.000 0.000 0.000 0.000 0.000 0.000 0.000 0.000 0.000 0.000 0.000 0.000 0.000 0.000 0.000 0.000 0.000 0.000 0.000 0.000 0.000 0.000)  
licking: (1.000 1.000 1.000 1.000 1.000 1.000 1.000 1.000 1.000 1.000 1.000 1.000 1.000 1.000 1.000 1.000 1.000 1.000 1.000 1.000 1.000 1.000 1.000 1.000 1.000 1.000 0.810 0.824 0.900 0.857 0.842 1.000 0.862 0.798 0.743 0.929 0.910 1.000 1.000 1.000 1.000 1.000 1.000 1.000 1.000 1.000 1.000 1.000 1.000 1.000 1.000 1.000 1.000 0.924 0.874 0.835 0.910 0.872 0.905 0.874 0.824 1.000 1.000 1.000 1.000 1.000 1.000 1.000 1.000 1.000 1.000 0.951 0.901 0.912 0.906 0.929)  0.000 0.000 0.000 0.000 0.000 0.000 0.000 0.000 0.000 0.000 0.000 0.000 0.000 0.000 0.000 0.000 0.000 0.000 0.000 0.000 0.000 0.000 0.000 0.000 0.000 0.000 0.190 0.176 0.100 0.143 0.158 0.000 0.138 0.202 0.257 0.071 0.090 0.000 0.000 0.000 0.000 0.000 0.000 0.000 0.000 0.000 0.000 0.000 0.000 0.000 0.000 0.000 0.000 0.076 0.126 0.165 0.090 0.128 0.095 0.126 0.176 0.000 0.000 0.000 0.000 0.000 0.000 0.000 0.000 0.000 0.000 0.049 0.099 0.088 0.094 0.071)  
position_bin: (0.255 0.262 0.268 0.260 0.282 0.550 0.314 0.514 0.504 0.225 0.272 0.318 0.233 0.230 0.291 0.241 0.248 0.258 0.216 0.205 0.196 0.287 0.378 0.551 0.311 0.203 0.262 0.203 0.177 0.208 0.188 0.214 0.470 0.263 0.179 0.315 0.172 0.241 0.228 0.195 0.256 0.324 0.198 0.368 0.206 0.361 0.234 0.234 0.250 0.242 0.341 0.366 0.285 0.169 0.236 0.254 0.246 0.244 0.283 0.240 0.216 0.277 0.490 0.477 0.248 0.286 0.277 0.294 0.297 0.272 0.214 0.211 0.193 0.230 0.244 0.240)  0.237 0.238 0.242 0.259 0.262 0.139 0.206 0.170 0.175 0.244 0.232 0.249 0.212 0.208 0.239 0.235 0.198 0.197 0.221 0.285 0.221 0.272 0.296 0.173 0.224 0.281 0.248 0.248 0.238 0.240 0.243 0.238 0.188 0.176 0.237 0.168 0.180 0.225 0.258 0.255 0.249 0.218 0.223 0.241 0.249 0.107 0.185 0.254 0.252 0.231 0.215 0.228 0.289 0.287 0.263 0.223 0.209 0.210 0.248 0.214 0.238 0.244 0.222 0.224 0.274 0.235 0.263 0.283 0.235 0.240 0.269 0.201 0.275 0.254 0.260 0.213)  0.233 0.251 0.261 0.245 0.243 0.190 0.276 0.129 0.160 0.296 0.250 0.212 0.202 0.210 0.240 0.258 0.200 0.278 0.182 0.245 0.259 0.229 0.178 0.151 0.216 0.227 0.232 0.259 0.239 0.278 0.282 0.259 0.186 0.257 0.219 0.266 0.198 0.246 0.233 0.328 0.255 0.210 0.315 0.184 0.254 0.180 0.253 0.236 0.264 0.312 0.266 0.188 0.223 0.228 0.264 0.267 0.244 0.249 0.240 0.295 0.278 0.239 0.150 0.161 0.252 0.223 0.284 0.239 0.243 0.227 0.245 0.232 0.324 0.255 0.251 0.272)  0.275 0.248 0.229 0.235 0.213 0.122 0.204 0.188 0.161 0.235 0.245 0.221 0.353 0.351 0.229 0.266 0.354 0.268 0.382 0.265 0.324 0.213 0.148 0.125 0.248 0.290 0.258 0.290 0.347 0.275 0.287 0.289 0.156 0.304 0.365 0.251 0.450 0.289 0.282 0.222 0.241 0.248 0.264 0.207 0.290 0.352 0.329 0.276 0.235 0.215 0.179 0.219 0.202 0.316 0.237 0.257 0.301 0.297 0.229 0.251 0.268 0.240 0.139 0.139 0.226 0.255 0.176 0.183 0.225 0.261 0.273 0.357 0.208 0.260 0.245 0.275)  
speed_bin: (0.029 0.027 0.031 0.029 0.052 0.105 0.188 0.209 0.217 0.206 0.044 0.049 0.052 0.056 0.092 0.086 0.031 0.049 0.104 0.090 0.027 0.121 0.124 0.232 0.144 0.102 0.286 0.178 0.136 0.118 0.123 0.209 0.205 0.229 0.143 0.220 0.171 0.070 0.075 0.085 0.065 0.082 0.123 0.077 0.102 0.065 0.073 0.082 0.050 0.036 0.067 0.061 0.059 0.041 0.057 0.083 0.065 0.071 0.142 0.100 0.121 0.030 0.042 0.050 0.024 0.039 0.034 0.043 0.050 0.063 0.058 0.083 0.130 0.130 0.110 0.115)  0.451 0.436 0.335 0.360 0.327 0.740 0.568 0.474 0.574 0.517 0.151 0.268 0.250 0.240 0.312 0.190 0.232 0.253 0.689 0.408 0.795 0.454 0.667 0.531 0.400 0.291 0.479 0.375 0.399 0.223 0.247 0.388 0.674 0.375 0.267 0.380 0.279 0.218 0.199 0.350 0.239 0.297 0.407 0.398 0.396 0.591 0.433 0.180 0.072 0.326 0.411 0.421 0.445 0.498 0.530 0.326 0.204 0.210 0.428 0.201 0.254 0.314 0.731 0.652 0.305 0.565 0.457 0.296 0.352 0.315 0.447 0.489 0.146 0.150 0.165 0.176)  0.416 0.330 0.352 0.427 0.370 0.130 0.225 0.283 0.169 0.218 0.259 0.298 0.204 0.157 0.103 0.088 0.288 0.136 0.200 0.190 0.168 0.352 0.175 0.169 0.310 0.326 0.228 0.378 0.353 0.425 0.483 0.282 0.121 0.322 0.499 0.367 0.474 0.175 0.178 0.116 0.144 0.147 0.232 0.115 0.095 0.218 0.335 0.401 0.198 0.251 0.118 0.287 0.230 0.276 0.297 0.377 0.275 0.276 0.336 0.347 0.349 0.337 0.210 0.228 0.374 0.190 0.271 0.191 0.210 0.231 0.198 0.121 0.152 0.123 0.305 0.278)  0.104 0.207 0.282 0.184 0.251 0.025 0.019 0.034 0.040 0.059 0.546 0.385 0.494 0.547 0.493 0.636 0.449 0.562 0.007 0.312 0.010 0.072 0.033 0.068 0.146 0.281 0.006 0.070 0.113 0.234 0.146 0.121 0.000 0.075 0.091 0.033 0.075 0.537 0.547 0.448 0.552 0.474 0.238 0.410 0.407 0.126 0.159 0.337 0.679 0.387 0.404 0.231 0.266 0.186 0.117 0.214 0.457 0.444 0.094 0.352 0.276 0.319 0.017 0.069 0.298 0.206 0.239 0.470 0.389 0.392 0.296 0.306 0.572 0.598 0.420 0.432)  
Brain region: V1: 1596329 neurons, mHV: 960180 neurons, lHV: 424554 neurons, aHV: 582244 neurons, unassigned: 483862 neurons  
Data verification complete.
