Data format warnings:
  - Session 27, trial 192: all neural data is zero
Number of sessions: 34
Total number of trials: 11385
Number of trials per session: [305, 426, 416, 403, 252, 403, 377, 517, 496, 351, 285, 321, 313, 250, 250, 301, 230, 324, 276, 382, 346, 254, 267, 254, 261, 365, 329, 318, 355, 359, 407, 337, 303, 352]
Number of subjects: 13
Number of brain regions: 1
Number of sessions per subject:
  Subject EKH1: 1 sessions
  Subject EKH3: 1 sessions
  Subject JEB13: 5 sessions
  Subject JEB14: 4 sessions
  Subject JEB15: 4 sessions
  Subject JEB19: 4 sessions
  Subject JEB6: 1 sessions
  Subject JEB7: 2 sessions
  Subject JGR2: 2 sessions
  Subject JGR3: 1 sessions
  Subject JEB11: 2 sessions
  Subject JEB12: 2 sessions
  Subject JEB23: 5 sessions
Input dimension: 1
Output dimension: 6
Summary statistics (across all sessions):
  T: mean: 200.00, median: 200.00, min: 200, max: 200
  n_neurons: mean: 237.85', min: 27, max: 762
  Input range:
    time_from_go_cue_s: [-2.5, 2.5]
  Output range:
    lick_direction: [0.0, 2.0]
    behavioral_context: [0.0, 0.0]
    outcome: [0.0, 2.0]
    tongue_velocity: [0.0, 2.0]
    paw_velocity: [2.0, 2.0]
    motion_energy: [0.0, 2.0]
  Unique outputs per dimension (fraction of data):
    lick_direction: {left (0.423), right (0.424), none (0.153)}
    behavioral_context: {DR (1.000)}
    outcome: {incorrect (0.132), correct (0.715), ignore (0.153)}
    tongue_velocity: {lt50 (0.153), ge50 (0.153), not_visible (0.694)}
    paw_velocity: {not_visible (1.000)}
    motion_energy: {lt50 (0.413), ge50 (0.413), no_video (0.174)}
  Brain region distribution:
    ALM: 8087 neurons

Per-session statistics:
  Mean T: 200.0, 200.0, 200.0, 200.0, 200.0, 200.0, 200.0, 200.0, 200.0, 200.0, 200.0, 200.0, 200.0, 200.0, 200.0, 200.0, 200.0, 200.0, 200.0, 200.0, 200.0, 200.0, 200.0, 200.0, 200.0, 200.0, 200.0, 200.0, 200.0, 200.0, 200.0, 200.0, 200.0, 200.0
  Min T: 200, 200, 200, 200, 200, 200, 200, 200, 200, 200, 200, 200, 200, 200, 200, 200, 200, 200, 200, 200, 200, 200, 200, 200, 200, 200, 200, 200, 200, 200, 200, 200, 200, 200
  Max T: 200, 200, 200, 200, 200, 200, 200, 200, 200, 200, 200, 200, 200, 200, 200, 200, 200, 200, 200, 200, 200, 200, 200, 200, 200, 200, 200, 200, 200, 200, 200, 200, 200, 200
  n_neurons: 80, 119, 498, 612, 762, 495, 310, 447, 437, 242, 683, 142, 68, 54, 162, 236, 327, 298, 265, 33, 67, 27, 29, 53, 28, 63, 70, 57, 40, 298, 254, 258, 240, 333
  Input range:
    0: [-2.5, 2.5] [-2.5, 2.5] [-2.5, 2.5] [-2.5, 2.5] [-2.5, 2.5] [-2.5, 2.5] [-2.5, 2.5] [-2.5, 2.5] [-2.5, 2.5] [-2.5, 2.5] [-2.5, 2.5] [-2.5, 2.5] [-2.5, 2.5] [-2.5, 2.5] [-2.5, 2.5] [-2.5, 2.5] [-2.5, 2.5] [-2.5, 2.5] [-2.5, 2.5] [-2.5, 2.5] [-2.5, 2.5] [-2.5, 2.5] [-2.5, 2.5] [-2.5, 2.5] [-2.5, 2.5] [-2.5, 2.5] [-2.5, 2.5] [-2.5, 2.5] [-2.5, 2.5] [-2.5, 2.5] [-2.5, 2.5] [-2.5, 2.5] [-2.5, 2.5] [-2.5, 2.5] 
  Output range:
    0: [0.0, 2.0] [0.0, 2.0] [0.0, 2.0] [0.0, 2.0] [0.0, 2.0] [0.0, 2.0] [0.0, 2.0] [0.0, 2.0] [0.0, 2.0] [0.0, 2.0] [0.0, 2.0] [0.0, 2.0] [0.0, 2.0] [0.0, 2.0] [0.0, 2.0] [0.0, 2.0] [0.0, 2.0] [0.0, 2.0] [0.0, 2.0] [0.0, 2.0] [0.0, 2.0] [0.0, 2.0] [0.0, 2.0] [0.0, 2.0] [0.0, 2.0] [0.0, 2.0] [0.0, 2.0] [0.0, 2.0] [0.0, 2.0] [0.0, 2.0] [0.0, 2.0] [0.0, 2.0] [0.0, 2.0] [0.0, 2.0] 
    1: [0.0, 0.0] [0.0, 0.0] [0.0, 0.0] [0.0, 0.0] [0.0, 0.0] [0.0, 0.0] [0.0, 0.0] [0.0, 0.0] [0.0, 0.0] [0.0, 0.0] [0.0, 0.0] [0.0, 0.0] [0.0, 0.0] [0.0, 0.0] [0.0, 0.0] [0.0, 0.0] [0.0, 0.0] [0.0, 0.0] [0.0, 0.0] [0.0, 0.0] [0.0, 0.0] [0.0, 0.0] [0.0, 0.0] [0.0, 0.0] [0.0, 0.0] [0.0, 0.0] [0.0, 0.0] [0.0, 0.0] [0.0, 0.0] [0.0, 0.0] [0.0, 0.0] [0.0, 0.0] [0.0, 0.0] [0.0, 0.0] 
    2: [0.0, 2.0] [0.0, 2.0] [0.0, 2.0] [0.0, 2.0] [0.0, 2.0] [0.0, 2.0] [0.0, 2.0] [0.0, 2.0] [0.0, 2.0] [0.0, 2.0] [0.0, 2.0] [0.0, 2.0] [0.0, 2.0] [0.0, 2.0] [0.0, 2.0] [0.0, 2.0] [0.0, 2.0] [0.0, 2.0] [0.0, 2.0] [0.0, 2.0] [0.0, 2.0] [0.0, 2.0] [0.0, 2.0] [0.0, 2.0] [0.0, 2.0] [0.0, 2.0] [0.0, 2.0] [0.0, 2.0] [0.0, 2.0] [0.0, 2.0] [0.0, 2.0] [0.0, 2.0] [0.0, 2.0] [0.0, 2.0] 
    3: [0.0, 2.0] [0.0, 2.0] [0.0, 2.0] [0.0, 2.0] [0.0, 2.0] [0.0, 2.0] [0.0, 2.0] [0.0, 2.0] [0.0, 2.0] [0.0, 2.0] [0.0, 2.0] [0.0, 2.0] [0.0, 2.0] [0.0, 2.0] [0.0, 2.0] [0.0, 2.0] [0.0, 2.0] [0.0, 2.0] [0.0, 2.0] [0.0, 2.0] [0.0, 2.0] [0.0, 2.0] [0.0, 2.0] [0.0, 2.0] [0.0, 2.0] [0.0, 2.0] [0.0, 2.0] [0.0, 2.0] [0.0, 2.0] [0.0, 2.0] [0.0, 2.0] [0.0, 2.0] [0.0, 2.0] [0.0, 2.0] 
    4: [2.0, 2.0] [2.0, 2.0] [2.0, 2.0] [2.0, 2.0] [2.0, 2.0] [2.0, 2.0] [2.0, 2.0] [2.0, 2.0] [2.0, 2.0] [2.0, 2.0] [2.0, 2.0] [2.0, 2.0] [2.0, 2.0] [2.0, 2.0] [2.0, 2.0] [2.0, 2.0] [2.0, 2.0] [2.0, 2.0] [2.0, 2.0] [2.0, 2.0] [2.0, 2.0] [2.0, 2.0] [2.0, 2.0] [2.0, 2.0] [2.0, 2.0] [2.0, 2.0] [2.0, 2.0] [2.0, 2.0] [2.0, 2.0] [2.0, 2.0] [2.0, 2.0] [2.0, 2.0] [2.0, 2.0] [2.0, 2.0] 
    5: [0.0, 1.0] [0.0, 1.0] [0.0, 1.0] [0.0, 1.0] [0.0, 1.0] [0.0, 1.0] [0.0, 1.0] [0.0, 1.0] [0.0, 1.0] [0.0, 1.0] [0.0, 1.0] [2.0, 2.0] [0.0, 1.0] [2.0, 2.0] [0.0, 1.0] [0.0, 1.0] [0.0, 1.0] [0.0, 1.0] [0.0, 1.0] [0.0, 1.0] [0.0, 1.0] [0.0, 1.0] [0.0, 1.0] [0.0, 2.0] [0.0, 1.0] [0.0, 1.0] [0.0, 1.0] [0.0, 1.0] [0.0, 1.0] [2.0, 2.0] [2.0, 2.0] [2.0, 2.0] [2.0, 2.0] [0.0, 1.0] 
  Output fraction of data:
lick_direction: (0.443 0.401 0.401 0.333 0.452 0.511 0.491 0.515 0.500 0.567 0.523 0.427 0.403 0.336 0.368 0.306 0.304 0.315 0.348 0.385 0.344 0.390 0.423 0.409 0.418 0.345 0.456 0.368 0.341 0.518 0.491 0.487 0.413 0.469)  0.426 0.430 0.502 0.392 0.472 0.434 0.406 0.480 0.460 0.379 0.354 0.308 0.403 0.304 0.352 0.409 0.383 0.272 0.348 0.435 0.517 0.370 0.464 0.461 0.437 0.493 0.359 0.506 0.510 0.432 0.464 0.439 0.413 0.440)  0.131 0.169 0.096 0.275 0.075 0.055 0.103 0.006 0.040 0.054 0.123 0.265 0.195 0.360 0.280 0.286 0.313 0.414 0.304 0.181 0.139 0.240 0.112 0.130 0.146 0.162 0.185 0.126 0.149 0.050 0.044 0.074 0.175 0.091)  
behavioral_context: (1.000 1.000 1.000 1.000 1.000 1.000 1.000 1.000 1.000 1.000 1.000 1.000 1.000 1.000 1.000 1.000 1.000 1.000 1.000 1.000 1.000 1.000 1.000 1.000 1.000 1.000 1.000 1.000 1.000 1.000 1.000 1.000 1.000 1.000)  
outcome: (0.075 0.059 0.236 0.189 0.234 0.201 0.233 0.070 0.095 0.316 0.267 0.075 0.064 0.052 0.040 0.146 0.122 0.086 0.094 0.097 0.197 0.138 0.142 0.106 0.192 0.085 0.100 0.204 0.183 0.053 0.098 0.077 0.096 0.080)  0.793 0.772 0.668 0.536 0.690 0.744 0.663 0.925 0.865 0.630 0.611 0.660 0.741 0.588 0.680 0.568 0.565 0.500 0.601 0.723 0.665 0.622 0.745 0.764 0.663 0.753 0.714 0.670 0.668 0.897 0.857 0.849 0.729 0.830)  0.131 0.169 0.096 0.275 0.075 0.055 0.103 0.006 0.040 0.054 0.123 0.265 0.195 0.360 0.280 0.286 0.313 0.414 0.304 0.181 0.139 0.240 0.112 0.130 0.146 0.162 0.185 0.126 0.149 0.050 0.044 0.074 0.175 0.091)  
tongue_velocity: (0.177 0.162 0.128 0.099 0.145 0.156 0.109 0.175 0.131 0.117 0.127 0.105 0.094 0.077 0.105 0.098 0.084 0.077 0.118 0.147 0.242 0.240 0.185 0.159 0.178 0.177 0.161 0.142 0.150 0.237 0.230 0.225 0.170 0.225)  0.177 0.162 0.128 0.099 0.145 0.156 0.110 0.175 0.131 0.117 0.127 0.105 0.094 0.077 0.105 0.098 0.084 0.077 0.118 0.147 0.242 0.240 0.185 0.159 0.178 0.177 0.161 0.142 0.150 0.237 0.230 0.225 0.170 0.225)  0.647 0.676 0.743 0.802 0.711 0.688 0.781 0.651 0.739 0.766 0.746 0.789 0.813 0.845 0.789 0.803 0.832 0.846 0.763 0.705 0.516 0.520 0.629 0.681 0.643 0.646 0.678 0.715 0.699 0.525 0.541 0.549 0.659 0.550)  
paw_velocity: (1.000 1.000 1.000 1.000 1.000 1.000 1.000 1.000 1.000 1.000 1.000 1.000 1.000 1.000 1.000 1.000 1.000 1.000 1.000 1.000 1.000 1.000 1.000 1.000 1.000 1.000 1.000 1.000 1.000 1.000 1.000 1.000 1.000 1.000)  
motion_energy: (0.500 0.500 0.500 0.500 0.500 0.500 0.499 0.500 0.500 0.500 0.500 0.000 0.500 0.000 0.500 0.498 0.497 0.499 0.497 0.500 0.500 0.500 0.500 0.498 0.500 0.500 0.499 0.500 0.500 0.000 0.000 0.000 0.000 0.500)  0.500 0.500 0.500 0.500 0.500 0.500 0.501 0.500 0.500 0.500 0.500 0.000 0.500 0.000 0.500 0.502 0.503 0.501 0.503 0.500 0.500 0.500 0.500 0.498 0.500 0.500 0.501 0.500 0.500 0.000 0.000 0.000 0.000 0.500)  0.000 0.000 0.000 0.000 0.000 0.000 0.000 0.000 0.000 0.000 0.000 1.000 0.000 1.000 0.000 0.000 0.000 0.000 0.000 0.000 0.000 0.000 0.000 0.004 0.000 0.000 0.000 0.000 0.000 1.000 1.000 1.000 1.000 0.000)  
Brain region: ALM: 8087 neurons  
Data verification complete.
