Data format is valid, no errors or warnings.
Number of sessions: 152
Total number of trials: 12216
Number of trials per session: [80, 80, 80, 80, 80, 80, 80, 80, 80, 80, 80, 80, 80, 80, 80, 80, 80, 80, 80, 80, 80, 80, 80, 80, 80, 80, 80, 80, 80, 80, 80, 80, 80, 80, 80, 80, 80, 80, 60, 80, 80, 80, 80, 80, 80, 80, 80, 80, 80, 80, 80, 80, 80, 80, 80, 80, 80, 80, 80, 80, 80, 80, 80, 80, 80, 80, 80, 80, 80, 80, 80, 80, 80, 80, 80, 80, 80, 80, 80, 80, 80, 80, 80, 80, 80, 80, 80, 80, 80, 80, 80, 80, 80, 80, 80, 80, 80, 80, 80, 80, 80, 80, 80, 80, 80, 80, 80, 80, 80, 80, 80, 80, 80, 80, 80, 80, 80, 80, 80, 90, 80, 80, 80, 100, 80, 80, 75, 41, 80, 80, 80, 80, 50, 80, 80, 80, 80, 80, 100, 80, 100, 80, 80, 80, 100, 100, 80, 80, 80, 100, 80, 100]
Number of subjects: 11
Number of brain regions: 1
Number of sessions per subject:
  Subject m11: 12 sessions
  Subject m12: 14 sessions
  Subject m13: 14 sessions
  Subject m14: 14 sessions
  Subject m15: 14 sessions
  Subject m17: 14 sessions
  Subject m18: 14 sessions
  Subject m19: 14 sessions
  Subject m3: 14 sessions
  Subject m4: 14 sessions
  Subject m7: 14 sessions
Input dimension: 4
Output dimension: 6
Summary statistics (across all sessions):
  T: mean: 216.78, median: 197.49, min: 96, max: 3359
  n_neurons: mean: 1711.12', min: 315, max: 3934
  Input range:
    time_from_trial_start: [0.0, 216.5]
    environment_type: [0.0, 1.0]
    trial_number: [0.0, 99.0]
    previous_trial_outcome: [0.0, 1.0]
  Output range:
    distance_to_reward_zone: [0.0, 6.0]
    absolute_position: [0.0, 4.0]
    speed: [0.0, 4.0]
    lick: [0.0, 1.0]
    reward_zone_location: [0.0, 2.0]
    reward_outcome: [0.0, 1.0]
  Unique outputs per dimension (fraction of data):
    distance_to_reward_zone: {lt_-50 (0.269), -50_to_-10 (0.108), -10_to_lt_0 (0.100), 0 (0.003), gt_0_to_10 (0.112), 10_to_50 (0.094), gt_50 (0.314)}
    absolute_position: {bin0 (0.211), bin1 (0.178), bin2 (0.231), bin3 (0.227), bin4 (0.154)}
    speed: {lt_2 (0.122), 2_to_10 (0.088), 10_to_20 (0.134), 20_to_40 (0.318), gt_40 (0.338)}
    lick: {no (0.770), yes (0.230)}
    reward_zone_location: {A (0.695), B (0.262), C (0.043)}
    reward_outcome: {no (0.157), yes (0.843)}
  Brain region distribution:
    CA1: 260091 neurons

Per-session statistics:
  Mean T: 178.5, 182.7, 184.1, 196.7, 178.8, 174.3, 167.6, 175.2, 172.2, 200.7, 200.4, 185.2, 146.8, 143.4, 146.4, 150.6, 163.6, 137.9, 152.3, 146.2, 126.1, 145.2, 190.3, 144.7, 148.9, 130.4, 185.6, 193.3, 184.0, 174.3, 163.7, 155.9, 166.3, 160.5, 156.1, 191.2, 226.7, 192.8, 165.3, 175.5, 203.6, 220.5, 203.9, 160.1, 161.0, 153.2, 145.6, 145.2, 129.1, 137.6, 134.2, 128.9, 117.5, 151.4, 219.8, 183.1, 191.2, 244.6, 206.2, 161.5, 155.3, 162.5, 138.7, 168.5, 157.8, 124.9, 140.6, 184.9, 205.9, 174.2, 195.6, 202.3, 269.6, 322.8, 272.0, 202.7, 300.4, 231.5, 177.1, 174.8, 194.2, 170.3, 206.9, 212.1, 269.9, 252.9, 301.3, 240.6, 224.0, 226.4, 215.5, 198.3, 211.8, 200.3, 176.6, 201.9, 250.1, 231.4, 294.2, 319.3, 298.0, 233.3, 279.0, 293.9, 231.0, 318.6, 252.4, 260.4, 213.2, 213.6, 345.2, 285.0, 255.6, 283.4, 337.3, 243.7, 237.9, 282.5, 257.6, 207.1, 239.8, 218.8, 154.8, 157.5, 382.2, 349.1, 426.2, 618.5, 392.6, 323.1, 324.4, 350.3, 427.6, 376.0, 297.8, 397.7, 389.7, 539.3, 198.7, 212.5, 208.8, 179.3, 207.1, 201.8, 146.0, 151.8, 156.6, 180.7, 157.0, 164.0, 163.2, 210.5
  Min T: 137, 147, 146, 161, 138, 144, 139, 138, 139, 168, 167, 159, 111, 116, 108, 116, 121, 118, 116, 107, 96, 103, 139, 115, 115, 107, 97, 115, 142, 131, 127, 117, 120, 113, 122, 132, 130, 143, 119, 137, 150, 154, 152, 120, 126, 126, 111, 113, 112, 112, 105, 101, 101, 102, 147, 137, 136, 160, 133, 124, 112, 111, 108, 110, 102, 101, 111, 107, 142, 129, 144, 144, 211, 243, 164, 141, 218, 167, 135, 133, 150, 124, 158, 159, 179, 171, 200, 173, 171, 157, 173, 151, 163, 146, 146, 154, 168, 172, 202, 196, 209, 165, 161, 177, 164, 216, 201, 127, 166, 164, 191, 162, 188, 184, 184, 170, 153, 179, 168, 135, 172, 131, 113, 114, 214, 235, 268, 326, 171, 193, 182, 176, 244, 190, 208, 262, 250, 283, 139, 135, 120, 104, 109, 109, 96, 96, 99, 109, 102, 110, 111, 113
  Max T: 325, 476, 416, 693, 420, 322, 602, 368, 617, 584, 452, 377, 304, 524, 315, 344, 303, 220, 376, 320, 426, 475, 409, 412, 412, 214, 355, 387, 444, 296, 323, 334, 263, 466, 231, 348, 457, 420, 276, 317, 352, 960, 346, 353, 383, 415, 345, 279, 281, 268, 210, 330, 294, 261, 847, 323, 265, 749, 665, 376, 274, 299, 220, 365, 568, 276, 606, 1062, 471, 570, 699, 514, 445, 1160, 344, 338, 603, 529, 557, 605, 337, 387, 348, 360, 479, 459, 820, 491, 419, 471, 414, 436, 402, 354, 315, 385, 490, 450, 477, 536, 574, 485, 529, 530, 318, 659, 604, 513, 355, 327, 1546, 774, 1088, 933, 1552, 501, 392, 1055, 829, 739, 680, 324, 504, 216, 916, 965, 1643, 3359, 1907, 2120, 1826, 1104, 2713, 1062, 472, 598, 998, 1434, 692, 422, 346, 613, 367, 587, 332, 511, 379, 323, 265, 365, 415, 463
  n_neurons: 349, 315, 358, 332, 446, 502, 424, 419, 431, 425, 473, 661, 3779, 1998, 2070, 1818, 2325, 1889, 2577, 2543, 2023, 2324, 2443, 2113, 2192, 2568, 2036, 1536, 1648, 1718, 1625, 1476, 1882, 1650, 1375, 1524, 1671, 1592, 1528, 1791, 2327, 1115, 1154, 1217, 1199, 1115, 1942, 2110, 1268, 1507, 1392, 1610, 1287, 1662, 1498, 1592, 1957, 1558, 2071, 1555, 1992, 1933, 1798, 2026, 1199, 2020, 1539, 2036, 936, 3934, 1206, 999, 1176, 929, 1072, 1151, 1135, 1096, 1126, 1169, 1092, 1106, 1994, 1608, 2109, 1549, 1762, 1193, 1688, 2078, 1635, 1908, 1190, 1704, 1231, 1955, 862, 709, 796, 851, 854, 912, 1012, 963, 831, 858, 748, 1110, 902, 1294, 2929, 2616, 2999, 2535, 2871, 2399, 2430, 2345, 2299, 2296, 2590, 2724, 2758, 2668, 1913, 1990, 2029, 2113, 2026, 2210, 2034, 2427, 2201, 2211, 2540, 2427, 2070, 2329, 2724, 2786, 2782, 2085, 2102, 2268, 2008, 2087, 2076, 2103, 2153, 2222, 2308, 2447
  Input range:
    0: [0.0, 20.9] [0.0, 30.6] [0.0, 26.8] [0.0, 44.6] [0.0, 27.0] [0.0, 20.7] [0.0, 38.8] [0.0, 23.7] [0.0, 39.7] [0.0, 37.6] [0.0, 29.1] [0.0, 24.2] [0.0, 19.5] [0.0, 33.7] [0.0, 20.2] [0.0, 22.1] [0.0, 19.5] [0.0, 14.1] [0.0, 24.2] [0.0, 20.6] [0.0, 27.4] [0.0, 30.6] [0.0, 26.3] [0.0, 26.5] [0.0, 26.5] [0.0, 13.7] [0.0, 22.8] [0.0, 24.9] [0.0, 28.6] [0.0, 19.0] [0.0, 20.8] [0.0, 21.5] [0.0, 16.9] [0.0, 30.0] [0.0, 14.8] [0.0, 22.4] [0.0, 29.4] [0.0, 27.0] [0.0, 17.7] [0.0, 20.4] [0.0, 22.6] [0.0, 61.8] [0.0, 22.2] [0.0, 22.7] [0.0, 24.6] [0.0, 26.7] [0.0, 22.2] [0.0, 17.9] [0.0, 18.1] [0.0, 17.2] [0.0, 13.5] [0.0, 21.2] [0.0, 18.9] [0.0, 16.8] [0.0, 54.6] [0.0, 20.8] [0.0, 17.0] [0.0, 48.2] [0.0, 42.8] [0.0, 24.2] [0.0, 17.6] [0.0, 19.2] [0.0, 14.1] [0.0, 23.5] [0.0, 36.6] [0.0, 17.7] [0.0, 39.0] [0.0, 68.4] [0.0, 30.3] [0.0, 36.7] [0.0, 45.0] [0.0, 33.1] [0.0, 28.6] [0.0, 74.7] [0.0, 22.1] [0.0, 21.7] [0.0, 38.8] [0.0, 34.0] [0.0, 35.9] [0.0, 38.9] [0.0, 21.7] [0.0, 24.9] [0.0, 22.4] [0.0, 23.1] [0.0, 30.8] [0.0, 29.5] [0.0, 52.8] [0.0, 31.6] [0.0, 27.0] [0.0, 30.3] [0.0, 26.6] [0.0, 28.1] [0.0, 25.9] [0.0, 22.8] [0.0, 20.2] [0.0, 24.8] [0.0, 31.5] [0.0, 29.0] [0.0, 30.7] [0.0, 34.5] [0.0, 36.9] [0.0, 31.2] [0.0, 34.0] [0.0, 34.1] [0.0, 20.4] [0.0, 42.4] [0.0, 38.9] [0.0, 33.0] [0.0, 22.8] [0.0, 21.0] [0.0, 99.6] [0.0, 49.8] [0.0, 70.1] [0.0, 60.1] [0.0, 100.0] [0.0, 32.2] [0.0, 25.2] [0.0, 68.0] [0.0, 53.4] [0.0, 47.6] [0.0, 43.8] [0.0, 20.8] [0.0, 32.4] [0.0, 13.9] [0.0, 59.0] [0.0, 62.2] [0.0, 105.9] [0.0, 216.5] [0.0, 122.9] [0.0, 136.6] [0.0, 117.7] [0.0, 71.1] [0.0, 174.9] [0.0, 68.4] [0.0, 30.4] [0.0, 38.5] [0.0, 64.3] [0.0, 92.4] [0.0, 44.6] [0.0, 27.1] [0.0, 22.2] [0.0, 39.5] [0.0, 23.6] [0.0, 37.8] [0.0, 21.3] [0.0, 32.9] [0.0, 24.4] [0.0, 20.8] [0.0, 17.0] [0.0, 23.5] [0.0, 26.7] [0.0, 29.8] 
    1: [0.0, 0.0] [0.0, 0.0] [0.0, 0.0] [0.0, 0.0] [0.0, 0.0] [0.0, 1.0] [1.0, 1.0] [1.0, 1.0] [1.0, 1.0] [1.0, 1.0] [1.0, 1.0] [1.0, 1.0] [0.0, 0.0] [0.0, 0.0] [0.0, 0.0] [0.0, 0.0] [0.0, 0.0] [0.0, 0.0] [0.0, 0.0] [0.0, 1.0] [1.0, 1.0] [1.0, 1.0] [1.0, 1.0] [1.0, 1.0] [1.0, 1.0] [1.0, 1.0] [0.0, 0.0] [0.0, 0.0] [0.0, 0.0] [0.0, 0.0] [0.0, 0.0] [0.0, 0.0] [0.0, 0.0] [0.0, 1.0] [1.0, 1.0] [1.0, 1.0] [1.0, 1.0] [1.0, 1.0] [1.0, 1.0] [1.0, 1.0] [0.0, 0.0] [0.0, 0.0] [0.0, 0.0] [0.0, 0.0] [0.0, 0.0] [0.0, 0.0] [0.0, 0.0] [0.0, 1.0] [1.0, 1.0] [1.0, 1.0] [1.0, 1.0] [1.0, 1.0] [1.0, 1.0] [1.0, 1.0] [0.0, 0.0] [0.0, 0.0] [0.0, 0.0] [0.0, 0.0] [0.0, 0.0] [0.0, 0.0] [0.0, 0.0] [0.0, 1.0] [1.0, 1.0] [1.0, 1.0] [1.0, 1.0] [1.0, 1.0] [1.0, 1.0] [1.0, 1.0] [1.0, 1.0] [1.0, 1.0] [1.0, 1.0] [1.0, 1.0] [1.0, 1.0] [1.0, 1.0] [1.0, 1.0] [0.0, 1.0] [0.0, 0.0] [0.0, 0.0] [0.0, 0.0] [0.0, 0.0] [0.0, 0.0] [0.0, 0.0] [1.0, 1.0] [1.0, 1.0] [1.0, 1.0] [1.0, 1.0] [1.0, 1.0] [1.0, 1.0] [1.0, 1.0] [0.0, 1.0] [0.0, 0.0] [0.0, 0.0] [0.0, 0.0] [0.0, 0.0] [0.0, 0.0] [0.0, 0.0] [0.0, 0.0] [0.0, 0.0] [0.0, 0.0] [0.0, 0.0] [0.0, 0.0] [0.0, 0.0] [0.0, 0.0] [0.0, 1.0] [1.0, 1.0] [1.0, 1.0] [1.0, 1.0] [1.0, 1.0] [1.0, 1.0] [1.0, 1.0] [0.0, 0.0] [0.0, 0.0] [0.0, 0.0] [0.0, 0.0] [0.0, 0.0] [0.0, 0.0] [0.0, 0.0] [0.0, 1.0] [1.0, 1.0] [1.0, 1.0] [1.0, 1.0] [1.0, 1.0] [1.0, 1.0] [1.0, 1.0] [0.0, 0.0] [0.0, 0.0] [0.0, 0.0] [0.0, 0.0] [0.0, 0.0] [0.0, 0.0] [0.0, 0.0] [0.0, 1.0] [1.0, 1.0] [1.0, 1.0] [1.0, 1.0] [1.0, 1.0] [1.0, 1.0] [1.0, 1.0] [0.0, 0.0] [0.0, 0.0] [0.0, 0.0] [0.0, 0.0] [0.0, 0.0] [0.0, 0.0] [0.0, 0.0] [0.0, 1.0] [1.0, 1.0] [1.0, 1.0] [1.0, 1.0] [1.0, 1.0] [1.0, 1.0] [1.0, 1.0] 
    2: [0.0, 79.0] [0.0, 79.0] [0.0, 79.0] [0.0, 79.0] [0.0, 79.0] [0.0, 79.0] [0.0, 79.0] [0.0, 79.0] [0.0, 79.0] [0.0, 79.0] [0.0, 79.0] [0.0, 79.0] [0.0, 79.0] [0.0, 79.0] [0.0, 79.0] [0.0, 79.0] [0.0, 79.0] [0.0, 79.0] [0.0, 79.0] [0.0, 79.0] [0.0, 79.0] [0.0, 79.0] [0.0, 79.0] [0.0, 79.0] [0.0, 79.0] [0.0, 79.0] [0.0, 79.0] [0.0, 79.0] [0.0, 79.0] [0.0, 79.0] [0.0, 79.0] [0.0, 79.0] [0.0, 79.0] [0.0, 79.0] [0.0, 79.0] [0.0, 79.0] [0.0, 79.0] [0.0, 79.0] [0.0, 59.0] [0.0, 79.0] [0.0, 79.0] [0.0, 79.0] [0.0, 79.0] [0.0, 79.0] [0.0, 79.0] [0.0, 79.0] [0.0, 79.0] [0.0, 79.0] [0.0, 79.0] [0.0, 79.0] [0.0, 79.0] [0.0, 79.0] [0.0, 79.0] [0.0, 79.0] [0.0, 79.0] [0.0, 79.0] [0.0, 79.0] [0.0, 79.0] [0.0, 79.0] [0.0, 79.0] [0.0, 79.0] [0.0, 79.0] [0.0, 79.0] [0.0, 79.0] [0.0, 79.0] [0.0, 79.0] [0.0, 79.0] [0.0, 79.0] [0.0, 79.0] [0.0, 79.0] [0.0, 79.0] [0.0, 79.0] [0.0, 79.0] [0.0, 79.0] [0.0, 79.0] [0.0, 79.0] [0.0, 79.0] [0.0, 79.0] [0.0, 79.0] [0.0, 79.0] [0.0, 79.0] [0.0, 79.0] [0.0, 79.0] [0.0, 79.0] [0.0, 79.0] [0.0, 79.0] [0.0, 79.0] [0.0, 79.0] [0.0, 79.0] [0.0, 79.0] [0.0, 79.0] [0.0, 79.0] [0.0, 79.0] [0.0, 79.0] [0.0, 79.0] [0.0, 79.0] [0.0, 79.0] [0.0, 79.0] [0.0, 79.0] [0.0, 79.0] [0.0, 79.0] [0.0, 79.0] [0.0, 79.0] [0.0, 79.0] [0.0, 79.0] [0.0, 79.0] [0.0, 79.0] [0.0, 79.0] [0.0, 79.0] [0.0, 79.0] [0.0, 79.0] [0.0, 79.0] [0.0, 79.0] [0.0, 79.0] [0.0, 79.0] [0.0, 79.0] [0.0, 79.0] [0.0, 79.0] [0.0, 79.0] [0.0, 89.0] [0.0, 79.0] [0.0, 79.0] [0.0, 79.0] [0.0, 99.0] [0.0, 79.0] [0.0, 79.0] [0.0, 74.0] [0.0, 40.0] [0.0, 79.0] [0.0, 79.0] [0.0, 79.0] [0.0, 79.0] [0.0, 49.0] [0.0, 79.0] [0.0, 79.0] [0.0, 79.0] [0.0, 79.0] [0.0, 79.0] [0.0, 99.0] [0.0, 79.0] [0.0, 99.0] [0.0, 79.0] [0.0, 79.0] [0.0, 79.0] [0.0, 99.0] [0.0, 99.0] [0.0, 79.0] [0.0, 79.0] [0.0, 79.0] [0.0, 99.0] [0.0, 79.0] [0.0, 99.0] 
    3: [0.0, 1.0] [0.0, 1.0] [0.0, 1.0] [0.0, 1.0] [0.0, 1.0] [0.0, 1.0] [0.0, 1.0] [0.0, 1.0] [0.0, 1.0] [0.0, 1.0] [0.0, 1.0] [0.0, 1.0] [0.0, 1.0] [0.0, 1.0] [0.0, 1.0] [0.0, 1.0] [0.0, 1.0] [0.0, 1.0] [0.0, 1.0] [0.0, 1.0] [0.0, 1.0] [0.0, 1.0] [0.0, 1.0] [0.0, 1.0] [0.0, 1.0] [0.0, 1.0] [0.0, 1.0] [0.0, 1.0] [0.0, 1.0] [0.0, 1.0] [0.0, 1.0] [0.0, 1.0] [0.0, 1.0] [0.0, 1.0] [0.0, 1.0] [0.0, 1.0] [0.0, 1.0] [0.0, 1.0] [0.0, 1.0] [0.0, 1.0] [0.0, 1.0] [0.0, 1.0] [0.0, 1.0] [0.0, 1.0] [0.0, 1.0] [0.0, 1.0] [0.0, 1.0] [0.0, 1.0] [0.0, 1.0] [0.0, 1.0] [0.0, 1.0] [0.0, 1.0] [0.0, 1.0] [0.0, 1.0] [0.0, 1.0] [0.0, 1.0] [0.0, 1.0] [0.0, 1.0] [0.0, 1.0] [0.0, 1.0] [0.0, 1.0] [0.0, 1.0] [0.0, 1.0] [0.0, 1.0] [0.0, 1.0] [0.0, 1.0] [0.0, 1.0] [0.0, 1.0] [0.0, 1.0] [0.0, 1.0] [0.0, 1.0] [0.0, 1.0] [0.0, 1.0] [0.0, 1.0] [0.0, 1.0] [0.0, 1.0] [0.0, 1.0] [0.0, 1.0] [0.0, 1.0] [0.0, 1.0] [0.0, 1.0] [0.0, 1.0] [0.0, 1.0] [0.0, 1.0] [0.0, 1.0] [0.0, 1.0] [0.0, 1.0] [0.0, 1.0] [0.0, 1.0] [0.0, 1.0] [0.0, 1.0] [0.0, 1.0] [0.0, 1.0] [0.0, 1.0] [0.0, 1.0] [0.0, 1.0] [0.0, 1.0] [0.0, 1.0] [0.0, 1.0] [0.0, 1.0] [0.0, 1.0] [0.0, 1.0] [0.0, 1.0] [0.0, 1.0] [0.0, 1.0] [0.0, 1.0] [0.0, 1.0] [0.0, 1.0] [0.0, 1.0] [0.0, 1.0] [0.0, 1.0] [0.0, 1.0] [0.0, 1.0] [0.0, 1.0] [0.0, 1.0] [0.0, 1.0] [0.0, 1.0] [0.0, 1.0] [0.0, 1.0] [0.0, 1.0] [0.0, 1.0] [0.0, 1.0] [0.0, 1.0] [0.0, 1.0] [0.0, 1.0] [0.0, 1.0] [0.0, 1.0] [0.0, 1.0] [0.0, 1.0] [0.0, 1.0] [0.0, 1.0] [0.0, 1.0] [0.0, 1.0] [0.0, 1.0] [0.0, 1.0] [0.0, 1.0] [0.0, 1.0] [0.0, 1.0] [0.0, 1.0] [0.0, 1.0] [0.0, 1.0] [0.0, 1.0] [0.0, 1.0] [0.0, 1.0] [0.0, 1.0] [0.0, 1.0] [0.0, 1.0] [0.0, 1.0] [0.0, 1.0] [0.0, 1.0] [0.0, 1.0] [0.0, 1.0] 
  Output range:
    0: [0.0, 6.0] [0.0, 6.0] [0.0, 6.0] [0.0, 6.0] [0.0, 6.0] [0.0, 6.0] [0.0, 6.0] [0.0, 6.0] [0.0, 6.0] [0.0, 6.0] [0.0, 6.0] [0.0, 6.0] [0.0, 6.0] [0.0, 6.0] [0.0, 6.0] [0.0, 6.0] [0.0, 6.0] [0.0, 6.0] [0.0, 6.0] [0.0, 6.0] [0.0, 6.0] [0.0, 6.0] [0.0, 6.0] [0.0, 6.0] [0.0, 6.0] [0.0, 6.0] [0.0, 6.0] [0.0, 6.0] [0.0, 6.0] [0.0, 6.0] [0.0, 6.0] [0.0, 6.0] [0.0, 6.0] [0.0, 6.0] [0.0, 6.0] [0.0, 6.0] [0.0, 6.0] [0.0, 6.0] [0.0, 6.0] [0.0, 6.0] [0.0, 6.0] [0.0, 6.0] [0.0, 6.0] [0.0, 6.0] [0.0, 6.0] [0.0, 6.0] [0.0, 6.0] [0.0, 6.0] [0.0, 6.0] [0.0, 6.0] [0.0, 6.0] [0.0, 6.0] [0.0, 6.0] [0.0, 6.0] [0.0, 6.0] [0.0, 6.0] [0.0, 6.0] [0.0, 6.0] [0.0, 6.0] [0.0, 6.0] [0.0, 6.0] [0.0, 6.0] [0.0, 6.0] [0.0, 6.0] [0.0, 6.0] [0.0, 6.0] [0.0, 6.0] [0.0, 6.0] [0.0, 6.0] [0.0, 6.0] [0.0, 6.0] [0.0, 6.0] [0.0, 6.0] [0.0, 6.0] [0.0, 6.0] [0.0, 6.0] [0.0, 6.0] [0.0, 6.0] [0.0, 6.0] [0.0, 6.0] [0.0, 6.0] [0.0, 6.0] [0.0, 6.0] [0.0, 6.0] [0.0, 6.0] [0.0, 6.0] [0.0, 6.0] [0.0, 6.0] [0.0, 6.0] [0.0, 6.0] [0.0, 6.0] [0.0, 6.0] [0.0, 6.0] [0.0, 6.0] [0.0, 6.0] [0.0, 6.0] [0.0, 6.0] [0.0, 6.0] [0.0, 6.0] [0.0, 6.0] [0.0, 6.0] [0.0, 6.0] [0.0, 6.0] [0.0, 6.0] [0.0, 6.0] [0.0, 6.0] [0.0, 6.0] [0.0, 6.0] [0.0, 6.0] [0.0, 6.0] [0.0, 6.0] [0.0, 6.0] [0.0, 6.0] [0.0, 6.0] [0.0, 6.0] [0.0, 6.0] [0.0, 6.0] [0.0, 6.0] [0.0, 6.0] [0.0, 6.0] [0.0, 6.0] [0.0, 6.0] [0.0, 6.0] [0.0, 6.0] [0.0, 6.0] [0.0, 6.0] [0.0, 6.0] [0.0, 6.0] [0.0, 6.0] [0.0, 6.0] [0.0, 6.0] [0.0, 6.0] [0.0, 6.0] [0.0, 6.0] [0.0, 6.0] [0.0, 6.0] [0.0, 6.0] [0.0, 6.0] [0.0, 6.0] [0.0, 6.0] [0.0, 6.0] [0.0, 6.0] [0.0, 6.0] [0.0, 6.0] [0.0, 6.0] [0.0, 6.0] [0.0, 6.0] [0.0, 6.0] [0.0, 6.0] [0.0, 6.0] [0.0, 6.0] [0.0, 6.0] 
    1: [0.0, 4.0] [0.0, 4.0] [0.0, 4.0] [0.0, 4.0] [0.0, 4.0] [0.0, 4.0] [0.0, 4.0] [0.0, 4.0] [0.0, 4.0] [0.0, 4.0] [0.0, 4.0] [0.0, 4.0] [0.0, 4.0] [0.0, 4.0] [0.0, 4.0] [0.0, 4.0] [0.0, 4.0] [0.0, 4.0] [0.0, 4.0] [0.0, 4.0] [0.0, 4.0] [0.0, 4.0] [0.0, 4.0] [0.0, 4.0] [0.0, 4.0] [0.0, 4.0] [0.0, 4.0] [0.0, 4.0] [0.0, 4.0] [0.0, 4.0] [0.0, 4.0] [0.0, 4.0] [0.0, 4.0] [0.0, 4.0] [0.0, 4.0] [0.0, 4.0] [0.0, 4.0] [0.0, 4.0] [0.0, 4.0] [0.0, 4.0] [0.0, 4.0] [0.0, 4.0] [0.0, 4.0] [0.0, 4.0] [0.0, 4.0] [0.0, 4.0] [0.0, 4.0] [0.0, 4.0] [0.0, 4.0] [0.0, 4.0] [0.0, 4.0] [0.0, 4.0] [0.0, 4.0] [0.0, 4.0] [0.0, 4.0] [0.0, 4.0] [0.0, 4.0] [0.0, 4.0] [0.0, 4.0] [0.0, 4.0] [0.0, 4.0] [0.0, 4.0] [0.0, 4.0] [0.0, 4.0] [0.0, 4.0] [0.0, 4.0] [0.0, 4.0] [0.0, 4.0] [0.0, 4.0] [0.0, 4.0] [0.0, 4.0] [0.0, 4.0] [0.0, 4.0] [0.0, 4.0] [0.0, 4.0] [0.0, 4.0] [0.0, 4.0] [0.0, 4.0] [0.0, 4.0] [0.0, 4.0] [0.0, 4.0] [0.0, 4.0] [0.0, 4.0] [0.0, 4.0] [0.0, 4.0] [0.0, 4.0] [0.0, 4.0] [0.0, 4.0] [0.0, 4.0] [0.0, 4.0] [0.0, 4.0] [0.0, 4.0] [0.0, 4.0] [0.0, 4.0] [0.0, 4.0] [0.0, 4.0] [0.0, 4.0] [0.0, 4.0] [0.0, 4.0] [0.0, 4.0] [0.0, 4.0] [0.0, 4.0] [0.0, 4.0] [0.0, 4.0] [0.0, 4.0] [0.0, 4.0] [0.0, 4.0] [0.0, 4.0] [0.0, 4.0] [0.0, 4.0] [0.0, 4.0] [0.0, 4.0] [0.0, 4.0] [0.0, 4.0] [0.0, 4.0] [0.0, 4.0] [0.0, 4.0] [0.0, 4.0] [0.0, 4.0] [0.0, 4.0] [0.0, 4.0] [0.0, 4.0] [0.0, 4.0] [0.0, 4.0] [0.0, 4.0] [0.0, 4.0] [0.0, 4.0] [0.0, 4.0] [0.0, 4.0] [0.0, 4.0] [0.0, 4.0] [0.0, 4.0] [0.0, 4.0] [0.0, 4.0] [0.0, 4.0] [0.0, 4.0] [0.0, 4.0] [0.0, 4.0] [0.0, 4.0] [0.0, 4.0] [0.0, 4.0] [0.0, 4.0] [0.0, 4.0] [0.0, 4.0] [0.0, 4.0] [0.0, 4.0] [0.0, 4.0] [0.0, 4.0] [0.0, 4.0] [0.0, 4.0] [0.0, 4.0] [0.0, 4.0] 
    2: [0.0, 4.0] [0.0, 4.0] [0.0, 4.0] [0.0, 4.0] [0.0, 4.0] [0.0, 4.0] [0.0, 4.0] [0.0, 4.0] [0.0, 4.0] [0.0, 4.0] [0.0, 4.0] [0.0, 4.0] [0.0, 4.0] [0.0, 4.0] [0.0, 4.0] [0.0, 4.0] [0.0, 4.0] [0.0, 4.0] [0.0, 4.0] [0.0, 4.0] [0.0, 4.0] [0.0, 4.0] [0.0, 4.0] [0.0, 4.0] [0.0, 4.0] [0.0, 4.0] [0.0, 4.0] [0.0, 4.0] [0.0, 4.0] [0.0, 4.0] [0.0, 4.0] [0.0, 4.0] [0.0, 4.0] [0.0, 4.0] [0.0, 4.0] [0.0, 4.0] [0.0, 4.0] [0.0, 4.0] [0.0, 4.0] [0.0, 4.0] [0.0, 4.0] [0.0, 4.0] [0.0, 4.0] [0.0, 4.0] [0.0, 4.0] [0.0, 4.0] [0.0, 4.0] [0.0, 4.0] [0.0, 4.0] [0.0, 4.0] [0.0, 4.0] [0.0, 4.0] [0.0, 4.0] [0.0, 4.0] [0.0, 4.0] [0.0, 4.0] [0.0, 4.0] [0.0, 4.0] [0.0, 4.0] [0.0, 4.0] [0.0, 4.0] [0.0, 4.0] [0.0, 4.0] [0.0, 4.0] [0.0, 4.0] [0.0, 4.0] [0.0, 4.0] [0.0, 4.0] [0.0, 4.0] [0.0, 4.0] [0.0, 4.0] [0.0, 4.0] [0.0, 4.0] [0.0, 4.0] [0.0, 4.0] [0.0, 4.0] [0.0, 4.0] [0.0, 4.0] [0.0, 4.0] [0.0, 4.0] [0.0, 4.0] [0.0, 4.0] [0.0, 4.0] [0.0, 4.0] [0.0, 4.0] [0.0, 4.0] [0.0, 4.0] [0.0, 4.0] [0.0, 4.0] [0.0, 4.0] [0.0, 4.0] [0.0, 4.0] [0.0, 4.0] [0.0, 4.0] [0.0, 4.0] [0.0, 4.0] [0.0, 4.0] [0.0, 4.0] [0.0, 4.0] [0.0, 4.0] [0.0, 4.0] [0.0, 4.0] [0.0, 4.0] [0.0, 4.0] [0.0, 4.0] [0.0, 4.0] [0.0, 4.0] [0.0, 4.0] [0.0, 4.0] [0.0, 4.0] [0.0, 4.0] [0.0, 4.0] [0.0, 4.0] [0.0, 4.0] [0.0, 4.0] [0.0, 4.0] [0.0, 4.0] [0.0, 4.0] [0.0, 4.0] [0.0, 4.0] [0.0, 4.0] [0.0, 4.0] [0.0, 4.0] [0.0, 4.0] [0.0, 4.0] [0.0, 4.0] [0.0, 4.0] [0.0, 4.0] [0.0, 4.0] [0.0, 4.0] [0.0, 4.0] [0.0, 4.0] [0.0, 4.0] [0.0, 4.0] [0.0, 4.0] [0.0, 4.0] [0.0, 4.0] [0.0, 4.0] [0.0, 4.0] [0.0, 4.0] [0.0, 4.0] [0.0, 4.0] [0.0, 4.0] [0.0, 4.0] [0.0, 4.0] [0.0, 4.0] [0.0, 4.0] [0.0, 4.0] [0.0, 4.0] [0.0, 4.0] [0.0, 4.0] [0.0, 4.0] 
    3: [0.0, 1.0] [0.0, 1.0] [0.0, 1.0] [0.0, 1.0] [0.0, 1.0] [0.0, 1.0] [0.0, 1.0] [0.0, 1.0] [0.0, 1.0] [0.0, 1.0] [0.0, 1.0] [0.0, 1.0] [0.0, 1.0] [0.0, 1.0] [0.0, 1.0] [0.0, 1.0] [0.0, 1.0] [0.0, 1.0] [0.0, 1.0] [0.0, 1.0] [0.0, 1.0] [0.0, 1.0] [0.0, 1.0] [0.0, 1.0] [0.0, 1.0] [0.0, 1.0] [0.0, 1.0] [0.0, 1.0] [0.0, 1.0] [0.0, 1.0] [0.0, 1.0] [0.0, 1.0] [0.0, 1.0] [0.0, 1.0] [0.0, 1.0] [0.0, 1.0] [0.0, 1.0] [0.0, 1.0] [0.0, 1.0] [0.0, 1.0] [0.0, 1.0] [0.0, 1.0] [0.0, 1.0] [0.0, 1.0] [0.0, 1.0] [0.0, 1.0] [0.0, 1.0] [0.0, 1.0] [0.0, 1.0] [0.0, 1.0] [0.0, 1.0] [0.0, 1.0] [0.0, 1.0] [0.0, 1.0] [0.0, 1.0] [0.0, 1.0] [0.0, 1.0] [0.0, 1.0] [0.0, 1.0] [0.0, 1.0] [0.0, 1.0] [0.0, 1.0] [0.0, 1.0] [0.0, 1.0] [0.0, 1.0] [0.0, 1.0] [0.0, 1.0] [0.0, 1.0] [0.0, 1.0] [0.0, 1.0] [0.0, 1.0] [0.0, 1.0] [0.0, 1.0] [0.0, 1.0] [0.0, 1.0] [0.0, 1.0] [0.0, 1.0] [0.0, 1.0] [0.0, 1.0] [0.0, 1.0] [0.0, 1.0] [0.0, 1.0] [0.0, 1.0] [0.0, 1.0] [0.0, 1.0] [0.0, 1.0] [0.0, 1.0] [0.0, 1.0] [0.0, 1.0] [0.0, 1.0] [0.0, 1.0] [0.0, 1.0] [0.0, 1.0] [0.0, 1.0] [0.0, 1.0] [0.0, 1.0] [0.0, 1.0] [0.0, 1.0] [0.0, 1.0] [0.0, 1.0] [0.0, 1.0] [0.0, 1.0] [0.0, 1.0] [0.0, 1.0] [0.0, 1.0] [0.0, 1.0] [0.0, 1.0] [0.0, 1.0] [0.0, 1.0] [0.0, 1.0] [0.0, 1.0] [0.0, 1.0] [0.0, 1.0] [0.0, 1.0] [0.0, 1.0] [0.0, 1.0] [0.0, 1.0] [0.0, 1.0] [0.0, 1.0] [0.0, 1.0] [0.0, 1.0] [0.0, 1.0] [0.0, 1.0] [0.0, 1.0] [0.0, 1.0] [0.0, 1.0] [0.0, 1.0] [0.0, 1.0] [0.0, 1.0] [0.0, 1.0] [0.0, 1.0] [0.0, 1.0] [0.0, 1.0] [0.0, 1.0] [0.0, 1.0] [0.0, 1.0] [0.0, 1.0] [0.0, 1.0] [0.0, 1.0] [0.0, 1.0] [0.0, 1.0] [0.0, 1.0] [0.0, 1.0] [0.0, 1.0] [0.0, 1.0] [0.0, 1.0] [0.0, 1.0] [0.0, 1.0] [0.0, 1.0] [0.0, 1.0] [0.0, 1.0] [0.0, 1.0] 
    4: [0.0, 2.0] [0.0, 0.0] [0.0, 1.0] [0.0, 0.0] [0.0, 1.0] [0.0, 1.0] [0.0, 0.0] [0.0, 2.0] [0.0, 0.0] [0.0, 1.0] [0.0, 0.0] [0.0, 1.0] [0.0, 1.0] [0.0, 0.0] [0.0, 2.0] [0.0, 0.0] [0.0, 2.0] [0.0, 1.0] [0.0, 1.0] [0.0, 1.0] [0.0, 0.0] [0.0, 1.0] [0.0, 0.0] [0.0, 2.0] [0.0, 0.0] [0.0, 1.0] [0.0, 1.0] [0.0, 1.0] [0.0, 1.0] [0.0, 0.0] [0.0, 1.0] [0.0, 1.0] [0.0, 2.0] [0.0, 2.0] [0.0, 0.0] [0.0, 1.0] [0.0, 1.0] [0.0, 1.0] [0.0, 0.0] [0.0, 1.0] [0.0, 0.0] [0.0, 0.0] [0.0, 1.0] [0.0, 0.0] [0.0, 1.0] [0.0, 0.0] [0.0, 2.0] [0.0, 2.0] [0.0, 0.0] [0.0, 2.0] [0.0, 1.0] [0.0, 2.0] [0.0, 0.0] [0.0, 2.0] [0.0, 0.0] [0.0, 0.0] [0.0, 1.0] [0.0, 0.0] [0.0, 1.0] [0.0, 0.0] [0.0, 1.0] [0.0, 1.0] [0.0, 0.0] [0.0, 1.0] [0.0, 0.0] [0.0, 1.0] [0.0, 0.0] [0.0, 1.0] [0.0, 0.0] [0.0, 0.0] [0.0, 1.0] [0.0, 0.0] [0.0, 2.0] [0.0, 0.0] [0.0, 1.0] [0.0, 1.0] [0.0, 0.0] [0.0, 1.0] [0.0, 0.0] [0.0, 1.0] [0.0, 0.0] [0.0, 1.0] [0.0, 1.0] [0.0, 0.0] [0.0, 2.0] [0.0, 1.0] [0.0, 2.0] [0.0, 0.0] [0.0, 1.0] [0.0, 1.0] [0.0, 0.0] [0.0, 2.0] [0.0, 0.0] [0.0, 2.0] [0.0, 0.0] [0.0, 2.0] [0.0, 1.0] [0.0, 0.0] [0.0, 1.0] [0.0, 0.0] [0.0, 2.0] [0.0, 0.0] [0.0, 2.0] [0.0, 1.0] [0.0, 1.0] [0.0, 2.0] [0.0, 0.0] [0.0, 2.0] [0.0, 1.0] [0.0, 1.0] [0.0, 0.0] [0.0, 0.0] [0.0, 1.0] [0.0, 0.0] [0.0, 1.0] [0.0, 0.0] [0.0, 1.0] [0.0, 1.0] [0.0, 0.0] [0.0, 2.0] [0.0, 0.0] [0.0, 2.0] [0.0, 1.0] [0.0, 2.0] [0.0, 1.0] [0.0, 0.0] [0.0, 1.0] [0.0, 0.0] [0.0, 2.0] [0.0, 1.0] [0.0, 1.0] [0.0, 2.0] [0.0, 0.0] [0.0, 1.0] [0.0, 0.0] [0.0, 1.0] [0.0, 0.0] [0.0, 1.0] [0.0, 1.0] [0.0, 0.0] [0.0, 2.0] [0.0, 0.0] [0.0, 1.0] [0.0, 0.0] [0.0, 1.0] [0.0, 1.0] [0.0, 0.0] [0.0, 1.0] [0.0, 0.0] [0.0, 1.0] [0.0, 0.0] [0.0, 1.0] 
    5: [0.0, 1.0] [0.0, 1.0] [0.0, 1.0] [0.0, 1.0] [0.0, 1.0] [0.0, 1.0] [0.0, 1.0] [0.0, 1.0] [0.0, 1.0] [0.0, 1.0] [0.0, 1.0] [0.0, 1.0] [0.0, 1.0] [0.0, 1.0] [0.0, 1.0] [0.0, 1.0] [0.0, 1.0] [0.0, 1.0] [0.0, 1.0] [0.0, 1.0] [0.0, 1.0] [0.0, 1.0] [0.0, 1.0] [0.0, 1.0] [0.0, 1.0] [0.0, 1.0] [0.0, 1.0] [0.0, 1.0] [0.0, 1.0] [0.0, 1.0] [0.0, 1.0] [0.0, 1.0] [0.0, 1.0] [0.0, 1.0] [0.0, 1.0] [0.0, 1.0] [0.0, 1.0] [0.0, 1.0] [0.0, 1.0] [0.0, 1.0] [0.0, 1.0] [0.0, 1.0] [0.0, 1.0] [0.0, 1.0] [0.0, 1.0] [0.0, 1.0] [0.0, 1.0] [0.0, 1.0] [0.0, 1.0] [0.0, 1.0] [0.0, 1.0] [0.0, 1.0] [0.0, 1.0] [0.0, 1.0] [0.0, 1.0] [0.0, 1.0] [0.0, 1.0] [0.0, 1.0] [0.0, 1.0] [0.0, 1.0] [0.0, 1.0] [0.0, 1.0] [0.0, 1.0] [0.0, 1.0] [0.0, 1.0] [0.0, 1.0] [0.0, 1.0] [0.0, 1.0] [0.0, 1.0] [0.0, 1.0] [0.0, 1.0] [0.0, 1.0] [0.0, 1.0] [0.0, 1.0] [0.0, 1.0] [0.0, 1.0] [0.0, 1.0] [0.0, 1.0] [0.0, 1.0] [0.0, 1.0] [0.0, 1.0] [0.0, 1.0] [0.0, 1.0] [0.0, 1.0] [0.0, 1.0] [0.0, 1.0] [0.0, 1.0] [0.0, 1.0] [0.0, 1.0] [0.0, 1.0] [0.0, 1.0] [0.0, 1.0] [0.0, 1.0] [0.0, 1.0] [0.0, 1.0] [0.0, 1.0] [0.0, 1.0] [0.0, 1.0] [0.0, 1.0] [0.0, 1.0] [0.0, 1.0] [0.0, 1.0] [0.0, 1.0] [0.0, 1.0] [0.0, 1.0] [0.0, 1.0] [0.0, 1.0] [0.0, 1.0] [0.0, 1.0] [0.0, 1.0] [0.0, 1.0] [0.0, 1.0] [0.0, 1.0] [0.0, 1.0] [0.0, 1.0] [0.0, 1.0] [0.0, 1.0] [0.0, 1.0] [0.0, 1.0] [0.0, 1.0] [0.0, 1.0] [0.0, 1.0] [0.0, 1.0] [0.0, 1.0] [0.0, 1.0] [0.0, 1.0] [0.0, 1.0] [0.0, 1.0] [0.0, 1.0] [0.0, 1.0] [0.0, 1.0] [0.0, 1.0] [0.0, 1.0] [0.0, 1.0] [0.0, 1.0] [0.0, 1.0] [0.0, 1.0] [0.0, 1.0] [0.0, 1.0] [0.0, 1.0] [0.0, 1.0] [0.0, 1.0] [0.0, 1.0] [0.0, 1.0] [0.0, 1.0] [0.0, 1.0] [0.0, 1.0] [0.0, 1.0] [0.0, 1.0] [0.0, 1.0] [0.0, 1.0] [0.0, 1.0] 
  Output fraction of data:
distance_to_reward_zone: (0.149 0.110 0.361 0.426 0.322 0.373 0.388 0.210 0.108 0.223 0.261 0.347 0.340 0.323 0.384 0.513 0.233 0.094 0.234 0.215 0.101 0.369 0.486 0.337 0.278 0.154 0.529 0.522 0.385 0.305 0.208 0.084 0.359 0.235 0.134 0.252 0.305 0.443 0.459 0.260 0.120 0.088 0.259 0.293 0.399 0.406 0.204 0.337 0.428 0.328 0.263 0.152 0.067 0.383 0.113 0.137 0.374 0.479 0.375 0.271 0.157 0.209 0.253 0.361 0.468 0.224 0.055 0.183 0.312 0.330 0.432 0.488 0.248 0.112 0.193 0.180 0.084 0.386 0.467 0.322 0.267 0.143 0.128 0.123 0.251 0.314 0.409 0.393 0.206 0.375 0.372 0.312 0.246 0.147 0.092 0.333 0.432 0.406 0.283 0.287 0.155 0.102 0.359 0.224 0.085 0.229 0.201 0.372 0.316 0.198 0.231 0.220 0.151 0.064 0.165 0.152 0.212 0.172 0.120 0.107 0.048 0.273 0.507 0.216 0.320 0.239 0.128 0.185 0.306 0.497 0.319 0.384 0.525 0.293 0.110 0.257 0.283 0.311 0.114 0.116 0.454 0.454 0.398 0.342 0.156 0.227 0.285 0.380 0.420 0.239 0.076 0.263)  0.095 0.129 0.105 0.098 0.102 0.114 0.102 0.099 0.131 0.114 0.116 0.117 0.108 0.087 0.101 0.097 0.091 0.154 0.133 0.122 0.129 0.098 0.109 0.114 0.136 0.131 0.111 0.105 0.100 0.101 0.103 0.146 0.102 0.103 0.134 0.115 0.096 0.109 0.107 0.111 0.128 0.146 0.112 0.124 0.120 0.089 0.088 0.115 0.097 0.111 0.133 0.117 0.142 0.109 0.098 0.146 0.097 0.090 0.104 0.104 0.123 0.140 0.118 0.119 0.109 0.101 0.115 0.114 0.102 0.108 0.090 0.091 0.080 0.101 0.086 0.104 0.075 0.092 0.093 0.086 0.097 0.101 0.104 0.120 0.099 0.105 0.103 0.098 0.095 0.104 0.103 0.107 0.123 0.117 0.126 0.104 0.106 0.119 0.107 0.092 0.093 0.116 0.081 0.087 0.106 0.080 0.096 0.117 0.092 0.074 0.066 0.052 0.063 0.065 0.074 0.096 0.071 0.064 0.086 0.060 0.040 0.065 0.112 0.100 0.096 0.088 0.073 0.087 0.078 0.100 0.097 0.121 0.138 0.115 0.153 0.158 0.171 0.144 0.133 0.195 0.144 0.152 0.143 0.172 0.147 0.157 0.150 0.173 0.167 0.130 0.181 0.168)  0.099 0.087 0.071 0.149 0.116 0.128 0.144 0.103 0.146 0.160 0.143 0.102 0.027 0.024 0.033 0.033 0.033 0.102 0.095 0.082 0.140 0.059 0.059 0.050 0.114 0.127 0.034 0.031 0.021 0.028 0.033 0.073 0.050 0.053 0.089 0.053 0.032 0.026 0.041 0.053 0.050 0.059 0.046 0.052 0.050 0.079 0.076 0.061 0.052 0.071 0.065 0.062 0.108 0.056 0.034 0.062 0.033 0.046 0.040 0.038 0.066 0.074 0.061 0.052 0.036 0.048 0.143 0.112 0.041 0.028 0.023 0.027 0.024 0.047 0.025 0.039 0.071 0.046 0.023 0.032 0.030 0.047 0.036 0.033 0.098 0.075 0.094 0.102 0.086 0.107 0.235 0.183 0.226 0.222 0.242 0.177 0.084 0.130 0.157 0.132 0.222 0.208 0.128 0.171 0.345 0.203 0.276 0.151 0.259 0.132 0.127 0.332 0.039 0.225 0.124 0.236 0.313 0.215 0.097 0.161 0.123 0.131 0.069 0.106 0.028 0.064 0.108 0.171 0.140 0.051 0.132 0.066 0.048 0.045 0.118 0.113 0.135 0.119 0.032 0.058 0.044 0.090 0.070 0.084 0.066 0.076 0.068 0.066 0.068 0.051 0.110 0.090)  0.003 0.003 0.002 0.003 0.003 0.004 0.003 0.003 0.004 0.003 0.002 0.003 0.004 0.004 0.004 0.004 0.003 0.004 0.003 0.005 0.005 0.004 0.003 0.004 0.004 0.004 0.003 0.003 0.003 0.003 0.003 0.003 0.003 0.004 0.004 0.003 0.002 0.003 0.003 0.003 0.003 0.003 0.003 0.004 0.003 0.004 0.004 0.003 0.005 0.004 0.005 0.006 0.005 0.004 0.003 0.003 0.003 0.002 0.003 0.004 0.004 0.003 0.004 0.004 0.004 0.004 0.004 0.003 0.002 0.003 0.003 0.002 0.002 0.001 0.002 0.003 0.002 0.002 0.004 0.004 0.003 0.004 0.002 0.003 0.002 0.002 0.002 0.002 0.003 0.003 0.003 0.003 0.003 0.003 0.003 0.002 0.002 0.003 0.002 0.001 0.002 0.002 0.002 0.002 0.002 0.002 0.002 0.002 0.003 0.002 0.002 0.004 0.002 0.002 0.002 0.003 0.003 0.003 0.002 0.003 0.003 0.003 0.005 0.003 0.001 0.002 0.007 0.001 0.003 0.002 0.002 0.002 0.001 0.001 0.002 0.002 0.002 0.002 0.003 0.003 0.002 0.004 0.003 0.003 0.004 0.004 0.004 0.003 0.004 0.003 0.004 0.003)  0.134 0.130 0.138 0.100 0.091 0.099 0.097 0.112 0.099 0.099 0.121 0.166 0.093 0.117 0.122 0.112 0.091 0.115 0.098 0.089 0.079 0.100 0.095 0.147 0.101 0.113 0.070 0.094 0.097 0.127 0.113 0.096 0.092 0.102 0.067 0.088 0.115 0.095 0.098 0.096 0.136 0.129 0.099 0.132 0.130 0.153 0.125 0.134 0.165 0.118 0.158 0.157 0.149 0.116 0.085 0.108 0.096 0.105 0.083 0.118 0.102 0.107 0.122 0.117 0.107 0.128 0.100 0.130 0.081 0.115 0.095 0.087 0.074 0.077 0.108 0.121 0.108 0.099 0.150 0.136 0.137 0.165 0.122 0.170 0.096 0.136 0.139 0.143 0.118 0.115 0.064 0.085 0.079 0.074 0.062 0.101 0.101 0.086 0.081 0.086 0.099 0.075 0.079 0.091 0.052 0.123 0.114 0.108 0.113 0.159 0.306 0.209 0.185 0.119 0.115 0.105 0.100 0.160 0.194 0.081 0.158 0.120 0.077 0.195 0.098 0.138 0.195 0.109 0.066 0.096 0.109 0.100 0.105 0.148 0.088 0.087 0.094 0.099 0.087 0.102 0.087 0.088 0.069 0.073 0.085 0.104 0.106 0.097 0.114 0.086 0.080 0.086)  0.108 0.092 0.090 0.077 0.094 0.078 0.119 0.119 0.068 0.068 0.085 0.081 0.100 0.131 0.121 0.093 0.101 0.074 0.102 0.094 0.098 0.088 0.083 0.077 0.083 0.088 0.090 0.088 0.108 0.107 0.107 0.099 0.112 0.113 0.087 0.100 0.127 0.105 0.100 0.093 0.096 0.077 0.097 0.109 0.114 0.134 0.099 0.104 0.109 0.137 0.100 0.098 0.076 0.089 0.087 0.100 0.101 0.095 0.098 0.105 0.116 0.104 0.107 0.117 0.117 0.116 0.090 0.133 0.085 0.096 0.098 0.108 0.101 0.089 0.118 0.114 0.103 0.100 0.099 0.112 0.112 0.111 0.094 0.096 0.112 0.101 0.091 0.121 0.080 0.081 0.098 0.105 0.093 0.100 0.093 0.096 0.098 0.113 0.094 0.080 0.076 0.081 0.089 0.077 0.075 0.077 0.083 0.074 0.093 0.104 0.091 0.070 0.124 0.081 0.085 0.123 0.101 0.109 0.106 0.113 0.070 0.095 0.084 0.105 0.092 0.094 0.084 0.074 0.083 0.101 0.089 0.103 0.073 0.089 0.084 0.078 0.082 0.080 0.072 0.092 0.072 0.075 0.071 0.083 0.087 0.088 0.100 0.103 0.095 0.094 0.086 0.085)  0.413 0.448 0.233 0.147 0.273 0.204 0.147 0.355 0.445 0.333 0.271 0.185 0.329 0.314 0.235 0.147 0.448 0.457 0.334 0.394 0.448 0.282 0.164 0.270 0.284 0.383 0.164 0.157 0.286 0.328 0.434 0.498 0.281 0.390 0.486 0.389 0.323 0.219 0.192 0.383 0.466 0.498 0.382 0.287 0.184 0.136 0.405 0.246 0.144 0.231 0.276 0.407 0.453 0.243 0.580 0.443 0.296 0.183 0.297 0.359 0.432 0.363 0.334 0.230 0.159 0.379 0.493 0.325 0.377 0.320 0.260 0.196 0.470 0.573 0.468 0.439 0.557 0.274 0.163 0.308 0.355 0.429 0.514 0.455 0.341 0.266 0.162 0.141 0.413 0.214 0.125 0.204 0.230 0.337 0.383 0.187 0.176 0.144 0.277 0.322 0.353 0.415 0.263 0.348 0.336 0.286 0.228 0.177 0.126 0.331 0.177 0.112 0.435 0.444 0.436 0.284 0.200 0.277 0.395 0.474 0.559 0.313 0.144 0.274 0.365 0.374 0.406 0.371 0.325 0.153 0.253 0.224 0.111 0.309 0.445 0.306 0.234 0.245 0.558 0.435 0.197 0.137 0.245 0.244 0.455 0.344 0.287 0.178 0.131 0.396 0.465 0.306)  
absolute_position: (0.261 0.361 0.247 0.116 0.125 0.122 0.119 0.236 0.430 0.271 0.128 0.116 0.186 0.187 0.155 0.182 0.182 0.417 0.243 0.288 0.378 0.237 0.110 0.117 0.122 0.294 0.176 0.158 0.163 0.153 0.224 0.352 0.194 0.207 0.351 0.221 0.159 0.155 0.123 0.220 0.377 0.387 0.238 0.156 0.149 0.144 0.233 0.232 0.136 0.132 0.142 0.251 0.427 0.210 0.277 0.407 0.231 0.165 0.150 0.143 0.236 0.214 0.143 0.132 0.184 0.257 0.369 0.211 0.180 0.188 0.189 0.171 0.182 0.269 0.176 0.254 0.278 0.251 0.154 0.118 0.132 0.263 0.332 0.381 0.228 0.158 0.132 0.085 0.228 0.232 0.094 0.110 0.119 0.298 0.474 0.267 0.129 0.123 0.105 0.153 0.325 0.466 0.246 0.265 0.535 0.294 0.102 0.121 0.095 0.239 0.070 0.082 0.158 0.436 0.208 0.077 0.071 0.072 0.057 0.159 0.314 0.174 0.136 0.088 0.187 0.131 0.299 0.525 0.287 0.132 0.112 0.144 0.213 0.211 0.410 0.298 0.124 0.104 0.321 0.435 0.267 0.121 0.124 0.150 0.272 0.197 0.133 0.107 0.115 0.206 0.369 0.203)  0.188 0.224 0.176 0.142 0.170 0.166 0.129 0.175 0.190 0.191 0.199 0.159 0.213 0.182 0.149 0.162 0.212 0.182 0.212 0.210 0.225 0.193 0.175 0.190 0.232 0.199 0.160 0.176 0.182 0.200 0.227 0.213 0.191 0.187 0.204 0.225 0.197 0.197 0.152 0.188 0.189 0.202 0.223 0.201 0.151 0.123 0.165 0.164 0.137 0.163 0.191 0.199 0.184 0.197 0.234 0.206 0.204 0.144 0.187 0.171 0.215 0.231 0.156 0.126 0.123 0.182 0.221 0.220 0.199 0.201 0.161 0.158 0.211 0.218 0.203 0.196 0.223 0.187 0.152 0.147 0.167 0.205 0.202 0.210 0.217 0.208 0.190 0.123 0.161 0.192 0.117 0.157 0.193 0.196 0.191 0.163 0.136 0.134 0.160 0.177 0.160 0.166 0.175 0.174 0.173 0.167 0.139 0.149 0.094 0.186 0.069 0.062 0.172 0.204 0.180 0.113 0.076 0.077 0.082 0.180 0.179 0.158 0.154 0.125 0.183 0.160 0.165 0.139 0.140 0.207 0.242 0.178 0.116 0.164 0.192 0.249 0.252 0.152 0.163 0.190 0.194 0.159 0.230 0.293 0.220 0.247 0.230 0.164 0.123 0.171 0.214 0.262)  0.263 0.144 0.159 0.170 0.280 0.263 0.144 0.134 0.119 0.298 0.415 0.261 0.292 0.335 0.233 0.164 0.179 0.131 0.284 0.220 0.128 0.161 0.205 0.292 0.377 0.241 0.184 0.214 0.250 0.331 0.235 0.142 0.179 0.169 0.150 0.242 0.342 0.232 0.189 0.175 0.127 0.124 0.235 0.375 0.282 0.143 0.163 0.166 0.152 0.304 0.404 0.258 0.132 0.193 0.155 0.126 0.171 0.172 0.240 0.335 0.246 0.281 0.365 0.245 0.155 0.149 0.132 0.319 0.267 0.314 0.220 0.182 0.180 0.203 0.270 0.241 0.174 0.167 0.176 0.275 0.348 0.256 0.152 0.147 0.285 0.368 0.261 0.186 0.170 0.180 0.173 0.321 0.474 0.280 0.106 0.149 0.166 0.158 0.296 0.354 0.278 0.114 0.158 0.148 0.104 0.327 0.530 0.304 0.124 0.131 0.087 0.073 0.104 0.138 0.260 0.541 0.341 0.305 0.491 0.332 0.209 0.162 0.208 0.375 0.278 0.356 0.231 0.091 0.184 0.163 0.215 0.268 0.199 0.167 0.137 0.225 0.402 0.285 0.131 0.122 0.198 0.211 0.261 0.326 0.215 0.287 0.358 0.300 0.185 0.189 0.144 0.271)  0.146 0.145 0.269 0.413 0.270 0.297 0.448 0.272 0.122 0.124 0.129 0.319 0.154 0.150 0.279 0.324 0.258 0.130 0.134 0.144 0.129 0.233 0.334 0.225 0.137 0.133 0.301 0.296 0.238 0.148 0.156 0.136 0.263 0.254 0.142 0.152 0.152 0.258 0.332 0.241 0.150 0.168 0.154 0.131 0.273 0.438 0.292 0.285 0.407 0.261 0.134 0.145 0.125 0.258 0.168 0.125 0.235 0.318 0.245 0.167 0.152 0.129 0.173 0.306 0.340 0.227 0.128 0.129 0.199 0.161 0.228 0.293 0.218 0.170 0.191 0.173 0.166 0.222 0.342 0.282 0.188 0.147 0.161 0.141 0.136 0.146 0.288 0.437 0.268 0.271 0.470 0.289 0.111 0.115 0.113 0.302 0.367 0.422 0.271 0.148 0.128 0.122 0.254 0.269 0.096 0.117 0.117 0.293 0.530 0.274 0.574 0.634 0.337 0.107 0.103 0.138 0.351 0.382 0.168 0.151 0.167 0.261 0.337 0.248 0.159 0.152 0.157 0.108 0.221 0.329 0.287 0.256 0.350 0.307 0.126 0.116 0.106 0.290 0.188 0.124 0.226 0.367 0.236 0.123 0.160 0.117 0.138 0.301 0.421 0.256 0.125 0.129)  0.141 0.126 0.149 0.159 0.155 0.153 0.160 0.183 0.138 0.117 0.129 0.144 0.156 0.147 0.184 0.168 0.169 0.140 0.127 0.137 0.140 0.177 0.175 0.176 0.132 0.133 0.180 0.156 0.167 0.168 0.158 0.157 0.174 0.182 0.153 0.160 0.150 0.157 0.204 0.177 0.156 0.119 0.150 0.136 0.145 0.152 0.147 0.153 0.167 0.141 0.129 0.146 0.133 0.142 0.167 0.136 0.160 0.201 0.178 0.184 0.151 0.145 0.163 0.191 0.198 0.185 0.150 0.122 0.154 0.136 0.202 0.197 0.210 0.140 0.159 0.136 0.158 0.173 0.177 0.178 0.166 0.128 0.153 0.122 0.134 0.120 0.129 0.169 0.173 0.125 0.145 0.123 0.103 0.111 0.116 0.119 0.202 0.163 0.168 0.168 0.108 0.132 0.167 0.143 0.091 0.094 0.112 0.132 0.157 0.170 0.201 0.149 0.229 0.115 0.248 0.131 0.160 0.165 0.201 0.178 0.132 0.245 0.165 0.164 0.193 0.201 0.147 0.137 0.168 0.169 0.144 0.154 0.121 0.152 0.135 0.113 0.116 0.169 0.197 0.128 0.115 0.143 0.148 0.108 0.134 0.152 0.141 0.128 0.156 0.177 0.148 0.135)  
speed: (0.115 0.126 0.103 0.139 0.109 0.113 0.137 0.126 0.153 0.158 0.147 0.149 0.011 0.030 0.029 0.026 0.023 0.045 0.054 0.043 0.059 0.061 0.060 0.070 0.075 0.075 0.011 0.025 0.022 0.034 0.025 0.023 0.011 0.023 0.012 0.023 0.069 0.028 0.028 0.028 0.057 0.101 0.038 0.039 0.034 0.078 0.057 0.026 0.047 0.039 0.035 0.045 0.050 0.029 0.061 0.038 0.008 0.085 0.029 0.033 0.016 0.016 0.005 0.036 0.029 0.011 0.061 0.115 0.016 0.032 0.052 0.042 0.012 0.063 0.028 0.026 0.079 0.057 0.084 0.072 0.050 0.071 0.054 0.094 0.123 0.133 0.186 0.162 0.125 0.121 0.178 0.158 0.178 0.184 0.160 0.159 0.095 0.096 0.152 0.152 0.258 0.186 0.142 0.190 0.289 0.274 0.275 0.165 0.258 0.197 0.430 0.436 0.154 0.300 0.285 0.249 0.312 0.312 0.254 0.204 0.210 0.201 0.058 0.159 0.134 0.175 0.248 0.402 0.234 0.128 0.202 0.138 0.180 0.159 0.103 0.131 0.156 0.242 0.049 0.029 0.010 0.038 0.025 0.046 0.008 0.030 0.027 0.021 0.013 0.016 0.040 0.058)  0.061 0.063 0.053 0.050 0.051 0.050 0.054 0.059 0.062 0.051 0.051 0.057 0.039 0.074 0.069 0.066 0.056 0.063 0.061 0.058 0.062 0.056 0.051 0.059 0.048 0.062 0.050 0.059 0.054 0.069 0.060 0.073 0.068 0.076 0.068 0.061 0.062 0.058 0.057 0.063 0.087 0.073 0.066 0.069 0.072 0.078 0.082 0.077 0.075 0.078 0.077 0.080 0.087 0.066 0.060 0.069 0.060 0.067 0.058 0.058 0.100 0.094 0.081 0.071 0.070 0.067 0.108 0.128 0.058 0.072 0.059 0.060 0.063 0.100 0.079 0.077 0.079 0.072 0.074 0.083 0.069 0.080 0.066 0.071 0.069 0.065 0.070 0.073 0.057 0.070 0.070 0.064 0.063 0.066 0.075 0.069 0.067 0.085 0.067 0.068 0.061 0.058 0.045 0.060 0.054 0.053 0.072 0.065 0.050 0.050 0.097 0.080 0.128 0.078 0.079 0.066 0.070 0.086 0.103 0.078 0.096 0.080 0.056 0.073 0.162 0.096 0.104 0.129 0.093 0.145 0.115 0.198 0.227 0.199 0.174 0.289 0.311 0.294 0.052 0.134 0.075 0.099 0.059 0.088 0.048 0.073 0.067 0.090 0.089 0.047 0.120 0.096)  0.060 0.071 0.060 0.051 0.056 0.057 0.074 0.065 0.077 0.065 0.079 0.068 0.053 0.060 0.070 0.060 0.067 0.067 0.082 0.063 0.070 0.062 0.051 0.040 0.041 0.067 0.076 0.068 0.061 0.064 0.060 0.126 0.088 0.088 0.122 0.120 0.100 0.070 0.057 0.063 0.145 0.177 0.099 0.101 0.124 0.092 0.078 0.084 0.070 0.080 0.084 0.076 0.104 0.067 0.091 0.137 0.068 0.100 0.105 0.075 0.112 0.139 0.089 0.139 0.104 0.082 0.115 0.144 0.109 0.076 0.071 0.083 0.184 0.241 0.163 0.116 0.190 0.134 0.059 0.072 0.078 0.080 0.087 0.099 0.196 0.123 0.271 0.121 0.083 0.115 0.101 0.107 0.134 0.105 0.098 0.088 0.217 0.229 0.256 0.247 0.135 0.105 0.122 0.172 0.087 0.173 0.159 0.243 0.098 0.086 0.091 0.070 0.098 0.080 0.161 0.142 0.108 0.123 0.125 0.100 0.093 0.105 0.065 0.089 0.273 0.222 0.222 0.177 0.195 0.156 0.175 0.198 0.222 0.149 0.152 0.206 0.173 0.187 0.134 0.282 0.278 0.218 0.293 0.327 0.141 0.168 0.147 0.229 0.163 0.157 0.187 0.292)  0.244 0.223 0.302 0.287 0.303 0.298 0.223 0.226 0.228 0.329 0.310 0.264 0.259 0.141 0.233 0.227 0.329 0.225 0.262 0.251 0.182 0.164 0.460 0.239 0.310 0.201 0.442 0.473 0.404 0.372 0.321 0.205 0.354 0.278 0.167 0.382 0.492 0.448 0.375 0.416 0.300 0.285 0.417 0.251 0.245 0.148 0.155 0.259 0.156 0.216 0.194 0.197 0.116 0.364 0.509 0.336 0.497 0.531 0.463 0.231 0.197 0.265 0.197 0.277 0.278 0.163 0.099 0.181 0.488 0.302 0.390 0.415 0.677 0.556 0.618 0.398 0.584 0.480 0.224 0.258 0.376 0.223 0.439 0.348 0.418 0.443 0.279 0.374 0.433 0.405 0.287 0.280 0.267 0.238 0.219 0.299 0.323 0.233 0.342 0.405 0.317 0.308 0.556 0.391 0.212 0.325 0.185 0.259 0.243 0.268 0.169 0.111 0.374 0.277 0.315 0.226 0.200 0.228 0.279 0.232 0.304 0.323 0.261 0.189 0.379 0.421 0.388 0.289 0.441 0.505 0.339 0.351 0.315 0.472 0.391 0.275 0.199 0.250 0.358 0.176 0.339 0.180 0.281 0.163 0.269 0.219 0.277 0.236 0.227 0.293 0.123 0.182)  0.519 0.517 0.483 0.474 0.481 0.482 0.512 0.524 0.481 0.397 0.413 0.462 0.638 0.695 0.599 0.620 0.524 0.600 0.540 0.585 0.627 0.657 0.377 0.592 0.526 0.595 0.422 0.375 0.458 0.461 0.534 0.573 0.479 0.535 0.631 0.415 0.278 0.396 0.483 0.431 0.411 0.364 0.380 0.540 0.525 0.604 0.627 0.554 0.653 0.587 0.610 0.602 0.643 0.474 0.278 0.419 0.367 0.217 0.344 0.602 0.575 0.486 0.628 0.477 0.520 0.677 0.618 0.431 0.329 0.517 0.428 0.400 0.064 0.040 0.112 0.382 0.068 0.258 0.559 0.515 0.427 0.546 0.353 0.387 0.193 0.236 0.194 0.270 0.303 0.289 0.364 0.391 0.358 0.407 0.449 0.384 0.298 0.357 0.183 0.129 0.229 0.343 0.136 0.188 0.357 0.175 0.309 0.268 0.351 0.399 0.213 0.303 0.246 0.265 0.160 0.317 0.311 0.251 0.239 0.386 0.296 0.292 0.560 0.489 0.053 0.086 0.037 0.002 0.038 0.066 0.169 0.115 0.057 0.021 0.181 0.099 0.162 0.027 0.407 0.380 0.297 0.464 0.342 0.376 0.534 0.510 0.483 0.423 0.508 0.487 0.531 0.373)  
lick: (0.823 0.817 0.788 0.803 0.811 0.789 0.759 0.758 0.764 0.715 0.769 0.761 0.837 0.829 0.845 0.839 0.841 0.845 0.824 0.828 0.801 0.737 0.800 0.743 0.778 0.734 0.868 0.814 0.803 0.811 0.826 0.845 0.790 0.809 0.834 0.798 0.821 0.742 0.831 0.784 0.844 0.754 0.816 0.845 0.832 0.859 0.832 0.822 0.822 0.828 0.821 0.789 0.793 0.725 0.818 0.822 0.799 0.783 0.707 0.791 0.812 0.761 0.771 0.736 0.745 0.756 0.771 0.681 0.795 0.779 0.795 0.796 0.784 0.847 0.823 0.822 0.880 0.781 0.733 0.745 0.795 0.782 0.795 0.833 0.755 0.843 0.796 0.792 0.798 0.781 0.781 0.749 0.750 0.752 0.746 0.739 0.802 0.818 0.800 0.800 0.766 0.755 0.763 0.756 0.688 0.692 0.691 0.726 0.652 0.665 0.804 0.722 0.711 0.771 0.798 0.778 0.743 0.742 0.755 0.769 0.786 0.707 0.869 0.712 0.814 0.805 0.837 0.850 0.913 0.761 0.650 0.778 0.765 0.733 0.742 0.755 0.689 0.484 0.703 0.744 0.701 0.669 0.696 0.686 0.681 0.663 0.686 0.662 0.708 0.690 0.774 0.728)  0.177 0.183 0.212 0.197 0.189 0.211 0.241 0.242 0.236 0.285 0.231 0.239 0.163 0.171 0.155 0.161 0.159 0.155 0.176 0.172 0.199 0.263 0.200 0.257 0.222 0.266 0.132 0.186 0.197 0.189 0.174 0.155 0.210 0.191 0.166 0.202 0.179 0.258 0.169 0.216 0.156 0.246 0.184 0.155 0.168 0.141 0.168 0.178 0.178 0.172 0.179 0.211 0.207 0.275 0.182 0.178 0.201 0.217 0.293 0.209 0.188 0.239 0.229 0.264 0.255 0.244 0.229 0.319 0.205 0.221 0.205 0.204 0.216 0.153 0.177 0.178 0.120 0.219 0.267 0.255 0.205 0.218 0.205 0.167 0.245 0.157 0.204 0.208 0.202 0.219 0.219 0.251 0.250 0.248 0.254 0.261 0.198 0.182 0.200 0.200 0.234 0.245 0.237 0.244 0.312 0.308 0.309 0.274 0.348 0.335 0.196 0.278 0.289 0.229 0.202 0.222 0.257 0.258 0.245 0.231 0.214 0.293 0.131 0.288 0.186 0.195 0.163 0.150 0.087 0.239 0.350 0.222 0.235 0.267 0.258 0.245 0.311 0.516 0.297 0.256 0.299 0.331 0.304 0.314 0.319 0.337 0.314 0.338 0.292 0.310 0.226 0.272)  
reward_zone_location: (0.510 1.000 0.353 1.000 0.607 0.375 1.000 0.417 1.000 0.354 1.000 0.369 0.908 1.000 0.387 1.000 0.512 0.863 0.343 0.482 1.000 0.337 1.000 0.525 1.000 0.542 0.813 0.914 0.651 1.000 0.483 0.836 0.241 0.475 1.000 0.312 0.851 0.399 1.000 0.565 1.000 1.000 0.336 1.000 0.357 1.000 0.523 0.338 1.000 0.438 0.878 0.428 1.000 0.298 1.000 1.000 0.383 1.000 0.606 1.000 0.550 0.331 1.000 0.290 1.000 0.570 1.000 0.364 1.000 1.000 0.404 1.000 0.521 1.000 0.337 0.511 1.000 0.321 1.000 0.520 1.000 0.591 0.845 1.000 0.291 0.808 0.351 1.000 0.581 0.339 1.000 0.480 1.000 0.468 1.000 0.333 0.918 1.000 0.612 1.000 0.515 1.000 0.332 0.580 0.825 0.304 1.000 0.378 0.956 0.507 1.000 1.000 0.499 1.000 0.322 1.000 0.407 0.552 1.000 0.353 1.000 0.296 0.836 0.569 0.797 1.000 0.572 1.000 0.490 0.981 0.645 0.474 1.000 0.409 1.000 0.367 1.000 0.444 0.857 1.000 0.321 1.000 0.592 1.000 0.610 0.248 1.000 0.378 1.000 0.531 1.000 0.243)  0.045 0.000 0.647 0.000 0.393 0.625 0.000 0.138 0.000 0.646 0.000 0.631 0.092 0.000 0.588 0.000 0.109 0.137 0.657 0.518 0.000 0.663 0.000 0.104 0.000 0.458 0.187 0.086 0.349 0.000 0.517 0.164 0.102 0.110 0.000 0.688 0.149 0.601 0.000 0.435 0.000 0.000 0.664 0.000 0.643 0.000 0.089 0.627 0.000 0.168 0.122 0.094 0.000 0.665 0.000 0.000 0.617 0.000 0.394 0.000 0.450 0.669 0.000 0.710 0.000 0.430 0.000 0.636 0.000 0.000 0.596 0.000 0.058 0.000 0.663 0.489 0.000 0.679 0.000 0.480 0.000 0.409 0.155 0.000 0.570 0.192 0.625 0.000 0.419 0.661 0.000 0.102 0.000 0.080 0.000 0.640 0.082 0.000 0.388 0.000 0.046 0.000 0.646 0.420 0.175 0.609 0.000 0.609 0.044 0.493 0.000 0.000 0.501 0.000 0.678 0.000 0.593 0.448 0.000 0.142 0.000 0.604 0.164 0.133 0.203 0.000 0.428 0.000 0.358 0.019 0.355 0.520 0.000 0.591 0.000 0.633 0.000 0.556 0.143 0.000 0.646 0.000 0.408 0.000 0.390 0.752 0.000 0.622 0.000 0.469 0.000 0.757)  0.445 0.000 0.000 0.000 0.000 0.000 0.000 0.445 0.000 0.000 0.000 0.000 0.000 0.000 0.026 0.000 0.379 0.000 0.000 0.000 0.000 0.000 0.000 0.372 0.000 0.000 0.000 0.000 0.000 0.000 0.000 0.000 0.656 0.414 0.000 0.000 0.000 0.000 0.000 0.000 0.000 0.000 0.000 0.000 0.000 0.000 0.388 0.035 0.000 0.394 0.000 0.478 0.000 0.037 0.000 0.000 0.000 0.000 0.000 0.000 0.000 0.000 0.000 0.000 0.000 0.000 0.000 0.000 0.000 0.000 0.000 0.000 0.421 0.000 0.000 0.000 0.000 0.000 0.000 0.000 0.000 0.000 0.000 0.000 0.139 0.000 0.024 0.000 0.000 0.000 0.000 0.418 0.000 0.451 0.000 0.027 0.000 0.000 0.000 0.000 0.439 0.000 0.022 0.000 0.000 0.087 0.000 0.013 0.000 0.000 0.000 0.000 0.000 0.000 0.000 0.000 0.000 0.000 0.000 0.505 0.000 0.100 0.000 0.299 0.000 0.000 0.000 0.000 0.152 0.000 0.000 0.006 0.000 0.000 0.000 0.000 0.000 0.000 0.000 0.000 0.033 0.000 0.000 0.000 0.000 0.000 0.000 0.000 0.000 0.000 0.000 0.000)  
reward_outcome: (0.081 0.239 0.128 0.108 0.177 0.148 0.170 0.118 0.209 0.111 0.183 0.121 0.164 0.110 0.152 0.145 0.121 0.137 0.141 0.226 0.222 0.214 0.154 0.152 0.246 0.172 0.264 0.208 0.156 0.116 0.186 0.164 0.185 0.146 0.267 0.181 0.160 0.243 0.181 0.112 0.169 0.145 0.225 0.211 0.217 0.195 0.123 0.120 0.156 0.228 0.200 0.117 0.155 0.192 0.158 0.199 0.121 0.085 0.134 0.218 0.176 0.164 0.226 0.148 0.207 0.135 0.138 0.183 0.195 0.129 0.135 0.207 0.151 0.191 0.145 0.148 0.143 0.100 0.077 0.170 0.204 0.044 0.155 0.145 0.184 0.202 0.142 0.131 0.109 0.119 0.142 0.187 0.258 0.172 0.144 0.068 0.161 0.185 0.093 0.179 0.127 0.118 0.220 0.130 0.185 0.127 0.119 0.209 0.138 0.192 0.094 0.136 0.105 0.150 0.136 0.161 0.107 0.173 0.161 0.191 0.115 0.165 0.215 0.117 0.171 0.099 0.164 0.107 0.220 0.142 0.165 0.130 0.041 0.154 0.218 0.119 0.131 0.168 0.119 0.179 0.176 0.150 0.150 0.134 0.173 0.090 0.190 0.230 0.130 0.225 0.243 0.178)  0.919 0.761 0.872 0.892 0.823 0.852 0.830 0.882 0.791 0.889 0.817 0.879 0.836 0.890 0.848 0.855 0.879 0.863 0.859 0.774 0.778 0.786 0.846 0.848 0.754 0.828 0.736 0.792 0.844 0.884 0.814 0.836 0.815 0.854 0.733 0.819 0.840 0.757 0.819 0.888 0.831 0.855 0.775 0.789 0.783 0.805 0.877 0.880 0.844 0.772 0.800 0.883 0.845 0.808 0.842 0.801 0.879 0.915 0.866 0.782 0.824 0.836 0.774 0.852 0.793 0.865 0.862 0.817 0.805 0.871 0.865 0.793 0.849 0.809 0.855 0.852 0.857 0.900 0.923 0.830 0.796 0.956 0.845 0.855 0.816 0.798 0.858 0.869 0.891 0.881 0.858 0.813 0.742 0.828 0.856 0.932 0.839 0.815 0.907 0.821 0.873 0.882 0.780 0.870 0.815 0.873 0.881 0.791 0.862 0.808 0.906 0.864 0.895 0.850 0.864 0.839 0.893 0.827 0.839 0.809 0.885 0.835 0.785 0.883 0.829 0.901 0.836 0.893 0.780 0.858 0.835 0.870 0.959 0.846 0.782 0.881 0.869 0.832 0.881 0.821 0.824 0.850 0.850 0.866 0.827 0.910 0.810 0.770 0.870 0.775 0.757 0.822)  
Brain region: CA1: 260091 neurons  
Training on 9772 trials, testing on 2444 trials
Using device: cuda
Using balanced loss with class weights:
  Output 0: [0.00926307 0.0231268  0.02504873 0.88563406 0.02243299 0.0264906
 0.00800375]
  Output 1: [0.18457179 0.22031586 0.16969012 0.17232773 0.2530945 ]
  Output 2: [0.2461744  0.34105465 0.22774197 0.09552955 0.08949945]
  Output 3: [0.23024009 0.7697599 ]
  Output 4: [0.05139639 0.1362257  0.8123779 ]
  Output 5: [0.84186405 0.15813598]
Session 12: Using random projection to 2000 of 3779 neurons for SVD initialization
Session 14: Using random projection to 2000 of 2070 neurons for SVD initialization
Session 16: Using random projection to 2000 of 2325 neurons for SVD initialization
Session 18: Using random projection to 2000 of 2577 neurons for SVD initialization
Session 19: Using random projection to 2000 of 2543 neurons for SVD initialization
Session 20: Using random projection to 2000 of 2023 neurons for SVD initialization
Session 21: Using random projection to 2000 of 2324 neurons for SVD initialization
Session 22: Using random projection to 2000 of 2443 neurons for SVD initialization
Session 23: Using random projection to 2000 of 2113 neurons for SVD initialization
Session 24: Using random projection to 2000 of 2192 neurons for SVD initialization
Session 25: Using random projection to 2000 of 2568 neurons for SVD initialization
Session 26: Using random projection to 2000 of 2036 neurons for SVD initialization
Session 40: Using random projection to 2000 of 2327 neurons for SVD initialization
Session 47: Using random projection to 2000 of 2110 neurons for SVD initialization
Session 58: Using random projection to 2000 of 2071 neurons for SVD initialization
Session 63: Using random projection to 2000 of 2026 neurons for SVD initialization
Session 65: Using random projection to 2000 of 2020 neurons for SVD initialization
Session 67: Using random projection to 2000 of 2036 neurons for SVD initialization
Session 69: Using random projection to 2000 of 3934 neurons for SVD initialization
Session 84: Using random projection to 2000 of 2109 neurons for SVD initialization
Session 89: Using random projection to 2000 of 2078 neurons for SVD initialization
Session 110: Using random projection to 2000 of 2929 neurons for SVD initialization
Session 111: Using random projection to 2000 of 2616 neurons for SVD initialization
Session 112: Using random projection to 2000 of 2999 neurons for SVD initialization
Session 113: Using random projection to 2000 of 2535 neurons for SVD initialization
Session 114: Using random projection to 2000 of 2871 neurons for SVD initialization
Session 115: Using random projection to 2000 of 2399 neurons for SVD initialization
Session 116: Using random projection to 2000 of 2430 neurons for SVD initialization
Session 117: Using random projection to 2000 of 2345 neurons for SVD initialization
Session 118: Using random projection to 2000 of 2299 neurons for SVD initialization
Session 119: Using random projection to 2000 of 2296 neurons for SVD initialization
Session 120: Using random projection to 2000 of 2590 neurons for SVD initialization
Session 121: Using random projection to 2000 of 2724 neurons for SVD initialization
Session 122: Using random projection to 2000 of 2758 neurons for SVD initialization
Session 123: Using random projection to 2000 of 2668 neurons for SVD initialization
Session 126: Using random projection to 2000 of 2029 neurons for SVD initialization
Session 127: Using random projection to 2000 of 2113 neurons for SVD initialization
Session 128: Using random projection to 2000 of 2026 neurons for SVD initialization
Session 129: Using random projection to 2000 of 2210 neurons for SVD initialization
Session 130: Using random projection to 2000 of 2034 neurons for SVD initialization
Session 131: Using random projection to 2000 of 2427 neurons for SVD initialization
Session 132: Using random projection to 2000 of 2201 neurons for SVD initialization
Session 133: Using random projection to 2000 of 2211 neurons for SVD initialization
Session 134: Using random projection to 2000 of 2540 neurons for SVD initialization
Session 135: Using random projection to 2000 of 2427 neurons for SVD initialization
Session 136: Using random projection to 2000 of 2070 neurons for SVD initialization
Session 137: Using random projection to 2000 of 2329 neurons for SVD initialization
Session 138: Using random projection to 2000 of 2724 neurons for SVD initialization
Session 139: Using random projection to 2000 of 2786 neurons for SVD initialization
Session 140: Using random projection to 2000 of 2782 neurons for SVD initialization
Session 141: Using random projection to 2000 of 2085 neurons for SVD initialization
Session 142: Using random projection to 2000 of 2102 neurons for SVD initialization
Session 143: Using random projection to 2000 of 2268 neurons for SVD initialization
Session 144: Using random projection to 2000 of 2008 neurons for SVD initialization
Session 145: Using random projection to 2000 of 2087 neurons for SVD initialization
Session 146: Using random projection to 2000 of 2076 neurons for SVD initialization
Session 147: Using random projection to 2000 of 2103 neurons for SVD initialization
Session 148: Using random projection to 2000 of 2153 neurons for SVD initialization
Session 149: Using random projection to 2000 of 2222 neurons for SVD initialization
Session 150: Using random projection to 2000 of 2308 neurons for SVD initialization
Session 151: Using random projection to 2000 of 2447 neurons for SVD initialization
Epoch [1/200], Loss: 4241.495855
Epoch [2/200], Loss: 4101.343350
Epoch [3/200], Loss: 3972.287727
Epoch [4/200], Loss: 3849.533387
Epoch [5/200], Loss: 3731.328107
Epoch [6/200], Loss: 3616.449725
Epoch [7/200], Loss: 3504.439889
Epoch [8/200], Loss: 3395.244707
Epoch [9/200], Loss: 3288.920784
Epoch [10/200], Loss: 3185.404115
Epoch [20/200], Loss: 2295.152421
Epoch [30/200], Loss: 1697.961461
Epoch [40/200], Loss: 1264.080442
Epoch [50/200], Loss: 898.662095
Epoch [60/200], Loss: 594.205352
Epoch [70/200], Loss: 345.515052
Epoch [80/200], Loss: 181.670976
Epoch [90/200], Loss: 135.617688
Epoch [100/200], Loss: 97.380200
Epoch [110/200], Loss: 75.982783
Epoch [120/200], Loss: 70.831758
Epoch [130/200], Loss: 50.632999
Epoch [140/200], Loss: 41.747477
Epoch [150/200], Loss: 30.191640
Epoch [160/200], Loss: 32.423725
Epoch [170/200], Loss: 28.269563
Epoch [180/200], Loss: 26.378165
Epoch [190/200], Loss: 26.437598
Epoch [200/200], Loss: 20.753565
Test Loss: 23.046956

Training Balanced Accuracy Scores (chance = 1/num_classes):
  0 (distance_to_reward_zone): 0.1760  (chance: 0.1429)
  1 (absolute_position): 0.2762  (chance: 0.2000)
  2 (speed): 0.2417  (chance: 0.2000)
  3 (lick): 0.5322  (chance: 0.5000)
  4 (reward_zone_location): 0.5758  (chance: 0.3333)
  5 (reward_outcome): 0.5212  (chance: 0.5000)

Validation Balanced Accuracy Scores (chance = 1/num_classes):
  0 (distance_to_reward_zone): 0.1737  (chance: 0.1429)
  1 (absolute_position): 0.2772  (chance: 0.2000)
  2 (speed): 0.2384  (chance: 0.2000)
  3 (lick): 0.5312  (chance: 0.5000)
  4 (reward_zone_location): 0.5664  (chance: 0.3333)
  5 (reward_outcome): 0.4999  (chance: 0.5000)
train_decoder.py finished successfully.
