Data format is valid, no errors or warnings.
Number of sessions: 152
Total number of trials: 12216
Number of trials per session: [80, 80, 80, 80, 80, 80, 80, 80, 80, 80, 80, 80, 80, 80, 80, 80, 80, 80, 80, 80, 80, 80, 80, 80, 80, 80, 80, 80, 80, 80, 80, 80, 80, 80, 80, 80, 80, 80, 60, 80, 80, 80, 80, 80, 80, 80, 80, 80, 80, 80, 80, 80, 80, 80, 80, 80, 80, 80, 80, 80, 80, 80, 80, 80, 80, 80, 80, 80, 80, 80, 80, 80, 80, 80, 80, 80, 80, 80, 80, 80, 80, 80, 80, 80, 80, 80, 80, 80, 80, 80, 80, 80, 80, 80, 80, 80, 80, 80, 80, 80, 80, 80, 80, 80, 80, 80, 80, 80, 80, 80, 80, 80, 80, 80, 80, 80, 80, 80, 80, 90, 80, 80, 80, 100, 80, 80, 75, 41, 80, 80, 80, 80, 50, 80, 80, 80, 80, 80, 100, 80, 100, 80, 80, 80, 100, 100, 80, 80, 80, 100, 80, 100]
Number of subjects: 11
Number of brain regions: 1
Number of sessions per subject:
  Subject m11: 12 sessions
  Subject m12: 14 sessions
  Subject m13: 14 sessions
  Subject m14: 14 sessions
  Subject m15: 14 sessions
  Subject m17: 14 sessions
  Subject m18: 14 sessions
  Subject m19: 14 sessions
  Subject m3: 14 sessions
  Subject m4: 14 sessions
  Subject m7: 14 sessions
Input dimension: 4
Output dimension: 6
Summary statistics (across all sessions):
  T: mean: 216.78, median: 197.49, min: 96, max: 3359
  n_neurons: mean: 912.36', min: 155, max: 2341
  Input range:
    time_from_trial_start: [0.0, 216.5]
    environment: [0.0, 1.0]
    trial_number: [0.0, 99.0]
    previous_reward_outcome: [0.0, 1.0]
  Output range:
    distance_to_reward_zone: [0.0, 6.0]
    position: [0.0, 4.0]
    speed: [0.0, 4.0]
    lick: [0.0, 1.0]
    reward_location: [0.0, 2.0]
    reward_outcome: [0.0, 1.0]
  Unique outputs per dimension (fraction of data):
    distance_to_reward_zone: {< -50 cm (0.253), -50 to -10 cm (0.102), -10 cm to < 0 cm (0.074), 0 cm (0.237), >0 cm to +10 cm (0.021), +10 to +50 cm (0.072), > +50 cm (0.243)}
    position: {-50 to 50 cm (0.083), 50 to 150 cm (0.247), 150 to 250 cm (0.252), 250 to 350 cm (0.246), 350 to 450 cm (0.172)}
    speed: {< 2 cm/s (0.122), 2 to 10 cm/s (0.088), 10 to 20 cm/s (0.134), 20 to 40 cm/s (0.318), > 40 cm/s (0.338)}
    lick: {no (0.770), yes (0.230)}
    reward_location: {A (0.329), B (0.337), C (0.334)}
    reward_outcome: {no (0.157), yes (0.843)}
  Brain region distribution:
    CA1: 138678 neurons

Per-session statistics:
  Mean T: 178.5, 182.7, 184.1, 196.7, 178.8, 174.3, 167.6, 175.2, 172.2, 200.7, 200.4, 185.2, 146.8, 143.4, 146.4, 150.6, 163.6, 137.9, 152.3, 146.2, 126.1, 145.2, 190.3, 144.7, 148.9, 130.4, 185.6, 193.3, 184.0, 174.3, 163.7, 155.9, 166.3, 160.5, 156.1, 191.2, 226.7, 192.8, 165.3, 175.5, 203.6, 220.5, 203.9, 160.1, 161.0, 153.2, 145.6, 145.2, 129.1, 137.6, 134.2, 128.9, 117.5, 151.4, 219.8, 183.1, 191.2, 244.6, 206.2, 161.5, 155.3, 162.5, 138.7, 168.5, 157.8, 124.9, 140.6, 184.9, 205.9, 174.2, 195.6, 202.3, 269.6, 322.8, 272.0, 202.7, 300.4, 231.5, 177.1, 174.8, 194.2, 170.3, 206.9, 212.1, 269.9, 252.9, 301.3, 240.6, 224.0, 226.4, 215.5, 198.3, 211.8, 200.3, 176.6, 201.9, 250.1, 231.4, 294.2, 319.3, 298.0, 233.3, 279.0, 293.9, 231.0, 318.6, 252.4, 260.4, 213.2, 213.6, 345.2, 285.0, 255.6, 283.4, 337.3, 243.7, 237.9, 282.5, 257.6, 207.1, 239.8, 218.8, 154.8, 157.5, 382.2, 349.1, 426.2, 618.5, 392.6, 323.1, 324.4, 350.3, 427.6, 376.0, 297.8, 397.7, 389.7, 539.3, 198.7, 212.5, 208.8, 179.3, 207.1, 201.8, 146.0, 151.8, 156.6, 180.7, 157.0, 164.0, 163.2, 210.5
  Min T: 137, 147, 146, 161, 138, 144, 139, 138, 139, 168, 167, 159, 111, 116, 108, 116, 121, 118, 116, 107, 96, 103, 139, 115, 115, 107, 97, 115, 142, 131, 127, 117, 120, 113, 122, 132, 130, 143, 119, 137, 150, 154, 152, 120, 126, 126, 111, 113, 112, 112, 105, 101, 101, 102, 147, 137, 136, 160, 133, 124, 112, 111, 108, 110, 102, 101, 111, 107, 142, 129, 144, 144, 211, 243, 164, 141, 218, 167, 135, 133, 150, 124, 158, 159, 179, 171, 200, 173, 171, 157, 173, 151, 163, 146, 146, 154, 168, 172, 202, 196, 209, 165, 161, 177, 164, 216, 201, 127, 166, 164, 191, 162, 188, 184, 184, 170, 153, 179, 168, 135, 172, 131, 113, 114, 214, 235, 268, 326, 171, 193, 182, 176, 244, 190, 208, 262, 250, 283, 139, 135, 120, 104, 109, 109, 96, 96, 99, 109, 102, 110, 111, 113
  Max T: 325, 476, 416, 693, 420, 322, 602, 368, 617, 584, 452, 377, 304, 524, 315, 344, 303, 220, 376, 320, 426, 475, 409, 412, 412, 214, 355, 387, 444, 296, 323, 334, 263, 466, 231, 348, 457, 420, 276, 317, 352, 960, 346, 353, 383, 415, 345, 279, 281, 268, 210, 330, 294, 261, 847, 323, 265, 749, 665, 376, 274, 299, 220, 365, 568, 276, 606, 1062, 471, 570, 699, 514, 445, 1160, 344, 338, 603, 529, 557, 605, 337, 387, 348, 360, 479, 459, 820, 491, 419, 471, 414, 436, 402, 354, 315, 385, 490, 450, 477, 536, 574, 485, 529, 530, 318, 659, 604, 513, 355, 327, 1546, 774, 1088, 933, 1552, 501, 392, 1055, 829, 739, 680, 324, 504, 216, 916, 965, 1643, 3359, 1907, 2120, 1826, 1104, 2713, 1062, 472, 598, 998, 1434, 692, 422, 346, 613, 367, 587, 332, 511, 379, 323, 265, 365, 415, 463
  n_neurons: 155, 168, 189, 176, 174, 181, 190, 198, 204, 209, 245, 219, 1780, 1112, 1143, 1017, 1306, 1084, 1478, 1494, 1121, 1327, 1323, 1184, 1118, 1354, 686, 550, 616, 503, 704, 519, 834, 707, 557, 603, 657, 595, 479, 749, 981, 592, 753, 648, 603, 619, 927, 990, 500, 727, 554, 611, 483, 876, 1133, 1045, 1426, 1167, 1483, 1041, 1308, 1307, 1070, 1283, 754, 1127, 875, 1195, 591, 442, 676, 506, 838, 491, 690, 593, 539, 683, 629, 747, 468, 770, 2281, 1639, 2341, 1634, 2115, 1378, 1726, 2314, 1696, 1899, 1382, 1927, 1433, 1955, 528, 407, 465, 550, 472, 504, 596, 566, 434, 469, 378, 558, 428, 589, 1052, 917, 1059, 814, 1022, 818, 787, 783, 768, 930, 1000, 1030, 980, 1050, 983, 926, 1031, 1016, 1066, 1068, 1011, 1287, 1019, 1100, 990, 1039, 886, 1066, 1298, 1186, 1155, 1013, 1111, 1142, 1020, 1034, 900, 886, 973, 969, 988, 1192
  Input range:
    0: [0.0, 20.9] [0.0, 30.6] [0.0, 26.8] [0.0, 44.6] [0.0, 27.0] [0.0, 20.7] [0.0, 38.8] [0.0, 23.7] [0.0, 39.7] [0.0, 37.6] [0.0, 29.1] [0.0, 24.2] [0.0, 19.5] [0.0, 33.7] [0.0, 20.2] [0.0, 22.1] [0.0, 19.5] [0.0, 14.1] [0.0, 24.2] [0.0, 20.6] [0.0, 27.4] [0.0, 30.6] [0.0, 26.3] [0.0, 26.5] [0.0, 26.5] [0.0, 13.7] [0.0, 22.8] [0.0, 24.9] [0.0, 28.6] [0.0, 19.0] [0.0, 20.8] [0.0, 21.5] [0.0, 16.9] [0.0, 30.0] [0.0, 14.8] [0.0, 22.4] [0.0, 29.4] [0.0, 27.0] [0.0, 17.7] [0.0, 20.4] [0.0, 22.6] [0.0, 61.8] [0.0, 22.2] [0.0, 22.7] [0.0, 24.6] [0.0, 26.7] [0.0, 22.2] [0.0, 17.9] [0.0, 18.1] [0.0, 17.2] [0.0, 13.5] [0.0, 21.2] [0.0, 18.9] [0.0, 16.8] [0.0, 54.6] [0.0, 20.8] [0.0, 17.0] [0.0, 48.2] [0.0, 42.8] [0.0, 24.2] [0.0, 17.6] [0.0, 19.2] [0.0, 14.1] [0.0, 23.5] [0.0, 36.6] [0.0, 17.7] [0.0, 39.0] [0.0, 68.4] [0.0, 30.3] [0.0, 36.7] [0.0, 45.0] [0.0, 33.1] [0.0, 28.6] [0.0, 74.7] [0.0, 22.1] [0.0, 21.7] [0.0, 38.8] [0.0, 34.0] [0.0, 35.9] [0.0, 38.9] [0.0, 21.7] [0.0, 24.9] [0.0, 22.4] [0.0, 23.1] [0.0, 30.8] [0.0, 29.5] [0.0, 52.8] [0.0, 31.6] [0.0, 27.0] [0.0, 30.3] [0.0, 26.6] [0.0, 28.1] [0.0, 25.9] [0.0, 22.8] [0.0, 20.2] [0.0, 24.8] [0.0, 31.5] [0.0, 29.0] [0.0, 30.7] [0.0, 34.5] [0.0, 36.9] [0.0, 31.2] [0.0, 34.0] [0.0, 34.1] [0.0, 20.4] [0.0, 42.4] [0.0, 38.9] [0.0, 33.0] [0.0, 22.8] [0.0, 21.0] [0.0, 99.6] [0.0, 49.8] [0.0, 70.1] [0.0, 60.1] [0.0, 100.0] [0.0, 32.2] [0.0, 25.2] [0.0, 68.0] [0.0, 53.4] [0.0, 47.6] [0.0, 43.8] [0.0, 20.8] [0.0, 32.4] [0.0, 13.9] [0.0, 59.0] [0.0, 62.2] [0.0, 105.9] [0.0, 216.5] [0.0, 122.9] [0.0, 136.6] [0.0, 117.7] [0.0, 71.1] [0.0, 174.9] [0.0, 68.4] [0.0, 30.4] [0.0, 38.5] [0.0, 64.3] [0.0, 92.4] [0.0, 44.6] [0.0, 27.1] [0.0, 22.2] [0.0, 39.5] [0.0, 23.6] [0.0, 37.8] [0.0, 21.3] [0.0, 32.9] [0.0, 24.4] [0.0, 20.8] [0.0, 17.0] [0.0, 23.5] [0.0, 26.7] [0.0, 29.8] 
    1: [0.0, 0.0] [0.0, 0.0] [0.0, 0.0] [0.0, 0.0] [0.0, 0.0] [0.0, 1.0] [1.0, 1.0] [1.0, 1.0] [1.0, 1.0] [1.0, 1.0] [1.0, 1.0] [1.0, 1.0] [0.0, 0.0] [0.0, 0.0] [0.0, 0.0] [0.0, 0.0] [0.0, 0.0] [0.0, 0.0] [0.0, 0.0] [0.0, 1.0] [1.0, 1.0] [1.0, 1.0] [1.0, 1.0] [1.0, 1.0] [1.0, 1.0] [1.0, 1.0] [0.0, 0.0] [0.0, 0.0] [0.0, 0.0] [0.0, 0.0] [0.0, 0.0] [0.0, 0.0] [0.0, 0.0] [0.0, 1.0] [1.0, 1.0] [1.0, 1.0] [1.0, 1.0] [1.0, 1.0] [1.0, 1.0] [1.0, 1.0] [0.0, 0.0] [0.0, 0.0] [0.0, 0.0] [0.0, 0.0] [0.0, 0.0] [0.0, 0.0] [0.0, 0.0] [0.0, 1.0] [1.0, 1.0] [1.0, 1.0] [1.0, 1.0] [1.0, 1.0] [1.0, 1.0] [1.0, 1.0] [0.0, 0.0] [0.0, 0.0] [0.0, 0.0] [0.0, 0.0] [0.0, 0.0] [0.0, 0.0] [0.0, 0.0] [0.0, 1.0] [1.0, 1.0] [1.0, 1.0] [1.0, 1.0] [1.0, 1.0] [1.0, 1.0] [1.0, 1.0] [1.0, 1.0] [1.0, 1.0] [1.0, 1.0] [1.0, 1.0] [1.0, 1.0] [1.0, 1.0] [1.0, 1.0] [0.0, 1.0] [0.0, 0.0] [0.0, 0.0] [0.0, 0.0] [0.0, 0.0] [0.0, 0.0] [0.0, 0.0] [1.0, 1.0] [1.0, 1.0] [1.0, 1.0] [1.0, 1.0] [1.0, 1.0] [1.0, 1.0] [1.0, 1.0] [0.0, 1.0] [0.0, 0.0] [0.0, 0.0] [0.0, 0.0] [0.0, 0.0] [0.0, 0.0] [0.0, 0.0] [0.0, 0.0] [0.0, 0.0] [0.0, 0.0] [0.0, 0.0] [0.0, 0.0] [0.0, 0.0] [0.0, 0.0] [0.0, 1.0] [1.0, 1.0] [1.0, 1.0] [1.0, 1.0] [1.0, 1.0] [1.0, 1.0] [1.0, 1.0] [0.0, 0.0] [0.0, 0.0] [0.0, 0.0] [0.0, 0.0] [0.0, 0.0] [0.0, 0.0] [0.0, 0.0] [0.0, 1.0] [1.0, 1.0] [1.0, 1.0] [1.0, 1.0] [1.0, 1.0] [1.0, 1.0] [1.0, 1.0] [0.0, 0.0] [0.0, 0.0] [0.0, 0.0] [0.0, 0.0] [0.0, 0.0] [0.0, 0.0] [0.0, 0.0] [0.0, 1.0] [1.0, 1.0] [1.0, 1.0] [1.0, 1.0] [1.0, 1.0] [1.0, 1.0] [1.0, 1.0] [0.0, 0.0] [0.0, 0.0] [0.0, 0.0] [0.0, 0.0] [0.0, 0.0] [0.0, 0.0] [0.0, 0.0] [0.0, 1.0] [1.0, 1.0] [1.0, 1.0] [1.0, 1.0] [1.0, 1.0] [1.0, 1.0] [1.0, 1.0] 
    2: [0.0, 79.0] [0.0, 79.0] [0.0, 79.0] [0.0, 79.0] [0.0, 79.0] [0.0, 79.0] [0.0, 79.0] [0.0, 79.0] [0.0, 79.0] [0.0, 79.0] [0.0, 79.0] [0.0, 79.0] [0.0, 79.0] [0.0, 79.0] [0.0, 79.0] [0.0, 79.0] [0.0, 79.0] [0.0, 79.0] [0.0, 79.0] [0.0, 79.0] [0.0, 79.0] [0.0, 79.0] [0.0, 79.0] [0.0, 79.0] [0.0, 79.0] [0.0, 79.0] [0.0, 79.0] [0.0, 79.0] [0.0, 79.0] [0.0, 79.0] [0.0, 79.0] [0.0, 79.0] [0.0, 79.0] [0.0, 79.0] [0.0, 79.0] [0.0, 79.0] [0.0, 79.0] [0.0, 79.0] [0.0, 59.0] [0.0, 79.0] [0.0, 79.0] [0.0, 79.0] [0.0, 79.0] [0.0, 79.0] [0.0, 79.0] [0.0, 79.0] [0.0, 79.0] [0.0, 79.0] [0.0, 79.0] [0.0, 79.0] [0.0, 79.0] [0.0, 79.0] [0.0, 79.0] [0.0, 79.0] [0.0, 79.0] [0.0, 79.0] [0.0, 79.0] [0.0, 79.0] [0.0, 79.0] [0.0, 79.0] [0.0, 79.0] [0.0, 79.0] [0.0, 79.0] [0.0, 79.0] [0.0, 79.0] [0.0, 79.0] [0.0, 79.0] [0.0, 79.0] [0.0, 79.0] [0.0, 79.0] [0.0, 79.0] [0.0, 79.0] [0.0, 79.0] [0.0, 79.0] [0.0, 79.0] [0.0, 79.0] [0.0, 79.0] [0.0, 79.0] [0.0, 79.0] [0.0, 79.0] [0.0, 79.0] [0.0, 79.0] [0.0, 79.0] [0.0, 79.0] [0.0, 79.0] [0.0, 79.0] [0.0, 79.0] [0.0, 79.0] [0.0, 79.0] [0.0, 79.0] [0.0, 79.0] [0.0, 79.0] [0.0, 79.0] [0.0, 79.0] [0.0, 79.0] [0.0, 79.0] [0.0, 79.0] [0.0, 79.0] [0.0, 79.0] [0.0, 79.0] [0.0, 79.0] [0.0, 79.0] [0.0, 79.0] [0.0, 79.0] [0.0, 79.0] [0.0, 79.0] [0.0, 79.0] [0.0, 79.0] [0.0, 79.0] [0.0, 79.0] [0.0, 79.0] [0.0, 79.0] [0.0, 79.0] [0.0, 79.0] [0.0, 79.0] [0.0, 79.0] [0.0, 79.0] [0.0, 79.0] [0.0, 79.0] [0.0, 89.0] [0.0, 79.0] [0.0, 79.0] [0.0, 79.0] [0.0, 99.0] [0.0, 79.0] [0.0, 79.0] [0.0, 74.0] [0.0, 40.0] [0.0, 79.0] [0.0, 79.0] [0.0, 79.0] [0.0, 79.0] [0.0, 49.0] [0.0, 79.0] [0.0, 79.0] [0.0, 79.0] [0.0, 79.0] [0.0, 79.0] [0.0, 99.0] [0.0, 79.0] [0.0, 99.0] [0.0, 79.0] [0.0, 79.0] [0.0, 79.0] [0.0, 99.0] [0.0, 99.0] [0.0, 79.0] [0.0, 79.0] [0.0, 79.0] [0.0, 99.0] [0.0, 79.0] [0.0, 99.0] 
    3: [0.0, 1.0] [0.0, 1.0] [0.0, 1.0] [0.0, 1.0] [0.0, 1.0] [0.0, 1.0] [0.0, 1.0] [0.0, 1.0] [0.0, 1.0] [0.0, 1.0] [0.0, 1.0] [0.0, 1.0] [0.0, 1.0] [0.0, 1.0] [0.0, 1.0] [0.0, 1.0] [0.0, 1.0] [0.0, 1.0] [0.0, 1.0] [0.0, 1.0] [0.0, 1.0] [0.0, 1.0] [0.0, 1.0] [0.0, 1.0] [0.0, 1.0] [0.0, 1.0] [0.0, 1.0] [0.0, 1.0] [0.0, 1.0] [0.0, 1.0] [0.0, 1.0] [0.0, 1.0] [0.0, 1.0] [0.0, 1.0] [0.0, 1.0] [0.0, 1.0] [0.0, 1.0] [0.0, 1.0] [0.0, 1.0] [0.0, 1.0] [0.0, 1.0] [0.0, 1.0] [0.0, 1.0] [0.0, 1.0] [0.0, 1.0] [0.0, 1.0] [0.0, 1.0] [0.0, 1.0] [0.0, 1.0] [0.0, 1.0] [0.0, 1.0] [0.0, 1.0] [0.0, 1.0] [0.0, 1.0] [0.0, 1.0] [0.0, 1.0] [0.0, 1.0] [0.0, 1.0] [0.0, 1.0] [0.0, 1.0] [0.0, 1.0] [0.0, 1.0] [0.0, 1.0] [0.0, 1.0] [0.0, 1.0] [0.0, 1.0] [0.0, 1.0] [0.0, 1.0] [0.0, 1.0] [0.0, 1.0] [0.0, 1.0] [0.0, 1.0] [0.0, 1.0] [0.0, 1.0] [0.0, 1.0] [0.0, 1.0] [0.0, 1.0] [0.0, 1.0] [0.0, 1.0] [0.0, 1.0] [0.0, 1.0] [0.0, 1.0] [0.0, 1.0] [0.0, 1.0] [0.0, 1.0] [0.0, 1.0] [0.0, 1.0] [0.0, 1.0] [0.0, 1.0] [0.0, 1.0] [0.0, 1.0] [0.0, 1.0] [0.0, 1.0] [0.0, 1.0] [0.0, 1.0] [0.0, 1.0] [0.0, 1.0] [0.0, 1.0] [0.0, 1.0] [0.0, 1.0] [0.0, 1.0] [0.0, 1.0] [0.0, 1.0] [0.0, 1.0] [0.0, 1.0] [0.0, 1.0] [0.0, 1.0] [0.0, 1.0] [0.0, 1.0] [0.0, 1.0] [0.0, 1.0] [0.0, 1.0] [0.0, 1.0] [0.0, 1.0] [0.0, 1.0] [0.0, 1.0] [0.0, 1.0] [0.0, 1.0] [0.0, 1.0] [0.0, 1.0] [0.0, 1.0] [0.0, 1.0] [0.0, 1.0] [0.0, 1.0] [0.0, 1.0] [0.0, 1.0] [0.0, 1.0] [0.0, 1.0] [0.0, 1.0] [0.0, 1.0] [0.0, 1.0] [0.0, 1.0] [0.0, 1.0] [0.0, 1.0] [0.0, 1.0] [0.0, 1.0] [0.0, 1.0] [0.0, 1.0] [0.0, 1.0] [0.0, 1.0] [0.0, 1.0] [0.0, 1.0] [0.0, 1.0] [0.0, 1.0] [0.0, 1.0] [0.0, 1.0] [0.0, 1.0] [0.0, 1.0] [0.0, 1.0] [0.0, 1.0] [0.0, 1.0] [0.0, 1.0] 
  Output range:
    0: [0.0, 6.0] [0.0, 6.0] [0.0, 6.0] [0.0, 6.0] [0.0, 6.0] [0.0, 6.0] [0.0, 6.0] [0.0, 6.0] [0.0, 6.0] [0.0, 6.0] [0.0, 6.0] [0.0, 6.0] [0.0, 6.0] [0.0, 6.0] [0.0, 6.0] [0.0, 6.0] [0.0, 6.0] [0.0, 6.0] [0.0, 6.0] [0.0, 6.0] [0.0, 6.0] [0.0, 6.0] [0.0, 6.0] [0.0, 6.0] [0.0, 6.0] [0.0, 6.0] [0.0, 6.0] [0.0, 6.0] [0.0, 6.0] [0.0, 6.0] [0.0, 6.0] [0.0, 6.0] [0.0, 6.0] [0.0, 6.0] [0.0, 6.0] [0.0, 6.0] [0.0, 6.0] [0.0, 6.0] [0.0, 6.0] [0.0, 6.0] [0.0, 6.0] [0.0, 6.0] [0.0, 6.0] [0.0, 6.0] [0.0, 6.0] [0.0, 6.0] [0.0, 6.0] [0.0, 6.0] [0.0, 6.0] [0.0, 6.0] [0.0, 6.0] [0.0, 6.0] [0.0, 6.0] [0.0, 6.0] [0.0, 6.0] [0.0, 6.0] [0.0, 6.0] [0.0, 6.0] [0.0, 6.0] [0.0, 6.0] [0.0, 6.0] [0.0, 6.0] [0.0, 6.0] [0.0, 6.0] [0.0, 6.0] [0.0, 6.0] [0.0, 6.0] [0.0, 6.0] [0.0, 6.0] [0.0, 6.0] [0.0, 6.0] [0.0, 6.0] [0.0, 6.0] [0.0, 6.0] [0.0, 6.0] [0.0, 6.0] [0.0, 6.0] [0.0, 6.0] [0.0, 6.0] [0.0, 6.0] [0.0, 6.0] [0.0, 6.0] [0.0, 6.0] [0.0, 6.0] [0.0, 6.0] [0.0, 6.0] [0.0, 6.0] [0.0, 6.0] [0.0, 6.0] [0.0, 6.0] [0.0, 6.0] [0.0, 6.0] [0.0, 6.0] [0.0, 6.0] [0.0, 6.0] [0.0, 6.0] [0.0, 6.0] [0.0, 6.0] [0.0, 6.0] [0.0, 6.0] [0.0, 6.0] [0.0, 6.0] [0.0, 6.0] [0.0, 6.0] [0.0, 6.0] [0.0, 6.0] [0.0, 6.0] [0.0, 6.0] [0.0, 6.0] [0.0, 6.0] [0.0, 6.0] [0.0, 6.0] [0.0, 6.0] [0.0, 6.0] [0.0, 6.0] [0.0, 6.0] [0.0, 6.0] [0.0, 6.0] [0.0, 6.0] [0.0, 6.0] [0.0, 6.0] [0.0, 6.0] [0.0, 6.0] [0.0, 6.0] [0.0, 6.0] [0.0, 6.0] [0.0, 6.0] [0.0, 6.0] [0.0, 6.0] [0.0, 6.0] [0.0, 6.0] [0.0, 6.0] [0.0, 6.0] [0.0, 6.0] [0.0, 6.0] [0.0, 6.0] [0.0, 6.0] [0.0, 6.0] [0.0, 6.0] [0.0, 6.0] [0.0, 6.0] [0.0, 6.0] [0.0, 6.0] [0.0, 6.0] [0.0, 6.0] [0.0, 6.0] [0.0, 6.0] [0.0, 6.0] [0.0, 6.0] [0.0, 6.0] [0.0, 6.0] [0.0, 6.0] 
    1: [0.0, 4.0] [0.0, 4.0] [0.0, 4.0] [0.0, 4.0] [0.0, 4.0] [0.0, 4.0] [0.0, 4.0] [0.0, 4.0] [0.0, 4.0] [0.0, 4.0] [0.0, 4.0] [0.0, 4.0] [0.0, 4.0] [0.0, 4.0] [0.0, 4.0] [0.0, 4.0] [0.0, 4.0] [0.0, 4.0] [0.0, 4.0] [0.0, 4.0] [0.0, 4.0] [0.0, 4.0] [0.0, 4.0] [0.0, 4.0] [0.0, 4.0] [0.0, 4.0] [0.0, 4.0] [0.0, 4.0] [0.0, 4.0] [0.0, 4.0] [0.0, 4.0] [0.0, 4.0] [0.0, 4.0] [0.0, 4.0] [0.0, 4.0] [0.0, 4.0] [0.0, 4.0] [0.0, 4.0] [0.0, 4.0] [0.0, 4.0] [0.0, 4.0] [0.0, 4.0] [0.0, 4.0] [0.0, 4.0] [0.0, 4.0] [0.0, 4.0] [0.0, 4.0] [0.0, 4.0] [0.0, 4.0] [0.0, 4.0] [0.0, 4.0] [0.0, 4.0] [0.0, 4.0] [0.0, 4.0] [0.0, 4.0] [0.0, 4.0] [0.0, 4.0] [0.0, 4.0] [0.0, 4.0] [0.0, 4.0] [0.0, 4.0] [0.0, 4.0] [0.0, 4.0] [0.0, 4.0] [0.0, 4.0] [0.0, 4.0] [0.0, 4.0] [0.0, 4.0] [0.0, 4.0] [0.0, 4.0] [0.0, 4.0] [0.0, 4.0] [0.0, 4.0] [0.0, 4.0] [0.0, 4.0] [0.0, 4.0] [0.0, 4.0] [0.0, 4.0] [0.0, 4.0] [0.0, 4.0] [0.0, 4.0] [0.0, 4.0] [0.0, 4.0] [0.0, 4.0] [0.0, 4.0] [0.0, 4.0] [0.0, 4.0] [0.0, 4.0] [0.0, 4.0] [0.0, 4.0] [0.0, 4.0] [0.0, 4.0] [0.0, 4.0] [0.0, 4.0] [0.0, 4.0] [0.0, 4.0] [0.0, 4.0] [0.0, 4.0] [0.0, 4.0] [0.0, 4.0] [0.0, 4.0] [0.0, 4.0] [0.0, 4.0] [0.0, 4.0] [0.0, 4.0] [0.0, 4.0] [0.0, 4.0] [0.0, 4.0] [0.0, 4.0] [0.0, 4.0] [0.0, 4.0] [0.0, 4.0] [0.0, 4.0] [0.0, 4.0] [0.0, 4.0] [0.0, 4.0] [0.0, 4.0] [0.0, 4.0] [0.0, 4.0] [0.0, 4.0] [0.0, 4.0] [0.0, 4.0] [0.0, 4.0] [0.0, 4.0] [0.0, 4.0] [0.0, 4.0] [0.0, 4.0] [0.0, 4.0] [0.0, 4.0] [0.0, 4.0] [0.0, 4.0] [0.0, 4.0] [0.0, 4.0] [0.0, 4.0] [0.0, 4.0] [0.0, 4.0] [0.0, 4.0] [0.0, 4.0] [0.0, 4.0] [0.0, 4.0] [0.0, 4.0] [0.0, 4.0] [0.0, 4.0] [0.0, 4.0] [0.0, 4.0] [0.0, 4.0] [0.0, 4.0] [0.0, 4.0] [0.0, 4.0] [0.0, 4.0] [0.0, 4.0] [0.0, 4.0] 
    2: [0.0, 4.0] [0.0, 4.0] [0.0, 4.0] [0.0, 4.0] [0.0, 4.0] [0.0, 4.0] [0.0, 4.0] [0.0, 4.0] [0.0, 4.0] [0.0, 4.0] [0.0, 4.0] [0.0, 4.0] [0.0, 4.0] [0.0, 4.0] [0.0, 4.0] [0.0, 4.0] [0.0, 4.0] [0.0, 4.0] [0.0, 4.0] [0.0, 4.0] [0.0, 4.0] [0.0, 4.0] [0.0, 4.0] [0.0, 4.0] [0.0, 4.0] [0.0, 4.0] [0.0, 4.0] [0.0, 4.0] [0.0, 4.0] [0.0, 4.0] [0.0, 4.0] [0.0, 4.0] [0.0, 4.0] [0.0, 4.0] [0.0, 4.0] [0.0, 4.0] [0.0, 4.0] [0.0, 4.0] [0.0, 4.0] [0.0, 4.0] [0.0, 4.0] [0.0, 4.0] [0.0, 4.0] [0.0, 4.0] [0.0, 4.0] [0.0, 4.0] [0.0, 4.0] [0.0, 4.0] [0.0, 4.0] [0.0, 4.0] [0.0, 4.0] [0.0, 4.0] [0.0, 4.0] [0.0, 4.0] [0.0, 4.0] [0.0, 4.0] [0.0, 4.0] [0.0, 4.0] [0.0, 4.0] [0.0, 4.0] [0.0, 4.0] [0.0, 4.0] [0.0, 4.0] [0.0, 4.0] [0.0, 4.0] [0.0, 4.0] [0.0, 4.0] [0.0, 4.0] [0.0, 4.0] [0.0, 4.0] [0.0, 4.0] [0.0, 4.0] [0.0, 4.0] [0.0, 4.0] [0.0, 4.0] [0.0, 4.0] [0.0, 4.0] [0.0, 4.0] [0.0, 4.0] [0.0, 4.0] [0.0, 4.0] [0.0, 4.0] [0.0, 4.0] [0.0, 4.0] [0.0, 4.0] [0.0, 4.0] [0.0, 4.0] [0.0, 4.0] [0.0, 4.0] [0.0, 4.0] [0.0, 4.0] [0.0, 4.0] [0.0, 4.0] [0.0, 4.0] [0.0, 4.0] [0.0, 4.0] [0.0, 4.0] [0.0, 4.0] [0.0, 4.0] [0.0, 4.0] [0.0, 4.0] [0.0, 4.0] [0.0, 4.0] [0.0, 4.0] [0.0, 4.0] [0.0, 4.0] [0.0, 4.0] [0.0, 4.0] [0.0, 4.0] [0.0, 4.0] [0.0, 4.0] [0.0, 4.0] [0.0, 4.0] [0.0, 4.0] [0.0, 4.0] [0.0, 4.0] [0.0, 4.0] [0.0, 4.0] [0.0, 4.0] [0.0, 4.0] [0.0, 4.0] [0.0, 4.0] [0.0, 4.0] [0.0, 4.0] [0.0, 4.0] [0.0, 4.0] [0.0, 4.0] [0.0, 4.0] [0.0, 4.0] [0.0, 4.0] [0.0, 4.0] [0.0, 4.0] [0.0, 4.0] [0.0, 4.0] [0.0, 4.0] [0.0, 4.0] [0.0, 4.0] [0.0, 4.0] [0.0, 4.0] [0.0, 4.0] [0.0, 4.0] [0.0, 4.0] [0.0, 4.0] [0.0, 4.0] [0.0, 4.0] [0.0, 4.0] [0.0, 4.0] [0.0, 4.0] [0.0, 4.0] [0.0, 4.0] [0.0, 4.0] [0.0, 4.0] 
    3: [0.0, 1.0] [0.0, 1.0] [0.0, 1.0] [0.0, 1.0] [0.0, 1.0] [0.0, 1.0] [0.0, 1.0] [0.0, 1.0] [0.0, 1.0] [0.0, 1.0] [0.0, 1.0] [0.0, 1.0] [0.0, 1.0] [0.0, 1.0] [0.0, 1.0] [0.0, 1.0] [0.0, 1.0] [0.0, 1.0] [0.0, 1.0] [0.0, 1.0] [0.0, 1.0] [0.0, 1.0] [0.0, 1.0] [0.0, 1.0] [0.0, 1.0] [0.0, 1.0] [0.0, 1.0] [0.0, 1.0] [0.0, 1.0] [0.0, 1.0] [0.0, 1.0] [0.0, 1.0] [0.0, 1.0] [0.0, 1.0] [0.0, 1.0] [0.0, 1.0] [0.0, 1.0] [0.0, 1.0] [0.0, 1.0] [0.0, 1.0] [0.0, 1.0] [0.0, 1.0] [0.0, 1.0] [0.0, 1.0] [0.0, 1.0] [0.0, 1.0] [0.0, 1.0] [0.0, 1.0] [0.0, 1.0] [0.0, 1.0] [0.0, 1.0] [0.0, 1.0] [0.0, 1.0] [0.0, 1.0] [0.0, 1.0] [0.0, 1.0] [0.0, 1.0] [0.0, 1.0] [0.0, 1.0] [0.0, 1.0] [0.0, 1.0] [0.0, 1.0] [0.0, 1.0] [0.0, 1.0] [0.0, 1.0] [0.0, 1.0] [0.0, 1.0] [0.0, 1.0] [0.0, 1.0] [0.0, 1.0] [0.0, 1.0] [0.0, 1.0] [0.0, 1.0] [0.0, 1.0] [0.0, 1.0] [0.0, 1.0] [0.0, 1.0] [0.0, 1.0] [0.0, 1.0] [0.0, 1.0] [0.0, 1.0] [0.0, 1.0] [0.0, 1.0] [0.0, 1.0] [0.0, 1.0] [0.0, 1.0] [0.0, 1.0] [0.0, 1.0] [0.0, 1.0] [0.0, 1.0] [0.0, 1.0] [0.0, 1.0] [0.0, 1.0] [0.0, 1.0] [0.0, 1.0] [0.0, 1.0] [0.0, 1.0] [0.0, 1.0] [0.0, 1.0] [0.0, 1.0] [0.0, 1.0] [0.0, 1.0] [0.0, 1.0] [0.0, 1.0] [0.0, 1.0] [0.0, 1.0] [0.0, 1.0] [0.0, 1.0] [0.0, 1.0] [0.0, 1.0] [0.0, 1.0] [0.0, 1.0] [0.0, 1.0] [0.0, 1.0] [0.0, 1.0] [0.0, 1.0] [0.0, 1.0] [0.0, 1.0] [0.0, 1.0] [0.0, 1.0] [0.0, 1.0] [0.0, 1.0] [0.0, 1.0] [0.0, 1.0] [0.0, 1.0] [0.0, 1.0] [0.0, 1.0] [0.0, 1.0] [0.0, 1.0] [0.0, 1.0] [0.0, 1.0] [0.0, 1.0] [0.0, 1.0] [0.0, 1.0] [0.0, 1.0] [0.0, 1.0] [0.0, 1.0] [0.0, 1.0] [0.0, 1.0] [0.0, 1.0] [0.0, 1.0] [0.0, 1.0] [0.0, 1.0] [0.0, 1.0] [0.0, 1.0] [0.0, 1.0] [0.0, 1.0] [0.0, 1.0] [0.0, 1.0] [0.0, 1.0] [0.0, 1.0] [0.0, 1.0] 
    4: [0.0, 1.0] [0.0, 0.0] [0.0, 2.0] [2.0, 2.0] [1.0, 2.0] [1.0, 2.0] [2.0, 2.0] [0.0, 2.0] [0.0, 0.0] [0.0, 1.0] [1.0, 1.0] [1.0, 2.0] [1.0, 1.0] [1.0, 1.0] [1.0, 2.0] [2.0, 2.0] [0.0, 2.0] [0.0, 0.0] [0.0, 1.0] [0.0, 1.0] [0.0, 0.0] [0.0, 2.0] [2.0, 2.0] [1.0, 2.0] [1.0, 1.0] [0.0, 1.0] [2.0, 2.0] [2.0, 2.0] [1.0, 2.0] [1.0, 1.0] [0.0, 1.0] [0.0, 0.0] [0.0, 2.0] [0.0, 2.0] [0.0, 0.0] [0.0, 1.0] [1.0, 1.0] [1.0, 2.0] [2.0, 2.0] [0.0, 2.0] [0.0, 0.0] [0.0, 0.0] [0.0, 1.0] [1.0, 1.0] [1.0, 2.0] [2.0, 2.0] [0.0, 2.0] [0.0, 2.0] [2.0, 2.0] [1.0, 2.0] [1.0, 1.0] [0.0, 1.0] [0.0, 0.0] [0.0, 2.0] [0.0, 0.0] [0.0, 0.0] [0.0, 2.0] [2.0, 2.0] [1.0, 2.0] [1.0, 1.0] [0.0, 1.0] [0.0, 1.0] [1.0, 1.0] [1.0, 2.0] [2.0, 2.0] [0.0, 2.0] [0.0, 0.0] [0.0, 1.0] [1.0, 1.0] [1.0, 1.0] [1.0, 2.0] [2.0, 2.0] [0.0, 2.0] [0.0, 0.0] [0.0, 1.0] [0.0, 1.0] [0.0, 0.0] [0.0, 2.0] [2.0, 2.0] [1.0, 2.0] [1.0, 1.0] [0.0, 1.0] [0.0, 0.0] [0.0, 0.0] [0.0, 1.0] [1.0, 1.0] [1.0, 2.0] [2.0, 2.0] [0.0, 2.0] [0.0, 2.0] [2.0, 2.0] [1.0, 2.0] [1.0, 1.0] [0.0, 1.0] [0.0, 0.0] [0.0, 2.0] [2.0, 2.0] [2.0, 2.0] [1.0, 2.0] [1.0, 1.0] [0.0, 1.0] [0.0, 0.0] [0.0, 2.0] [0.0, 2.0] [0.0, 0.0] [0.0, 1.0] [1.0, 1.0] [1.0, 2.0] [2.0, 2.0] [0.0, 2.0] [2.0, 2.0] [2.0, 2.0] [0.0, 2.0] [0.0, 0.0] [0.0, 1.0] [1.0, 1.0] [1.0, 2.0] [1.0, 2.0] [1.0, 1.0] [0.0, 1.0] [0.0, 0.0] [0.0, 2.0] [2.0, 2.0] [1.0, 2.0] [1.0, 1.0] [1.0, 1.0] [0.0, 1.0] [0.0, 0.0] [0.0, 2.0] [2.0, 2.0] [1.0, 2.0] [1.0, 2.0] [2.0, 2.0] [0.0, 2.0] [0.0, 0.0] [0.0, 1.0] [1.0, 1.0] [1.0, 2.0] [0.0, 0.0] [0.0, 0.0] [0.0, 2.0] [2.0, 2.0] [1.0, 2.0] [1.0, 1.0] [0.0, 1.0] [0.0, 1.0] [1.0, 1.0] [1.0, 2.0] [2.0, 2.0] [0.0, 2.0] [0.0, 0.0] [0.0, 1.0] 
    5: [0.0, 1.0] [0.0, 1.0] [0.0, 1.0] [0.0, 1.0] [0.0, 1.0] [0.0, 1.0] [0.0, 1.0] [0.0, 1.0] [0.0, 1.0] [0.0, 1.0] [0.0, 1.0] [0.0, 1.0] [0.0, 1.0] [0.0, 1.0] [0.0, 1.0] [0.0, 1.0] [0.0, 1.0] [0.0, 1.0] [0.0, 1.0] [0.0, 1.0] [0.0, 1.0] [0.0, 1.0] [0.0, 1.0] [0.0, 1.0] [0.0, 1.0] [0.0, 1.0] [0.0, 1.0] [0.0, 1.0] [0.0, 1.0] [0.0, 1.0] [0.0, 1.0] [0.0, 1.0] [0.0, 1.0] [0.0, 1.0] [0.0, 1.0] [0.0, 1.0] [0.0, 1.0] [0.0, 1.0] [0.0, 1.0] [0.0, 1.0] [0.0, 1.0] [0.0, 1.0] [0.0, 1.0] [0.0, 1.0] [0.0, 1.0] [0.0, 1.0] [0.0, 1.0] [0.0, 1.0] [0.0, 1.0] [0.0, 1.0] [0.0, 1.0] [0.0, 1.0] [0.0, 1.0] [0.0, 1.0] [0.0, 1.0] [0.0, 1.0] [0.0, 1.0] [0.0, 1.0] [0.0, 1.0] [0.0, 1.0] [0.0, 1.0] [0.0, 1.0] [0.0, 1.0] [0.0, 1.0] [0.0, 1.0] [0.0, 1.0] [0.0, 1.0] [0.0, 1.0] [0.0, 1.0] [0.0, 1.0] [0.0, 1.0] [0.0, 1.0] [0.0, 1.0] [0.0, 1.0] [0.0, 1.0] [0.0, 1.0] [0.0, 1.0] [0.0, 1.0] [0.0, 1.0] [0.0, 1.0] [0.0, 1.0] [0.0, 1.0] [0.0, 1.0] [0.0, 1.0] [0.0, 1.0] [0.0, 1.0] [0.0, 1.0] [0.0, 1.0] [0.0, 1.0] [0.0, 1.0] [0.0, 1.0] [0.0, 1.0] [0.0, 1.0] [0.0, 1.0] [0.0, 1.0] [0.0, 1.0] [0.0, 1.0] [0.0, 1.0] [0.0, 1.0] [0.0, 1.0] [0.0, 1.0] [0.0, 1.0] [0.0, 1.0] [0.0, 1.0] [0.0, 1.0] [0.0, 1.0] [0.0, 1.0] [0.0, 1.0] [0.0, 1.0] [0.0, 1.0] [0.0, 1.0] [0.0, 1.0] [0.0, 1.0] [0.0, 1.0] [0.0, 1.0] [0.0, 1.0] [0.0, 1.0] [0.0, 1.0] [0.0, 1.0] [0.0, 1.0] [0.0, 1.0] [0.0, 1.0] [0.0, 1.0] [0.0, 1.0] [0.0, 1.0] [0.0, 1.0] [0.0, 1.0] [0.0, 1.0] [0.0, 1.0] [0.0, 1.0] [0.0, 1.0] [0.0, 1.0] [0.0, 1.0] [0.0, 1.0] [0.0, 1.0] [0.0, 1.0] [0.0, 1.0] [0.0, 1.0] [0.0, 1.0] [0.0, 1.0] [0.0, 1.0] [0.0, 1.0] [0.0, 1.0] [0.0, 1.0] [0.0, 1.0] [0.0, 1.0] [0.0, 1.0] [0.0, 1.0] [0.0, 1.0] [0.0, 1.0] [0.0, 1.0] [0.0, 1.0] 
  Output fraction of data:
distance_to_reward_zone: (0.126 0.052 0.343 0.428 0.310 0.367 0.392 0.179 0.061 0.207 0.243 0.345 0.321 0.303 0.372 0.508 0.200 0.061 0.205 0.162 0.053 0.364 0.490 0.327 0.257 0.119 0.519 0.548 0.378 0.282 0.148 0.046 0.341 0.200 0.056 0.213 0.286 0.447 0.464 0.228 0.070 0.060 0.240 0.276 0.399 0.410 0.188 0.328 0.425 0.308 0.248 0.118 0.055 0.395 0.057 0.094 0.379 0.481 0.365 0.249 0.125 0.191 0.231 0.349 0.461 0.200 0.046 0.178 0.306 0.312 0.431 0.510 0.229 0.054 0.164 0.143 0.040 0.384 0.482 0.289 0.234 0.130 0.078 0.077 0.216 0.291 0.425 0.394 0.184 0.361 0.384 0.294 0.232 0.113 0.068 0.323 0.430 0.415 0.272 0.266 0.136 0.073 0.361 0.207 0.057 0.215 0.181 0.386 0.313 0.151 0.225 0.217 0.117 0.024 0.147 0.134 0.210 0.158 0.102 0.055 0.017 0.247 0.499 0.204 0.298 0.229 0.121 0.153 0.331 0.502 0.360 0.388 0.529 0.255 0.058 0.249 0.274 0.349 0.071 0.075 0.459 0.491 0.383 0.322 0.122 0.215 0.266 0.385 0.423 0.181 0.041 0.241)  0.090 0.094 0.095 0.098 0.100 0.113 0.100 0.094 0.115 0.109 0.113 0.115 0.106 0.088 0.099 0.096 0.085 0.142 0.120 0.106 0.102 0.086 0.109 0.113 0.132 0.118 0.125 0.106 0.098 0.098 0.096 0.129 0.096 0.094 0.121 0.117 0.095 0.107 0.106 0.107 0.126 0.130 0.099 0.115 0.109 0.086 0.099 0.110 0.094 0.107 0.123 0.107 0.116 0.101 0.103 0.141 0.094 0.091 0.096 0.092 0.098 0.124 0.098 0.114 0.107 0.091 0.088 0.089 0.099 0.106 0.089 0.092 0.077 0.089 0.081 0.098 0.063 0.088 0.083 0.080 0.089 0.097 0.106 0.118 0.091 0.102 0.102 0.097 0.094 0.098 0.103 0.100 0.110 0.102 0.110 0.097 0.103 0.114 0.105 0.087 0.088 0.108 0.077 0.082 0.088 0.079 0.084 0.104 0.089 0.065 0.061 0.048 0.062 0.051 0.063 0.080 0.067 0.050 0.060 0.053 0.032 0.061 0.123 0.091 0.097 0.086 0.068 0.081 0.075 0.107 0.092 0.114 0.136 0.118 0.137 0.151 0.155 0.139 0.132 0.189 0.139 0.150 0.140 0.166 0.134 0.147 0.138 0.165 0.164 0.114 0.136 0.154)  0.052 0.063 0.042 0.094 0.062 0.069 0.068 0.055 0.113 0.097 0.081 0.057 0.028 0.024 0.029 0.028 0.029 0.062 0.071 0.063 0.088 0.045 0.035 0.031 0.059 0.084 0.029 0.027 0.024 0.026 0.029 0.057 0.037 0.043 0.082 0.050 0.028 0.030 0.034 0.035 0.047 0.060 0.036 0.044 0.041 0.056 0.056 0.046 0.043 0.058 0.051 0.045 0.079 0.042 0.030 0.048 0.031 0.033 0.043 0.033 0.057 0.061 0.043 0.039 0.035 0.041 0.108 0.088 0.029 0.028 0.024 0.027 0.024 0.038 0.023 0.033 0.056 0.036 0.025 0.026 0.028 0.039 0.031 0.032 0.048 0.039 0.038 0.064 0.046 0.053 0.181 0.116 0.188 0.183 0.205 0.124 0.057 0.106 0.103 0.068 0.129 0.149 0.078 0.106 0.275 0.135 0.201 0.111 0.172 0.076 0.103 0.249 0.035 0.171 0.106 0.134 0.224 0.168 0.069 0.114 0.084 0.094 0.054 0.071 0.029 0.042 0.060 0.146 0.118 0.054 0.102 0.053 0.043 0.033 0.100 0.090 0.117 0.088 0.038 0.065 0.045 0.060 0.056 0.070 0.058 0.065 0.051 0.059 0.065 0.040 0.092 0.075)  0.283 0.287 0.267 0.240 0.237 0.246 0.300 0.275 0.238 0.241 0.273 0.296 0.201 0.248 0.248 0.218 0.197 0.251 0.232 0.222 0.267 0.214 0.209 0.249 0.247 0.256 0.164 0.181 0.203 0.240 0.228 0.240 0.230 0.237 0.204 0.202 0.247 0.200 0.214 0.207 0.249 0.235 0.220 0.256 0.261 0.317 0.229 0.265 0.293 0.257 0.276 0.278 0.288 0.230 0.188 0.242 0.205 0.216 0.191 0.234 0.243 0.240 0.241 0.245 0.224 0.243 0.250 0.295 0.170 0.213 0.194 0.201 0.176 0.201 0.227 0.239 0.235 0.210 0.253 0.251 0.252 0.290 0.229 0.278 0.266 0.264 0.265 0.301 0.238 0.257 0.208 0.254 0.223 0.213 0.210 0.255 0.227 0.225 0.229 0.231 0.262 0.231 0.231 0.237 0.217 0.267 0.273 0.223 0.289 0.315 0.424 0.359 0.309 0.281 0.226 0.327 0.291 0.292 0.335 0.231 0.286 0.244 0.179 0.339 0.189 0.256 0.277 0.230 0.163 0.190 0.190 0.218 0.183 0.241 0.219 0.198 0.205 0.191 0.165 0.209 0.168 0.175 0.159 0.180 0.194 0.216 0.227 0.209 0.212 0.185 0.218 0.189)  0.023 0.020 0.021 0.024 0.024 0.014 0.020 0.019 0.014 0.015 0.016 0.017 0.018 0.021 0.022 0.019 0.021 0.020 0.029 0.022 0.023 0.021 0.020 0.019 0.019 0.020 0.022 0.019 0.020 0.022 0.018 0.020 0.023 0.026 0.021 0.019 0.024 0.022 0.022 0.019 0.016 0.019 0.021 0.022 0.021 0.020 0.016 0.022 0.021 0.027 0.021 0.022 0.015 0.026 0.024 0.021 0.021 0.024 0.022 0.021 0.026 0.021 0.026 0.028 0.023 0.021 0.018 0.022 0.020 0.023 0.023 0.026 0.024 0.024 0.026 0.021 0.025 0.023 0.019 0.028 0.021 0.019 0.023 0.018 0.022 0.019 0.019 0.025 0.020 0.017 0.016 0.019 0.016 0.025 0.017 0.017 0.019 0.021 0.022 0.016 0.018 0.016 0.020 0.015 0.015 0.027 0.015 0.018 0.019 0.020 0.045 0.028 0.021 0.025 0.021 0.026 0.018 0.020 0.040 0.026 0.015 0.020 0.018 0.021 0.018 0.018 0.026 0.014 0.026 0.019 0.017 0.017 0.014 0.016 0.020 0.013 0.014 0.015 0.017 0.020 0.014 0.015 0.015 0.016 0.022 0.018 0.019 0.020 0.019 0.024 0.022 0.018)  0.074 0.069 0.068 0.069 0.073 0.060 0.070 0.068 0.080 0.076 0.059 0.062 0.073 0.075 0.085 0.079 0.082 0.062 0.074 0.075 0.071 0.079 0.077 0.070 0.069 0.070 0.075 0.065 0.080 0.068 0.072 0.074 0.076 0.075 0.072 0.078 0.070 0.071 0.081 0.072 0.058 0.086 0.073 0.065 0.072 0.067 0.064 0.068 0.078 0.085 0.070 0.070 0.058 0.067 0.108 0.067 0.079 0.084 0.084 0.077 0.082 0.070 0.093 0.089 0.084 0.087 0.081 0.067 0.098 0.083 0.087 0.083 0.091 0.082 0.096 0.089 0.083 0.090 0.079 0.110 0.085 0.071 0.067 0.067 0.076 0.074 0.058 0.074 0.076 0.065 0.070 0.062 0.055 0.069 0.055 0.056 0.096 0.071 0.069 0.064 0.059 0.055 0.067 0.062 0.056 0.061 0.058 0.064 0.071 0.075 0.078 0.051 0.107 0.088 0.062 0.084 0.066 0.086 0.096 0.090 0.059 0.085 0.060 0.084 0.074 0.071 0.068 0.041 0.058 0.074 0.063 0.087 0.045 0.060 0.067 0.056 0.052 0.058 0.061 0.067 0.055 0.060 0.057 0.058 0.077 0.059 0.072 0.062 0.068 0.069 0.073 0.064)  0.352 0.415 0.164 0.048 0.195 0.130 0.050 0.310 0.379 0.254 0.215 0.106 0.253 0.242 0.144 0.051 0.386 0.402 0.268 0.351 0.397 0.190 0.059 0.191 0.217 0.332 0.065 0.054 0.198 0.266 0.409 0.434 0.197 0.325 0.445 0.321 0.250 0.124 0.080 0.331 0.433 0.411 0.311 0.222 0.096 0.044 0.348 0.160 0.045 0.159 0.211 0.359 0.389 0.140 0.489 0.388 0.191 0.070 0.200 0.294 0.369 0.293 0.269 0.136 0.066 0.318 0.410 0.261 0.279 0.235 0.152 0.062 0.378 0.512 0.383 0.378 0.498 0.168 0.059 0.215 0.291 0.355 0.466 0.410 0.281 0.210 0.092 0.045 0.342 0.150 0.037 0.154 0.175 0.295 0.335 0.128 0.067 0.049 0.199 0.268 0.307 0.368 0.166 0.291 0.292 0.217 0.186 0.094 0.046 0.298 0.064 0.048 0.349 0.360 0.375 0.214 0.125 0.225 0.297 0.431 0.507 0.249 0.067 0.191 0.296 0.298 0.381 0.336 0.231 0.054 0.175 0.123 0.050 0.279 0.398 0.242 0.183 0.159 0.516 0.375 0.121 0.049 0.189 0.188 0.392 0.280 0.226 0.100 0.049 0.387 0.417 0.259)  
position: (0.088 0.096 0.094 0.064 0.068 0.067 0.067 0.083 0.114 0.096 0.071 0.063 0.107 0.099 0.076 0.090 0.081 0.122 0.090 0.112 0.092 0.075 0.059 0.064 0.064 0.082 0.102 0.085 0.089 0.082 0.085 0.098 0.068 0.072 0.100 0.084 0.088 0.086 0.070 0.087 0.124 0.115 0.095 0.089 0.080 0.094 0.093 0.090 0.079 0.074 0.077 0.080 0.097 0.078 0.109 0.164 0.106 0.089 0.080 0.083 0.082 0.074 0.085 0.077 0.114 0.096 0.074 0.059 0.090 0.112 0.115 0.087 0.085 0.093 0.078 0.101 0.066 0.093 0.089 0.064 0.074 0.086 0.131 0.134 0.097 0.079 0.063 0.046 0.074 0.089 0.053 0.059 0.063 0.082 0.120 0.088 0.074 0.070 0.058 0.085 0.101 0.121 0.100 0.093 0.094 0.088 0.059 0.068 0.057 0.065 0.040 0.051 0.070 0.042 0.042 0.043 0.040 0.040 0.032 0.039 0.029 0.033 0.069 0.047 0.113 0.073 0.097 0.194 0.094 0.074 0.063 0.092 0.171 0.103 0.106 0.079 0.067 0.058 0.130 0.158 0.111 0.061 0.061 0.087 0.100 0.075 0.072 0.059 0.065 0.079 0.086 0.067)  0.303 0.438 0.278 0.144 0.163 0.151 0.136 0.283 0.440 0.304 0.172 0.149 0.214 0.204 0.175 0.207 0.258 0.431 0.296 0.323 0.460 0.300 0.150 0.167 0.193 0.342 0.177 0.190 0.195 0.200 0.301 0.412 0.263 0.273 0.402 0.290 0.198 0.200 0.142 0.263 0.399 0.403 0.303 0.188 0.162 0.128 0.257 0.259 0.146 0.153 0.171 0.307 0.470 0.274 0.344 0.399 0.271 0.176 0.189 0.166 0.304 0.291 0.146 0.134 0.152 0.291 0.465 0.312 0.216 0.200 0.178 0.185 0.242 0.335 0.234 0.285 0.375 0.290 0.173 0.147 0.160 0.322 0.354 0.407 0.283 0.212 0.200 0.114 0.261 0.280 0.116 0.149 0.169 0.346 0.505 0.293 0.144 0.141 0.146 0.181 0.336 0.470 0.269 0.292 0.573 0.323 0.122 0.151 0.098 0.314 0.071 0.071 0.217 0.527 0.290 0.091 0.079 0.079 0.070 0.249 0.419 0.256 0.161 0.111 0.184 0.156 0.319 0.440 0.292 0.192 0.237 0.155 0.118 0.227 0.448 0.396 0.208 0.112 0.309 0.418 0.288 0.170 0.209 0.236 0.319 0.274 0.195 0.139 0.130 0.248 0.444 0.300)  0.286 0.163 0.175 0.180 0.301 0.294 0.155 0.149 0.160 0.313 0.467 0.287 0.335 0.359 0.241 0.169 0.194 0.147 0.304 0.251 0.151 0.179 0.231 0.328 0.438 0.276 0.196 0.220 0.268 0.363 0.266 0.168 0.192 0.170 0.171 0.277 0.369 0.255 0.205 0.194 0.140 0.164 0.259 0.416 0.294 0.154 0.176 0.172 0.166 0.322 0.450 0.287 0.147 0.204 0.179 0.149 0.191 0.177 0.264 0.359 0.274 0.325 0.382 0.243 0.152 0.166 0.154 0.340 0.298 0.347 0.235 0.199 0.206 0.222 0.291 0.266 0.194 0.184 0.182 0.277 0.369 0.280 0.171 0.164 0.315 0.406 0.279 0.189 0.183 0.198 0.171 0.340 0.522 0.317 0.123 0.163 0.172 0.164 0.319 0.386 0.296 0.130 0.173 0.168 0.122 0.335 0.558 0.309 0.126 0.147 0.095 0.077 0.127 0.171 0.281 0.542 0.331 0.302 0.465 0.337 0.204 0.168 0.217 0.386 0.314 0.385 0.245 0.103 0.183 0.202 0.239 0.304 0.180 0.168 0.153 0.272 0.476 0.328 0.147 0.147 0.218 0.205 0.304 0.416 0.252 0.350 0.416 0.310 0.172 0.192 0.168 0.334)  0.165 0.162 0.284 0.433 0.294 0.318 0.433 0.281 0.135 0.157 0.146 0.341 0.173 0.175 0.297 0.345 0.274 0.145 0.169 0.163 0.143 0.250 0.364 0.247 0.159 0.153 0.323 0.327 0.263 0.171 0.172 0.150 0.280 0.282 0.158 0.173 0.179 0.279 0.353 0.261 0.166 0.186 0.176 0.158 0.299 0.447 0.304 0.305 0.416 0.290 0.159 0.164 0.139 0.285 0.184 0.139 0.253 0.334 0.267 0.190 0.171 0.151 0.208 0.334 0.358 0.242 0.142 0.153 0.221 0.190 0.251 0.303 0.237 0.194 0.218 0.196 0.189 0.240 0.360 0.313 0.209 0.168 0.176 0.158 0.158 0.170 0.314 0.453 0.289 0.292 0.491 0.307 0.131 0.132 0.122 0.320 0.385 0.436 0.288 0.165 0.145 0.134 0.272 0.288 0.109 0.149 0.135 0.325 0.539 0.280 0.571 0.636 0.336 0.136 0.128 0.181 0.375 0.393 0.218 0.185 0.205 0.285 0.366 0.277 0.178 0.168 0.151 0.111 0.248 0.344 0.300 0.267 0.390 0.331 0.144 0.129 0.123 0.318 0.197 0.135 0.255 0.402 0.259 0.143 0.179 0.137 0.163 0.345 0.457 0.281 0.139 0.149)  0.157 0.141 0.168 0.178 0.174 0.171 0.209 0.204 0.152 0.130 0.144 0.159 0.171 0.162 0.210 0.189 0.194 0.155 0.141 0.152 0.154 0.197 0.196 0.194 0.146 0.147 0.202 0.178 0.186 0.184 0.176 0.172 0.197 0.203 0.169 0.176 0.166 0.180 0.230 0.196 0.171 0.133 0.166 0.150 0.166 0.176 0.170 0.173 0.193 0.160 0.143 0.162 0.146 0.160 0.184 0.150 0.179 0.224 0.200 0.202 0.169 0.159 0.179 0.212 0.224 0.204 0.165 0.135 0.175 0.151 0.222 0.226 0.231 0.155 0.178 0.151 0.176 0.193 0.197 0.199 0.188 0.144 0.170 0.138 0.147 0.133 0.145 0.197 0.193 0.141 0.169 0.146 0.115 0.123 0.129 0.136 0.225 0.189 0.189 0.183 0.121 0.146 0.187 0.159 0.101 0.105 0.125 0.147 0.180 0.194 0.223 0.165 0.251 0.123 0.259 0.143 0.174 0.186 0.216 0.190 0.143 0.257 0.187 0.180 0.210 0.218 0.188 0.152 0.183 0.189 0.162 0.182 0.141 0.171 0.148 0.125 0.127 0.183 0.217 0.143 0.128 0.162 0.167 0.119 0.150 0.164 0.154 0.146 0.177 0.199 0.163 0.149)  
speed: (0.115 0.126 0.103 0.139 0.109 0.113 0.137 0.126 0.153 0.158 0.147 0.149 0.011 0.030 0.029 0.026 0.023 0.045 0.054 0.043 0.059 0.061 0.060 0.070 0.075 0.075 0.011 0.025 0.022 0.034 0.025 0.023 0.011 0.023 0.012 0.023 0.069 0.028 0.028 0.028 0.057 0.101 0.038 0.039 0.034 0.078 0.057 0.026 0.047 0.039 0.035 0.045 0.050 0.029 0.061 0.038 0.008 0.085 0.029 0.033 0.016 0.016 0.005 0.036 0.029 0.011 0.061 0.115 0.016 0.032 0.052 0.042 0.012 0.063 0.028 0.026 0.079 0.057 0.084 0.072 0.050 0.071 0.054 0.094 0.123 0.133 0.186 0.162 0.125 0.121 0.178 0.158 0.178 0.184 0.160 0.159 0.095 0.096 0.152 0.152 0.258 0.186 0.142 0.190 0.289 0.274 0.275 0.165 0.258 0.197 0.430 0.436 0.154 0.300 0.285 0.249 0.312 0.312 0.254 0.204 0.210 0.201 0.058 0.159 0.134 0.175 0.248 0.402 0.234 0.128 0.202 0.138 0.180 0.159 0.103 0.131 0.156 0.242 0.049 0.029 0.010 0.038 0.025 0.046 0.008 0.030 0.027 0.021 0.013 0.016 0.040 0.058)  0.061 0.063 0.053 0.050 0.051 0.050 0.054 0.059 0.062 0.051 0.051 0.057 0.039 0.074 0.069 0.066 0.056 0.063 0.061 0.058 0.062 0.056 0.051 0.059 0.048 0.062 0.050 0.059 0.054 0.069 0.060 0.073 0.068 0.076 0.068 0.061 0.062 0.058 0.057 0.063 0.087 0.073 0.066 0.069 0.072 0.078 0.082 0.077 0.075 0.078 0.077 0.080 0.087 0.066 0.060 0.069 0.060 0.067 0.058 0.058 0.100 0.094 0.081 0.071 0.070 0.067 0.108 0.128 0.058 0.072 0.059 0.060 0.063 0.100 0.079 0.077 0.079 0.072 0.074 0.083 0.069 0.080 0.066 0.071 0.069 0.065 0.070 0.073 0.057 0.070 0.070 0.064 0.063 0.066 0.075 0.069 0.067 0.085 0.067 0.068 0.061 0.058 0.045 0.060 0.054 0.053 0.072 0.065 0.050 0.050 0.097 0.080 0.128 0.078 0.079 0.066 0.070 0.086 0.103 0.078 0.096 0.080 0.056 0.073 0.162 0.096 0.104 0.129 0.093 0.145 0.115 0.198 0.227 0.199 0.174 0.289 0.311 0.294 0.052 0.134 0.075 0.099 0.059 0.088 0.048 0.073 0.067 0.090 0.089 0.047 0.120 0.096)  0.060 0.071 0.060 0.051 0.056 0.057 0.074 0.065 0.077 0.065 0.079 0.068 0.053 0.060 0.070 0.060 0.067 0.067 0.082 0.063 0.070 0.062 0.051 0.040 0.041 0.067 0.076 0.068 0.061 0.064 0.060 0.126 0.088 0.088 0.122 0.120 0.100 0.070 0.057 0.063 0.145 0.177 0.099 0.101 0.124 0.092 0.078 0.084 0.070 0.080 0.084 0.076 0.104 0.067 0.091 0.137 0.068 0.100 0.105 0.075 0.112 0.139 0.089 0.139 0.104 0.082 0.115 0.144 0.109 0.076 0.071 0.083 0.184 0.241 0.163 0.116 0.190 0.134 0.059 0.072 0.078 0.080 0.087 0.099 0.196 0.123 0.271 0.121 0.083 0.115 0.101 0.107 0.134 0.105 0.098 0.088 0.217 0.229 0.256 0.247 0.135 0.105 0.122 0.172 0.087 0.173 0.159 0.243 0.098 0.086 0.091 0.070 0.098 0.080 0.161 0.142 0.108 0.123 0.125 0.100 0.093 0.105 0.065 0.089 0.273 0.222 0.222 0.177 0.195 0.156 0.175 0.198 0.222 0.149 0.152 0.206 0.173 0.187 0.134 0.282 0.278 0.218 0.293 0.327 0.141 0.168 0.147 0.229 0.163 0.157 0.187 0.292)  0.244 0.223 0.302 0.287 0.303 0.298 0.223 0.226 0.228 0.329 0.310 0.264 0.259 0.141 0.233 0.227 0.329 0.225 0.262 0.251 0.182 0.164 0.460 0.239 0.310 0.201 0.442 0.473 0.404 0.372 0.321 0.205 0.354 0.278 0.167 0.382 0.492 0.448 0.375 0.416 0.300 0.285 0.417 0.251 0.245 0.148 0.155 0.259 0.156 0.216 0.194 0.197 0.116 0.364 0.509 0.336 0.497 0.531 0.463 0.231 0.197 0.265 0.197 0.277 0.278 0.163 0.099 0.181 0.488 0.302 0.390 0.415 0.677 0.556 0.618 0.398 0.584 0.480 0.224 0.258 0.376 0.223 0.439 0.348 0.418 0.443 0.279 0.374 0.433 0.405 0.287 0.280 0.267 0.238 0.219 0.299 0.323 0.233 0.342 0.405 0.317 0.308 0.556 0.391 0.212 0.325 0.185 0.259 0.243 0.268 0.169 0.111 0.374 0.277 0.315 0.226 0.200 0.228 0.279 0.232 0.304 0.323 0.261 0.189 0.379 0.421 0.388 0.289 0.441 0.505 0.339 0.351 0.315 0.472 0.391 0.275 0.199 0.250 0.358 0.176 0.339 0.180 0.281 0.163 0.269 0.219 0.277 0.236 0.227 0.293 0.123 0.182)  0.519 0.517 0.483 0.474 0.481 0.482 0.512 0.524 0.481 0.397 0.413 0.462 0.638 0.695 0.599 0.620 0.524 0.600 0.540 0.585 0.627 0.657 0.377 0.592 0.526 0.595 0.422 0.375 0.458 0.461 0.534 0.573 0.479 0.535 0.631 0.415 0.278 0.396 0.483 0.431 0.411 0.364 0.380 0.540 0.525 0.604 0.627 0.554 0.653 0.587 0.610 0.602 0.643 0.474 0.278 0.419 0.367 0.217 0.344 0.602 0.575 0.486 0.628 0.477 0.520 0.677 0.618 0.431 0.329 0.517 0.428 0.400 0.064 0.040 0.112 0.382 0.068 0.258 0.559 0.515 0.427 0.546 0.353 0.387 0.193 0.236 0.194 0.270 0.303 0.289 0.364 0.391 0.358 0.407 0.449 0.384 0.298 0.357 0.183 0.129 0.229 0.343 0.136 0.188 0.357 0.175 0.309 0.268 0.351 0.399 0.213 0.303 0.246 0.265 0.160 0.317 0.311 0.251 0.239 0.386 0.296 0.292 0.560 0.489 0.053 0.086 0.037 0.002 0.038 0.066 0.169 0.115 0.057 0.021 0.181 0.099 0.162 0.027 0.407 0.380 0.297 0.464 0.342 0.376 0.534 0.510 0.483 0.423 0.508 0.487 0.531 0.373)  
lick: (0.823 0.817 0.788 0.803 0.811 0.789 0.759 0.758 0.764 0.715 0.769 0.761 0.837 0.829 0.845 0.839 0.841 0.845 0.824 0.828 0.801 0.737 0.800 0.743 0.778 0.734 0.868 0.814 0.803 0.811 0.826 0.845 0.790 0.809 0.834 0.798 0.821 0.742 0.831 0.784 0.844 0.754 0.816 0.845 0.832 0.859 0.832 0.822 0.822 0.828 0.821 0.789 0.793 0.725 0.818 0.822 0.799 0.783 0.707 0.791 0.812 0.761 0.771 0.736 0.745 0.756 0.771 0.681 0.795 0.779 0.795 0.796 0.784 0.847 0.823 0.822 0.880 0.781 0.733 0.745 0.795 0.782 0.795 0.833 0.755 0.843 0.796 0.792 0.798 0.781 0.781 0.749 0.750 0.752 0.746 0.739 0.802 0.818 0.800 0.800 0.766 0.755 0.763 0.756 0.688 0.692 0.691 0.726 0.652 0.665 0.804 0.722 0.711 0.771 0.798 0.778 0.743 0.742 0.755 0.769 0.786 0.707 0.869 0.712 0.814 0.805 0.837 0.850 0.913 0.761 0.650 0.778 0.765 0.733 0.742 0.755 0.689 0.484 0.703 0.744 0.701 0.669 0.696 0.686 0.681 0.663 0.686 0.662 0.708 0.690 0.774 0.728)  0.177 0.183 0.212 0.197 0.189 0.211 0.241 0.242 0.236 0.285 0.231 0.239 0.163 0.171 0.155 0.161 0.159 0.155 0.176 0.172 0.199 0.263 0.200 0.257 0.222 0.266 0.132 0.186 0.197 0.189 0.174 0.155 0.210 0.191 0.166 0.202 0.179 0.258 0.169 0.216 0.156 0.246 0.184 0.155 0.168 0.141 0.168 0.178 0.178 0.172 0.179 0.211 0.207 0.275 0.182 0.178 0.201 0.217 0.293 0.209 0.188 0.239 0.229 0.264 0.255 0.244 0.229 0.319 0.205 0.221 0.205 0.204 0.216 0.153 0.177 0.178 0.120 0.219 0.267 0.255 0.205 0.218 0.205 0.167 0.245 0.157 0.204 0.208 0.202 0.219 0.219 0.251 0.250 0.248 0.254 0.261 0.198 0.182 0.200 0.200 0.234 0.245 0.237 0.244 0.312 0.308 0.309 0.274 0.348 0.335 0.196 0.278 0.289 0.229 0.202 0.222 0.257 0.258 0.245 0.231 0.214 0.293 0.131 0.288 0.186 0.195 0.163 0.150 0.087 0.239 0.350 0.222 0.235 0.267 0.258 0.245 0.311 0.516 0.297 0.256 0.299 0.331 0.304 0.314 0.319 0.337 0.314 0.338 0.292 0.310 0.226 0.272)  
reward_location: (0.579 1.000 0.353 0.000 0.000 0.000 0.000 0.610 1.000 0.354 0.000 0.000 0.000 0.000 0.000 0.000 0.646 1.000 0.343 0.613 1.000 0.337 0.000 0.000 0.000 0.617 0.000 0.000 0.000 0.000 0.629 1.000 0.344 0.598 1.000 0.344 0.000 0.000 0.000 0.607 1.000 1.000 0.336 0.000 0.000 0.000 0.637 0.338 0.000 0.000 0.000 0.600 1.000 0.298 1.000 1.000 0.358 0.000 0.000 0.000 0.599 0.349 0.000 0.000 0.000 0.620 1.000 0.348 0.000 0.000 0.000 0.000 0.613 1.000 0.402 0.599 1.000 0.321 0.000 0.000 0.000 0.606 1.000 1.000 0.325 0.000 0.000 0.000 0.633 0.339 0.000 0.000 0.000 0.607 1.000 0.346 0.000 0.000 0.000 0.000 0.594 1.000 0.332 0.611 1.000 0.315 0.000 0.000 0.000 0.629 0.000 0.000 0.584 1.000 0.336 0.000 0.000 0.000 0.000 0.623 1.000 0.349 0.000 0.000 0.000 0.000 0.685 1.000 0.442 0.000 0.000 0.000 0.000 0.503 1.000 0.367 0.000 0.000 1.000 1.000 0.285 0.000 0.000 0.000 0.707 0.274 0.000 0.000 0.000 0.676 1.000 0.233)  0.421 0.000 0.000 0.000 0.620 0.375 0.000 0.000 0.000 0.646 1.000 0.371 1.000 1.000 0.402 0.000 0.000 0.000 0.657 0.387 0.000 0.000 0.000 0.603 1.000 0.383 0.000 0.000 0.630 1.000 0.371 0.000 0.000 0.000 0.000 0.656 1.000 0.366 0.000 0.000 0.000 0.000 0.664 1.000 0.357 0.000 0.000 0.000 0.000 0.619 1.000 0.400 0.000 0.000 0.000 0.000 0.000 0.000 0.606 1.000 0.401 0.651 1.000 0.334 0.000 0.000 0.000 0.652 1.000 1.000 0.378 0.000 0.000 0.000 0.598 0.401 0.000 0.000 0.000 0.638 1.000 0.394 0.000 0.000 0.675 1.000 0.338 0.000 0.000 0.000 0.000 0.607 1.000 0.393 0.000 0.000 0.000 0.000 0.638 1.000 0.406 0.000 0.000 0.000 0.000 0.685 1.000 0.329 0.000 0.000 0.000 0.000 0.000 0.000 0.664 1.000 0.428 0.623 1.000 0.377 0.000 0.000 0.000 0.701 1.000 1.000 0.315 0.000 0.000 0.000 0.637 0.441 0.000 0.000 0.000 0.633 1.000 0.372 0.000 0.000 0.000 0.000 0.621 1.000 0.293 0.726 1.000 0.361 0.000 0.000 0.000 0.767)  0.000 0.000 0.647 1.000 0.380 0.625 1.000 0.390 0.000 0.000 0.000 0.629 0.000 0.000 0.598 1.000 0.354 0.000 0.000 0.000 0.000 0.663 1.000 0.397 0.000 0.000 1.000 1.000 0.370 0.000 0.000 0.000 0.656 0.402 0.000 0.000 0.000 0.634 1.000 0.393 0.000 0.000 0.000 0.000 0.643 1.000 0.363 0.662 1.000 0.381 0.000 0.000 0.000 0.702 0.000 0.000 0.642 1.000 0.394 0.000 0.000 0.000 0.000 0.666 1.000 0.380 0.000 0.000 0.000 0.000 0.622 1.000 0.387 0.000 0.000 0.000 0.000 0.679 1.000 0.362 0.000 0.000 0.000 0.000 0.000 0.000 0.662 1.000 0.367 0.661 1.000 0.393 0.000 0.000 0.000 0.654 1.000 1.000 0.362 0.000 0.000 0.000 0.668 0.389 0.000 0.000 0.000 0.671 1.000 0.371 1.000 1.000 0.416 0.000 0.000 0.000 0.572 0.377 0.000 0.000 0.000 0.651 1.000 0.299 0.000 0.000 0.000 0.000 0.558 1.000 0.363 0.559 1.000 0.497 0.000 0.000 0.000 0.628 0.000 0.000 0.715 1.000 0.379 0.000 0.000 0.000 0.000 0.639 1.000 0.324 0.000 0.000)  
reward_outcome: (0.081 0.239 0.128 0.108 0.177 0.148 0.170 0.118 0.209 0.111 0.183 0.121 0.164 0.110 0.152 0.145 0.121 0.137 0.141 0.226 0.222 0.214 0.154 0.152 0.246 0.172 0.264 0.208 0.156 0.116 0.186 0.164 0.185 0.146 0.267 0.181 0.160 0.243 0.181 0.112 0.169 0.145 0.225 0.211 0.217 0.195 0.123 0.120 0.156 0.228 0.200 0.117 0.155 0.192 0.158 0.199 0.121 0.085 0.134 0.218 0.176 0.164 0.226 0.148 0.207 0.135 0.138 0.183 0.195 0.129 0.135 0.207 0.151 0.191 0.145 0.148 0.143 0.100 0.077 0.170 0.204 0.044 0.155 0.145 0.184 0.202 0.142 0.131 0.109 0.119 0.142 0.187 0.258 0.172 0.144 0.068 0.161 0.185 0.093 0.179 0.127 0.118 0.220 0.130 0.185 0.127 0.119 0.209 0.138 0.192 0.094 0.136 0.105 0.150 0.136 0.161 0.107 0.173 0.161 0.191 0.115 0.165 0.215 0.117 0.171 0.099 0.164 0.107 0.220 0.142 0.165 0.130 0.041 0.154 0.218 0.119 0.131 0.168 0.119 0.179 0.176 0.150 0.150 0.134 0.173 0.090 0.190 0.230 0.130 0.225 0.243 0.178)  0.919 0.761 0.872 0.892 0.823 0.852 0.830 0.882 0.791 0.889 0.817 0.879 0.836 0.890 0.848 0.855 0.879 0.863 0.859 0.774 0.778 0.786 0.846 0.848 0.754 0.828 0.736 0.792 0.844 0.884 0.814 0.836 0.815 0.854 0.733 0.819 0.840 0.757 0.819 0.888 0.831 0.855 0.775 0.789 0.783 0.805 0.877 0.880 0.844 0.772 0.800 0.883 0.845 0.808 0.842 0.801 0.879 0.915 0.866 0.782 0.824 0.836 0.774 0.852 0.793 0.865 0.862 0.817 0.805 0.871 0.865 0.793 0.849 0.809 0.855 0.852 0.857 0.900 0.923 0.830 0.796 0.956 0.845 0.855 0.816 0.798 0.858 0.869 0.891 0.881 0.858 0.813 0.742 0.828 0.856 0.932 0.839 0.815 0.907 0.821 0.873 0.882 0.780 0.870 0.815 0.873 0.881 0.791 0.862 0.808 0.906 0.864 0.895 0.850 0.864 0.839 0.893 0.827 0.839 0.809 0.885 0.835 0.785 0.883 0.829 0.901 0.836 0.893 0.780 0.858 0.835 0.870 0.959 0.846 0.782 0.881 0.869 0.832 0.881 0.821 0.824 0.850 0.850 0.866 0.827 0.910 0.810 0.770 0.870 0.775 0.757 0.822)  
Brain region: CA1: 138678 neurons  
Training on 9772 trials, testing on 2444 trials
Using device: cuda
Using balanced loss with class weights:
  Output 0: [0.04030141 0.09996647 0.13699119 0.04287886 0.49469075 0.14326581
 0.04190552]
  Output 1: [0.40381852 0.13507164 0.1322339  0.13507818 0.19379777]
  Output 2: [0.24697667 0.34356833 0.22563134 0.09496606 0.08885762]
  Output 3: [0.2313907 0.7686093]
  Output 4: [0.33989054 0.327961   0.33214846]
  Output 5: [0.84093547 0.15906453]
Session 82: Using random projection to 2000 of 2281 neurons for SVD initialization
Session 84: Using random projection to 2000 of 2341 neurons for SVD initialization
Session 86: Using random projection to 2000 of 2115 neurons for SVD initialization
Session 89: Using random projection to 2000 of 2314 neurons for SVD initialization
Epoch [1/200], Loss: 178.545791
Epoch [2/200], Loss: 153.006299
Epoch [3/200], Loss: 140.487766
Epoch [4/200], Loss: 132.377101
Epoch [5/200], Loss: 126.888469
Epoch [6/200], Loss: 122.977332
Epoch [7/200], Loss: 119.276128
Epoch [8/200], Loss: 115.219360
Epoch [9/200], Loss: 110.897590
Epoch [10/200], Loss: 106.662389
Epoch [20/200], Loss: 75.471615
Epoch [30/200], Loss: 54.442575
Epoch [40/200], Loss: 39.862292
Epoch [50/200], Loss: 29.300849
Epoch [60/200], Loss: 21.275453
Epoch [70/200], Loss: 15.025208
Epoch [80/200], Loss: 10.499327
Epoch [90/200], Loss: 7.152472
Epoch [100/200], Loss: 4.973575
Epoch [110/200], Loss: 3.604540
Epoch [120/200], Loss: 2.931696
Epoch [130/200], Loss: 2.432674
Epoch [140/200], Loss: 2.036985
Epoch [150/200], Loss: 1.812822
Epoch [160/200], Loss: 1.601338
Epoch [170/200], Loss: 1.488156
Epoch [180/200], Loss: 1.409354
Epoch [190/200], Loss: 1.298750
Epoch [200/200], Loss: 1.246532
Test Loss: 1.162080

Training Balanced Accuracy Scores (chance = 1/num_classes):
  0 (distance_to_reward_zone): 0.4844  (chance: 0.1429)
  1 (position): 0.5865  (chance: 0.2000)
  2 (speed): 0.4298  (chance: 0.2000)
  3 (lick): 0.6373  (chance: 0.5000)
  4 (reward_location): 0.8450  (chance: 0.3333)
  5 (reward_outcome): 0.5540  (chance: 0.5000)

Validation Balanced Accuracy Scores (chance = 1/num_classes):
  0 (distance_to_reward_zone): 0.4218  (chance: 0.1429)
  1 (position): 0.5547  (chance: 0.2000)
  2 (speed): 0.4028  (chance: 0.2000)
  3 (lick): 0.6223  (chance: 0.5000)
  4 (reward_location): 0.8099  (chance: 0.3333)
  5 (reward_outcome): 0.5319  (chance: 0.5000)
Statistics saved to /app/stats_full.json
