Data format is valid, no errors or warnings.
Number of sessions: 41
Total number of trials: 545
Number of trials per session: [10, 10, 10, 10, 10, 10, 10, 10, 10, 10, 10, 10, 10, 10, 15, 15, 15, 15, 15, 15, 15, 15, 15, 15, 15, 15, 15, 15, 15, 15, 15, 15, 15, 15, 15, 15, 15, 15, 15, 15, 15]
Number of subjects: 6
Number of brain regions: 1
Number of sessions per subject:
  Subject jm031: 7 sessions
  Subject jm032: 7 sessions
  Subject jm038: 7 sessions
  Subject jm039: 7 sessions
  Subject jm040: 6 sessions
  Subject jm046: 7 sessions
Input dimension: 1
Output dimension: 1
Summary statistics (across all sessions):
  T: mean: 360.00, median: 360.00, min: 360, max: 360
  n_neurons: mean: 498.66', min: 221, max: 746
  Input range:
    time_elapsed_s: [0.0, 119.7]
  Output range:
    motion_energy_bin: [0.0, 4.0]
  Unique outputs per dimension (fraction of data):
    motion_energy_bin: {bin_0 (0.200), bin_1 (0.200), bin_2 (0.200), bin_3 (0.200), bin_4 (0.200)}
  Brain region distribution:
    barrel cortex L2/3: 20445 neurons

Per-session statistics:
  Mean T: 360.0, 360.0, 360.0, 360.0, 360.0, 360.0, 360.0, 360.0, 360.0, 360.0, 360.0, 360.0, 360.0, 360.0, 360.0, 360.0, 360.0, 360.0, 360.0, 360.0, 360.0, 360.0, 360.0, 360.0, 360.0, 360.0, 360.0, 360.0, 360.0, 360.0, 360.0, 360.0, 360.0, 360.0, 360.0, 360.0, 360.0, 360.0, 360.0, 360.0, 360.0
  Min T: 360, 360, 360, 360, 360, 360, 360, 360, 360, 360, 360, 360, 360, 360, 360, 360, 360, 360, 360, 360, 360, 360, 360, 360, 360, 360, 360, 360, 360, 360, 360, 360, 360, 360, 360, 360, 360, 360, 360, 360, 360
  Max T: 360, 360, 360, 360, 360, 360, 360, 360, 360, 360, 360, 360, 360, 360, 360, 360, 360, 360, 360, 360, 360, 360, 360, 360, 360, 360, 360, 360, 360, 360, 360, 360, 360, 360, 360, 360, 360, 360, 360, 360, 360
  n_neurons: 221, 221, 221, 221, 221, 221, 221, 370, 370, 370, 370, 370, 370, 370, 685, 685, 685, 685, 685, 685, 685, 746, 746, 746, 746, 746, 746, 746, 541, 541, 541, 541, 541, 541, 435, 435, 435, 435, 435, 435, 435
  Input range:
    0: [0.0, 119.7] [0.0, 119.7] [0.0, 119.7] [0.0, 119.7] [0.0, 119.7] [0.0, 119.7] [0.0, 119.7] [0.0, 119.7] [0.0, 119.7] [0.0, 119.7] [0.0, 119.7] [0.0, 119.7] [0.0, 119.7] [0.0, 119.7] [0.0, 119.7] [0.0, 119.7] [0.0, 119.7] [0.0, 119.7] [0.0, 119.7] [0.0, 119.7] [0.0, 119.7] [0.0, 119.7] [0.0, 119.7] [0.0, 119.7] [0.0, 119.7] [0.0, 119.7] [0.0, 119.7] [0.0, 119.7] [0.0, 119.7] [0.0, 119.7] [0.0, 119.7] [0.0, 119.7] [0.0, 119.7] [0.0, 119.7] [0.0, 119.7] [0.0, 119.7] [0.0, 119.7] [0.0, 119.7] [0.0, 119.7] [0.0, 119.7] [0.0, 119.7] 
  Output range:
    0: [1.0, 4.0] [0.0, 4.0] [0.0, 4.0] [0.0, 4.0] [0.0, 4.0] [0.0, 4.0] [0.0, 4.0] [0.0, 4.0] [0.0, 4.0] [0.0, 4.0] [0.0, 4.0] [0.0, 4.0] [0.0, 4.0] [0.0, 4.0] [0.0, 4.0] [0.0, 4.0] [0.0, 4.0] [0.0, 4.0] [0.0, 4.0] [0.0, 4.0] [0.0, 4.0] [0.0, 4.0] [0.0, 4.0] [0.0, 4.0] [0.0, 4.0] [0.0, 4.0] [0.0, 4.0] [0.0, 4.0] [0.0, 4.0] [0.0, 4.0] [0.0, 4.0] [0.0, 4.0] [0.0, 4.0] [0.0, 4.0] [2.0, 4.0] [2.0, 4.0] [1.0, 4.0] [2.0, 4.0] [2.0, 4.0] [3.0, 4.0] [3.0, 4.0] 
  Output fraction of data:
motion_energy_bin: (0.000 0.046 0.720 0.778 0.587 0.759 0.110 0.609 0.237 0.784 0.661 0.447 0.204 0.003 0.481 0.453 0.352 0.223 0.314 0.238 0.127 0.021 0.053 0.090 0.090 0.063 0.064 0.001 0.415 0.035 0.204 0.054 0.010 0.022 0.000 0.000 0.000 0.000 0.000 0.000 0.000)  0.793 0.521 0.093 0.019 0.038 0.026 0.586 0.233 0.290 0.077 0.029 0.108 0.398 0.261 0.170 0.204 0.326 0.393 0.240 0.346 0.279 0.262 0.341 0.183 0.191 0.283 0.272 0.207 0.292 0.221 0.221 0.189 0.126 0.206 0.000 0.000 0.000 0.000 0.000 0.000 0.000)  0.150 0.181 0.046 0.015 0.030 0.026 0.054 0.035 0.121 0.047 0.023 0.054 0.049 0.502 0.126 0.111 0.139 0.158 0.160 0.219 0.285 0.313 0.279 0.356 0.355 0.314 0.325 0.447 0.109 0.470 0.225 0.276 0.461 0.384 0.501 0.159 0.079 0.109 0.018 0.000 0.000)  0.042 0.108 0.046 0.040 0.084 0.051 0.043 0.048 0.121 0.052 0.054 0.074 0.040 0.078 0.109 0.097 0.084 0.093 0.153 0.112 0.145 0.218 0.159 0.195 0.190 0.169 0.205 0.212 0.096 0.168 0.189 0.262 0.255 0.189 0.318 0.441 0.466 0.589 0.586 0.545 0.434)  0.015 0.145 0.095 0.148 0.260 0.138 0.207 0.074 0.230 0.040 0.232 0.317 0.309 0.156 0.114 0.135 0.099 0.133 0.134 0.085 0.164 0.187 0.169 0.176 0.174 0.172 0.135 0.133 0.088 0.106 0.162 0.220 0.147 0.199 0.182 0.401 0.455 0.302 0.396 0.455 0.566)  
Brain region: barrel cortex L2/3: 20445 neurons  
Training on 436 trials, testing on 109 trials
Using device: cuda
Using balanced loss with class weights:
  Output 0: [0.19486126 0.1999833  0.19936715 0.20050715 0.20528114]
Epoch [1/200], Loss: 1418.828649
Epoch [2/200], Loss: 1304.677789
Epoch [3/200], Loss: 1187.495504
Epoch [4/200], Loss: 1067.265840
Epoch [5/200], Loss: 945.090825
Epoch [6/200], Loss: 824.228983
Epoch [7/200], Loss: 742.083222
Epoch [8/200], Loss: 693.071084
Epoch [9/200], Loss: 667.357941
Epoch [10/200], Loss: 617.413563
Epoch [20/200], Loss: 299.264834
Epoch [30/200], Loss: 138.374332
Epoch [40/200], Loss: 76.357913
Epoch [50/200], Loss: 40.556409
Epoch [60/200], Loss: 29.187359
Epoch [70/200], Loss: 22.277201
Epoch [80/200], Loss: 22.444392
Epoch [90/200], Loss: 18.150031
Epoch [100/200], Loss: 18.783634
Epoch [110/200], Loss: 16.498996
Epoch [120/200], Loss: 18.191332
Epoch [130/200], Loss: 16.309784
Epoch [140/200], Loss: 13.605168
Epoch [150/200], Loss: 16.563636
Epoch [160/200], Loss: 18.500718
Epoch [170/200], Loss: 16.700091
Epoch [180/200], Loss: 16.571880
Epoch [190/200], Loss: 18.039196
Epoch [200/200], Loss: 21.836495
Test Loss: 24.087145

Training Balanced Accuracy Scores (chance = 1/num_classes):
  0 (motion_energy_bin): 0.5478  (chance: 0.2000)

Validation Balanced Accuracy Scores (chance = 1/num_classes):
  0 (motion_energy_bin): 0.4443  (chance: 0.2000)
