Data format warnings:
  - Session 35, trial 292: all neural data is zero
  - Session 35, trial 293: all neural data is zero
  - Session 35, trial 294: all neural data is zero
  - Session 35, trial 295: all neural data is zero
  - Session 35, trial 296: all neural data is zero
  - Session 35, trial 297: all neural data is zero
  - Session 35, trial 298: all neural data is zero
  - Session 35, trial 299: all neural data is zero
  - Session 35, trial 300: all neural data is zero
  - Session 35, trial 301: all neural data is zero
  - Session 35, trial 302: all neural data is zero
  - Session 35, trial 303: all neural data is zero
  - Session 35, trial 304: all neural data is zero
  - Session 35, trial 305: all neural data is zero
  - Session 35, trial 306: all neural data is zero
  - Session 35, trial 307: all neural data is zero
  - Session 35, trial 308: all neural data is zero
  - Session 35, trial 309: all neural data is zero
  - Session 35, trial 310: all neural data is zero
  - Session 42, trial 288: all neural data is zero
  - Session 42, trial 289: all neural data is zero
  - Session 42, trial 290: all neural data is zero
  - Session 42, trial 291: all neural data is zero
  - Session 42, trial 292: all neural data is zero
  - Session 42, trial 293: all neural data is zero
  - Session 42, trial 294: all neural data is zero
  - Session 42, trial 295: all neural data is zero
  - Session 42, trial 296: all neural data is zero
  - Session 42, trial 297: all neural data is zero
  - Session 42, trial 298: all neural data is zero
Number of sessions: 43
Total number of trials: 11981
Number of trials per session: [214, 322, 352, 274, 225, 345, 323, 472, 445, 296, 233, 235, 241, 157, 137, 200, 168, 260, 209, 157, 185, 195, 193, 265, 263, 260, 287, 335, 364, 300, 239, 361, 308, 308, 363, 311, 316, 370, 276, 286, 410, 222, 299]
Number of subjects: 14
Number of brain regions: 1
Number of sessions per subject:
  Subject EKH1: 1 sessions
  Subject EKH3: 1 sessions
  Subject JEB11: 2 sessions
  Subject JEB12: 2 sessions
  Subject JEB13: 5 sessions
  Subject JEB14: 4 sessions
  Subject JEB15: 4 sessions
  Subject JEB19: 2 sessions
  Subject JEB23: 8 sessions
  Subject JEB24: 8 sessions
  Subject JEB6: 1 sessions
  Subject JEB7: 2 sessions
  Subject JGR2: 2 sessions
  Subject JGR3: 1 sessions
Input dimension: 1
Output dimension: 6
Summary statistics (across all sessions):
  T: mean: 1001.00, median: 1001.00, min: 1001, max: 1001
  n_neurons: mean: 56.81', min: 17, max: 142
  Input range:
    time_from_go_cue: [-2.5, 2.5]
  Output range:
    lick_direction: [0.0, 1.0]
    behavioral_context: [0.0, 1.0]
    outcome: [0.0, 1.0]
    tongue_velocity: [0.0, 1.0]
    paw_velocity: [0.0, 1.0]
    motion_energy: [0.0, 1.0]
  Unique outputs per dimension (fraction of data):
    lick_direction: {left (0.499), right (0.501)}
    behavioral_context: {WC (0.074), DR (0.926)}
    outcome: {incorrect (0.136), correct (0.864)}
    tongue_velocity: {low (0.057), high (0.943)}
    paw_velocity: {low (0.506), high (0.494)}
    motion_energy: {low (0.501), high (0.499)}
  Brain region distribution:
    ALM: 2443 neurons

Per-session statistics:
  Mean T: 1001.0, 1001.0, 1001.0, 1001.0, 1001.0, 1001.0, 1001.0, 1001.0, 1001.0, 1001.0, 1001.0, 1001.0, 1001.0, 1001.0, 1001.0, 1001.0, 1001.0, 1001.0, 1001.0, 1001.0, 1001.0, 1001.0, 1001.0, 1001.0, 1001.0, 1001.0, 1001.0, 1001.0, 1001.0, 1001.0, 1001.0, 1001.0, 1001.0, 1001.0, 1001.0, 1001.0, 1001.0, 1001.0, 1001.0, 1001.0, 1001.0, 1001.0, 1001.0
  Min T: 1001, 1001, 1001, 1001, 1001, 1001, 1001, 1001, 1001, 1001, 1001, 1001, 1001, 1001, 1001, 1001, 1001, 1001, 1001, 1001, 1001, 1001, 1001, 1001, 1001, 1001, 1001, 1001, 1001, 1001, 1001, 1001, 1001, 1001, 1001, 1001, 1001, 1001, 1001, 1001, 1001, 1001, 1001
  Max T: 1001, 1001, 1001, 1001, 1001, 1001, 1001, 1001, 1001, 1001, 1001, 1001, 1001, 1001, 1001, 1001, 1001, 1001, 1001, 1001, 1001, 1001, 1001, 1001, 1001, 1001, 1001, 1001, 1001, 1001, 1001, 1001, 1001, 1001, 1001, 1001, 1001, 1001, 1001, 1001, 1001, 1001, 1001
  n_neurons: 48, 66, 51, 85, 118, 34, 53, 83, 77, 137, 96, 142, 68, 54, 32, 36, 35, 32, 67, 27, 29, 53, 28, 63, 69, 57, 40, 96, 57, 71, 35, 53, 50, 50, 62, 17, 31, 25, 55, 35, 38, 42, 46
  Input range:
    0: [-2.5, 2.5] [-2.5, 2.5] [-2.5, 2.5] [-2.5, 2.5] [-2.5, 2.5] [-2.5, 2.5] [-2.5, 2.5] [-2.5, 2.5] [-2.5, 2.5] [-2.5, 2.5] [-2.5, 2.5] [-2.5, 2.5] [-2.5, 2.5] [-2.5, 2.5] [-2.5, 2.5] [-2.5, 2.5] [-2.5, 2.5] [-2.5, 2.5] [-2.5, 2.5] [-2.5, 2.5] [-2.5, 2.5] [-2.5, 2.5] [-2.5, 2.5] [-2.5, 2.5] [-2.5, 2.5] [-2.5, 2.5] [-2.5, 2.5] [-2.5, 2.5] [-2.5, 2.5] [-2.5, 2.5] [-2.5, 2.5] [-2.5, 2.5] [-2.5, 2.5] [-2.5, 2.5] [-2.5, 2.5] [-2.5, 2.5] [-2.5, 2.5] [-2.5, 2.5] [-2.5, 2.5] [-2.5, 2.5] [-2.5, 2.5] [-2.5, 2.5] [-2.5, 2.5] 
  Output range:
    0: [0.0, 1.0] [0.0, 1.0] [0.0, 1.0] [0.0, 1.0] [0.0, 1.0] [0.0, 1.0] [0.0, 1.0] [0.0, 1.0] [0.0, 1.0] [0.0, 1.0] [0.0, 1.0] [0.0, 1.0] [0.0, 1.0] [0.0, 1.0] [0.0, 1.0] [0.0, 1.0] [0.0, 1.0] [0.0, 1.0] [0.0, 1.0] [0.0, 1.0] [0.0, 1.0] [0.0, 1.0] [0.0, 1.0] [0.0, 1.0] [0.0, 1.0] [0.0, 1.0] [0.0, 1.0] [0.0, 1.0] [0.0, 1.0] [0.0, 1.0] [0.0, 1.0] [0.0, 1.0] [0.0, 1.0] [0.0, 1.0] [0.0, 1.0] [0.0, 1.0] [0.0, 1.0] [0.0, 1.0] [0.0, 1.0] [0.0, 1.0] [0.0, 1.0] [0.0, 1.0] [0.0, 1.0] 
    1: [0.0, 1.0] [0.0, 1.0] [0.0, 1.0] [0.0, 1.0] [0.0, 1.0] [1.0, 1.0] [1.0, 1.0] [1.0, 1.0] [0.0, 1.0] [0.0, 1.0] [0.0, 1.0] [0.0, 1.0] [0.0, 1.0] [0.0, 1.0] [0.0, 1.0] [0.0, 1.0] [0.0, 1.0] [0.0, 1.0] [0.0, 1.0] [0.0, 1.0] [0.0, 1.0] [0.0, 1.0] [0.0, 1.0] [0.0, 1.0] [0.0, 1.0] [0.0, 1.0] [0.0, 1.0] [1.0, 1.0] [1.0, 1.0] [0.0, 1.0] [0.0, 1.0] [1.0, 1.0] [1.0, 1.0] [1.0, 1.0] [1.0, 1.0] [0.0, 1.0] [1.0, 1.0] [1.0, 1.0] [0.0, 1.0] [1.0, 1.0] [1.0, 1.0] [0.0, 1.0] [0.0, 1.0] 
    2: [0.0, 1.0] [0.0, 1.0] [0.0, 1.0] [0.0, 1.0] [0.0, 1.0] [0.0, 1.0] [0.0, 1.0] [0.0, 1.0] [0.0, 1.0] [0.0, 1.0] [0.0, 1.0] [0.0, 1.0] [0.0, 1.0] [0.0, 1.0] [0.0, 1.0] [0.0, 1.0] [0.0, 1.0] [0.0, 1.0] [0.0, 1.0] [0.0, 1.0] [0.0, 1.0] [0.0, 1.0] [0.0, 1.0] [0.0, 1.0] [0.0, 1.0] [0.0, 1.0] [0.0, 1.0] [0.0, 1.0] [0.0, 1.0] [0.0, 1.0] [0.0, 1.0] [0.0, 1.0] [0.0, 1.0] [0.0, 1.0] [0.0, 1.0] [0.0, 1.0] [0.0, 1.0] [0.0, 1.0] [0.0, 1.0] [0.0, 1.0] [0.0, 1.0] [0.0, 1.0] [0.0, 1.0] 
    3: [0.0, 1.0] [0.0, 1.0] [1.0, 1.0] [1.0, 1.0] [1.0, 1.0] [1.0, 1.0] [0.0, 1.0] [1.0, 1.0] [1.0, 1.0] [1.0, 1.0] [1.0, 1.0] [1.0, 1.0] [0.0, 1.0] [1.0, 1.0] [1.0, 1.0] [1.0, 1.0] [1.0, 1.0] [1.0, 1.0] [0.0, 1.0] [0.0, 1.0] [1.0, 1.0] [1.0, 1.0] [1.0, 1.0] [1.0, 1.0] [1.0, 1.0] [1.0, 1.0] [0.0, 1.0] [1.0, 1.0] [1.0, 1.0] [1.0, 1.0] [1.0, 1.0] [1.0, 1.0] [1.0, 1.0] [1.0, 1.0] [1.0, 1.0] [0.0, 1.0] [0.0, 1.0] [0.0, 1.0] [1.0, 1.0] [1.0, 1.0] [1.0, 1.0] [1.0, 1.0] [1.0, 1.0] 
    4: [0.0, 1.0] [0.0, 1.0] [0.0, 1.0] [0.0, 1.0] [0.0, 1.0] [0.0, 1.0] [0.0, 1.0] [0.0, 1.0] [0.0, 1.0] [0.0, 1.0] [0.0, 1.0] [0.0, 1.0] [0.0, 1.0] [0.0, 1.0] [0.0, 1.0] [0.0, 1.0] [0.0, 1.0] [0.0, 1.0] [0.0, 1.0] [0.0, 1.0] [0.0, 1.0] [0.0, 1.0] [0.0, 1.0] [0.0, 1.0] [0.0, 1.0] [0.0, 1.0] [0.0, 1.0] [0.0, 1.0] [0.0, 1.0] [0.0, 1.0] [0.0, 1.0] [0.0, 1.0] [0.0, 1.0] [0.0, 1.0] [0.0, 1.0] [0.0, 1.0] [0.0, 1.0] [0.0, 1.0] [0.0, 1.0] [0.0, 1.0] [0.0, 1.0] [0.0, 1.0] [0.0, 1.0] 
    5: [0.0, 1.0] [0.0, 1.0] [0.0, 1.0] [0.0, 1.0] [0.0, 1.0] [0.0, 1.0] [0.0, 1.0] [0.0, 1.0] [0.0, 1.0] [0.0, 1.0] [0.0, 1.0] [0.0, 1.0] [0.0, 1.0] [0.0, 1.0] [0.0, 1.0] [0.0, 1.0] [0.0, 1.0] [0.0, 1.0] [0.0, 1.0] [0.0, 1.0] [0.0, 1.0] [0.0, 1.0] [0.0, 1.0] [0.0, 1.0] [0.0, 1.0] [0.0, 1.0] [0.0, 1.0] [0.0, 1.0] [0.0, 1.0] [0.0, 1.0] [0.0, 1.0] [0.0, 1.0] [0.0, 1.0] [0.0, 1.0] [0.0, 1.0] [0.0, 1.0] [0.0, 1.0] [0.0, 1.0] [0.0, 1.0] [0.0, 1.0] [0.0, 1.0] [0.0, 1.0] [0.0, 1.0] 
  Output fraction of data:
lick_direction: (0.458 0.472 0.443 0.467 0.484 0.542 0.551 0.534 0.533 0.615 0.605 0.579 0.485 0.522 0.504 0.405 0.488 0.477 0.349 0.503 0.470 0.492 0.477 0.362 0.555 0.408 0.383 0.543 0.508 0.523 0.490 0.526 0.510 0.510 0.556 0.511 0.491 0.462 0.518 0.514 0.480 0.495 0.525)  0.542 0.528 0.557 0.533 0.516 0.458 0.449 0.466 0.467 0.385 0.395 0.421 0.515 0.478 0.496 0.595 0.512 0.523 0.651 0.497 0.530 0.508 0.523 0.638 0.445 0.592 0.617 0.457 0.492 0.477 0.510 0.474 0.490 0.490 0.444 0.489 0.509 0.538 0.482 0.486 0.520 0.505 0.475)  
behavioral_context: (0.257 0.224 0.054 0.153 0.013 0.000 0.000 0.000 0.009 0.041 0.172 0.085 0.129 0.261 0.175 0.360 0.327 0.277 0.278 0.268 0.270 0.262 0.238 0.049 0.118 0.031 0.031 0.000 0.000 0.003 0.029 0.000 0.000 0.000 0.000 0.006 0.000 0.000 0.004 0.000 0.000 0.009 0.017)  0.743 0.776 0.946 0.847 0.987 1.000 1.000 1.000 0.991 0.959 0.828 0.915 0.871 0.739 0.825 0.640 0.673 0.723 0.722 0.732 0.730 0.738 0.762 0.951 0.882 0.969 0.969 1.000 1.000 0.997 0.971 1.000 1.000 1.000 1.000 0.994 1.000 1.000 0.996 1.000 1.000 0.991 0.983)  
outcome: (0.084 0.065 0.256 0.263 0.240 0.197 0.254 0.053 0.094 0.341 0.305 0.102 0.079 0.070 0.058 0.215 0.119 0.092 0.196 0.140 0.146 0.118 0.233 0.106 0.125 0.235 0.216 0.051 0.107 0.080 0.121 0.075 0.081 0.081 0.110 0.158 0.098 0.116 0.185 0.094 0.061 0.081 0.097)  0.916 0.935 0.744 0.737 0.760 0.803 0.746 0.947 0.906 0.659 0.695 0.898 0.921 0.930 0.942 0.785 0.881 0.908 0.804 0.860 0.854 0.882 0.767 0.894 0.875 0.765 0.784 0.949 0.893 0.920 0.879 0.925 0.919 0.919 0.890 0.842 0.902 0.884 0.815 0.906 0.939 0.919 0.903)  
tongue_velocity: (0.005 0.006 0.000 0.000 0.000 0.000 0.006 0.000 0.000 0.000 0.000 0.000 0.004 0.000 0.000 0.000 0.000 0.000 0.500 0.500 0.000 0.000 0.000 0.000 0.000 0.000 0.003 0.000 0.000 0.000 0.000 0.000 0.000 0.000 0.000 0.500 0.500 0.500 0.000 0.000 0.000 0.000 0.000)  0.995 0.994 1.000 1.000 1.000 1.000 0.994 1.000 1.000 1.000 1.000 1.000 0.996 1.000 1.000 1.000 1.000 1.000 0.500 0.500 1.000 1.000 1.000 1.000 1.000 1.000 0.997 1.000 1.000 1.000 1.000 1.000 1.000 1.000 1.000 0.500 0.500 0.500 1.000 1.000 1.000 1.000 1.000)  
paw_velocity: (0.502 0.565 0.509 0.509 0.517 0.503 0.509 0.500 0.500 0.502 0.500 0.500 0.500 0.500 0.500 0.500 0.500 0.500 0.500 0.500 0.500 0.503 0.500 0.504 0.536 0.510 0.510 0.500 0.500 0.500 0.500 0.500 0.500 0.500 0.500 0.502 0.500 0.500 0.502 0.500 0.529 0.520 0.508)  0.498 0.435 0.491 0.491 0.483 0.497 0.491 0.500 0.500 0.498 0.500 0.500 0.500 0.500 0.500 0.500 0.500 0.500 0.500 0.500 0.500 0.497 0.500 0.496 0.464 0.490 0.490 0.500 0.500 0.500 0.500 0.500 0.500 0.500 0.500 0.498 0.500 0.500 0.498 0.500 0.471 0.480 0.492)  
motion_energy: (0.500 0.500 0.499 0.500 0.500 0.500 0.500 0.500 0.500 0.500 0.500 0.500 0.500 0.500 0.500 0.500 0.500 0.500 0.500 0.500 0.500 0.500 0.500 0.500 0.500 0.500 0.500 0.500 0.500 0.500 0.500 0.500 0.500 0.537 0.500 0.500 0.500 0.500 0.500 0.500 0.500 0.500 0.500)  0.500 0.500 0.501 0.500 0.500 0.500 0.500 0.500 0.500 0.500 0.500 0.500 0.500 0.500 0.500 0.500 0.500 0.500 0.500 0.500 0.500 0.500 0.500 0.500 0.500 0.500 0.500 0.500 0.500 0.500 0.500 0.500 0.500 0.463 0.500 0.500 0.500 0.500 0.500 0.500 0.500 0.500 0.500)  
Brain region: ALM: 2443 neurons  
Data verification complete.
