Data format is valid, no errors or warnings.
Number of sessions: 89
Total number of trials: 38110
Number of trials per session: [503, 431, 518, 455, 629, 511, 218, 259, 305, 248, 306, 457, 453, 400, 407, 492, 419, 335, 426, 145, 269, 201, 259, 251, 309, 455, 453, 210, 300, 423, 402, 457, 428, 418, 84, 320, 370, 267, 405, 568, 561, 379, 429, 452, 473, 511, 669, 789, 534, 345, 475, 459, 520, 658, 722, 578, 501, 501, 368, 369, 398, 237, 303, 485, 471, 479, 408, 454, 435, 466, 399, 400, 238, 402, 402, 403, 282, 605, 636, 600, 450, 373, 348, 470, 719, 506, 680, 503, 499]
Number of subjects: 19
Number of brain regions: 4
Number of sessions per subject:
  Subject DR10: 6 sessions
  Subject DR15: 5 sessions
  Subject LZ13: 4 sessions
  Subject LZ16: 4 sessions
  Subject TX104: 2 sessions
  Subject TX105: 5 sessions
  Subject TX108: 7 sessions
  Subject TX109: 6 sessions
  Subject TX119: 8 sessions
  Subject TX123: 8 sessions
  Subject TX124: 3 sessions
  Subject TX139: 2 sessions
  Subject TX140: 1 sessions
  Subject TX60: 5 sessions
  Subject TX61: 5 sessions
  Subject TX83: 3 sessions
  Subject TX85: 2 sessions
  Subject TX88: 6 sessions
  Subject VR2: 7 sessions
Input dimension: 4
Output dimension: 4
Summary statistics (across all sessions):
  T: mean: 59.30, median: 48.68, min: 18, max: 5621
  n_neurons: mean: 1999.72', min: 1999, max: 2000
  Input range:
    time_to_sound_cue: [-1771.1, 725.0]
    day_of_training: [0.0, 15.0]
    time_since_trial_start: [0.0, 1773.0]
    reward_availability: [0.0, 1.0]
  Output range:
    visual_stimulus_category: [0.0, 11.0]
    licking: [0.0, 1.0]
    position_bin: [0.0, 3.0]
    running_speed_bin: [0.0, 3.0]
  Unique outputs per dimension (fraction of data):
    visual_stimulus_category: {circle1 (0.329), circle2 (0.055), circle3 (0.007), leaf1 (0.343), leaf1_swap1 (0.024), leaf1_swap2 (0.020), leaf2 (0.157), leaf3 (0.042), rock2 (0.003), wood1_swap2 (0.007), wood2 (0.006), wood5 (0.007)}
    licking: {no_lick (0.973), lick (0.027)}
    position_bin: {0-1m (0.194), 1-2m (0.159), 2-3m (0.161), 3-4m (0.486)}
    running_speed_bin: {Q1 (0.092), Q2 (0.409), Q3 (0.250), Q4 (0.249)}
  Brain region distribution:
    V1: 78071 neurons
    mHV: 50616 neurons
    lHV: 20713 neurons
    aHV: 28575 neurons

Per-session statistics:
  Mean T: 62.9, 51.7, 46.3, 44.3, 44.9, 47.4, 133.7, 110.6, 85.8, 116.4, 92.0, 37.7, 43.6, 58.8, 54.7, 48.7, 40.9, 60.7, 46.8, 132.6, 59.8, 136.1, 59.4, 98.4, 110.6, 59.4, 50.6, 107.3, 65.1, 62.7, 42.5, 44.3, 41.1, 69.5, 170.6, 62.4, 46.6, 70.9, 54.9, 31.8, 40.6, 40.6, 36.1, 32.1, 35.1, 46.5, 41.5, 42.5, 46.6, 46.0, 61.4, 41.4, 30.7, 26.1, 28.4, 33.7, 36.7, 34.8, 59.5, 72.0, 63.2, 97.1, 57.7, 46.3, 40.6, 40.5, 57.4, 39.6, 42.5, 57.6, 75.6, 50.9, 101.8, 83.4, 62.8, 74.2, 72.2, 46.1, 46.2, 47.8, 68.8, 74.5, 69.3, 37.7, 40.6, 37.5, 37.6, 36.7, 34.5
  Min T: 18, 31, 31, 31, 31, 31, 31, 31, 31, 31, 31, 30, 29, 31, 30, 30, 29, 30, 29, 32, 31, 31, 31, 32, 32, 31, 31, 33, 31, 31, 31, 31, 31, 31, 43, 31, 31, 31, 31, 23, 23, 27, 23, 23, 23, 24, 23, 23, 23, 23, 24, 23, 23, 23, 23, 23, 23, 23, 30, 30, 30, 23, 18, 31, 31, 31, 31, 31, 31, 31, 31, 31, 31, 31, 31, 31, 31, 31, 31, 31, 31, 31, 22, 22, 22, 22, 22, 21, 19
  Max T: 442, 281, 255, 317, 165, 184, 1294, 1276, 671, 1294, 827, 217, 558, 571, 724, 378, 770, 752, 1274, 1279, 449, 1277, 246, 656, 1294, 419, 545, 658, 877, 849, 100, 220, 170, 1280, 1293, 1293, 941, 1289, 835, 329, 696, 413, 432, 138, 1284, 1237, 562, 1283, 934, 370, 1284, 487, 111, 91, 179, 598, 838, 492, 563, 1270, 444, 1772, 916, 458, 166, 169, 262, 129, 168, 309, 2655, 356, 657, 657, 324, 643, 481, 359, 491, 381, 5621, 657, 981, 93, 141, 261, 127, 196, 96
  n_neurons: 2000, 1999, 1999, 2000, 2000, 2000, 2000, 2000, 2000, 2000, 1999, 2000, 1999, 2000, 2000, 2000, 2000, 2000, 2000, 2000, 1999, 1999, 2000, 2000, 1999, 2000, 2000, 1999, 2000, 2000, 2000, 2000, 2000, 1999, 1999, 1999, 2000, 2000, 1999, 1999, 2000, 2000, 2000, 2000, 1999, 2000, 2000, 1999, 2000, 2000, 2000, 2000, 2000, 2000, 2000, 2000, 1999, 1999, 2000, 2000, 2000, 2000, 2000, 2000, 1999, 1999, 1999, 2000, 2000, 1999, 2000, 2000, 2000, 2000, 2000, 1999, 1999, 2000, 2000, 1999, 2000, 1999, 2000, 2000, 2000, 2000, 2000, 2000, 2000
  Input range:
    0: [-87.1, 94.2] [-68.9, 46.9] [-76.2, 38.8] [-81.0, 36.8] [-27.8, 34.8] [-33.3, 35.1] [-402.7, 403.8] [-326.5, 271.3] [-198.5, 204.4] [-188.2, 404.1] [-256.5, 150.4] [-66.6, 42.0] [-125.3, 170.3] [-146.5, 43.0] [-226.3, 33.5] [-84.4, 105.0] [-230.3, 28.0] [-232.0, 14.7] [-397.7, 103.9] [-398.5, 233.2] [-121.0, 118.8] [-400.2, 275.5] [-49.8, 41.4] [-150.6, 200.4] [-367.4, 404.1] [-73.8, 126.9] [-170.4, 76.5] [-198.5, 200.2] [-271.3, 76.8] [-265.3, 149.9] [-29.4, 15.7] [-68.1, 19.8] [-39.9, 13.5] [-392.0, 238.9] [-400.7, 401.1] [-401.4, 401.0] [-294.2, 39.5] [-403.6, 273.4] [-254.1, 23.2] [-101.5, 30.2] [-47.3, 213.3] [-127.3, 73.5] [-133.0, 60.2] [-41.0, 35.2] [-162.6, 401.9] [-388.3, 250.7] [-173.6, 127.8] [-378.0, 400.7] [-283.2, 109.9] [-115.2, 79.4] [-399.3, 401.1] [-100.9, 150.2] [-32.2, 25.6] [-18.9, 25.1] [-21.1, 53.0] [-184.9, 157.2] [-261.7, 161.3] [-153.2, 52.7] [-133.7, 172.9] [-395.6, 184.3] [-138.5, 125.9] [-556.3, 220.8] [-284.2, 202.8] [-101.1, 43.1] [-37.5, 29.3] [-45.2, 45.0] [-79.3, 50.2] [-23.7, 24.9] [-25.1, 39.9] [-81.9, 91.5] [-793.6, 725.0] [-110.2, 39.2] [-199.0, 204.1] [-188.6, 203.5] [-98.6, 65.6] [-185.8, 114.9] [-146.9, 64.9] [-84.1, 68.8] [-129.6, 145.2] [-69.9, 76.6] [-1771.1, 93.2] [-202.0, 203.4] [-305.7, 83.3] [-24.9, 15.1] [-38.5, 28.6] [-76.2, 35.2] [-37.2, 27.5] [-59.7, 25.0] [-22.9, 17.6] 
    1: [0.0, 0.0] [1.0, 1.0] [1.0, 1.0] [6.0, 6.0] [1.0, 1.0] [1.0, 1.0] [0.0, 0.0] [1.0, 1.0] [1.0, 1.0] [9.0, 9.0] [1.0, 1.0] [1.0, 1.0] [2.0, 2.0] [1.0, 1.0] [1.0, 1.0] [1.0, 1.0] [2.0, 2.0] [1.0, 1.0] [1.0, 1.0] [0.0, 0.0] [1.0, 1.0] [0.0, 0.0] [1.0, 1.0] [1.0, 1.0] [13.0, 13.0] [1.0, 1.0] [1.0, 1.0] [0.0, 0.0] [1.0, 1.0] [1.0, 1.0] [6.0, 6.0] [1.0, 1.0] [1.0, 1.0] [1.0, 1.0] [0.0, 0.0] [1.0, 1.0] [1.0, 1.0] [15.0, 15.0] [1.0, 1.0] [1.0, 1.0] [1.0, 1.0] [0.0, 0.0] [1.0, 1.0] [1.0, 1.0] [10.0, 10.0] [1.0, 1.0] [1.0, 1.0] [1.0, 1.0] [3.0, 3.0] [0.0, 0.0] [1.0, 1.0] [1.0, 1.0] [12.0, 12.0] [1.0, 1.0] [1.0, 1.0] [1.0, 1.0] [1.0, 1.0] [1.0, 1.0] [1.0, 1.0] [1.0, 1.0] [1.0, 1.0] [0.0, 0.0] [1.0, 1.0] [1.0, 1.0] [10.0, 10.0] [1.0, 1.0] [1.0, 1.0] [8.0, 8.0] [1.0, 1.0] [1.0, 1.0] [1.0, 1.0] [0.0, 0.0] [1.0, 1.0] [1.0, 1.0] [0.0, 0.0] [1.0, 1.0] [0.0, 0.0] [1.0, 1.0] [1.0, 1.0] [7.0, 7.0] [1.0, 1.0] [2.0, 2.0] [0.0, 0.0] [1.0, 1.0] [1.0, 1.0] [9.0, 9.0] [1.0, 1.0] [1.0, 1.0] [1.0, 1.0] 
    2: [0.0, 139.1] [0.0, 88.6] [0.0, 80.2] [0.0, 100.0] [0.0, 52.0] [0.0, 57.9] [0.0, 408.1] [0.0, 402.3] [0.0, 211.5] [0.0, 408.0] [0.0, 260.8] [0.0, 68.3] [0.0, 175.9] [0.0, 180.0] [0.0, 228.3] [0.0, 119.2] [0.0, 242.7] [0.0, 237.0] [0.0, 401.6] [0.0, 403.3] [0.0, 141.4] [0.0, 402.8] [0.0, 77.3] [0.0, 206.7] [0.0, 408.0] [0.0, 131.9] [0.0, 171.6] [0.0, 207.5] [0.0, 276.5] [0.0, 267.7] [0.0, 31.5] [0.0, 69.3] [0.0, 53.6] [0.0, 403.6] [0.0, 407.8] [0.0, 407.7] [0.0, 296.8] [0.0, 406.5] [0.0, 263.2] [0.0, 103.6] [0.0, 219.4] [0.0, 130.1] [0.0, 136.2] [0.0, 43.4] [0.0, 404.9] [0.0, 389.9] [0.0, 177.1] [0.0, 404.7] [0.0, 294.5] [0.0, 116.6] [0.0, 404.9] [0.0, 153.4] [0.0, 34.8] [0.0, 28.4] [0.0, 56.3] [0.0, 188.3] [0.0, 264.1] [0.0, 155.0] [0.0, 177.5] [0.0, 400.6] [0.0, 140.0] [0.0, 558.7] [0.0, 288.8] [0.0, 144.4] [0.0, 52.1] [0.0, 53.3] [0.0, 82.3] [0.0, 40.4] [0.0, 52.9] [0.0, 97.2] [0.0, 837.5] [0.0, 112.2] [0.0, 207.1] [0.0, 207.1] [0.0, 102.0] [0.0, 202.8] [0.0, 151.7] [0.0, 113.0] [0.0, 154.8] [0.0, 120.0] [0.0, 1773.0] [0.0, 207.2] [0.0, 309.2] [0.0, 29.2] [0.0, 44.3] [0.0, 82.1] [0.0, 40.0] [0.0, 61.5] [0.0, 30.1] 
    3: [0.0, 0.0] [0.0, 0.0] [0.0, 0.0] [0.0, 0.0] [0.0, 0.0] [0.0, 0.0] [0.0, 0.0] [0.0, 0.0] [0.0, 0.0] [0.0, 0.0] [0.0, 0.0] [0.0, 0.0] [0.0, 0.0] [0.0, 0.0] [0.0, 0.0] [0.0, 0.0] [0.0, 0.0] [0.0, 0.0] [0.0, 0.0] [0.0, 0.0] [0.0, 0.0] [0.0, 0.0] [0.0, 0.0] [0.0, 0.0] [0.0, 0.0] [0.0, 0.0] [0.0, 0.0] [0.0, 1.0] [0.0, 1.0] [0.0, 1.0] [0.0, 1.0] [0.0, 1.0] [0.0, 1.0] [0.0, 0.0] [0.0, 1.0] [0.0, 1.0] [0.0, 1.0] [0.0, 1.0] [0.0, 1.0] [0.0, 0.0] [0.0, 0.0] [0.0, 0.0] [0.0, 0.0] [0.0, 0.0] [0.0, 0.0] [0.0, 0.0] [0.0, 0.0] [0.0, 0.0] [0.0, 0.0] [0.0, 0.0] [0.0, 0.0] [0.0, 0.0] [0.0, 0.0] [0.0, 0.0] [0.0, 0.0] [0.0, 0.0] [0.0, 0.0] [0.0, 0.0] [0.0, 0.0] [0.0, 0.0] [0.0, 0.0] [0.0, 1.0] [0.0, 1.0] [0.0, 1.0] [0.0, 1.0] [0.0, 1.0] [0.0, 1.0] [0.0, 1.0] [0.0, 1.0] [0.0, 1.0] [0.0, 1.0] [0.0, 0.0] [0.0, 0.0] [0.0, 0.0] [0.0, 0.0] [0.0, 0.0] [0.0, 0.0] [0.0, 0.0] [0.0, 0.0] [0.0, 0.0] [0.0, 0.0] [0.0, 0.0] [0.0, 1.0] [0.0, 1.0] [0.0, 1.0] [0.0, 1.0] [0.0, 1.0] [0.0, 1.0] [0.0, 1.0] 
  Output range:
    0: [0.0, 3.0] [0.0, 3.0] [0.0, 6.0] [0.0, 6.0] [0.0, 7.0] [0.0, 6.0] [0.0, 3.0] [0.0, 3.0] [0.0, 6.0] [0.0, 6.0] [0.0, 7.0] [0.0, 7.0] [0.0, 11.0] [0.0, 7.0] [0.0, 11.0] [0.0, 7.0] [0.0, 11.0] [0.0, 7.0] [0.0, 11.0] [0.0, 3.0] [0.0, 3.0] [0.0, 3.0] [0.0, 3.0] [0.0, 6.0] [0.0, 6.0] [0.0, 7.0] [0.0, 6.0] [0.0, 3.0] [0.0, 3.0] [0.0, 6.0] [0.0, 6.0] [0.0, 7.0] [0.0, 6.0] [0.0, 6.0] [0.0, 3.0] [0.0, 3.0] [0.0, 6.0] [0.0, 6.0] [0.0, 7.0] [0.0, 11.0] [0.0, 6.0] [0.0, 3.0] [0.0, 3.0] [0.0, 6.0] [0.0, 6.0] [0.0, 7.0] [0.0, 9.0] [0.0, 7.0] [0.0, 9.0] [0.0, 3.0] [0.0, 3.0] [0.0, 6.0] [0.0, 6.0] [0.0, 7.0] [0.0, 6.0] [0.0, 7.0] [0.0, 6.0] [0.0, 9.0] [0.0, 7.0] [0.0, 7.0] [0.0, 7.0] [0.0, 3.0] [0.0, 3.0] [0.0, 6.0] [0.0, 6.0] [0.0, 7.0] [0.0, 6.0] [0.0, 6.0] [0.0, 7.0] [0.0, 6.0] [0.0, 6.0] [0.0, 3.0] [0.0, 3.0] [0.0, 6.0] [0.0, 3.0] [0.0, 3.0] [0.0, 3.0] [0.0, 3.0] [0.0, 7.0] [0.0, 6.0] [0.0, 7.0] [0.0, 6.0] [0.0, 3.0] [0.0, 3.0] [0.0, 6.0] [0.0, 6.0] [0.0, 7.0] [0.0, 6.0] [0.0, 6.0] 
    1: [0.0, 0.0] [0.0, 0.0] [0.0, 0.0] [0.0, 0.0] [0.0, 0.0] [0.0, 0.0] [0.0, 0.0] [0.0, 0.0] [0.0, 0.0] [0.0, 0.0] [0.0, 0.0] [0.0, 0.0] [0.0, 0.0] [0.0, 0.0] [0.0, 0.0] [0.0, 0.0] [0.0, 0.0] [0.0, 0.0] [0.0, 0.0] [0.0, 0.0] [0.0, 0.0] [0.0, 0.0] [0.0, 0.0] [0.0, 0.0] [0.0, 0.0] [0.0, 0.0] [0.0, 0.0] [0.0, 1.0] [0.0, 1.0] [0.0, 1.0] [0.0, 1.0] [0.0, 1.0] [0.0, 1.0] [0.0, 0.0] [0.0, 1.0] [0.0, 1.0] [0.0, 1.0] [0.0, 1.0] [0.0, 1.0] [0.0, 0.0] [0.0, 0.0] [0.0, 0.0] [0.0, 0.0] [0.0, 0.0] [0.0, 0.0] [0.0, 0.0] [0.0, 0.0] [0.0, 0.0] [0.0, 0.0] [0.0, 0.0] [0.0, 0.0] [0.0, 0.0] [0.0, 0.0] [0.0, 0.0] [0.0, 0.0] [0.0, 0.0] [0.0, 0.0] [0.0, 0.0] [0.0, 0.0] [0.0, 0.0] [0.0, 0.0] [0.0, 1.0] [0.0, 1.0] [0.0, 1.0] [0.0, 1.0] [0.0, 1.0] [0.0, 1.0] [0.0, 1.0] [0.0, 1.0] [0.0, 1.0] [0.0, 1.0] [0.0, 0.0] [0.0, 0.0] [0.0, 0.0] [0.0, 0.0] [0.0, 0.0] [0.0, 0.0] [0.0, 0.0] [0.0, 0.0] [0.0, 0.0] [0.0, 0.0] [0.0, 0.0] [0.0, 1.0] [0.0, 1.0] [0.0, 1.0] [0.0, 1.0] [0.0, 1.0] [0.0, 1.0] [0.0, 1.0] 
    2: [0.0, 3.0] [0.0, 3.0] [0.0, 3.0] [0.0, 3.0] [0.0, 3.0] [0.0, 3.0] [0.0, 3.0] [0.0, 3.0] [0.0, 3.0] [0.0, 3.0] [0.0, 3.0] [0.0, 3.0] [0.0, 3.0] [0.0, 3.0] [0.0, 3.0] [0.0, 3.0] [0.0, 3.0] [0.0, 3.0] [0.0, 3.0] [0.0, 3.0] [0.0, 3.0] [0.0, 3.0] [0.0, 3.0] [0.0, 3.0] [0.0, 3.0] [0.0, 3.0] [0.0, 3.0] [0.0, 3.0] [0.0, 3.0] [0.0, 3.0] [0.0, 3.0] [0.0, 3.0] [0.0, 3.0] [0.0, 3.0] [0.0, 3.0] [0.0, 3.0] [0.0, 3.0] [0.0, 3.0] [0.0, 3.0] [0.0, 3.0] [0.0, 3.0] [0.0, 3.0] [0.0, 3.0] [0.0, 3.0] [0.0, 3.0] [0.0, 3.0] [0.0, 3.0] [0.0, 3.0] [0.0, 3.0] [0.0, 3.0] [0.0, 3.0] [0.0, 3.0] [0.0, 3.0] [0.0, 3.0] [0.0, 3.0] [0.0, 3.0] [0.0, 3.0] [0.0, 3.0] [0.0, 3.0] [0.0, 3.0] [0.0, 3.0] [0.0, 3.0] [0.0, 3.0] [0.0, 3.0] [0.0, 3.0] [0.0, 3.0] [0.0, 3.0] [0.0, 3.0] [0.0, 3.0] [0.0, 3.0] [0.0, 3.0] [0.0, 3.0] [0.0, 3.0] [0.0, 3.0] [0.0, 3.0] [0.0, 3.0] [0.0, 3.0] [0.0, 3.0] [0.0, 3.0] [0.0, 3.0] [0.0, 3.0] [0.0, 3.0] [0.0, 3.0] [0.0, 3.0] [0.0, 3.0] [0.0, 3.0] [0.0, 3.0] [0.0, 3.0] [0.0, 3.0] 
    3: [0.0, 3.0] [0.0, 3.0] [0.0, 3.0] [0.0, 3.0] [0.0, 3.0] [0.0, 3.0] [0.0, 3.0] [0.0, 3.0] [0.0, 3.0] [0.0, 3.0] [0.0, 3.0] [0.0, 3.0] [0.0, 3.0] [0.0, 3.0] [0.0, 3.0] [0.0, 3.0] [0.0, 3.0] [0.0, 3.0] [0.0, 3.0] [0.0, 3.0] [0.0, 3.0] [0.0, 3.0] [0.0, 3.0] [0.0, 3.0] [0.0, 3.0] [0.0, 3.0] [0.0, 3.0] [0.0, 3.0] [0.0, 3.0] [0.0, 3.0] [0.0, 3.0] [0.0, 3.0] [0.0, 3.0] [0.0, 3.0] [0.0, 3.0] [0.0, 3.0] [0.0, 3.0] [0.0, 3.0] [0.0, 3.0] [0.0, 3.0] [0.0, 3.0] [0.0, 3.0] [0.0, 3.0] [0.0, 3.0] [0.0, 3.0] [0.0, 3.0] [0.0, 3.0] [0.0, 3.0] [0.0, 3.0] [0.0, 3.0] [0.0, 3.0] [0.0, 3.0] [0.0, 3.0] [0.0, 3.0] [0.0, 3.0] [0.0, 3.0] [0.0, 3.0] [0.0, 3.0] [0.0, 3.0] [0.0, 3.0] [0.0, 3.0] [0.0, 3.0] [0.0, 3.0] [0.0, 3.0] [0.0, 3.0] [0.0, 3.0] [0.0, 3.0] [0.0, 3.0] [0.0, 3.0] [0.0, 3.0] [0.0, 3.0] [0.0, 3.0] [0.0, 3.0] [0.0, 3.0] [0.0, 3.0] [0.0, 3.0] [0.0, 3.0] [0.0, 3.0] [0.0, 3.0] [0.0, 3.0] [0.0, 3.0] [0.0, 3.0] [0.0, 3.0] [0.0, 3.0] [0.0, 3.0] [0.0, 3.0] [0.0, 3.0] [0.0, 3.0] [0.0, 3.0] 
  Output fraction of data:
visual_stimulus_category: (0.470 0.504 0.220 0.309 0.253 0.199 0.525 0.545 0.218 0.306 0.247 0.230 0.209 0.281 0.239 0.196 0.260 0.200 0.228 0.317 0.572 0.460 0.479 0.327 0.341 0.191 0.278 0.550 0.542 0.386 0.337 0.240 0.231 0.285 0.496 0.459 0.348 0.468 0.166 0.207 0.209 0.491 0.564 0.259 0.329 0.275 0.243 0.105 0.180 0.482 0.598 0.227 0.291 0.235 0.200 0.150 0.172 0.198 0.186 0.206 0.265 0.640 0.438 0.352 0.376 0.304 0.409 0.374 0.280 0.308 0.261 0.528 0.481 0.240 0.500 0.485 0.503 0.537 0.317 0.315 0.198 0.220 0.517 0.419 0.389 0.341 0.193 0.184 0.146)  0.000 0.000 0.261 0.000 0.000 0.000 0.000 0.000 0.248 0.000 0.000 0.180 0.177 0.121 0.000 0.178 0.161 0.201 0.000 0.000 0.000 0.000 0.000 0.209 0.000 0.000 0.252 0.000 0.000 0.148 0.000 0.000 0.000 0.253 0.000 0.000 0.123 0.000 0.092 0.196 0.000 0.000 0.000 0.267 0.000 0.000 0.000 0.154 0.000 0.000 0.000 0.236 0.000 0.000 0.000 0.129 0.000 0.000 0.219 0.130 0.144 0.000 0.000 0.115 0.000 0.000 0.145 0.000 0.000 0.000 0.000 0.000 0.000 0.240 0.000 0.000 0.000 0.000 0.111 0.000 0.000 0.000 0.000 0.000 0.107 0.000 0.000 0.000 0.000)  0.000 0.000 0.000 0.000 0.000 0.000 0.000 0.000 0.000 0.000 0.000 0.000 0.000 0.000 0.000 0.121 0.000 0.163 0.000 0.000 0.000 0.000 0.000 0.000 0.000 0.000 0.000 0.000 0.000 0.000 0.000 0.000 0.000 0.000 0.000 0.000 0.000 0.000 0.000 0.000 0.000 0.000 0.000 0.000 0.000 0.000 0.000 0.149 0.000 0.000 0.000 0.000 0.000 0.000 0.000 0.177 0.000 0.000 0.000 0.000 0.000 0.000 0.000 0.000 0.000 0.000 0.000 0.000 0.000 0.000 0.000 0.000 0.000 0.000 0.000 0.000 0.000 0.000 0.000 0.000 0.000 0.000 0.000 0.000 0.000 0.000 0.000 0.000 0.000)  0.530 0.496 0.273 0.389 0.249 0.169 0.475 0.455 0.250 0.239 0.240 0.173 0.200 0.214 0.245 0.219 0.262 0.135 0.212 0.683 0.428 0.540 0.521 0.214 0.296 0.274 0.218 0.450 0.458 0.336 0.380 0.436 0.427 0.249 0.504 0.541 0.405 0.210 0.414 0.206 0.175 0.509 0.436 0.245 0.343 0.292 0.229 0.130 0.237 0.518 0.402 0.266 0.370 0.253 0.215 0.201 0.146 0.177 0.291 0.306 0.239 0.360 0.562 0.421 0.360 0.387 0.340 0.326 0.420 0.334 0.238 0.472 0.519 0.233 0.500 0.515 0.497 0.463 0.332 0.342 0.379 0.184 0.483 0.581 0.395 0.346 0.424 0.448 0.448)  0.000 0.000 0.000 0.000 0.000 0.213 0.000 0.000 0.000 0.000 0.000 0.000 0.000 0.000 0.000 0.000 0.000 0.000 0.000 0.000 0.000 0.000 0.000 0.000 0.000 0.000 0.000 0.000 0.000 0.000 0.000 0.000 0.000 0.000 0.000 0.000 0.000 0.000 0.000 0.000 0.201 0.000 0.000 0.000 0.000 0.000 0.204 0.101 0.188 0.000 0.000 0.000 0.000 0.000 0.184 0.000 0.273 0.227 0.000 0.000 0.000 0.000 0.000 0.000 0.000 0.000 0.000 0.000 0.000 0.153 0.000 0.000 0.000 0.000 0.000 0.000 0.000 0.000 0.000 0.000 0.000 0.186 0.000 0.000 0.000 0.000 0.000 0.170 0.000)  0.000 0.000 0.000 0.000 0.000 0.210 0.000 0.000 0.000 0.000 0.000 0.000 0.000 0.000 0.000 0.000 0.000 0.000 0.000 0.000 0.000 0.000 0.000 0.000 0.000 0.000 0.000 0.000 0.000 0.000 0.000 0.000 0.168 0.000 0.000 0.000 0.000 0.000 0.000 0.000 0.214 0.000 0.000 0.000 0.000 0.000 0.000 0.138 0.000 0.000 0.000 0.000 0.000 0.000 0.187 0.000 0.177 0.000 0.000 0.000 0.000 0.000 0.000 0.000 0.000 0.000 0.000 0.000 0.000 0.000 0.162 0.000 0.000 0.000 0.000 0.000 0.000 0.000 0.000 0.000 0.000 0.254 0.000 0.000 0.000 0.000 0.000 0.000 0.198)  0.000 0.000 0.246 0.301 0.249 0.209 0.000 0.000 0.284 0.455 0.286 0.229 0.230 0.232 0.000 0.199 0.208 0.162 0.000 0.000 0.000 0.000 0.000 0.249 0.363 0.246 0.253 0.000 0.000 0.130 0.283 0.173 0.173 0.213 0.000 0.000 0.123 0.322 0.178 0.198 0.201 0.000 0.000 0.229 0.328 0.235 0.163 0.122 0.164 0.000 0.000 0.271 0.339 0.259 0.214 0.172 0.232 0.205 0.138 0.246 0.217 0.000 0.000 0.113 0.264 0.135 0.106 0.300 0.160 0.205 0.338 0.000 0.000 0.287 0.000 0.000 0.000 0.000 0.114 0.342 0.239 0.156 0.000 0.000 0.108 0.313 0.196 0.198 0.207)  0.000 0.000 0.000 0.000 0.249 0.000 0.000 0.000 0.000 0.000 0.228 0.188 0.000 0.151 0.000 0.087 0.000 0.139 0.000 0.000 0.000 0.000 0.000 0.000 0.000 0.289 0.000 0.000 0.000 0.000 0.000 0.151 0.000 0.000 0.000 0.000 0.000 0.000 0.149 0.000 0.000 0.000 0.000 0.000 0.000 0.198 0.000 0.100 0.000 0.000 0.000 0.000 0.000 0.253 0.000 0.172 0.000 0.000 0.167 0.112 0.134 0.000 0.000 0.000 0.000 0.174 0.000 0.000 0.140 0.000 0.000 0.000 0.000 0.000 0.000 0.000 0.000 0.000 0.126 0.000 0.184 0.000 0.000 0.000 0.000 0.000 0.187 0.000 0.000)  0.000 0.000 0.000 0.000 0.000 0.000 0.000 0.000 0.000 0.000 0.000 0.000 0.000 0.000 0.114 0.000 0.000 0.000 0.196 0.000 0.000 0.000 0.000 0.000 0.000 0.000 0.000 0.000 0.000 0.000 0.000 0.000 0.000 0.000 0.000 0.000 0.000 0.000 0.000 0.000 0.000 0.000 0.000 0.000 0.000 0.000 0.000 0.000 0.000 0.000 0.000 0.000 0.000 0.000 0.000 0.000 0.000 0.000 0.000 0.000 0.000 0.000 0.000 0.000 0.000 0.000 0.000 0.000 0.000 0.000 0.000 0.000 0.000 0.000 0.000 0.000 0.000 0.000 0.000 0.000 0.000 0.000 0.000 0.000 0.000 0.000 0.000 0.000 0.000)  0.000 0.000 0.000 0.000 0.000 0.000 0.000 0.000 0.000 0.000 0.000 0.000 0.000 0.000 0.000 0.000 0.000 0.000 0.000 0.000 0.000 0.000 0.000 0.000 0.000 0.000 0.000 0.000 0.000 0.000 0.000 0.000 0.000 0.000 0.000 0.000 0.000 0.000 0.000 0.000 0.000 0.000 0.000 0.000 0.000 0.000 0.160 0.000 0.232 0.000 0.000 0.000 0.000 0.000 0.000 0.000 0.000 0.194 0.000 0.000 0.000 0.000 0.000 0.000 0.000 0.000 0.000 0.000 0.000 0.000 0.000 0.000 0.000 0.000 0.000 0.000 0.000 0.000 0.000 0.000 0.000 0.000 0.000 0.000 0.000 0.000 0.000 0.000 0.000)  0.000 0.000 0.000 0.000 0.000 0.000 0.000 0.000 0.000 0.000 0.000 0.000 0.000 0.000 0.276 0.000 0.000 0.000 0.257 0.000 0.000 0.000 0.000 0.000 0.000 0.000 0.000 0.000 0.000 0.000 0.000 0.000 0.000 0.000 0.000 0.000 0.000 0.000 0.000 0.000 0.000 0.000 0.000 0.000 0.000 0.000 0.000 0.000 0.000 0.000 0.000 0.000 0.000 0.000 0.000 0.000 0.000 0.000 0.000 0.000 0.000 0.000 0.000 0.000 0.000 0.000 0.000 0.000 0.000 0.000 0.000 0.000 0.000 0.000 0.000 0.000 0.000 0.000 0.000 0.000 0.000 0.000 0.000 0.000 0.000 0.000 0.000 0.000 0.000)  0.000 0.000 0.000 0.000 0.000 0.000 0.000 0.000 0.000 0.000 0.000 0.000 0.183 0.000 0.126 0.000 0.108 0.000 0.108 0.000 0.000 0.000 0.000 0.000 0.000 0.000 0.000 0.000 0.000 0.000 0.000 0.000 0.000 0.000 0.000 0.000 0.000 0.000 0.000 0.194 0.000 0.000 0.000 0.000 0.000 0.000 0.000 0.000 0.000 0.000 0.000 0.000 0.000 0.000 0.000 0.000 0.000 0.000 0.000 0.000 0.000 0.000 0.000 0.000 0.000 0.000 0.000 0.000 0.000 0.000 0.000 0.000 0.000 0.000 0.000 0.000 0.000 0.000 0.000 0.000 0.000 0.000 0.000 0.000 0.000 0.000 0.000 0.000 0.000)  
licking: (1.000 1.000 1.000 1.000 1.000 1.000 1.000 1.000 1.000 1.000 1.000 1.000 1.000 1.000 1.000 1.000 1.000 1.000 1.000 1.000 1.000 1.000 1.000 1.000 1.000 1.000 1.000 0.809 0.880 0.930 0.894 0.886 0.897 1.000 0.886 0.837 0.803 0.940 0.938 1.000 1.000 1.000 1.000 1.000 1.000 1.000 1.000 1.000 1.000 1.000 1.000 1.000 1.000 1.000 1.000 1.000 1.000 1.000 1.000 1.000 1.000 0.957 0.908 0.878 0.932 0.901 0.915 0.900 0.865 0.902 0.954 1.000 1.000 1.000 1.000 1.000 1.000 1.000 1.000 1.000 1.000 1.000 0.955 0.927 0.939 0.933 0.945 0.912 0.906)  0.000 0.000 0.000 0.000 0.000 0.000 0.000 0.000 0.000 0.000 0.000 0.000 0.000 0.000 0.000 0.000 0.000 0.000 0.000 0.000 0.000 0.000 0.000 0.000 0.000 0.000 0.000 0.191 0.120 0.070 0.106 0.114 0.103 0.000 0.114 0.163 0.197 0.060 0.062 0.000 0.000 0.000 0.000 0.000 0.000 0.000 0.000 0.000 0.000 0.000 0.000 0.000 0.000 0.000 0.000 0.000 0.000 0.000 0.000 0.000 0.000 0.043 0.092 0.122 0.068 0.099 0.085 0.100 0.135 0.098 0.046 0.000 0.000 0.000 0.000 0.000 0.000 0.000 0.000 0.000 0.000 0.000 0.045 0.073 0.061 0.067 0.055 0.088 0.094)  
position_bin: (0.154 0.177 0.180 0.185 0.200 0.176 0.473 0.207 0.351 0.423 0.162 0.178 0.206 0.116 0.120 0.204 0.161 0.113 0.157 0.143 0.138 0.124 0.208 0.305 0.404 0.210 0.128 0.188 0.133 0.116 0.148 0.129 0.150 0.142 0.315 0.219 0.128 0.207 0.109 0.166 0.190 0.146 0.147 0.179 0.247 0.139 0.180 0.266 0.122 0.137 0.289 0.178 0.162 0.172 0.193 0.166 0.171 0.137 0.223 0.192 0.178 0.077 0.143 0.169 0.166 0.166 0.211 0.172 0.157 0.211 0.149 0.169 0.351 0.349 0.142 0.196 0.181 0.196 0.215 0.183 0.126 0.388 0.137 0.140 0.148 0.165 0.165 0.155 0.154)  0.143 0.161 0.162 0.184 0.185 0.191 0.107 0.136 0.116 0.124 0.176 0.152 0.162 0.106 0.108 0.167 0.158 0.090 0.120 0.147 0.192 0.140 0.197 0.239 0.130 0.152 0.178 0.177 0.163 0.157 0.171 0.167 0.179 0.158 0.118 0.139 0.170 0.125 0.114 0.155 0.165 0.165 0.192 0.174 0.156 0.157 0.171 0.166 0.130 0.166 0.086 0.141 0.176 0.173 0.194 0.158 0.200 0.159 0.141 0.120 0.181 0.130 0.159 0.149 0.141 0.143 0.184 0.153 0.174 0.165 0.200 0.149 0.159 0.164 0.157 0.161 0.172 0.188 0.170 0.162 0.304 0.153 0.131 0.199 0.163 0.176 0.146 0.165 0.180)  0.140 0.169 0.175 0.175 0.172 0.169 0.156 0.182 0.088 0.114 0.213 0.164 0.138 0.101 0.109 0.168 0.173 0.091 0.170 0.121 0.165 0.165 0.166 0.144 0.107 0.146 0.144 0.166 0.170 0.157 0.199 0.194 0.201 0.172 0.117 0.208 0.157 0.189 0.125 0.170 0.161 0.149 0.247 0.178 0.150 0.221 0.200 0.128 0.180 0.169 0.132 0.193 0.164 0.181 0.167 0.214 0.139 0.163 0.174 0.099 0.139 0.103 0.160 0.178 0.165 0.169 0.179 0.212 0.203 0.177 0.196 0.145 0.107 0.118 0.144 0.153 0.186 0.159 0.176 0.153 0.145 0.136 0.151 0.235 0.164 0.170 0.187 0.217 0.205)  0.563 0.493 0.482 0.456 0.443 0.464 0.264 0.475 0.445 0.338 0.449 0.506 0.495 0.678 0.662 0.461 0.508 0.706 0.553 0.589 0.504 0.570 0.430 0.313 0.360 0.492 0.550 0.469 0.534 0.570 0.482 0.509 0.470 0.527 0.450 0.434 0.545 0.479 0.652 0.509 0.484 0.541 0.413 0.469 0.447 0.483 0.450 0.440 0.568 0.527 0.493 0.488 0.498 0.475 0.446 0.462 0.490 0.541 0.462 0.590 0.502 0.690 0.538 0.504 0.529 0.522 0.426 0.463 0.466 0.446 0.455 0.537 0.383 0.370 0.557 0.489 0.461 0.458 0.439 0.502 0.425 0.324 0.581 0.426 0.526 0.489 0.502 0.463 0.461)  
running_speed_bin: (0.024 0.025 0.032 0.023 0.045 0.036 0.100 0.190 0.192 0.213 0.201 0.048 0.047 0.073 0.066 0.084 0.084 0.057 0.053 0.102 0.097 0.025 0.111 0.115 0.219 0.142 0.117 0.276 0.184 0.142 0.098 0.111 0.092 0.210 0.223 0.202 0.125 0.224 0.191 0.062 0.042 0.075 0.070 0.058 0.073 0.112 0.092 0.070 0.077 0.098 0.063 0.063 0.073 0.039 0.066 0.038 0.040 0.065 0.068 0.074 0.070 0.046 0.049 0.071 0.061 0.061 0.126 0.079 0.097 0.099 0.101 0.028 0.040 0.048 0.026 0.037 0.033 0.045 0.044 0.059 0.064 0.050 0.095 0.099 0.125 0.097 0.106 0.097 0.106)  0.448 0.464 0.350 0.350 0.310 0.355 0.739 0.593 0.507 0.584 0.527 0.178 0.310 0.439 0.411 0.297 0.195 0.453 0.319 0.716 0.407 0.833 0.451 0.639 0.543 0.412 0.327 0.506 0.413 0.438 0.232 0.276 0.282 0.416 0.689 0.374 0.268 0.416 0.337 0.211 0.398 0.243 0.296 0.220 0.270 0.404 0.355 0.399 0.453 0.415 0.607 0.392 0.176 0.063 0.129 0.324 0.374 0.304 0.426 0.538 0.481 0.656 0.595 0.367 0.229 0.234 0.405 0.171 0.223 0.441 0.541 0.388 0.744 0.642 0.421 0.568 0.493 0.307 0.314 0.327 0.514 0.578 0.497 0.128 0.189 0.184 0.173 0.171 0.155)  0.383 0.312 0.340 0.385 0.328 0.277 0.141 0.204 0.280 0.163 0.213 0.271 0.316 0.188 0.159 0.094 0.092 0.176 0.129 0.175 0.257 0.136 0.363 0.198 0.170 0.293 0.352 0.211 0.348 0.330 0.469 0.493 0.503 0.269 0.087 0.356 0.536 0.334 0.419 0.170 0.197 0.172 0.110 0.136 0.139 0.225 0.212 0.117 0.133 0.111 0.234 0.430 0.449 0.277 0.406 0.261 0.191 0.198 0.115 0.229 0.236 0.200 0.237 0.349 0.275 0.279 0.349 0.379 0.365 0.381 0.302 0.371 0.201 0.226 0.321 0.186 0.254 0.186 0.221 0.234 0.168 0.161 0.119 0.152 0.114 0.252 0.244 0.296 0.300)  0.145 0.198 0.277 0.241 0.317 0.332 0.020 0.013 0.021 0.040 0.059 0.503 0.327 0.301 0.364 0.525 0.629 0.313 0.499 0.007 0.238 0.006 0.075 0.048 0.068 0.153 0.204 0.006 0.055 0.089 0.201 0.120 0.123 0.105 0.000 0.067 0.071 0.026 0.054 0.557 0.363 0.509 0.523 0.587 0.518 0.258 0.342 0.413 0.337 0.376 0.096 0.115 0.302 0.621 0.400 0.378 0.395 0.433 0.391 0.159 0.213 0.098 0.119 0.213 0.436 0.426 0.121 0.371 0.314 0.078 0.055 0.213 0.014 0.084 0.232 0.208 0.220 0.463 0.421 0.381 0.254 0.210 0.289 0.621 0.572 0.467 0.478 0.436 0.439)  
Brain region: V1: 78071 neurons, mHV: 50616 neurons, lHV: 20713 neurons, aHV: 28575 neurons  
Training on 30457 trials, testing on 7653 trials
Using device: cuda
Using balanced loss with class weights:
  Output 0: [0.00294856 0.01705016 0.13858601 0.00278382 0.04038172 0.04728713
 0.00598964 0.02268237 0.2886562  0.13603835 0.15844893 0.1391471 ]
  Output 1: [0.02664826 0.9733517 ]
  Output 2: [0.25989002 0.31907344 0.3162165  0.10482003]
  Output 3: [0.50780445 0.11444158 0.18879688 0.1889571 ]
Epoch [1/200], Loss: 110.954540
Epoch [2/200], Loss: 83.889525
Epoch [3/200], Loss: 67.046782
Epoch [4/200], Loss: 57.258046
Epoch [5/200], Loss: 51.359081
Epoch [6/200], Loss: 46.876445
Epoch [7/200], Loss: 42.744651
Epoch [8/200], Loss: 38.897310
Epoch [9/200], Loss: 35.518196
Epoch [10/200], Loss: 32.587675
Epoch [20/200], Loss: 15.560919
Epoch [30/200], Loss: 8.723704
Epoch [40/200], Loss: 5.405490
Epoch [50/200], Loss: 3.611131
Epoch [60/200], Loss: 2.568088
Epoch [70/200], Loss: 1.920995
Epoch [80/200], Loss: 1.494608
Epoch [90/200], Loss: 1.201238
Epoch [100/200], Loss: 1.001290
Epoch [110/200], Loss: 0.841113
Epoch [120/200], Loss: 0.738994
Epoch [130/200], Loss: 0.638371
Epoch [140/200], Loss: 0.586087
Epoch [150/200], Loss: 0.536505
Epoch [160/200], Loss: 0.489659
Epoch [170/200], Loss: 0.455115
Epoch [180/200], Loss: 0.423089
Epoch [190/200], Loss: 0.391073
Epoch [200/200], Loss: 0.375080
Test Loss: 2.461858

Training Balanced Accuracy Scores (chance = 1/num_classes):
  0 (visual_stimulus_category): 0.9313  (chance: 0.0833)
  1 (licking): 0.9870  (chance: 0.5000)
  2 (position_bin): 0.9615  (chance: 0.2500)
  3 (running_speed_bin): 0.8233  (chance: 0.2500)

Validation Balanced Accuracy Scores (chance = 1/num_classes):
  0 (visual_stimulus_category): 0.6744  (chance: 0.0833)
  1 (licking): 0.8439  (chance: 0.5000)
  2 (position_bin): 0.7679  (chance: 0.2500)
  3 (running_speed_bin): 0.6773  (chance: 0.2500)
