Data format is valid, no errors or warnings.
Number of sessions: 44
Total number of trials: 13762
Number of trials per session: [302, 245, 210, 252, 390, 214, 226, 230, 389, 380, 242, 363, 360, 474, 465, 314, 265, 318, 301, 246, 193, 284, 216, 297, 250, 323, 321, 295, 338, 349, 381, 325, 291, 404, 340, 384, 292, 343, 392, 287, 305, 427, 238, 301]
Number of subjects: 14
Number of brain regions: 2
Number of sessions per subject:
  Subject JEB6: 1 sessions
  Subject JEB7: 2 sessions
  Subject EKH1: 1 sessions
  Subject EKH3: 1 sessions
  Subject JGR2: 2 sessions
  Subject JGR3: 1 sessions
  Subject JEB13: 5 sessions
  Subject JEB14: 4 sessions
  Subject JEB15: 4 sessions
  Subject JEB19: 4 sessions
  Subject JEB11: 2 sessions
  Subject JEB12: 2 sessions
  Subject JEB23: 7 sessions
  Subject JEB24: 8 sessions
Input dimension: 1
Output dimension: 6
Summary statistics (across all sessions):
  T: mean: 166.00, median: 166.00, min: 166, max: 166
  n_neurons: mean: 55.84', min: 17, max: 141
  Input range:
    time_from_go_cue: [-2.5, 2.5]
  Output range:
    lick_direction: [0.0, 2.0]
    context: [0.0, 1.0]
    outcome: [0.0, 2.0]
    tongue_velocity: [0.0, 2.0]
    paw_velocity: [0.0, 2.0]
    motion_energy: [0.0, 2.0]
  Unique outputs per dimension (fraction of data):
    lick_direction: {left (0.423), right (0.446), none (0.130)}
    context: {WC (0.097), DR (0.903)}
    outcome: {incorrect (0.120), correct (0.749), ignore (0.131)}
    tongue_velocity: {below_median (0.087), above_median (0.087), not_visible (0.826)}
    paw_velocity: {below_median (0.477), above_median (0.477), not_visible (0.046)}
    motion_energy: {below_median (0.500), above_median (0.500), no_video (0.000)}
  Brain region distribution:
    ALM: 2312 neurons
    tjM1: 145 neurons

Per-session statistics:
  Mean T: 166.0, 166.0, 166.0, 166.0, 166.0, 166.0, 166.0, 166.0, 166.0, 166.0, 166.0, 166.0, 166.0, 166.0, 166.0, 166.0, 166.0, 166.0, 166.0, 166.0, 166.0, 166.0, 166.0, 166.0, 166.0, 166.0, 166.0, 166.0, 166.0, 166.0, 166.0, 166.0, 166.0, 166.0, 166.0, 166.0, 166.0, 166.0, 166.0, 166.0, 166.0, 166.0, 166.0, 166.0
  Min T: 166, 166, 166, 166, 166, 166, 166, 166, 166, 166, 166, 166, 166, 166, 166, 166, 166, 166, 166, 166, 166, 166, 166, 166, 166, 166, 166, 166, 166, 166, 166, 166, 166, 166, 166, 166, 166, 166, 166, 166, 166, 166, 166, 166
  Max T: 166, 166, 166, 166, 166, 166, 166, 166, 166, 166, 166, 166, 166, 166, 166, 166, 166, 166, 166, 166, 166, 166, 166, 166, 166, 166, 166, 166, 166, 166, 166, 166, 166, 166, 166, 166, 166, 166, 166, 166, 166, 166, 166, 166
  n_neurons: 29, 66, 27, 48, 66, 29, 53, 28, 48, 85, 115, 31, 51, 83, 77, 134, 96, 141, 68, 54, 31, 36, 36, 67, 33, 63, 67, 57, 39, 93, 57, 71, 35, 51, 49, 59, 17, 31, 24, 54, 34, 37, 42, 45
  Input range:
    0: [-2.5, 2.5] [-2.5, 2.5] [-2.5, 2.5] [-2.5, 2.5] [-2.5, 2.5] [-2.5, 2.5] [-2.5, 2.5] [-2.5, 2.5] [-2.5, 2.5] [-2.5, 2.5] [-2.5, 2.5] [-2.5, 2.5] [-2.5, 2.5] [-2.5, 2.5] [-2.5, 2.5] [-2.5, 2.5] [-2.5, 2.5] [-2.5, 2.5] [-2.5, 2.5] [-2.5, 2.5] [-2.5, 2.5] [-2.5, 2.5] [-2.5, 2.5] [-2.5, 2.5] [-2.5, 2.5] [-2.5, 2.5] [-2.5, 2.5] [-2.5, 2.5] [-2.5, 2.5] [-2.5, 2.5] [-2.5, 2.5] [-2.5, 2.5] [-2.5, 2.5] [-2.5, 2.5] [-2.5, 2.5] [-2.5, 2.5] [-2.5, 2.5] [-2.5, 2.5] [-2.5, 2.5] [-2.5, 2.5] [-2.5, 2.5] [-2.5, 2.5] [-2.5, 2.5] [-2.5, 2.5] 
  Output range:
    0: [0.0, 2.0] [0.0, 2.0] [0.0, 2.0] [0.0, 2.0] [0.0, 2.0] [0.0, 2.0] [0.0, 2.0] [0.0, 2.0] [0.0, 2.0] [0.0, 2.0] [0.0, 2.0] [0.0, 2.0] [0.0, 2.0] [0.0, 2.0] [0.0, 2.0] [0.0, 2.0] [0.0, 2.0] [0.0, 2.0] [0.0, 2.0] [0.0, 2.0] [0.0, 2.0] [0.0, 2.0] [0.0, 2.0] [0.0, 2.0] [0.0, 2.0] [0.0, 2.0] [0.0, 2.0] [0.0, 2.0] [0.0, 2.0] [0.0, 2.0] [0.0, 2.0] [0.0, 2.0] [0.0, 2.0] [0.0, 2.0] [0.0, 2.0] [0.0, 2.0] [0.0, 1.0] [0.0, 2.0] [0.0, 2.0] [0.0, 2.0] [0.0, 2.0] [0.0, 2.0] [0.0, 2.0] [0.0, 2.0] 
    1: [0.0, 1.0] [0.0, 1.0] [0.0, 1.0] [0.0, 1.0] [0.0, 1.0] [0.0, 1.0] [0.0, 1.0] [0.0, 1.0] [0.0, 1.0] [0.0, 1.0] [0.0, 1.0] [1.0, 1.0] [1.0, 1.0] [1.0, 1.0] [0.0, 1.0] [0.0, 1.0] [0.0, 1.0] [0.0, 1.0] [0.0, 1.0] [0.0, 1.0] [0.0, 1.0] [0.0, 1.0] [0.0, 1.0] [0.0, 1.0] [0.0, 1.0] [0.0, 1.0] [0.0, 1.0] [0.0, 1.0] [0.0, 1.0] [1.0, 1.0] [1.0, 1.0] [0.0, 1.0] [0.0, 1.0] [1.0, 1.0] [1.0, 1.0] [1.0, 1.0] [0.0, 1.0] [0.0, 1.0] [1.0, 1.0] [0.0, 1.0] [1.0, 1.0] [1.0, 1.0] [0.0, 1.0] [1.0, 1.0] 
    2: [0.0, 2.0] [0.0, 2.0] [0.0, 2.0] [0.0, 2.0] [0.0, 2.0] [0.0, 2.0] [0.0, 2.0] [0.0, 2.0] [0.0, 2.0] [0.0, 2.0] [0.0, 2.0] [0.0, 2.0] [0.0, 2.0] [0.0, 2.0] [0.0, 2.0] [0.0, 2.0] [0.0, 2.0] [0.0, 2.0] [0.0, 2.0] [0.0, 2.0] [0.0, 2.0] [0.0, 2.0] [0.0, 2.0] [0.0, 2.0] [0.0, 2.0] [0.0, 2.0] [0.0, 2.0] [0.0, 2.0] [0.0, 2.0] [0.0, 2.0] [0.0, 2.0] [0.0, 2.0] [0.0, 2.0] [0.0, 2.0] [0.0, 2.0] [0.0, 2.0] [0.0, 1.0] [0.0, 2.0] [0.0, 2.0] [0.0, 2.0] [0.0, 2.0] [0.0, 2.0] [0.0, 2.0] [0.0, 2.0] 
    3: [0.0, 2.0] [0.0, 2.0] [0.0, 2.0] [0.0, 2.0] [0.0, 2.0] [0.0, 2.0] [0.0, 2.0] [0.0, 2.0] [0.0, 2.0] [0.0, 2.0] [0.0, 2.0] [0.0, 2.0] [0.0, 2.0] [0.0, 2.0] [0.0, 2.0] [0.0, 2.0] [0.0, 2.0] [0.0, 2.0] [0.0, 2.0] [0.0, 2.0] [0.0, 2.0] [0.0, 2.0] [0.0, 2.0] [0.0, 2.0] [0.0, 2.0] [0.0, 2.0] [0.0, 2.0] [0.0, 2.0] [0.0, 2.0] [0.0, 2.0] [0.0, 2.0] [0.0, 2.0] [0.0, 2.0] [0.0, 2.0] [0.0, 2.0] [0.0, 2.0] [0.0, 2.0] [0.0, 2.0] [0.0, 2.0] [0.0, 2.0] [0.0, 2.0] [0.0, 2.0] [0.0, 2.0] [0.0, 2.0] 
    4: [0.0, 2.0] [0.0, 2.0] [0.0, 2.0] [0.0, 2.0] [0.0, 2.0] [0.0, 2.0] [0.0, 2.0] [0.0, 2.0] [0.0, 2.0] [0.0, 2.0] [0.0, 2.0] [0.0, 2.0] [0.0, 2.0] [0.0, 2.0] [0.0, 2.0] [0.0, 2.0] [0.0, 2.0] [0.0, 2.0] [0.0, 2.0] [0.0, 2.0] [0.0, 2.0] [0.0, 2.0] [0.0, 2.0] [0.0, 2.0] [0.0, 1.0] [0.0, 2.0] [0.0, 2.0] [0.0, 2.0] [0.0, 2.0] [0.0, 2.0] [0.0, 2.0] [0.0, 2.0] [0.0, 2.0] [0.0, 2.0] [0.0, 2.0] [0.0, 2.0] [0.0, 2.0] [0.0, 2.0] [0.0, 2.0] [0.0, 2.0] [0.0, 2.0] [0.0, 2.0] [0.0, 2.0] [0.0, 2.0] 
    5: [0.0, 1.0] [0.0, 1.0] [0.0, 1.0] [0.0, 1.0] [0.0, 1.0] [0.0, 1.0] [0.0, 1.0] [0.0, 1.0] [0.0, 1.0] [0.0, 1.0] [0.0, 1.0] [0.0, 1.0] [0.0, 1.0] [0.0, 1.0] [0.0, 1.0] [0.0, 1.0] [0.0, 1.0] [0.0, 1.0] [0.0, 1.0] [0.0, 1.0] [0.0, 1.0] [0.0, 1.0] [0.0, 2.0] [0.0, 1.0] [0.0, 1.0] [0.0, 1.0] [0.0, 1.0] [0.0, 1.0] [0.0, 1.0] [0.0, 1.0] [0.0, 1.0] [0.0, 1.0] [0.0, 1.0] [0.0, 1.0] [0.0, 1.0] [0.0, 1.0] [0.0, 1.0] [0.0, 1.0] [0.0, 1.0] [0.0, 1.0] [0.0, 1.0] [0.0, 1.0] [0.0, 1.0] [0.0, 1.0] 
  Output fraction of data:
lick_direction: (0.424 0.392 0.357 0.413 0.446 0.467 0.473 0.465 0.344 0.237 0.483 0.449 0.394 0.580 0.445 0.290 0.325 0.447 0.439 0.362 0.378 0.426 0.352 0.246 0.336 0.341 0.371 0.478 0.453 0.507 0.499 0.415 0.481 0.463 0.441 0.599 0.469 0.391 0.388 0.467 0.439 0.436 0.403 0.442)  0.437 0.461 0.390 0.437 0.382 0.402 0.389 0.374 0.560 0.484 0.446 0.501 0.503 0.416 0.512 0.653 0.555 0.292 0.362 0.280 0.332 0.289 0.324 0.316 0.336 0.483 0.455 0.407 0.399 0.453 0.457 0.508 0.340 0.431 0.465 0.346 0.531 0.531 0.556 0.495 0.498 0.525 0.529 0.515)  0.139 0.147 0.252 0.151 0.172 0.131 0.137 0.161 0.095 0.279 0.070 0.050 0.103 0.004 0.043 0.057 0.121 0.261 0.199 0.358 0.290 0.285 0.324 0.438 0.328 0.176 0.174 0.115 0.148 0.040 0.045 0.077 0.179 0.106 0.094 0.055 0.000 0.079 0.056 0.038 0.062 0.040 0.067 0.043)  
context: (0.328 0.331 0.343 0.274 0.226 0.280 0.252 0.304 0.054 0.124 0.012 0.000 0.000 0.000 0.009 0.038 0.192 0.066 0.103 0.179 0.135 0.391 0.389 0.360 0.336 0.050 0.112 0.031 0.030 0.000 0.000 0.003 0.024 0.000 0.000 0.000 0.007 0.006 0.000 0.003 0.000 0.000 0.013 0.000)  0.672 0.669 0.657 0.726 0.774 0.720 0.748 0.696 0.946 0.876 0.988 1.000 1.000 1.000 0.991 0.962 0.808 0.934 0.897 0.821 0.865 0.609 0.611 0.640 0.664 0.950 0.888 0.969 0.970 1.000 1.000 0.997 0.976 1.000 1.000 1.000 0.993 0.994 1.000 0.997 1.000 1.000 0.987 1.000)  
outcome: (0.079 0.167 0.105 0.071 0.054 0.126 0.102 0.196 0.231 0.189 0.223 0.187 0.228 0.053 0.090 0.322 0.268 0.075 0.063 0.045 0.041 0.151 0.111 0.071 0.080 0.087 0.103 0.207 0.183 0.049 0.102 0.074 0.100 0.067 0.074 0.104 0.154 0.090 0.110 0.178 0.089 0.059 0.076 0.086)  0.781 0.686 0.643 0.778 0.772 0.738 0.761 0.643 0.674 0.532 0.707 0.763 0.669 0.943 0.867 0.621 0.611 0.664 0.738 0.593 0.668 0.553 0.565 0.488 0.592 0.734 0.717 0.675 0.666 0.911 0.853 0.849 0.722 0.827 0.832 0.841 0.846 0.831 0.834 0.784 0.849 0.902 0.857 0.870)  0.139 0.147 0.252 0.151 0.174 0.136 0.137 0.161 0.095 0.279 0.070 0.050 0.103 0.004 0.043 0.057 0.121 0.261 0.199 0.362 0.290 0.296 0.324 0.441 0.328 0.180 0.181 0.119 0.151 0.040 0.045 0.077 0.179 0.106 0.094 0.055 0.000 0.079 0.056 0.038 0.062 0.040 0.067 0.043)  
tongue_velocity: (0.091 0.120 0.116 0.088 0.088 0.061 0.068 0.080 0.077 0.059 0.094 0.091 0.070 0.087 0.073 0.050 0.061 0.065 0.047 0.041 0.060 0.055 0.045 0.037 0.061 0.110 0.111 0.080 0.076 0.118 0.103 0.098 0.080 0.085 0.096 0.094 0.135 0.117 0.117 0.113 0.119 0.116 0.107 0.111)  0.091 0.120 0.116 0.088 0.088 0.061 0.068 0.080 0.077 0.059 0.094 0.091 0.070 0.087 0.073 0.050 0.061 0.065 0.047 0.041 0.060 0.055 0.045 0.037 0.061 0.110 0.111 0.080 0.076 0.118 0.103 0.098 0.080 0.085 0.096 0.094 0.135 0.117 0.117 0.113 0.119 0.116 0.107 0.111)  0.818 0.761 0.768 0.824 0.823 0.878 0.864 0.840 0.847 0.883 0.811 0.818 0.860 0.825 0.855 0.901 0.878 0.870 0.905 0.917 0.881 0.890 0.909 0.927 0.878 0.779 0.778 0.839 0.848 0.764 0.794 0.805 0.841 0.830 0.807 0.811 0.730 0.766 0.765 0.774 0.762 0.768 0.787 0.778)  
paw_velocity: (0.499 0.497 0.499 0.479 0.498 0.498 0.497 0.498 0.473 0.412 0.487 0.492 0.432 0.500 0.500 0.497 0.489 0.499 0.500 0.496 0.500 0.500 0.498 0.500 0.500 0.462 0.466 0.466 0.464 0.464 0.466 0.461 0.461 0.464 0.463 0.466 0.462 0.466 0.464 0.465 0.464 0.463 0.462 0.464)  0.499 0.497 0.499 0.479 0.498 0.498 0.497 0.498 0.473 0.412 0.487 0.492 0.432 0.500 0.500 0.497 0.489 0.499 0.500 0.496 0.500 0.500 0.498 0.500 0.500 0.462 0.466 0.466 0.464 0.464 0.466 0.461 0.461 0.464 0.463 0.466 0.462 0.466 0.464 0.465 0.464 0.463 0.462 0.465)  0.003 0.005 0.003 0.042 0.003 0.003 0.006 0.003 0.054 0.177 0.026 0.015 0.136 0.000 0.001 0.006 0.022 0.001 0.001 0.008 0.000 0.000 0.005 0.000 0.000 0.076 0.069 0.068 0.072 0.071 0.068 0.078 0.077 0.071 0.075 0.069 0.077 0.069 0.072 0.070 0.072 0.073 0.075 0.071)  
motion_energy: (0.499 0.500 0.500 0.498 0.500 0.500 0.500 0.500 0.500 0.500 0.500 0.500 0.500 0.500 0.500 0.500 0.500 0.500 0.500 0.500 0.500 0.499 0.498 0.500 0.500 0.500 0.500 0.500 0.500 0.500 0.500 0.500 0.500 0.500 0.500 0.500 0.500 0.500 0.500 0.500 0.500 0.500 0.500 0.500)  0.501 0.500 0.500 0.502 0.500 0.500 0.500 0.500 0.500 0.500 0.500 0.500 0.500 0.500 0.500 0.500 0.500 0.500 0.500 0.500 0.500 0.501 0.498 0.500 0.500 0.500 0.500 0.500 0.500 0.500 0.500 0.500 0.500 0.500 0.500 0.500 0.500 0.500 0.500 0.500 0.500 0.500 0.500 0.500)  0.000 0.000 0.000 0.000 0.000 0.000 0.000 0.000 0.000 0.000 0.000 0.000 0.000 0.000 0.000 0.000 0.000 0.000 0.000 0.000 0.000 0.000 0.005 0.000 0.000 0.000 0.000 0.000 0.000 0.000 0.000 0.000 0.000 0.000 0.000 0.000 0.000 0.000 0.000 0.000 0.000 0.000 0.000 0.000)  
Brain region: ALM: 2312 neurons, tjM1: 145 neurons  
Training on 10994 trials, testing on 2768 trials
Using device: cuda
Using balanced loss with class weights:
  Output 0: [0.19111782 0.1817684  0.62711376]
  Output 1: [0.90358377 0.09641623]
  Output 2: [0.48162872 0.07673822 0.44163305]
  Output 3: [0.47729117 0.47298047 0.04972838]
  Output 4: [0.08093898 0.08122198 0.837839  ]
  Output 5: [1.8204196e-04 1.8169393e-04 9.9963629e-01]
Session 4: Using 50000 of 51792 timepoints for SVD initialization
Session 8: Using 50000 of 51626 timepoints for SVD initialization
Session 9: Using 50000 of 50464 timepoints for SVD initialization
Session 13: Using 50000 of 62914 timepoints for SVD initialization
Session 14: Using 50000 of 61752 timepoints for SVD initialization
Session 30: Using 50000 of 50464 timepoints for SVD initialization
Session 33: Using 50000 of 53618 timepoints for SVD initialization
Session 35: Using 50000 of 50962 timepoints for SVD initialization
Session 38: Using 50000 of 51958 timepoints for SVD initialization
Session 41: Using 50000 of 56606 timepoints for SVD initialization
Epoch [1/200], Loss: 7.141804
Epoch [2/200], Loss: 6.429849
Epoch [3/200], Loss: 5.781720
Epoch [4/200], Loss: 5.198971
Epoch [5/200], Loss: 4.685379
Epoch [6/200], Loss: 4.246792
Epoch [7/200], Loss: 3.885924
Epoch [8/200], Loss: 3.597431
Epoch [9/200], Loss: 3.369378
Epoch [10/200], Loss: 3.187068
Epoch [20/200], Loss: 2.138177
Epoch [30/200], Loss: 1.550398
Epoch [40/200], Loss: 1.210551
Epoch [50/200], Loss: 1.008026
Epoch [60/200], Loss: 0.881565
Epoch [70/200], Loss: 0.801752
Epoch [80/200], Loss: 0.750819
Epoch [90/200], Loss: 0.717361
Epoch [100/200], Loss: 0.694598
Epoch [110/200], Loss: 0.678388
Epoch [120/200], Loss: 0.666292
Epoch [130/200], Loss: 0.656861
Epoch [140/200], Loss: 0.649226
Epoch [150/200], Loss: 0.642853
Epoch [160/200], Loss: 0.637404
Epoch [170/200], Loss: 0.632655
Epoch [180/200], Loss: 0.628456
Epoch [190/200], Loss: 0.624700
Epoch [200/200], Loss: 0.621309
Test Loss: 0.675907

Training Balanced Accuracy Scores (chance = 1/num_classes):
  0 (lick_direction): 0.6960  (chance: 0.3333)
  1 (context): 0.8859  (chance: 0.5000)
  2 (outcome): 0.6769  (chance: 0.3333)
  3 (tongue_velocity): 0.6166  (chance: 0.3333)
  4 (paw_velocity): 0.6222  (chance: 0.3333)
  5 (motion_energy): 0.8667  (chance: 0.3333)
/usr/local/lib/python3.13/dist-packages/sklearn/metrics/_classification.py:2939: UserWarning: y_pred contains classes not in y_true
  warnings.warn("y_pred contains classes not in y_true")

Validation Balanced Accuracy Scores (chance = 1/num_classes):
  0 (lick_direction): 0.6779  (chance: 0.3333)
  1 (context): 0.8649  (chance: 0.5000)
  2 (outcome): 0.6478  (chance: 0.3333)
  3 (tongue_velocity): 0.6093  (chance: 0.3333)
  4 (paw_velocity): 0.6135  (chance: 0.3333)
  5 (motion_energy): 0.7958  (chance: 0.3333)
train_decoder.py finished successfully.
