Data format is valid, no errors or warnings.
Number of sessions: 199
Total number of trials: 48112
Number of trials per session: [39, 165, 148, 175, 151, 110, 163, 171, 223, 239, 178, 232, 175, 226, 245, 253, 124, 194, 278, 312, 282, 256, 302, 292, 311, 227, 335, 389, 390, 270, 393, 259, 298, 261, 281, 376, 144, 212, 144, 183, 258, 259, 262, 250, 264, 254, 218, 269, 267, 246, 225, 279, 300, 241, 321, 233, 176, 274, 253, 185, 361, 343, 267, 188, 314, 199, 266, 215, 297, 355, 312, 197, 246, 299, 289, 229, 303, 284, 336, 201, 270, 148, 240, 308, 183, 309, 212, 372, 219, 350, 347, 325, 188, 347, 294, 191, 237, 77, 249, 202, 105, 118, 287, 289, 293, 78, 324, 104, 333, 106, 365, 246, 223, 367, 207, 207, 207, 207, 207, 207, 207, 256, 134, 91, 132, 246, 246, 246, 202, 267, 267, 267, 267, 267, 267, 267, 303, 303, 303, 303, 303, 303, 303, 221, 221, 221, 221, 221, 190, 190, 190, 190, 190, 300, 172, 154, 91, 244, 185, 217, 231, 307, 283, 300, 197, 216, 202, 144, 321, 158, 304, 193, 294, 272, 306, 310, 345, 312, 297, 315, 86, 165, 283, 276, 212, 241, 255, 207, 254, 184, 226, 256, 215, 259, 300, 242, 240, 119, 128]
Number of subjects: 38
Number of brain regions: 2
Number of sessions per subject:
  Subject 403491: 2 sessions
  Subject 412036: 3 sessions
  Subject 412366: 4 sessions
  Subject 421136: 3 sessions
  Subject 423606: 4 sessions
  Subject 425493: 3 sessions
  Subject 425496: 4 sessions
  Subject 429952: 4 sessions
  Subject 431023: 4 sessions
  Subject 431252: 5 sessions
  Subject 436662: 4 sessions
  Subject 440298: 3 sessions
  Subject 442709: 4 sessions
  Subject 445002: 4 sessions
  Subject 445270: 6 sessions
  Subject 447663: 5 sessions
  Subject 448900: 5 sessions
  Subject 449441: 4 sessions
  Subject 450471: 7 sessions
  Subject 453913: 3 sessions
  Subject 456564: 6 sessions
  Subject 456916: 4 sessions
  Subject 456917: 4 sessions
  Subject 457766: 9 sessions
  Subject 457841: 34 sessions
  Subject 459773: 4 sessions
  Subject 459777: 4 sessions
  Subject 467302: 4 sessions
  Subject 468866: 7 sessions
  Subject 479426: 4 sessions
  Subject 495789: 4 sessions
  Subject 523927: 4 sessions
  Subject 524274: 5 sessions
  Subject 533527: 5 sessions
  Subject 538219: 5 sessions
  Subject 544261: 5 sessions
  Subject 546819: 5 sessions
  Subject 549976: 5 sessions
Input dimension: 0
Output dimension: 5
Summary statistics (across all sessions):
  T: mean: 84.12, median: 84.61, min: 70, max: 125
  n_neurons: mean: 146.57', min: 4, max: 666
  Input range:
  Output range:
    image_identity: [0.0, 16.0]
    image_change: [0.0, 1.0]
    running_speed_bin: [0.0, 4.0]
    pupil_diameter_bin: [0.0, 4.0]
    trial_outcome: [0.0, 3.0]
  Unique outputs per dimension (fraction of data):
    image_identity: {none/gray (0.665), im000 (0.019), im031 (0.020), im035 (0.020), im045 (0.020), im054 (0.020), im061 (0.022), im062 (0.022), im063 (0.022), im065 (0.022), im066 (0.022), im069 (0.022), im073 (0.019), im075 (0.020), im077 (0.022), im085 (0.023), im106 (0.019)}
    image_change: {no_change (0.990), change (0.010)}
    running_speed_bin: {q1_slowest (0.200), q2 (0.200), q3 (0.200), q4 (0.200), q5_fastest (0.200)}
    pupil_diameter_bin: {q1_smallest (0.200), q2 (0.200), q3 (0.200), q4 (0.200), q5_largest (0.200)}
    trial_outcome: {hit (0.307), miss (0.567), false_alarm (0.017), correct_reject (0.108)}
  Brain region distribution:
    VISl: 162 neurons
    VISp: 29006 neurons

Per-session statistics:
  Mean T: 78.8, 81.6, 81.3, 83.5, 79.0, 82.2, 80.9, 80.1, 82.3, 82.9, 82.4, 84.0, 83.5, 83.2, 86.7, 83.9, 81.5, 82.1, 83.6, 85.1, 85.9, 84.4, 83.7, 85.2, 84.9, 84.4, 86.6, 85.7, 86.4, 86.5, 85.3, 84.0, 84.3, 84.7, 84.5, 86.9, 81.1, 84.9, 80.9, 84.6, 85.7, 85.9, 86.3, 83.6, 85.5, 85.2, 85.4, 85.7, 85.7, 84.3, 86.0, 85.3, 86.6, 83.6, 86.1, 84.9, 82.2, 86.4, 85.0, 83.9, 85.0, 85.0, 84.7, 80.8, 84.8, 82.5, 85.2, 85.1, 85.4, 85.3, 85.4, 83.4, 86.6, 84.5, 86.1, 83.2, 85.9, 85.8, 85.7, 84.6, 84.7, 81.1, 84.1, 85.2, 83.1, 86.0, 82.6, 86.6, 83.7, 86.1, 85.1, 86.4, 85.4, 85.3, 84.0, 84.8, 83.3, 75.8, 86.0, 84.5, 79.6, 87.2, 84.7, 85.5, 86.2, 76.3, 85.3, 82.9, 86.1, 80.4, 85.3, 84.9, 82.3, 88.1, 85.1, 85.1, 85.1, 85.1, 85.1, 85.1, 85.1, 83.7, 82.7, 78.9, 83.3, 83.1, 83.1, 83.1, 86.1, 83.9, 83.9, 83.9, 83.9, 83.9, 83.9, 83.9, 84.3, 84.3, 84.3, 84.3, 84.3, 84.3, 84.3, 82.6, 82.6, 82.6, 82.6, 82.6, 85.1, 85.1, 85.1, 85.1, 85.1, 86.2, 83.6, 83.5, 78.1, 85.2, 82.0, 86.1, 84.9, 84.5, 85.4, 84.6, 83.1, 83.2, 83.4, 80.6, 86.3, 81.4, 84.6, 82.6, 85.4, 86.1, 85.9, 85.1, 85.9, 86.2, 86.4, 84.6, 79.5, 83.7, 84.8, 84.7, 85.0, 83.4, 83.6, 83.7, 84.9, 84.8, 83.3, 85.1, 85.1, 84.7, 83.8, 85.4, 84.0, 80.8, 79.6
  Min T: 72, 72, 72, 72, 72, 72, 72, 72, 72, 72, 72, 72, 72, 72, 72, 72, 72, 72, 72, 72, 72, 72, 72, 72, 72, 72, 72, 72, 72, 72, 72, 72, 72, 72, 72, 72, 72, 72, 72, 72, 72, 72, 72, 72, 72, 72, 72, 72, 72, 72, 72, 72, 72, 72, 72, 72, 70, 72, 72, 72, 72, 72, 72, 72, 72, 72, 72, 72, 72, 72, 72, 72, 72, 72, 72, 72, 72, 72, 72, 72, 72, 72, 72, 72, 72, 72, 72, 72, 72, 72, 72, 72, 72, 72, 72, 72, 72, 72, 72, 72, 72, 72, 72, 72, 72, 72, 72, 72, 72, 72, 72, 72, 72, 72, 72, 72, 72, 72, 72, 72, 72, 72, 72, 72, 72, 72, 72, 72, 72, 72, 72, 72, 72, 72, 72, 72, 72, 72, 72, 72, 72, 72, 72, 72, 72, 72, 72, 72, 72, 72, 72, 72, 72, 72, 72, 72, 72, 72, 72, 72, 72, 72, 72, 72, 72, 72, 72, 72, 72, 72, 72, 72, 72, 72, 72, 72, 72, 72, 72, 72, 72, 72, 72, 72, 72, 72, 72, 72, 72, 72, 72, 72, 72, 72, 72, 72, 72, 72, 72
  Max T: 110, 118, 125, 125, 110, 125, 125, 125, 125, 125, 117, 125, 125, 125, 125, 125, 125, 125, 125, 125, 125, 125, 125, 125, 125, 125, 125, 125, 125, 125, 125, 125, 125, 125, 125, 125, 125, 125, 125, 125, 125, 125, 125, 125, 125, 125, 125, 125, 125, 125, 125, 125, 125, 125, 125, 125, 125, 125, 125, 125, 125, 125, 125, 125, 125, 125, 125, 125, 125, 125, 125, 125, 125, 125, 125, 125, 125, 125, 125, 125, 125, 117, 125, 125, 125, 125, 125, 125, 125, 125, 125, 125, 125, 125, 125, 125, 125, 87, 125, 125, 117, 125, 125, 125, 125, 125, 125, 117, 125, 125, 125, 125, 125, 125, 125, 125, 125, 125, 125, 125, 125, 125, 125, 117, 125, 125, 125, 125, 125, 125, 125, 125, 125, 125, 125, 125, 125, 125, 125, 125, 125, 125, 125, 125, 125, 125, 125, 125, 125, 125, 125, 125, 125, 125, 125, 125, 117, 125, 125, 125, 125, 125, 125, 125, 125, 125, 125, 125, 125, 125, 125, 117, 125, 125, 125, 125, 125, 125, 125, 125, 125, 125, 125, 125, 125, 125, 125, 125, 125, 125, 125, 125, 125, 125, 125, 125, 125, 118, 125
  n_neurons: 89, 142, 208, 27, 199, 45, 221, 190, 49, 39, 22, 251, 194, 286, 196, 302, 46, 200, 212, 164, 122, 436, 167, 410, 504, 110, 483, 29, 22, 157, 20, 161, 162, 146, 143, 13, 136, 429, 426, 556, 537, 151, 209, 48, 188, 123, 120, 242, 233, 125, 127, 64, 49, 209, 62, 151, 184, 63, 171, 108, 156, 175, 65, 98, 557, 77, 604, 85, 666, 469, 556, 52, 83, 415, 511, 98, 457, 463, 516, 81, 490, 85, 242, 164, 83, 482, 230, 115, 254, 134, 560, 158, 245, 504, 558, 197, 194, 18, 95, 180, 23, 120, 69, 88, 39, 9, 381, 12, 354, 14, 451, 392, 17, 363, 12, 12, 12, 22, 14, 6, 10, 14, 360, 340, 549, 8, 17, 9, 422, 8, 12, 12, 23, 8, 9, 6, 11, 10, 13, 15, 6, 7, 5, 8, 16, 7, 8, 4, 8, 7, 10, 8, 4, 13, 11, 15, 18, 511, 438, 517, 555, 13, 9, 9, 6, 22, 20, 18, 18, 16, 10, 8, 7, 7, 10, 18, 36, 13, 37, 30, 20, 21, 29, 18, 25, 18, 23, 26, 23, 20, 22, 21, 18, 10, 15, 10, 13, 17, 20
  Input range:
  Output range:
    0: [0.0, 15.0] [0.0, 16.0] [0.0, 15.0] [0.0, 15.0] [0.0, 15.0] [0.0, 15.0] [0.0, 16.0] [0.0, 16.0] [0.0, 16.0] [0.0, 15.0] [0.0, 16.0] [0.0, 15.0] [0.0, 15.0] [0.0, 15.0] [0.0, 16.0] [0.0, 16.0] [0.0, 16.0] [0.0, 16.0] [0.0, 16.0] [0.0, 16.0] [0.0, 16.0] [0.0, 15.0] [0.0, 15.0] [0.0, 15.0] [0.0, 16.0] [0.0, 15.0] [0.0, 16.0] [0.0, 15.0] [0.0, 16.0] [0.0, 15.0] [0.0, 16.0] [0.0, 15.0] [0.0, 16.0] [0.0, 16.0] [0.0, 16.0] [0.0, 15.0] [0.0, 15.0] [0.0, 15.0] [0.0, 15.0] [0.0, 16.0] [0.0, 16.0] [0.0, 16.0] [0.0, 15.0] [0.0, 16.0] [0.0, 15.0] [0.0, 15.0] [0.0, 15.0] [0.0, 15.0] [0.0, 16.0] [0.0, 16.0] [0.0, 16.0] [0.0, 15.0] [0.0, 16.0] [0.0, 16.0] [0.0, 16.0] [0.0, 16.0] [0.0, 15.0] [0.0, 15.0] [0.0, 16.0] [0.0, 15.0] [0.0, 16.0] [0.0, 15.0] [0.0, 15.0] [0.0, 15.0] [0.0, 15.0] [0.0, 15.0] [0.0, 15.0] [0.0, 15.0] [0.0, 15.0] [0.0, 16.0] [0.0, 16.0] [0.0, 15.0] [0.0, 16.0] [0.0, 15.0] [0.0, 16.0] [0.0, 16.0] [0.0, 16.0] [0.0, 16.0] [0.0, 15.0] [0.0, 15.0] [0.0, 15.0] [0.0, 15.0] [0.0, 15.0] [0.0, 15.0] [0.0, 16.0] [0.0, 16.0] [0.0, 15.0] [0.0, 15.0] [0.0, 16.0] [0.0, 16.0] [0.0, 16.0] [0.0, 16.0] [0.0, 16.0] [0.0, 16.0] [0.0, 16.0] [0.0, 15.0] [0.0, 15.0] [0.0, 15.0] [0.0, 15.0] [0.0, 16.0] [0.0, 15.0] [0.0, 16.0] [0.0, 15.0] [0.0, 16.0] [0.0, 16.0] [0.0, 15.0] [0.0, 15.0] [0.0, 15.0] [0.0, 15.0] [0.0, 15.0] [0.0, 15.0] [0.0, 15.0] [0.0, 16.0] [0.0, 15.0] [0.0, 15.0] [0.0, 15.0] [0.0, 15.0] [0.0, 15.0] [0.0, 15.0] [0.0, 15.0] [0.0, 15.0] [0.0, 16.0] [0.0, 15.0] [0.0, 15.0] [0.0, 16.0] [0.0, 15.0] [0.0, 15.0] [0.0, 15.0] [0.0, 16.0] [0.0, 16.0] [0.0, 16.0] [0.0, 16.0] [0.0, 16.0] [0.0, 16.0] [0.0, 16.0] [0.0, 16.0] [0.0, 15.0] [0.0, 15.0] [0.0, 15.0] [0.0, 15.0] [0.0, 15.0] [0.0, 15.0] [0.0, 15.0] [0.0, 15.0] [0.0, 15.0] [0.0, 15.0] [0.0, 15.0] [0.0, 15.0] [0.0, 16.0] [0.0, 16.0] [0.0, 16.0] [0.0, 16.0] [0.0, 16.0] [0.0, 15.0] [0.0, 15.0] [0.0, 16.0] [0.0, 16.0] [0.0, 15.0] [0.0, 15.0] [0.0, 16.0] [0.0, 16.0] [0.0, 15.0] [0.0, 15.0] [0.0, 16.0] [0.0, 16.0] [0.0, 15.0] [0.0, 15.0] [0.0, 15.0] [0.0, 16.0] [0.0, 16.0] [0.0, 15.0] [0.0, 15.0] [0.0, 15.0] [0.0, 16.0] [0.0, 16.0] [0.0, 15.0] [0.0, 15.0] [0.0, 16.0] [0.0, 16.0] [0.0, 15.0] [0.0, 15.0] [0.0, 15.0] [0.0, 15.0] [0.0, 15.0] [0.0, 16.0] [0.0, 16.0] [0.0, 16.0] [0.0, 16.0] [0.0, 16.0] [0.0, 15.0] [0.0, 15.0] [0.0, 15.0] [0.0, 16.0] [0.0, 15.0] [0.0, 16.0] [0.0, 15.0] [0.0, 16.0] [0.0, 16.0] [0.0, 16.0] 
    1: [0.0, 1.0] [0.0, 1.0] [0.0, 1.0] [0.0, 1.0] [0.0, 1.0] [0.0, 1.0] [0.0, 1.0] [0.0, 1.0] [0.0, 1.0] [0.0, 1.0] [0.0, 1.0] [0.0, 1.0] [0.0, 1.0] [0.0, 1.0] [0.0, 1.0] [0.0, 1.0] [0.0, 1.0] [0.0, 1.0] [0.0, 1.0] [0.0, 1.0] [0.0, 1.0] [0.0, 1.0] [0.0, 1.0] [0.0, 1.0] [0.0, 1.0] [0.0, 1.0] [0.0, 1.0] [0.0, 1.0] [0.0, 1.0] [0.0, 1.0] [0.0, 1.0] [0.0, 1.0] [0.0, 1.0] [0.0, 1.0] [0.0, 1.0] [0.0, 1.0] [0.0, 1.0] [0.0, 1.0] [0.0, 1.0] [0.0, 1.0] [0.0, 1.0] [0.0, 1.0] [0.0, 1.0] [0.0, 1.0] [0.0, 1.0] [0.0, 1.0] [0.0, 1.0] [0.0, 1.0] [0.0, 1.0] [0.0, 1.0] [0.0, 1.0] [0.0, 1.0] [0.0, 1.0] [0.0, 1.0] [0.0, 1.0] [0.0, 1.0] [0.0, 1.0] [0.0, 1.0] [0.0, 1.0] [0.0, 1.0] [0.0, 1.0] [0.0, 1.0] [0.0, 1.0] [0.0, 1.0] [0.0, 1.0] [0.0, 1.0] [0.0, 1.0] [0.0, 1.0] [0.0, 1.0] [0.0, 1.0] [0.0, 1.0] [0.0, 1.0] [0.0, 1.0] [0.0, 1.0] [0.0, 1.0] [0.0, 1.0] [0.0, 1.0] [0.0, 1.0] [0.0, 1.0] [0.0, 1.0] [0.0, 1.0] [0.0, 1.0] [0.0, 1.0] [0.0, 1.0] [0.0, 1.0] [0.0, 1.0] [0.0, 1.0] [0.0, 1.0] [0.0, 1.0] [0.0, 1.0] [0.0, 1.0] [0.0, 1.0] [0.0, 1.0] [0.0, 1.0] [0.0, 1.0] [0.0, 1.0] [0.0, 1.0] [0.0, 1.0] [0.0, 1.0] [0.0, 1.0] [0.0, 1.0] [0.0, 1.0] [0.0, 1.0] [0.0, 1.0] [0.0, 1.0] [0.0, 1.0] [0.0, 1.0] [0.0, 1.0] [0.0, 1.0] [0.0, 1.0] [0.0, 1.0] [0.0, 1.0] [0.0, 1.0] [0.0, 1.0] [0.0, 1.0] [0.0, 1.0] [0.0, 1.0] [0.0, 1.0] [0.0, 1.0] [0.0, 1.0] [0.0, 1.0] [0.0, 1.0] [0.0, 1.0] [0.0, 1.0] [0.0, 1.0] [0.0, 1.0] [0.0, 1.0] [0.0, 1.0] [0.0, 1.0] [0.0, 1.0] [0.0, 1.0] [0.0, 1.0] [0.0, 1.0] [0.0, 1.0] [0.0, 1.0] [0.0, 1.0] [0.0, 1.0] [0.0, 1.0] [0.0, 1.0] [0.0, 1.0] [0.0, 1.0] [0.0, 1.0] [0.0, 1.0] [0.0, 1.0] [0.0, 1.0] [0.0, 1.0] [0.0, 1.0] [0.0, 1.0] [0.0, 1.0] [0.0, 1.0] [0.0, 1.0] [0.0, 1.0] [0.0, 1.0] [0.0, 1.0] [0.0, 1.0] [0.0, 1.0] [0.0, 1.0] [0.0, 1.0] [0.0, 1.0] [0.0, 1.0] [0.0, 1.0] [0.0, 1.0] [0.0, 1.0] [0.0, 1.0] [0.0, 1.0] [0.0, 1.0] [0.0, 1.0] [0.0, 1.0] [0.0, 1.0] [0.0, 1.0] [0.0, 1.0] [0.0, 1.0] [0.0, 1.0] [0.0, 1.0] [0.0, 1.0] [0.0, 1.0] [0.0, 1.0] [0.0, 1.0] [0.0, 1.0] [0.0, 1.0] [0.0, 1.0] [0.0, 1.0] [0.0, 1.0] [0.0, 1.0] [0.0, 1.0] [0.0, 1.0] [0.0, 1.0] [0.0, 1.0] [0.0, 1.0] [0.0, 1.0] [0.0, 1.0] [0.0, 1.0] [0.0, 1.0] [0.0, 1.0] [0.0, 1.0] [0.0, 1.0] [0.0, 1.0] [0.0, 1.0] [0.0, 1.0] 
    2: [0.0, 4.0] [0.0, 2.0] [0.0, 4.0] [0.0, 4.0] [0.0, 4.0] [0.0, 4.0] [0.0, 4.0] [0.0, 4.0] [0.0, 4.0] [0.0, 2.0] [0.0, 3.0] [0.0, 4.0] [0.0, 3.0] [0.0, 4.0] [0.0, 4.0] [0.0, 4.0] [0.0, 4.0] [0.0, 4.0] [0.0, 4.0] [0.0, 3.0] [0.0, 4.0] [0.0, 4.0] [0.0, 3.0] [0.0, 4.0] [0.0, 4.0] [0.0, 3.0] [0.0, 4.0] [0.0, 4.0] [0.0, 4.0] [0.0, 4.0] [0.0, 4.0] [0.0, 4.0] [0.0, 4.0] [0.0, 4.0] [0.0, 4.0] [0.0, 4.0] [0.0, 4.0] [0.0, 4.0] [0.0, 3.0] [0.0, 3.0] [0.0, 4.0] [0.0, 4.0] [0.0, 4.0] [0.0, 4.0] [0.0, 4.0] [0.0, 4.0] [0.0, 4.0] [0.0, 4.0] [0.0, 4.0] [0.0, 4.0] [0.0, 4.0] [0.0, 4.0] [0.0, 4.0] [0.0, 4.0] [0.0, 4.0] [0.0, 4.0] [0.0, 4.0] [0.0, 4.0] [0.0, 4.0] [0.0, 4.0] [0.0, 4.0] [0.0, 4.0] [0.0, 4.0] [0.0, 4.0] [0.0, 4.0] [0.0, 4.0] [0.0, 4.0] [0.0, 4.0] [0.0, 4.0] [0.0, 4.0] [0.0, 4.0] [0.0, 4.0] [0.0, 4.0] [0.0, 4.0] [0.0, 4.0] [0.0, 4.0] [0.0, 4.0] [0.0, 4.0] [0.0, 4.0] [0.0, 4.0] [0.0, 4.0] [0.0, 4.0] [0.0, 4.0] [0.0, 4.0] [0.0, 4.0] [0.0, 4.0] [0.0, 4.0] [0.0, 4.0] [0.0, 4.0] [0.0, 4.0] [0.0, 4.0] [0.0, 4.0] [0.0, 4.0] [0.0, 4.0] [0.0, 3.0] [0.0, 4.0] [0.0, 4.0] [0.0, 3.0] [0.0, 4.0] [0.0, 4.0] [0.0, 3.0] [0.0, 4.0] [0.0, 4.0] [0.0, 4.0] [0.0, 4.0] [0.0, 4.0] [0.0, 4.0] [0.0, 4.0] [0.0, 4.0] [0.0, 3.0] [0.0, 4.0] [0.0, 4.0] [0.0, 3.0] [0.0, 4.0] [0.0, 2.0] [0.0, 2.0] [0.0, 2.0] [0.0, 2.0] [0.0, 2.0] [0.0, 2.0] [0.0, 2.0] [0.0, 3.0] [0.0, 4.0] [0.0, 4.0] [0.0, 4.0] [0.0, 2.0] [0.0, 2.0] [0.0, 2.0] [0.0, 4.0] [0.0, 2.0] [0.0, 2.0] [0.0, 2.0] [0.0, 2.0] [0.0, 2.0] [0.0, 2.0] [0.0, 2.0] [0.0, 2.0] [0.0, 2.0] [0.0, 2.0] [0.0, 2.0] [0.0, 2.0] [0.0, 2.0] [0.0, 2.0] [0.0, 2.0] [0.0, 2.0] [0.0, 2.0] [0.0, 2.0] [0.0, 2.0] [0.0, 3.0] [0.0, 3.0] [0.0, 3.0] [0.0, 3.0] [0.0, 3.0] [0.0, 4.0] [0.0, 4.0] [0.0, 4.0] [0.0, 4.0] [0.0, 4.0] [0.0, 4.0] [0.0, 4.0] [0.0, 4.0] [0.0, 3.0] [0.0, 2.0] [0.0, 2.0] [0.0, 2.0] [0.0, 4.0] [0.0, 4.0] [0.0, 4.0] [0.0, 4.0] [0.0, 4.0] [0.0, 3.0] [0.0, 3.0] [0.0, 3.0] [0.0, 3.0] [0.0, 2.0] [0.0, 4.0] [0.0, 4.0] [0.0, 4.0] [0.0, 4.0] [0.0, 4.0] [0.0, 3.0] [0.0, 3.0] [0.0, 4.0] [0.0, 4.0] [0.0, 4.0] [0.0, 4.0] [0.0, 4.0] [0.0, 4.0] [0.0, 4.0] [0.0, 4.0] [0.0, 4.0] [0.0, 4.0] [0.0, 4.0] [0.0, 2.0] [0.0, 4.0] [0.0, 2.0] [0.0, 2.0] [0.0, 2.0] [0.0, 2.0] 
    3: [1.0, 4.0] [0.0, 4.0] [0.0, 2.0] [0.0, 4.0] [0.0, 2.0] [0.0, 3.0] [0.0, 3.0] [0.0, 4.0] [1.0, 4.0] [0.0, 4.0] [0.0, 4.0] [0.0, 4.0] [0.0, 4.0] [0.0, 3.0] [0.0, 4.0] [0.0, 4.0] [0.0, 4.0] [0.0, 3.0] [0.0, 4.0] [0.0, 3.0] [0.0, 3.0] [0.0, 3.0] [0.0, 3.0] [0.0, 4.0] [0.0, 4.0] [0.0, 4.0] [0.0, 4.0] [0.0, 3.0] [0.0, 4.0] [0.0, 4.0] [0.0, 3.0] [0.0, 4.0] [0.0, 4.0] [0.0, 3.0] [0.0, 4.0] [0.0, 3.0] [1.0, 4.0] [0.0, 3.0] [0.0, 2.0] [0.0, 2.0] [0.0, 4.0] [0.0, 4.0] [0.0, 4.0] [0.0, 4.0] [0.0, 4.0] [0.0, 4.0] [0.0, 4.0] [0.0, 3.0] [0.0, 4.0] [0.0, 4.0] [0.0, 4.0] [0.0, 4.0] [0.0, 4.0] [1.0, 4.0] [0.0, 4.0] [0.0, 4.0] [0.0, 4.0] [0.0, 3.0] [0.0, 4.0] [0.0, 3.0] [0.0, 4.0] [0.0, 4.0] [0.0, 3.0] [0.0, 3.0] [1.0, 4.0] [0.0, 3.0] [2.0, 4.0] [0.0, 3.0] [1.0, 3.0] [1.0, 3.0] [0.0, 3.0] [0.0, 3.0] [0.0, 4.0] [1.0, 4.0] [1.0, 4.0] [0.0, 3.0] [1.0, 4.0] [0.0, 4.0] [0.0, 2.0] [0.0, 4.0] [0.0, 2.0] [1.0, 4.0] [0.0, 4.0] [1.0, 4.0] [2.0, 4.0] [0.0, 4.0] [0.0, 4.0] [0.0, 4.0] [0.0, 4.0] [0.0, 4.0] [0.0, 1.0] [1.0, 4.0] [0.0, 4.0] [0.0, 3.0] [0.0, 1.0] [1.0, 4.0] [0.0, 4.0] [0.0, 4.0] [1.0, 4.0] [1.0, 4.0] [0.0, 4.0] [2.0, 4.0] [0.0, 4.0] [0.0, 4.0] [0.0, 4.0] [0.0, 4.0] [0.0, 4.0] [0.0, 4.0] [0.0, 4.0] [0.0, 3.0] [1.0, 4.0] [0.0, 4.0] [0.0, 4.0] [0.0, 4.0] [0.0, 4.0] [0.0, 4.0] [0.0, 4.0] [0.0, 4.0] [0.0, 4.0] [0.0, 4.0] [0.0, 4.0] [0.0, 4.0] [0.0, 4.0] [1.0, 4.0] [1.0, 4.0] [0.0, 4.0] [0.0, 4.0] [0.0, 4.0] [2.0, 4.0] [0.0, 4.0] [0.0, 4.0] [0.0, 4.0] [0.0, 4.0] [0.0, 4.0] [0.0, 4.0] [0.0, 4.0] [0.0, 4.0] [0.0, 4.0] [0.0, 4.0] [0.0, 4.0] [0.0, 4.0] [0.0, 4.0] [0.0, 4.0] [0.0, 4.0] [0.0, 4.0] [0.0, 4.0] [0.0, 4.0] [0.0, 4.0] [0.0, 4.0] [0.0, 4.0] [0.0, 4.0] [0.0, 4.0] [0.0, 4.0] [0.0, 2.0] [0.0, 3.0] [0.0, 4.0] [0.0, 4.0] [0.0, 2.0] [0.0, 3.0] [0.0, 2.0] [0.0, 3.0] [0.0, 4.0] [0.0, 4.0] [3.0, 4.0] [3.0, 4.0] [0.0, 4.0] [1.0, 4.0] [2.0, 4.0] [2.0, 4.0] [1.0, 4.0] [3.0, 4.0] [3.0, 4.0] [0.0, 4.0] [0.0, 4.0] [0.0, 4.0] [2.0, 4.0] [1.0, 4.0] [3.0, 4.0] [2.0, 4.0] [1.0, 3.0] [0.0, 4.0] [0.0, 4.0] [0.0, 4.0] [0.0, 3.0] [1.0, 4.0] [0.0, 4.0] [0.0, 3.0] [2.0, 4.0] [1.0, 4.0] [0.0, 4.0] [1.0, 4.0] [4.0, 4.0] [3.0, 4.0] [0.0, 4.0] [3.0, 4.0] [0.0, 4.0] [0.0, 4.0] [0.0, 4.0] [0.0, 4.0] 
    4: [0.0, 2.0] [0.0, 3.0] [0.0, 3.0] [0.0, 3.0] [0.0, 3.0] [0.0, 3.0] [0.0, 3.0] [0.0, 3.0] [0.0, 3.0] [0.0, 3.0] [0.0, 3.0] [0.0, 3.0] [0.0, 3.0] [0.0, 3.0] [0.0, 3.0] [0.0, 3.0] [0.0, 3.0] [0.0, 3.0] [0.0, 3.0] [0.0, 3.0] [0.0, 3.0] [0.0, 3.0] [0.0, 3.0] [0.0, 3.0] [0.0, 3.0] [0.0, 3.0] [0.0, 3.0] [0.0, 3.0] [0.0, 3.0] [0.0, 3.0] [1.0, 3.0] [0.0, 3.0] [0.0, 3.0] [0.0, 3.0] [0.0, 3.0] [0.0, 3.0] [0.0, 3.0] [0.0, 3.0] [0.0, 3.0] [0.0, 3.0] [0.0, 3.0] [0.0, 3.0] [0.0, 3.0] [0.0, 3.0] [0.0, 3.0] [0.0, 3.0] [0.0, 3.0] [0.0, 3.0] [0.0, 3.0] [0.0, 3.0] [0.0, 3.0] [0.0, 3.0] [0.0, 3.0] [0.0, 3.0] [0.0, 3.0] [0.0, 3.0] [0.0, 3.0] [0.0, 3.0] [0.0, 3.0] [0.0, 3.0] [0.0, 3.0] [0.0, 3.0] [0.0, 3.0] [0.0, 3.0] [0.0, 3.0] [0.0, 3.0] [0.0, 3.0] [0.0, 3.0] [0.0, 3.0] [0.0, 3.0] [0.0, 3.0] [0.0, 3.0] [0.0, 3.0] [0.0, 3.0] [0.0, 3.0] [0.0, 3.0] [0.0, 3.0] [0.0, 3.0] [0.0, 3.0] [0.0, 3.0] [0.0, 3.0] [0.0, 3.0] [0.0, 3.0] [0.0, 3.0] [0.0, 3.0] [0.0, 3.0] [0.0, 3.0] [0.0, 3.0] [0.0, 3.0] [0.0, 3.0] [0.0, 3.0] [0.0, 3.0] [0.0, 3.0] [0.0, 3.0] [0.0, 3.0] [0.0, 3.0] [0.0, 3.0] [0.0, 3.0] [0.0, 3.0] [0.0, 3.0] [0.0, 3.0] [0.0, 3.0] [0.0, 3.0] [0.0, 3.0] [0.0, 3.0] [0.0, 3.0] [0.0, 3.0] [0.0, 3.0] [0.0, 3.0] [0.0, 3.0] [0.0, 3.0] [0.0, 3.0] [0.0, 3.0] [0.0, 3.0] [0.0, 3.0] [0.0, 3.0] [0.0, 3.0] [0.0, 3.0] [0.0, 3.0] [0.0, 3.0] [0.0, 3.0] [0.0, 3.0] [0.0, 3.0] [0.0, 3.0] [0.0, 3.0] [0.0, 3.0] [0.0, 3.0] [0.0, 3.0] [0.0, 3.0] [0.0, 3.0] [0.0, 3.0] [0.0, 3.0] [0.0, 3.0] [0.0, 3.0] [0.0, 3.0] [0.0, 3.0] [0.0, 3.0] [0.0, 3.0] [0.0, 3.0] [0.0, 3.0] [0.0, 3.0] [0.0, 3.0] [0.0, 3.0] [0.0, 3.0] [0.0, 3.0] [0.0, 3.0] [0.0, 3.0] [0.0, 3.0] [0.0, 3.0] [0.0, 3.0] [0.0, 3.0] [0.0, 3.0] [0.0, 3.0] [1.0, 3.0] [0.0, 3.0] [0.0, 3.0] [0.0, 3.0] [0.0, 3.0] [0.0, 3.0] [0.0, 3.0] [0.0, 3.0] [0.0, 3.0] [0.0, 3.0] [0.0, 3.0] [0.0, 3.0] [0.0, 3.0] [0.0, 3.0] [0.0, 3.0] [0.0, 3.0] [0.0, 3.0] [0.0, 3.0] [0.0, 3.0] [0.0, 3.0] [0.0, 3.0] [0.0, 3.0] [0.0, 3.0] [0.0, 3.0] [0.0, 3.0] [0.0, 3.0] [0.0, 3.0] [0.0, 3.0] [0.0, 3.0] [0.0, 3.0] [0.0, 3.0] [0.0, 3.0] [0.0, 3.0] [0.0, 3.0] [0.0, 3.0] [0.0, 3.0] [0.0, 3.0] [0.0, 3.0] [0.0, 3.0] [0.0, 3.0] [0.0, 3.0] [0.0, 3.0] [0.0, 3.0] [0.0, 3.0] [0.0, 3.0] [0.0, 3.0] 
  Output fraction of data:
image_identity: (0.662 0.661 0.662 0.664 0.661 0.663 0.661 0.664 0.662 0.666 0.663 0.666 0.666 0.663 0.662 0.663 0.664 0.664 0.664 0.665 0.665 0.664 0.663 0.663 0.664 0.667 0.664 0.667 0.667 0.667 0.666 0.665 0.664 0.668 0.665 0.665 0.665 0.667 0.663 0.663 0.665 0.664 0.663 0.664 0.665 0.666 0.663 0.664 0.664 0.663 0.662 0.664 0.665 0.662 0.666 0.666 0.664 0.668 0.665 0.663 0.667 0.667 0.665 0.664 0.666 0.664 0.666 0.665 0.666 0.669 0.667 0.665 0.663 0.665 0.663 0.663 0.665 0.666 0.668 0.665 0.665 0.663 0.665 0.668 0.661 0.667 0.665 0.667 0.663 0.667 0.666 0.667 0.665 0.666 0.667 0.663 0.663 0.664 0.664 0.663 0.662 0.663 0.666 0.667 0.665 0.663 0.667 0.663 0.667 0.665 0.665 0.667 0.667 0.668 0.669 0.669 0.669 0.669 0.669 0.669 0.669 0.667 0.662 0.664 0.662 0.666 0.666 0.666 0.663 0.664 0.664 0.664 0.664 0.664 0.664 0.664 0.665 0.665 0.665 0.665 0.665 0.665 0.665 0.665 0.665 0.665 0.665 0.665 0.664 0.664 0.664 0.664 0.664 0.668 0.665 0.664 0.662 0.663 0.663 0.664 0.663 0.667 0.665 0.665 0.664 0.666 0.665 0.662 0.667 0.664 0.665 0.664 0.667 0.665 0.665 0.667 0.667 0.667 0.666 0.665 0.662 0.665 0.666 0.665 0.665 0.664 0.665 0.665 0.664 0.667 0.665 0.664 0.663 0.667 0.666 0.667 0.664 0.665 0.663)  0.000 0.046 0.000 0.000 0.000 0.000 0.041 0.045 0.041 0.000 0.040 0.000 0.000 0.000 0.040 0.046 0.043 0.040 0.042 0.041 0.043 0.000 0.000 0.000 0.045 0.000 0.040 0.000 0.041 0.000 0.043 0.000 0.042 0.044 0.046 0.000 0.000 0.000 0.000 0.042 0.044 0.040 0.000 0.044 0.000 0.000 0.000 0.000 0.041 0.047 0.038 0.000 0.039 0.044 0.044 0.039 0.000 0.000 0.041 0.000 0.044 0.000 0.000 0.000 0.000 0.000 0.000 0.000 0.000 0.036 0.042 0.000 0.042 0.000 0.043 0.041 0.041 0.036 0.000 0.000 0.000 0.000 0.000 0.000 0.042 0.042 0.000 0.000 0.044 0.039 0.043 0.043 0.046 0.041 0.043 0.000 0.000 0.000 0.000 0.049 0.000 0.037 0.000 0.040 0.042 0.000 0.000 0.000 0.000 0.000 0.000 0.000 0.039 0.000 0.000 0.000 0.000 0.000 0.000 0.000 0.000 0.045 0.000 0.000 0.050 0.000 0.000 0.000 0.040 0.037 0.037 0.037 0.037 0.037 0.037 0.037 0.000 0.000 0.000 0.000 0.000 0.000 0.000 0.000 0.000 0.000 0.000 0.000 0.045 0.045 0.045 0.045 0.045 0.000 0.000 0.041 0.038 0.000 0.000 0.042 0.042 0.000 0.000 0.043 0.032 0.000 0.000 0.000 0.043 0.039 0.000 0.000 0.000 0.045 0.039 0.000 0.000 0.043 0.042 0.000 0.000 0.000 0.000 0.000 0.042 0.040 0.041 0.036 0.042 0.000 0.000 0.000 0.044 0.000 0.043 0.000 0.043 0.047 0.037)  0.000 0.043 0.000 0.000 0.000 0.000 0.044 0.039 0.043 0.000 0.044 0.000 0.000 0.000 0.045 0.042 0.041 0.043 0.041 0.040 0.048 0.000 0.000 0.000 0.042 0.000 0.045 0.000 0.044 0.000 0.044 0.000 0.043 0.040 0.044 0.000 0.000 0.000 0.000 0.044 0.046 0.044 0.000 0.042 0.000 0.000 0.000 0.000 0.047 0.038 0.045 0.000 0.042 0.042 0.041 0.045 0.000 0.000 0.044 0.000 0.043 0.000 0.000 0.000 0.000 0.000 0.000 0.000 0.000 0.042 0.041 0.000 0.043 0.000 0.041 0.043 0.041 0.040 0.000 0.000 0.000 0.000 0.000 0.000 0.043 0.041 0.000 0.000 0.042 0.042 0.039 0.040 0.037 0.041 0.041 0.000 0.000 0.000 0.000 0.039 0.000 0.043 0.000 0.043 0.042 0.000 0.000 0.000 0.000 0.000 0.000 0.000 0.045 0.000 0.000 0.000 0.000 0.000 0.000 0.000 0.000 0.042 0.000 0.000 0.042 0.000 0.000 0.000 0.047 0.042 0.042 0.042 0.042 0.042 0.042 0.042 0.000 0.000 0.000 0.000 0.000 0.000 0.000 0.000 0.000 0.000 0.000 0.000 0.041 0.041 0.041 0.041 0.041 0.000 0.000 0.043 0.045 0.000 0.000 0.042 0.046 0.000 0.000 0.040 0.041 0.000 0.000 0.000 0.045 0.040 0.000 0.000 0.000 0.040 0.045 0.000 0.000 0.039 0.040 0.000 0.000 0.000 0.000 0.000 0.038 0.040 0.041 0.046 0.045 0.000 0.000 0.000 0.042 0.000 0.040 0.000 0.040 0.045 0.048)  0.000 0.043 0.000 0.000 0.000 0.000 0.044 0.038 0.042 0.000 0.040 0.000 0.000 0.000 0.040 0.040 0.045 0.046 0.042 0.044 0.039 0.000 0.000 0.000 0.038 0.000 0.042 0.000 0.039 0.000 0.040 0.000 0.041 0.044 0.041 0.000 0.000 0.000 0.000 0.040 0.040 0.042 0.000 0.044 0.000 0.000 0.000 0.000 0.038 0.042 0.039 0.000 0.041 0.042 0.044 0.046 0.000 0.000 0.042 0.000 0.039 0.000 0.000 0.000 0.000 0.000 0.000 0.000 0.000 0.040 0.042 0.000 0.044 0.000 0.041 0.043 0.045 0.043 0.000 0.000 0.000 0.000 0.000 0.000 0.041 0.039 0.000 0.000 0.047 0.039 0.042 0.041 0.047 0.043 0.037 0.000 0.000 0.000 0.000 0.047 0.000 0.046 0.000 0.038 0.044 0.000 0.000 0.000 0.000 0.000 0.000 0.000 0.045 0.000 0.000 0.000 0.000 0.000 0.000 0.000 0.000 0.043 0.000 0.000 0.037 0.000 0.000 0.000 0.042 0.044 0.044 0.044 0.044 0.044 0.044 0.044 0.000 0.000 0.000 0.000 0.000 0.000 0.000 0.000 0.000 0.000 0.000 0.000 0.041 0.041 0.041 0.041 0.041 0.000 0.000 0.039 0.048 0.000 0.000 0.038 0.040 0.000 0.000 0.041 0.048 0.000 0.000 0.000 0.041 0.045 0.000 0.000 0.000 0.039 0.045 0.000 0.000 0.043 0.043 0.000 0.000 0.000 0.000 0.000 0.042 0.043 0.043 0.041 0.041 0.000 0.000 0.000 0.037 0.000 0.042 0.000 0.043 0.042 0.039)  0.000 0.045 0.000 0.000 0.000 0.000 0.040 0.039 0.046 0.000 0.043 0.000 0.000 0.000 0.044 0.039 0.038 0.042 0.043 0.043 0.039 0.000 0.000 0.000 0.042 0.000 0.039 0.000 0.042 0.000 0.041 0.000 0.045 0.041 0.041 0.000 0.000 0.000 0.000 0.041 0.039 0.041 0.000 0.039 0.000 0.000 0.000 0.000 0.042 0.040 0.042 0.000 0.043 0.043 0.042 0.041 0.000 0.000 0.047 0.000 0.040 0.000 0.000 0.000 0.000 0.000 0.000 0.000 0.000 0.044 0.041 0.000 0.040 0.000 0.038 0.041 0.044 0.044 0.000 0.000 0.000 0.000 0.000 0.000 0.042 0.041 0.000 0.000 0.042 0.043 0.047 0.042 0.036 0.040 0.041 0.000 0.000 0.000 0.000 0.040 0.000 0.037 0.000 0.042 0.044 0.000 0.000 0.000 0.000 0.000 0.000 0.000 0.038 0.000 0.000 0.000 0.000 0.000 0.000 0.000 0.000 0.041 0.000 0.000 0.041 0.000 0.000 0.000 0.036 0.043 0.043 0.043 0.043 0.043 0.043 0.043 0.000 0.000 0.000 0.000 0.000 0.000 0.000 0.000 0.000 0.000 0.000 0.000 0.041 0.041 0.041 0.041 0.041 0.000 0.000 0.042 0.039 0.000 0.000 0.048 0.040 0.000 0.000 0.043 0.038 0.000 0.000 0.000 0.044 0.042 0.000 0.000 0.000 0.043 0.045 0.000 0.000 0.045 0.038 0.000 0.000 0.000 0.000 0.000 0.038 0.043 0.047 0.040 0.042 0.000 0.000 0.000 0.040 0.000 0.040 0.000 0.043 0.041 0.046)  0.000 0.044 0.000 0.000 0.000 0.000 0.040 0.046 0.042 0.000 0.042 0.000 0.000 0.000 0.043 0.044 0.044 0.040 0.041 0.042 0.042 0.000 0.000 0.000 0.041 0.000 0.041 0.000 0.040 0.000 0.042 0.000 0.040 0.039 0.041 0.000 0.000 0.000 0.000 0.039 0.041 0.045 0.000 0.042 0.000 0.000 0.000 0.000 0.042 0.041 0.045 0.000 0.045 0.041 0.042 0.041 0.000 0.000 0.043 0.000 0.043 0.000 0.000 0.000 0.000 0.000 0.000 0.000 0.000 0.043 0.041 0.000 0.044 0.000 0.047 0.041 0.040 0.044 0.000 0.000 0.000 0.000 0.000 0.000 0.042 0.042 0.000 0.000 0.042 0.044 0.038 0.039 0.044 0.042 0.040 0.000 0.000 0.000 0.000 0.041 0.000 0.052 0.000 0.040 0.041 0.000 0.000 0.000 0.000 0.000 0.000 0.000 0.040 0.000 0.000 0.000 0.000 0.000 0.000 0.000 0.000 0.042 0.000 0.000 0.036 0.000 0.000 0.000 0.045 0.042 0.042 0.042 0.042 0.042 0.042 0.042 0.000 0.000 0.000 0.000 0.000 0.000 0.000 0.000 0.000 0.000 0.000 0.000 0.039 0.039 0.039 0.039 0.039 0.000 0.000 0.039 0.033 0.000 0.000 0.043 0.046 0.000 0.000 0.042 0.041 0.000 0.000 0.000 0.041 0.039 0.000 0.000 0.000 0.041 0.043 0.000 0.000 0.042 0.043 0.000 0.000 0.000 0.000 0.000 0.041 0.043 0.040 0.042 0.042 0.000 0.000 0.000 0.046 0.000 0.042 0.000 0.040 0.043 0.038)  0.041 0.000 0.040 0.043 0.044 0.036 0.000 0.000 0.000 0.038 0.000 0.042 0.038 0.042 0.000 0.000 0.000 0.000 0.000 0.000 0.000 0.043 0.039 0.042 0.000 0.038 0.000 0.040 0.000 0.043 0.000 0.040 0.000 0.000 0.000 0.043 0.051 0.045 0.043 0.000 0.000 0.000 0.041 0.000 0.046 0.042 0.043 0.042 0.000 0.000 0.000 0.041 0.000 0.000 0.000 0.000 0.040 0.044 0.000 0.040 0.000 0.047 0.040 0.042 0.041 0.041 0.041 0.037 0.039 0.000 0.000 0.040 0.000 0.042 0.000 0.000 0.000 0.000 0.038 0.037 0.042 0.036 0.038 0.043 0.000 0.000 0.041 0.042 0.000 0.000 0.000 0.000 0.000 0.000 0.000 0.041 0.038 0.039 0.039 0.000 0.048 0.000 0.044 0.000 0.000 0.037 0.043 0.041 0.045 0.045 0.039 0.041 0.000 0.041 0.046 0.046 0.046 0.046 0.046 0.046 0.046 0.000 0.048 0.047 0.000 0.038 0.038 0.038 0.000 0.000 0.000 0.000 0.000 0.000 0.000 0.000 0.040 0.040 0.040 0.040 0.040 0.040 0.040 0.038 0.038 0.038 0.038 0.038 0.000 0.000 0.000 0.000 0.000 0.042 0.035 0.000 0.000 0.042 0.044 0.000 0.000 0.043 0.038 0.000 0.000 0.044 0.041 0.041 0.000 0.000 0.044 0.050 0.042 0.000 0.000 0.042 0.042 0.000 0.000 0.042 0.036 0.037 0.041 0.042 0.000 0.000 0.000 0.000 0.000 0.046 0.043 0.041 0.000 0.039 0.000 0.041 0.000 0.000 0.000)  0.065 0.000 0.038 0.040 0.044 0.042 0.000 0.000 0.000 0.040 0.000 0.043 0.042 0.044 0.000 0.000 0.000 0.000 0.000 0.000 0.000 0.043 0.043 0.042 0.000 0.038 0.000 0.041 0.000 0.039 0.000 0.041 0.000 0.000 0.000 0.042 0.044 0.042 0.043 0.000 0.000 0.000 0.042 0.000 0.039 0.046 0.047 0.044 0.000 0.000 0.000 0.044 0.000 0.000 0.000 0.000 0.041 0.045 0.000 0.042 0.000 0.043 0.041 0.042 0.040 0.042 0.039 0.042 0.043 0.000 0.000 0.044 0.000 0.040 0.000 0.000 0.000 0.000 0.041 0.041 0.043 0.044 0.041 0.040 0.000 0.000 0.043 0.044 0.000 0.000 0.000 0.000 0.000 0.000 0.000 0.047 0.041 0.048 0.048 0.000 0.039 0.000 0.042 0.000 0.000 0.048 0.042 0.044 0.042 0.049 0.041 0.041 0.000 0.043 0.038 0.038 0.038 0.038 0.038 0.038 0.038 0.000 0.047 0.033 0.000 0.044 0.044 0.044 0.000 0.000 0.000 0.000 0.000 0.000 0.000 0.000 0.041 0.041 0.041 0.041 0.041 0.041 0.041 0.043 0.043 0.043 0.043 0.043 0.000 0.000 0.000 0.000 0.000 0.039 0.044 0.000 0.000 0.046 0.043 0.000 0.000 0.046 0.043 0.000 0.000 0.037 0.045 0.043 0.000 0.000 0.040 0.042 0.044 0.000 0.000 0.043 0.043 0.000 0.000 0.042 0.056 0.041 0.043 0.039 0.000 0.000 0.000 0.000 0.000 0.046 0.044 0.043 0.000 0.042 0.000 0.039 0.000 0.000 0.000)  0.051 0.000 0.043 0.043 0.050 0.047 0.000 0.000 0.000 0.044 0.000 0.043 0.044 0.041 0.000 0.000 0.000 0.000 0.000 0.000 0.000 0.041 0.045 0.044 0.000 0.041 0.000 0.042 0.000 0.040 0.000 0.044 0.000 0.000 0.000 0.041 0.040 0.046 0.049 0.000 0.000 0.000 0.041 0.000 0.038 0.042 0.039 0.039 0.000 0.000 0.000 0.042 0.000 0.000 0.000 0.000 0.044 0.040 0.000 0.042 0.000 0.043 0.041 0.042 0.041 0.043 0.037 0.044 0.041 0.000 0.000 0.046 0.000 0.038 0.000 0.000 0.000 0.000 0.040 0.045 0.043 0.044 0.044 0.039 0.000 0.000 0.044 0.042 0.000 0.000 0.000 0.000 0.000 0.000 0.000 0.043 0.042 0.057 0.041 0.000 0.044 0.000 0.036 0.000 0.000 0.049 0.042 0.038 0.044 0.048 0.043 0.046 0.000 0.042 0.041 0.041 0.041 0.041 0.041 0.041 0.041 0.000 0.052 0.050 0.000 0.036 0.036 0.036 0.000 0.000 0.000 0.000 0.000 0.000 0.000 0.000 0.039 0.039 0.039 0.039 0.039 0.039 0.039 0.045 0.045 0.045 0.045 0.045 0.000 0.000 0.000 0.000 0.000 0.042 0.038 0.000 0.000 0.042 0.043 0.000 0.000 0.042 0.041 0.000 0.000 0.045 0.041 0.040 0.000 0.000 0.041 0.044 0.045 0.000 0.000 0.045 0.039 0.000 0.000 0.039 0.026 0.044 0.042 0.042 0.000 0.000 0.000 0.000 0.000 0.036 0.043 0.043 0.000 0.046 0.000 0.042 0.000 0.000 0.000)  0.022 0.000 0.049 0.040 0.040 0.041 0.000 0.000 0.000 0.039 0.000 0.043 0.039 0.040 0.000 0.000 0.000 0.000 0.000 0.000 0.000 0.043 0.043 0.041 0.000 0.045 0.000 0.042 0.000 0.044 0.000 0.041 0.000 0.000 0.000 0.043 0.046 0.038 0.041 0.000 0.000 0.000 0.042 0.000 0.046 0.041 0.044 0.045 0.000 0.000 0.000 0.042 0.000 0.000 0.000 0.000 0.041 0.041 0.000 0.043 0.000 0.042 0.039 0.042 0.043 0.043 0.042 0.043 0.043 0.000 0.000 0.041 0.000 0.042 0.000 0.000 0.000 0.000 0.043 0.041 0.042 0.046 0.045 0.042 0.000 0.000 0.038 0.039 0.000 0.000 0.000 0.000 0.000 0.000 0.000 0.040 0.040 0.043 0.039 0.000 0.036 0.000 0.042 0.000 0.000 0.035 0.042 0.041 0.041 0.040 0.041 0.042 0.000 0.040 0.036 0.036 0.036 0.036 0.036 0.036 0.036 0.000 0.027 0.041 0.000 0.045 0.045 0.045 0.000 0.000 0.000 0.000 0.000 0.000 0.000 0.000 0.044 0.044 0.044 0.044 0.044 0.044 0.044 0.043 0.043 0.043 0.043 0.043 0.000 0.000 0.000 0.000 0.000 0.044 0.039 0.000 0.000 0.046 0.043 0.000 0.000 0.034 0.041 0.000 0.000 0.042 0.041 0.039 0.000 0.000 0.042 0.039 0.039 0.000 0.000 0.041 0.041 0.000 0.000 0.044 0.045 0.045 0.045 0.042 0.000 0.000 0.000 0.000 0.000 0.044 0.037 0.041 0.000 0.039 0.000 0.042 0.000 0.000 0.000)  0.052 0.000 0.041 0.042 0.047 0.044 0.000 0.000 0.000 0.044 0.000 0.040 0.045 0.041 0.000 0.000 0.000 0.000 0.000 0.000 0.000 0.040 0.042 0.039 0.000 0.042 0.000 0.043 0.000 0.043 0.000 0.043 0.000 0.000 0.000 0.042 0.035 0.036 0.038 0.000 0.000 0.000 0.047 0.000 0.042 0.041 0.043 0.040 0.000 0.000 0.000 0.040 0.000 0.000 0.000 0.000 0.042 0.041 0.000 0.045 0.000 0.039 0.046 0.042 0.040 0.041 0.045 0.046 0.039 0.000 0.000 0.041 0.000 0.041 0.000 0.000 0.000 0.000 0.046 0.045 0.041 0.043 0.040 0.044 0.000 0.000 0.043 0.043 0.000 0.000 0.000 0.000 0.000 0.000 0.000 0.043 0.042 0.041 0.043 0.000 0.039 0.000 0.048 0.000 0.000 0.047 0.045 0.039 0.043 0.041 0.043 0.040 0.000 0.040 0.042 0.042 0.042 0.042 0.042 0.042 0.042 0.000 0.038 0.031 0.000 0.044 0.044 0.044 0.000 0.000 0.000 0.000 0.000 0.000 0.000 0.000 0.043 0.043 0.043 0.043 0.043 0.043 0.043 0.043 0.043 0.043 0.043 0.043 0.000 0.000 0.000 0.000 0.000 0.041 0.040 0.000 0.000 0.040 0.042 0.000 0.000 0.041 0.039 0.000 0.000 0.043 0.043 0.047 0.000 0.000 0.045 0.041 0.042 0.000 0.000 0.042 0.043 0.000 0.000 0.040 0.034 0.040 0.042 0.043 0.000 0.000 0.000 0.000 0.000 0.043 0.041 0.039 0.000 0.038 0.000 0.040 0.000 0.000 0.000)  0.025 0.000 0.042 0.046 0.038 0.044 0.000 0.000 0.000 0.043 0.000 0.039 0.039 0.038 0.000 0.000 0.000 0.000 0.000 0.000 0.000 0.042 0.042 0.043 0.000 0.043 0.000 0.044 0.000 0.038 0.000 0.042 0.000 0.000 0.000 0.041 0.044 0.042 0.040 0.000 0.000 0.000 0.041 0.000 0.042 0.044 0.042 0.040 0.000 0.000 0.000 0.044 0.000 0.000 0.000 0.000 0.041 0.039 0.000 0.041 0.000 0.041 0.042 0.045 0.042 0.042 0.045 0.040 0.044 0.000 0.000 0.045 0.000 0.046 0.000 0.000 0.000 0.000 0.041 0.044 0.041 0.045 0.042 0.038 0.000 0.000 0.039 0.042 0.000 0.000 0.000 0.000 0.000 0.000 0.000 0.040 0.044 0.043 0.042 0.000 0.038 0.000 0.039 0.000 0.000 0.040 0.038 0.041 0.040 0.039 0.042 0.040 0.000 0.041 0.041 0.041 0.041 0.041 0.041 0.041 0.041 0.000 0.038 0.037 0.000 0.044 0.044 0.044 0.000 0.000 0.000 0.000 0.000 0.000 0.000 0.000 0.040 0.040 0.040 0.040 0.040 0.040 0.040 0.040 0.040 0.040 0.040 0.040 0.000 0.000 0.000 0.000 0.000 0.043 0.049 0.000 0.000 0.041 0.042 0.000 0.000 0.045 0.045 0.000 0.000 0.040 0.038 0.042 0.000 0.000 0.040 0.043 0.039 0.000 0.000 0.040 0.045 0.000 0.000 0.042 0.042 0.041 0.044 0.041 0.000 0.000 0.000 0.000 0.000 0.040 0.045 0.042 0.000 0.047 0.000 0.042 0.000 0.000 0.000)  0.000 0.040 0.000 0.000 0.000 0.000 0.045 0.042 0.042 0.000 0.042 0.000 0.000 0.000 0.042 0.044 0.044 0.042 0.042 0.040 0.041 0.000 0.000 0.000 0.042 0.000 0.045 0.000 0.043 0.000 0.041 0.000 0.044 0.041 0.039 0.000 0.000 0.000 0.000 0.045 0.041 0.041 0.000 0.038 0.000 0.000 0.000 0.000 0.048 0.041 0.043 0.000 0.039 0.041 0.040 0.042 0.000 0.000 0.040 0.000 0.041 0.000 0.000 0.000 0.000 0.000 0.000 0.000 0.000 0.041 0.043 0.000 0.045 0.000 0.042 0.040 0.043 0.041 0.000 0.000 0.000 0.000 0.000 0.000 0.043 0.044 0.000 0.000 0.044 0.042 0.040 0.044 0.045 0.044 0.040 0.000 0.000 0.000 0.000 0.044 0.000 0.039 0.000 0.047 0.042 0.000 0.000 0.000 0.000 0.000 0.000 0.000 0.042 0.000 0.000 0.000 0.000 0.000 0.000 0.000 0.000 0.040 0.000 0.000 0.039 0.000 0.000 0.000 0.046 0.038 0.038 0.038 0.038 0.038 0.038 0.038 0.000 0.000 0.000 0.000 0.000 0.000 0.000 0.000 0.000 0.000 0.000 0.000 0.042 0.042 0.042 0.042 0.042 0.000 0.000 0.045 0.052 0.000 0.000 0.036 0.044 0.000 0.000 0.041 0.043 0.000 0.000 0.000 0.040 0.042 0.000 0.000 0.000 0.044 0.032 0.000 0.000 0.041 0.044 0.000 0.000 0.000 0.000 0.000 0.042 0.041 0.040 0.042 0.043 0.000 0.000 0.000 0.044 0.000 0.040 0.000 0.041 0.043 0.042)  0.000 0.037 0.000 0.000 0.000 0.000 0.043 0.043 0.040 0.000 0.042 0.000 0.000 0.000 0.042 0.042 0.040 0.043 0.042 0.042 0.039 0.000 0.000 0.000 0.045 0.000 0.043 0.000 0.043 0.000 0.043 0.000 0.043 0.040 0.042 0.000 0.000 0.000 0.000 0.046 0.039 0.043 0.000 0.045 0.000 0.000 0.000 0.000 0.040 0.046 0.043 0.000 0.041 0.044 0.040 0.039 0.000 0.000 0.040 0.000 0.040 0.000 0.000 0.000 0.000 0.000 0.000 0.000 0.000 0.044 0.039 0.000 0.042 0.000 0.041 0.043 0.043 0.042 0.000 0.000 0.000 0.000 0.000 0.000 0.042 0.043 0.000 0.000 0.042 0.042 0.042 0.042 0.039 0.042 0.045 0.000 0.000 0.000 0.000 0.039 0.000 0.048 0.000 0.046 0.040 0.000 0.000 0.000 0.000 0.000 0.000 0.000 0.045 0.000 0.000 0.000 0.000 0.000 0.000 0.000 0.000 0.042 0.000 0.000 0.053 0.000 0.000 0.000 0.041 0.047 0.047 0.047 0.047 0.047 0.047 0.047 0.000 0.000 0.000 0.000 0.000 0.000 0.000 0.000 0.000 0.000 0.000 0.000 0.042 0.042 0.042 0.042 0.042 0.000 0.000 0.042 0.051 0.000 0.000 0.043 0.039 0.000 0.000 0.042 0.048 0.000 0.000 0.000 0.040 0.041 0.000 0.000 0.000 0.040 0.044 0.000 0.000 0.040 0.043 0.000 0.000 0.000 0.000 0.000 0.047 0.042 0.041 0.046 0.041 0.000 0.000 0.000 0.036 0.000 0.044 0.000 0.043 0.042 0.039)  0.031 0.000 0.043 0.040 0.039 0.041 0.000 0.000 0.000 0.044 0.000 0.044 0.042 0.046 0.000 0.000 0.000 0.000 0.000 0.000 0.000 0.043 0.042 0.042 0.000 0.042 0.000 0.042 0.000 0.044 0.000 0.044 0.000 0.000 0.000 0.042 0.037 0.043 0.041 0.000 0.000 0.000 0.041 0.000 0.043 0.036 0.039 0.043 0.000 0.000 0.000 0.039 0.000 0.000 0.000 0.000 0.040 0.045 0.000 0.041 0.000 0.041 0.041 0.039 0.043 0.040 0.044 0.040 0.040 0.000 0.000 0.040 0.000 0.042 0.000 0.000 0.000 0.000 0.042 0.044 0.041 0.038 0.041 0.044 0.000 0.000 0.042 0.040 0.000 0.000 0.000 0.000 0.000 0.000 0.000 0.040 0.046 0.037 0.044 0.000 0.046 0.000 0.041 0.000 0.000 0.040 0.039 0.045 0.039 0.033 0.042 0.045 0.000 0.040 0.040 0.040 0.040 0.040 0.040 0.040 0.040 0.000 0.051 0.050 0.000 0.039 0.039 0.039 0.000 0.000 0.000 0.000 0.000 0.000 0.000 0.000 0.044 0.044 0.044 0.044 0.044 0.044 0.044 0.044 0.044 0.044 0.044 0.044 0.000 0.000 0.000 0.000 0.000 0.037 0.042 0.000 0.000 0.037 0.043 0.000 0.000 0.043 0.043 0.000 0.000 0.043 0.042 0.039 0.000 0.000 0.045 0.036 0.042 0.000 0.000 0.040 0.037 0.000 0.000 0.042 0.044 0.042 0.041 0.040 0.000 0.000 0.000 0.000 0.000 0.038 0.044 0.038 0.000 0.041 0.000 0.045 0.000 0.000 0.000)  0.051 0.000 0.044 0.042 0.037 0.043 0.000 0.000 0.000 0.042 0.000 0.041 0.044 0.045 0.000 0.000 0.000 0.000 0.000 0.000 0.000 0.042 0.042 0.044 0.000 0.043 0.000 0.039 0.000 0.044 0.000 0.038 0.000 0.000 0.000 0.042 0.038 0.040 0.043 0.000 0.000 0.000 0.042 0.000 0.038 0.043 0.041 0.043 0.000 0.000 0.000 0.044 0.000 0.000 0.000 0.000 0.046 0.036 0.000 0.043 0.000 0.037 0.045 0.043 0.043 0.045 0.041 0.043 0.044 0.000 0.000 0.039 0.000 0.045 0.000 0.000 0.000 0.000 0.041 0.039 0.042 0.041 0.044 0.042 0.000 0.000 0.045 0.040 0.000 0.000 0.000 0.000 0.000 0.000 0.000 0.041 0.044 0.028 0.041 0.000 0.048 0.000 0.042 0.000 0.000 0.043 0.041 0.048 0.040 0.040 0.044 0.038 0.000 0.045 0.048 0.048 0.048 0.048 0.048 0.048 0.048 0.000 0.037 0.046 0.000 0.044 0.044 0.044 0.000 0.000 0.000 0.000 0.000 0.000 0.000 0.000 0.044 0.044 0.044 0.044 0.044 0.044 0.044 0.038 0.038 0.038 0.038 0.038 0.000 0.000 0.000 0.000 0.000 0.044 0.048 0.000 0.000 0.044 0.037 0.000 0.000 0.039 0.045 0.000 0.000 0.040 0.045 0.046 0.000 0.000 0.040 0.041 0.041 0.000 0.000 0.041 0.043 0.000 0.000 0.043 0.055 0.044 0.035 0.046 0.000 0.000 0.000 0.000 0.000 0.041 0.038 0.048 0.000 0.041 0.000 0.042 0.000 0.000 0.000)  0.000 0.040 0.000 0.000 0.000 0.000 0.042 0.044 0.042 0.000 0.044 0.000 0.000 0.000 0.042 0.041 0.043 0.040 0.043 0.042 0.044 0.000 0.000 0.000 0.041 0.000 0.041 0.000 0.042 0.000 0.040 0.000 0.039 0.044 0.040 0.000 0.000 0.000 0.000 0.041 0.044 0.041 0.000 0.042 0.000 0.000 0.000 0.000 0.040 0.042 0.042 0.000 0.044 0.041 0.041 0.040 0.000 0.000 0.039 0.000 0.044 0.000 0.000 0.000 0.000 0.000 0.000 0.000 0.000 0.041 0.045 0.000 0.037 0.000 0.043 0.044 0.038 0.042 0.000 0.000 0.000 0.000 0.000 0.000 0.042 0.042 0.000 0.000 0.036 0.041 0.043 0.042 0.042 0.042 0.045 0.000 0.000 0.000 0.000 0.039 0.000 0.035 0.000 0.039 0.041 0.000 0.000 0.000 0.000 0.000 0.000 0.000 0.040 0.000 0.000 0.000 0.000 0.000 0.000 0.000 0.000 0.038 0.000 0.000 0.040 0.000 0.000 0.000 0.038 0.041 0.041 0.041 0.041 0.041 0.041 0.041 0.000 0.000 0.000 0.000 0.000 0.000 0.000 0.000 0.000 0.000 0.000 0.000 0.045 0.045 0.045 0.045 0.045 0.000 0.000 0.044 0.032 0.000 0.000 0.044 0.041 0.000 0.000 0.043 0.045 0.000 0.000 0.000 0.039 0.048 0.000 0.000 0.000 0.042 0.042 0.000 0.000 0.040 0.041 0.000 0.000 0.000 0.000 0.000 0.045 0.044 0.042 0.042 0.040 0.000 0.000 0.000 0.048 0.000 0.041 0.000 0.043 0.032 0.048)  
image_change: (0.989 0.989 0.989 0.990 0.989 0.989 0.989 0.989 0.989 0.989 0.989 0.990 0.989 0.989 0.990 0.990 0.989 0.989 0.990 0.990 0.990 0.990 0.990 0.990 0.990 0.990 0.990 0.990 0.990 0.990 0.990 0.990 0.990 0.990 0.990 0.990 0.989 0.990 0.989 0.990 0.990 0.990 0.990 0.990 0.990 0.990 0.990 0.990 0.990 0.990 0.990 0.990 0.990 0.990 0.990 0.990 0.989 0.990 0.990 0.990 0.990 0.990 0.990 0.989 0.990 0.989 0.990 0.990 0.990 0.990 0.990 0.989 0.990 0.990 0.990 0.990 0.990 0.990 0.990 0.990 0.990 0.989 0.990 0.990 0.989 0.990 0.989 0.990 0.989 0.990 0.990 0.990 0.990 0.990 0.990 0.990 0.990 0.988 0.990 0.990 0.989 0.990 0.990 0.990 0.990 0.988 0.990 0.990 0.990 0.989 0.990 0.990 0.989 0.990 0.990 0.990 0.990 0.990 0.990 0.990 0.990 0.989 0.989 0.989 0.990 0.989 0.989 0.989 0.990 0.990 0.990 0.990 0.990 0.990 0.990 0.990 0.990 0.990 0.990 0.990 0.990 0.990 0.990 0.989 0.989 0.989 0.989 0.989 0.990 0.990 0.990 0.990 0.990 0.990 0.990 0.990 0.989 0.990 0.989 0.990 0.990 0.990 0.990 0.990 0.990 0.990 0.989 0.989 0.990 0.989 0.990 0.989 0.990 0.990 0.990 0.990 0.990 0.990 0.990 0.990 0.989 0.990 0.990 0.990 0.990 0.990 0.990 0.990 0.990 0.990 0.990 0.990 0.990 0.990 0.989 0.990 0.990 0.989 0.989)  0.011 0.011 0.011 0.010 0.011 0.011 0.011 0.011 0.011 0.011 0.011 0.010 0.011 0.011 0.010 0.010 0.011 0.011 0.010 0.010 0.010 0.010 0.010 0.010 0.010 0.010 0.010 0.010 0.010 0.010 0.010 0.010 0.010 0.010 0.010 0.010 0.011 0.010 0.011 0.010 0.010 0.010 0.010 0.010 0.010 0.010 0.010 0.010 0.010 0.010 0.010 0.010 0.010 0.010 0.010 0.010 0.011 0.010 0.010 0.010 0.010 0.010 0.010 0.011 0.010 0.011 0.010 0.010 0.010 0.010 0.010 0.011 0.010 0.010 0.010 0.010 0.010 0.010 0.010 0.010 0.010 0.011 0.010 0.010 0.011 0.010 0.011 0.010 0.011 0.010 0.010 0.010 0.010 0.010 0.010 0.010 0.010 0.012 0.010 0.010 0.011 0.010 0.010 0.010 0.010 0.012 0.010 0.010 0.010 0.011 0.010 0.010 0.011 0.010 0.010 0.010 0.010 0.010 0.010 0.010 0.010 0.011 0.011 0.011 0.010 0.011 0.011 0.011 0.010 0.010 0.010 0.010 0.010 0.010 0.010 0.010 0.010 0.010 0.010 0.010 0.010 0.010 0.010 0.011 0.011 0.011 0.011 0.011 0.010 0.010 0.010 0.010 0.010 0.010 0.010 0.010 0.011 0.010 0.011 0.010 0.010 0.010 0.010 0.010 0.010 0.010 0.011 0.011 0.010 0.011 0.010 0.011 0.010 0.010 0.010 0.010 0.010 0.010 0.010 0.010 0.011 0.010 0.010 0.010 0.010 0.010 0.010 0.010 0.010 0.010 0.010 0.010 0.010 0.010 0.011 0.010 0.010 0.011 0.011)  
running_speed_bin: (0.079 0.493 0.043 0.073 0.038 0.011 0.031 0.027 0.007 0.481 0.339 0.039 0.278 0.014 0.202 0.041 0.079 0.019 0.181 0.259 0.339 0.219 0.257 0.176 0.201 0.098 0.204 0.038 0.080 0.085 0.163 0.071 0.096 0.249 0.182 0.165 0.017 0.038 0.184 0.422 0.413 0.112 0.042 0.107 0.060 0.098 0.131 0.046 0.037 0.136 0.067 0.233 0.141 0.044 0.277 0.079 0.073 0.254 0.077 0.052 0.274 0.162 0.023 0.015 0.138 0.037 0.059 0.093 0.020 0.024 0.043 0.061 0.041 0.098 0.072 0.011 0.063 0.056 0.045 0.087 0.288 0.060 0.176 0.117 0.123 0.200 0.158 0.086 0.156 0.021 0.311 0.011 0.158 0.294 0.269 0.160 0.178 0.378 0.069 0.050 0.424 0.042 0.180 0.152 0.098 0.198 0.267 0.187 0.242 0.288 0.233 0.217 0.369 0.261 0.429 0.429 0.429 0.429 0.429 0.429 0.429 0.442 0.243 0.166 0.042 0.449 0.449 0.449 0.030 0.463 0.463 0.463 0.463 0.463 0.463 0.463 0.461 0.461 0.461 0.461 0.461 0.461 0.461 0.449 0.449 0.449 0.449 0.449 0.374 0.374 0.374 0.374 0.374 0.117 0.156 0.091 0.055 0.083 0.041 0.035 0.103 0.392 0.418 0.408 0.420 0.112 0.047 0.106 0.025 0.097 0.218 0.168 0.260 0.290 0.410 0.012 0.120 0.016 0.104 0.020 0.184 0.220 0.032 0.055 0.041 0.046 0.032 0.077 0.040 0.014 0.061 0.009 0.005 0.474 0.041 0.485 0.475 0.460 0.438)  0.092 0.490 0.030 0.063 0.027 0.011 0.013 0.024 0.005 0.494 0.381 0.034 0.269 0.015 0.201 0.029 0.084 0.010 0.168 0.260 0.329 0.219 0.258 0.181 0.209 0.081 0.214 0.030 0.081 0.060 0.179 0.048 0.059 0.225 0.154 0.172 0.024 0.021 0.167 0.417 0.403 0.104 0.038 0.104 0.043 0.078 0.118 0.026 0.027 0.115 0.042 0.229 0.128 0.028 0.270 0.063 0.071 0.251 0.072 0.019 0.289 0.164 0.016 0.012 0.126 0.032 0.053 0.082 0.010 0.008 0.034 0.049 0.031 0.058 0.015 0.008 0.019 0.028 0.025 0.076 0.272 0.032 0.120 0.128 0.059 0.200 0.093 0.094 0.096 0.027 0.318 0.018 0.101 0.308 0.280 0.126 0.140 0.362 0.072 0.037 0.387 0.017 0.187 0.165 0.117 0.185 0.323 0.199 0.269 0.321 0.275 0.252 0.393 0.272 0.472 0.472 0.472 0.472 0.472 0.472 0.472 0.416 0.265 0.171 0.043 0.456 0.456 0.456 0.029 0.453 0.453 0.453 0.453 0.453 0.453 0.453 0.440 0.440 0.440 0.440 0.440 0.440 0.440 0.464 0.464 0.464 0.464 0.464 0.395 0.395 0.395 0.395 0.395 0.119 0.116 0.111 0.026 0.047 0.019 0.006 0.065 0.439 0.460 0.451 0.463 0.109 0.044 0.103 0.021 0.091 0.336 0.244 0.375 0.398 0.497 0.007 0.104 0.006 0.089 0.008 0.261 0.287 0.029 0.054 0.050 0.038 0.021 0.069 0.037 0.011 0.091 0.005 0.002 0.468 0.050 0.477 0.471 0.469 0.445)  0.219 0.017 0.203 0.208 0.229 0.270 0.176 0.206 0.210 0.026 0.279 0.178 0.448 0.266 0.375 0.210 0.533 0.212 0.270 0.401 0.295 0.188 0.433 0.214 0.209 0.664 0.168 0.132 0.167 0.087 0.208 0.208 0.172 0.170 0.131 0.174 0.338 0.229 0.293 0.143 0.126 0.179 0.186 0.225 0.232 0.157 0.117 0.136 0.156 0.126 0.132 0.161 0.188 0.216 0.090 0.274 0.273 0.114 0.206 0.229 0.066 0.112 0.213 0.294 0.226 0.221 0.294 0.199 0.197 0.149 0.283 0.204 0.191 0.164 0.138 0.235 0.144 0.181 0.253 0.126 0.221 0.136 0.089 0.298 0.123 0.202 0.062 0.341 0.075 0.365 0.314 0.309 0.077 0.304 0.368 0.143 0.199 0.251 0.122 0.334 0.166 0.331 0.135 0.111 0.153 0.458 0.222 0.417 0.226 0.375 0.239 0.327 0.235 0.200 0.099 0.099 0.099 0.099 0.099 0.099 0.099 0.142 0.322 0.600 0.451 0.095 0.095 0.095 0.305 0.085 0.085 0.085 0.085 0.085 0.085 0.085 0.098 0.098 0.098 0.098 0.098 0.098 0.098 0.087 0.087 0.087 0.087 0.087 0.231 0.231 0.231 0.231 0.231 0.162 0.247 0.290 0.347 0.403 0.300 0.455 0.389 0.169 0.121 0.140 0.118 0.291 0.362 0.223 0.139 0.208 0.445 0.580 0.364 0.312 0.093 0.097 0.168 0.133 0.253 0.139 0.535 0.408 0.167 0.157 0.132 0.291 0.146 0.165 0.223 0.435 0.425 0.209 0.227 0.059 0.241 0.038 0.054 0.071 0.117)  0.117 0.000 0.237 0.323 0.378 0.233 0.201 0.242 0.327 0.000 0.001 0.314 0.005 0.283 0.126 0.257 0.304 0.246 0.119 0.080 0.037 0.105 0.051 0.085 0.085 0.157 0.143 0.387 0.238 0.305 0.158 0.509 0.397 0.337 0.282 0.231 0.282 0.638 0.355 0.017 0.051 0.252 0.119 0.222 0.417 0.372 0.216 0.096 0.087 0.281 0.337 0.270 0.290 0.186 0.109 0.334 0.167 0.143 0.210 0.360 0.127 0.250 0.438 0.213 0.250 0.229 0.430 0.292 0.407 0.369 0.309 0.301 0.330 0.115 0.120 0.285 0.122 0.201 0.595 0.170 0.217 0.097 0.163 0.416 0.128 0.202 0.147 0.383 0.192 0.534 0.043 0.453 0.184 0.086 0.083 0.239 0.230 0.009 0.478 0.092 0.023 0.100 0.225 0.256 0.477 0.158 0.087 0.180 0.102 0.016 0.147 0.099 0.003 0.157 0.000 0.000 0.000 0.000 0.000 0.000 0.000 0.000 0.088 0.063 0.419 0.000 0.000 0.000 0.562 0.000 0.000 0.000 0.000 0.000 0.000 0.000 0.000 0.000 0.000 0.000 0.000 0.000 0.000 0.000 0.000 0.000 0.000 0.000 0.001 0.001 0.001 0.001 0.001 0.163 0.097 0.196 0.211 0.426 0.463 0.428 0.223 0.001 0.000 0.000 0.000 0.464 0.489 0.521 0.603 0.513 0.000 0.008 0.000 0.000 0.000 0.376 0.354 0.596 0.437 0.439 0.020 0.085 0.433 0.359 0.451 0.622 0.266 0.331 0.437 0.511 0.402 0.568 0.507 0.000 0.432 0.000 0.000 0.000 0.000)  0.494 0.000 0.486 0.333 0.328 0.475 0.578 0.501 0.450 0.000 0.000 0.434 0.000 0.422 0.096 0.462 0.000 0.513 0.262 0.000 0.000 0.268 0.000 0.343 0.296 0.000 0.271 0.413 0.434 0.462 0.291 0.164 0.275 0.018 0.251 0.257 0.339 0.074 0.000 0.000 0.007 0.352 0.614 0.342 0.249 0.295 0.418 0.696 0.694 0.342 0.422 0.108 0.253 0.527 0.253 0.250 0.416 0.238 0.435 0.341 0.245 0.311 0.309 0.466 0.260 0.480 0.163 0.334 0.365 0.450 0.331 0.384 0.407 0.564 0.654 0.461 0.651 0.533 0.082 0.540 0.002 0.675 0.453 0.042 0.567 0.195 0.540 0.095 0.482 0.052 0.014 0.209 0.479 0.008 0.000 0.332 0.253 0.000 0.259 0.488 0.000 0.510 0.272 0.315 0.156 0.001 0.101 0.016 0.160 0.000 0.105 0.106 0.000 0.110 0.000 0.000 0.000 0.000 0.000 0.000 0.000 0.000 0.082 0.000 0.044 0.000 0.000 0.000 0.075 0.000 0.000 0.000 0.000 0.000 0.000 0.000 0.000 0.000 0.000 0.000 0.000 0.000 0.000 0.000 0.000 0.000 0.000 0.000 0.000 0.000 0.000 0.000 0.000 0.439 0.384 0.311 0.361 0.041 0.177 0.076 0.220 0.000 0.000 0.000 0.000 0.024 0.058 0.047 0.212 0.091 0.000 0.000 0.000 0.000 0.000 0.507 0.253 0.248 0.118 0.393 0.000 0.000 0.338 0.376 0.325 0.004 0.535 0.357 0.263 0.030 0.021 0.210 0.259 0.000 0.236 0.000 0.000 0.000 0.000)  
pupil_diameter_bin: (0.000 0.520 0.097 0.000 0.750 0.004 0.411 0.019 0.000 0.273 0.758 0.221 0.544 0.149 0.371 0.043 0.012 0.295 0.207 0.380 0.501 0.398 0.275 0.079 0.431 0.024 0.197 0.323 0.032 0.004 0.249 0.027 0.011 0.416 0.051 0.811 0.000 0.402 0.867 0.921 0.732 0.095 0.032 0.092 0.006 0.028 0.216 0.005 0.000 0.069 0.017 0.157 0.000 0.000 0.249 0.095 0.058 0.601 0.083 0.010 0.402 0.186 0.795 0.460 0.000 0.670 0.000 0.114 0.000 0.000 0.236 0.531 0.020 0.000 0.000 0.000 0.000 0.001 0.421 0.009 0.843 0.000 0.054 0.000 0.000 0.484 0.074 0.000 0.022 0.001 0.973 0.000 0.001 0.921 0.996 0.000 0.020 0.350 0.000 0.000 0.279 0.000 0.015 0.001 0.000 0.123 0.000 0.112 0.000 0.648 0.000 0.000 0.330 0.000 0.006 0.006 0.006 0.006 0.006 0.006 0.006 0.679 0.000 0.000 0.000 0.413 0.413 0.413 0.000 0.466 0.466 0.466 0.466 0.466 0.466 0.466 0.382 0.382 0.382 0.382 0.382 0.382 0.382 0.452 0.452 0.452 0.452 0.452 0.000 0.000 0.000 0.000 0.000 0.670 0.306 0.052 0.317 0.907 0.550 0.728 0.395 0.005 0.000 0.000 0.000 0.048 0.000 0.000 0.000 0.000 0.000 0.000 0.071 0.006 0.043 0.000 0.000 0.000 0.000 0.000 0.032 0.019 0.001 0.059 0.000 0.003 0.005 0.000 0.000 0.108 0.000 0.000 0.000 0.003 0.000 0.538 0.165 0.017 0.003)  0.015 0.319 0.833 0.214 0.249 0.467 0.465 0.295 0.002 0.221 0.132 0.420 0.389 0.762 0.222 0.452 0.058 0.611 0.211 0.314 0.402 0.359 0.400 0.260 0.381 0.416 0.233 0.533 0.368 0.377 0.443 0.259 0.151 0.445 0.315 0.169 0.010 0.484 0.127 0.068 0.111 0.068 0.469 0.054 0.186 0.087 0.294 0.143 0.034 0.297 0.575 0.160 0.039 0.021 0.312 0.443 0.562 0.341 0.400 0.512 0.320 0.297 0.192 0.530 0.075 0.282 0.000 0.634 0.172 0.210 0.572 0.430 0.510 0.000 0.031 0.419 0.000 0.091 0.578 0.579 0.149 0.000 0.446 0.035 0.000 0.392 0.355 0.055 0.314 0.009 0.027 0.001 0.103 0.073 0.004 0.000 0.103 0.358 0.005 0.003 0.362 0.000 0.321 0.068 0.023 0.319 0.055 0.203 0.033 0.269 0.035 0.012 0.413 0.021 0.183 0.183 0.183 0.183 0.183 0.183 0.183 0.226 0.017 0.002 0.002 0.263 0.263 0.263 0.000 0.185 0.185 0.185 0.185 0.185 0.185 0.185 0.288 0.288 0.288 0.288 0.288 0.288 0.288 0.222 0.222 0.222 0.222 0.222 0.037 0.037 0.037 0.037 0.037 0.314 0.536 0.269 0.272 0.091 0.289 0.257 0.490 0.002 0.000 0.000 0.000 0.038 0.012 0.000 0.000 0.007 0.000 0.000 0.078 0.040 0.184 0.000 0.000 0.000 0.000 0.172 0.166 0.211 0.005 0.140 0.026 0.012 0.275 0.000 0.019 0.019 0.000 0.000 0.000 0.108 0.000 0.307 0.433 0.198 0.063)  0.378 0.126 0.070 0.531 0.001 0.481 0.117 0.375 0.115 0.121 0.045 0.179 0.060 0.089 0.030 0.212 0.081 0.093 0.048 0.254 0.090 0.242 0.247 0.393 0.138 0.314 0.315 0.128 0.402 0.350 0.275 0.611 0.478 0.133 0.357 0.018 0.150 0.113 0.007 0.010 0.078 0.035 0.429 0.294 0.650 0.385 0.258 0.708 0.267 0.517 0.363 0.138 0.550 0.341 0.196 0.412 0.339 0.047 0.447 0.423 0.165 0.407 0.013 0.009 0.333 0.047 0.001 0.187 0.761 0.611 0.191 0.038 0.453 0.035 0.502 0.519 0.033 0.597 0.002 0.321 0.008 0.321 0.212 0.113 0.003 0.053 0.284 0.086 0.241 0.050 0.000 0.119 0.357 0.005 0.000 0.042 0.375 0.182 0.161 0.287 0.179 0.035 0.370 0.256 0.082 0.357 0.184 0.241 0.132 0.069 0.171 0.131 0.147 0.109 0.364 0.364 0.364 0.364 0.364 0.364 0.364 0.045 0.156 0.177 0.046 0.158 0.158 0.158 0.001 0.129 0.129 0.129 0.129 0.129 0.129 0.129 0.157 0.157 0.157 0.157 0.157 0.157 0.157 0.145 0.145 0.145 0.145 0.145 0.180 0.180 0.180 0.180 0.180 0.016 0.156 0.435 0.345 0.002 0.159 0.015 0.104 0.002 0.000 0.000 0.000 0.067 0.073 0.002 0.015 0.085 0.000 0.000 0.054 0.112 0.206 0.001 0.197 0.000 0.013 0.826 0.270 0.254 0.062 0.708 0.579 0.085 0.688 0.011 0.365 0.018 0.000 0.000 0.000 0.308 0.000 0.118 0.266 0.356 0.204)  0.520 0.034 0.000 0.251 0.000 0.048 0.008 0.261 0.516 0.118 0.037 0.178 0.006 0.000 0.075 0.229 0.168 0.001 0.226 0.052 0.008 0.001 0.077 0.240 0.049 0.245 0.237 0.016 0.193 0.269 0.033 0.103 0.354 0.006 0.278 0.002 0.457 0.001 0.000 0.000 0.079 0.438 0.067 0.426 0.154 0.296 0.202 0.144 0.664 0.094 0.045 0.492 0.330 0.542 0.235 0.046 0.040 0.011 0.067 0.055 0.113 0.089 0.000 0.000 0.536 0.001 0.389 0.065 0.067 0.179 0.001 0.001 0.017 0.445 0.466 0.061 0.609 0.299 0.000 0.090 0.000 0.518 0.262 0.631 0.409 0.072 0.241 0.509 0.276 0.599 0.000 0.666 0.371 0.001 0.000 0.625 0.384 0.099 0.666 0.525 0.134 0.661 0.213 0.633 0.569 0.192 0.378 0.366 0.363 0.014 0.256 0.317 0.078 0.204 0.271 0.271 0.271 0.271 0.271 0.271 0.271 0.028 0.316 0.377 0.116 0.121 0.121 0.121 0.349 0.139 0.139 0.139 0.139 0.139 0.139 0.139 0.120 0.120 0.120 0.120 0.120 0.120 0.120 0.137 0.137 0.137 0.137 0.137 0.421 0.421 0.421 0.421 0.421 0.000 0.001 0.241 0.047 0.000 0.002 0.000 0.010 0.005 0.000 0.000 0.000 0.461 0.433 0.039 0.451 0.326 0.000 0.002 0.132 0.166 0.274 0.212 0.312 0.002 0.323 0.002 0.322 0.346 0.076 0.092 0.395 0.440 0.032 0.684 0.594 0.031 0.003 0.000 0.029 0.356 0.077 0.032 0.101 0.341 0.374)  0.088 0.001 0.000 0.004 0.000 0.000 0.000 0.050 0.366 0.268 0.028 0.003 0.001 0.000 0.303 0.064 0.682 0.000 0.309 0.000 0.000 0.000 0.000 0.028 0.001 0.002 0.018 0.000 0.004 0.000 0.000 0.000 0.005 0.000 0.000 0.000 0.383 0.000 0.000 0.000 0.000 0.364 0.003 0.134 0.004 0.203 0.030 0.000 0.035 0.023 0.000 0.052 0.081 0.096 0.007 0.003 0.000 0.000 0.003 0.000 0.001 0.021 0.000 0.000 0.057 0.000 0.611 0.000 0.000 0.000 0.000 0.000 0.000 0.519 0.001 0.000 0.358 0.012 0.000 0.001 0.000 0.160 0.026 0.221 0.588 0.000 0.047 0.350 0.147 0.342 0.000 0.214 0.168 0.000 0.000 0.332 0.117 0.010 0.167 0.185 0.045 0.305 0.081 0.042 0.326 0.008 0.384 0.078 0.471 0.000 0.538 0.539 0.033 0.667 0.177 0.177 0.177 0.177 0.177 0.177 0.177 0.022 0.510 0.444 0.836 0.045 0.045 0.045 0.649 0.082 0.082 0.082 0.082 0.082 0.082 0.082 0.053 0.053 0.053 0.053 0.053 0.053 0.053 0.043 0.043 0.043 0.043 0.043 0.361 0.361 0.361 0.361 0.361 0.000 0.000 0.002 0.018 0.000 0.000 0.000 0.000 0.987 0.999 1.000 1.000 0.386 0.482 0.959 0.534 0.583 1.000 0.998 0.665 0.676 0.293 0.787 0.490 0.998 0.664 0.000 0.209 0.169 0.856 0.000 0.000 0.459 0.000 0.305 0.022 0.824 0.997 1.000 0.971 0.225 0.923 0.005 0.035 0.089 0.357)  
trial_outcome: (0.741 0.552 0.505 0.316 0.432 0.625 0.409 0.450 0.529 0.233 0.337 0.540 0.745 0.706 0.699 0.573 0.642 0.806 0.412 0.214 0.353 0.510 0.285 0.504 0.474 0.378 0.217 0.014 0.002 0.217 0.000 0.344 0.309 0.339 0.242 0.006 0.489 0.586 0.619 0.766 0.581 0.569 0.461 0.556 0.322 0.556 0.521 0.297 0.309 0.594 0.713 0.464 0.465 0.339 0.170 0.251 0.423 0.248 0.277 0.501 0.054 0.139 0.240 0.492 0.106 0.446 0.212 0.695 0.035 0.011 0.045 0.637 0.592 0.288 0.242 0.543 0.240 0.303 0.097 0.664 0.318 0.771 0.460 0.308 0.844 0.339 0.531 0.081 0.565 0.194 0.011 0.328 0.558 0.002 0.074 0.522 0.574 0.712 0.298 0.805 0.608 0.787 0.323 0.030 0.274 0.733 0.030 0.483 0.033 0.579 0.010 0.110 0.288 0.006 0.306 0.306 0.306 0.306 0.306 0.306 0.306 0.221 0.142 0.595 0.786 0.202 0.202 0.202 0.479 0.224 0.224 0.224 0.224 0.224 0.224 0.224 0.164 0.164 0.164 0.164 0.164 0.164 0.164 0.193 0.193 0.193 0.193 0.193 0.375 0.375 0.375 0.375 0.375 0.000 0.458 0.395 0.784 0.471 0.615 0.743 0.651 0.040 0.198 0.173 0.440 0.334 0.407 0.607 0.071 0.613 0.175 0.268 0.100 0.142 0.135 0.157 0.081 0.107 0.223 0.281 0.685 0.291 0.114 0.215 0.508 0.452 0.345 0.358 0.351 0.233 0.321 0.153 0.314 0.294 0.146 0.274 0.268 0.644 0.758)  0.140 0.312 0.377 0.543 0.440 0.260 0.460 0.419 0.342 0.639 0.538 0.333 0.134 0.178 0.183 0.298 0.232 0.075 0.451 0.657 0.521 0.363 0.589 0.362 0.403 0.489 0.659 0.860 0.874 0.654 0.878 0.534 0.575 0.528 0.633 0.874 0.384 0.289 0.250 0.117 0.298 0.326 0.408 0.327 0.548 0.310 0.352 0.584 0.568 0.266 0.170 0.419 0.406 0.543 0.705 0.615 0.449 0.629 0.592 0.369 0.824 0.741 0.634 0.383 0.770 0.436 0.674 0.179 0.840 0.867 0.847 0.242 0.282 0.585 0.635 0.333 0.634 0.584 0.783 0.213 0.550 0.099 0.409 0.559 0.031 0.540 0.345 0.787 0.324 0.686 0.869 0.550 0.332 0.868 0.801 0.350 0.298 0.186 0.561 0.074 0.281 0.075 0.550 0.843 0.604 0.168 0.849 0.375 0.842 0.297 0.865 0.765 0.597 0.869 0.556 0.556 0.556 0.556 0.556 0.556 0.556 0.658 0.742 0.293 0.079 0.672 0.672 0.672 0.398 0.642 0.642 0.642 0.642 0.642 0.642 0.642 0.712 0.712 0.712 0.712 0.712 0.712 0.712 0.681 0.681 0.681 0.681 0.681 0.500 0.500 0.500 0.500 0.500 0.887 0.409 0.478 0.063 0.410 0.259 0.140 0.208 0.837 0.678 0.699 0.419 0.533 0.471 0.285 0.798 0.261 0.697 0.610 0.777 0.742 0.747 0.723 0.799 0.762 0.652 0.592 0.202 0.588 0.751 0.663 0.363 0.416 0.525 0.512 0.522 0.651 0.547 0.723 0.553 0.570 0.733 0.600 0.606 0.231 0.114)  0.120 0.046 0.106 0.022 0.071 0.032 0.048 0.041 0.021 0.015 0.025 0.026 0.036 0.027 0.009 0.039 0.021 0.024 0.004 0.012 0.007 0.011 0.031 0.031 0.010 0.042 0.007 0.000 0.002 0.010 0.000 0.021 0.023 0.008 0.019 0.000 0.053 0.019 0.059 0.041 0.017 0.010 0.006 0.012 0.024 0.022 0.008 0.024 0.015 0.028 0.025 0.022 0.003 0.027 0.008 0.017 0.049 0.035 0.034 0.051 0.004 0.000 0.039 0.059 0.006 0.038 0.007 0.036 0.000 0.006 0.003 0.034 0.003 0.027 0.009 0.018 0.020 0.011 0.008 0.041 0.014 0.084 0.018 0.006 0.048 0.012 0.029 0.000 0.019 0.005 0.000 0.005 0.021 0.000 0.000 0.014 0.027 0.049 0.000 0.036 0.062 0.018 0.006 0.008 0.000 0.075 0.012 0.047 0.008 0.045 0.000 0.007 0.028 0.000 0.016 0.016 0.016 0.016 0.016 0.016 0.016 0.012 0.014 0.032 0.039 0.011 0.011 0.011 0.022 0.008 0.008 0.008 0.008 0.008 0.008 0.008 0.003 0.003 0.003 0.003 0.003 0.003 0.003 0.013 0.013 0.013 0.013 0.013 0.028 0.028 0.028 0.028 0.028 0.000 0.038 0.011 0.076 0.015 0.038 0.005 0.034 0.007 0.010 0.003 0.040 0.065 0.034 0.044 0.003 0.057 0.012 0.035 0.012 0.012 0.006 0.012 0.005 0.006 0.016 0.013 0.079 0.027 0.013 0.016 0.004 0.016 0.048 0.040 0.018 0.016 0.032 0.008 0.019 0.038 0.016 0.024 0.020 0.065 0.038)  0.000 0.091 0.012 0.119 0.056 0.083 0.082 0.089 0.108 0.113 0.101 0.101 0.085 0.089 0.109 0.090 0.105 0.095 0.133 0.117 0.119 0.116 0.095 0.103 0.114 0.091 0.118 0.126 0.121 0.119 0.122 0.101 0.093 0.125 0.106 0.120 0.073 0.106 0.072 0.076 0.104 0.095 0.125 0.105 0.106 0.112 0.118 0.095 0.108 0.112 0.092 0.096 0.126 0.092 0.117 0.117 0.079 0.088 0.098 0.079 0.118 0.120 0.087 0.067 0.118 0.079 0.108 0.089 0.125 0.116 0.105 0.086 0.123 0.101 0.114 0.107 0.106 0.102 0.112 0.081 0.119 0.046 0.113 0.127 0.077 0.109 0.095 0.131 0.092 0.116 0.120 0.117 0.089 0.130 0.125 0.114 0.101 0.052 0.141 0.085 0.049 0.120 0.120 0.119 0.122 0.024 0.109 0.094 0.117 0.079 0.126 0.118 0.087 0.125 0.122 0.122 0.122 0.122 0.122 0.122 0.122 0.109 0.101 0.080 0.096 0.114 0.114 0.114 0.101 0.126 0.126 0.126 0.126 0.126 0.126 0.126 0.121 0.121 0.121 0.121 0.121 0.121 0.121 0.113 0.113 0.113 0.113 0.113 0.097 0.097 0.097 0.097 0.097 0.113 0.095 0.115 0.076 0.105 0.088 0.112 0.106 0.116 0.114 0.125 0.101 0.067 0.088 0.063 0.127 0.069 0.115 0.087 0.111 0.103 0.112 0.108 0.115 0.126 0.108 0.115 0.034 0.094 0.122 0.106 0.125 0.117 0.082 0.091 0.110 0.099 0.100 0.116 0.114 0.098 0.105 0.102 0.106 0.060 0.090)  
Brain region: VISl: 162 neurons, VISp: 29006 neurons  
Data verification complete.
