Data format is valid, no errors or warnings.
Number of sessions: 41
Total number of trials: 545
Number of trials per session: [10, 10, 10, 10, 10, 10, 10, 10, 10, 10, 10, 10, 10, 10, 15, 15, 15, 15, 15, 15, 15, 15, 15, 15, 15, 15, 15, 15, 15, 15, 15, 15, 15, 15, 15, 15, 15, 15, 15, 15, 15]
Number of subjects: 6
Number of brain regions: 1
Number of sessions per subject:
  Subject jm031: 7 sessions
  Subject jm032: 7 sessions
  Subject jm038: 7 sessions
  Subject jm039: 7 sessions
  Subject jm040: 6 sessions
  Subject jm046: 7 sessions
Input dimension: 1
Output dimension: 1
Summary statistics (across all sessions):
  T: mean: 360.00, median: 360.00, min: 360, max: 360
  n_neurons: mean: 498.66', min: 221, max: 746
  Input range:
    time_elapsed_s: [0.0, 1799.7]
  Output range:
    motion_energy_bin: [0.0, 4.0]
  Unique outputs per dimension (fraction of data):
    motion_energy_bin: {bin_0 (lowest) (0.200), bin_1 (0.200), bin_2 (0.200), bin_3 (0.200), bin_4 (highest) (0.200)}
  Brain region distribution:
    barrel_cortex_L2/3: 20445 neurons

Per-session statistics:
  Mean T: 360.0, 360.0, 360.0, 360.0, 360.0, 360.0, 360.0, 360.0, 360.0, 360.0, 360.0, 360.0, 360.0, 360.0, 360.0, 360.0, 360.0, 360.0, 360.0, 360.0, 360.0, 360.0, 360.0, 360.0, 360.0, 360.0, 360.0, 360.0, 360.0, 360.0, 360.0, 360.0, 360.0, 360.0, 360.0, 360.0, 360.0, 360.0, 360.0, 360.0, 360.0
  Min T: 360, 360, 360, 360, 360, 360, 360, 360, 360, 360, 360, 360, 360, 360, 360, 360, 360, 360, 360, 360, 360, 360, 360, 360, 360, 360, 360, 360, 360, 360, 360, 360, 360, 360, 360, 360, 360, 360, 360, 360, 360
  Max T: 360, 360, 360, 360, 360, 360, 360, 360, 360, 360, 360, 360, 360, 360, 360, 360, 360, 360, 360, 360, 360, 360, 360, 360, 360, 360, 360, 360, 360, 360, 360, 360, 360, 360, 360, 360, 360, 360, 360, 360, 360
  n_neurons: 221, 221, 221, 221, 221, 221, 221, 370, 370, 370, 370, 370, 370, 370, 685, 685, 685, 685, 685, 685, 685, 746, 746, 746, 746, 746, 746, 746, 541, 541, 541, 541, 541, 541, 435, 435, 435, 435, 435, 435, 435
  Input range:
    0: [0.0, 1199.7] [0.0, 1199.7] [0.0, 1199.7] [0.0, 1199.7] [0.0, 1199.7] [0.0, 1199.7] [0.0, 1199.7] [0.0, 1199.7] [0.0, 1199.7] [0.0, 1199.7] [0.0, 1199.7] [0.0, 1199.7] [0.0, 1199.7] [0.0, 1199.7] [0.0, 1799.7] [0.0, 1799.7] [0.0, 1799.7] [0.0, 1799.7] [0.0, 1799.7] [0.0, 1799.7] [0.0, 1799.7] [0.0, 1799.7] [0.0, 1799.7] [0.0, 1799.7] [0.0, 1799.7] [0.0, 1799.7] [0.0, 1799.7] [0.0, 1799.7] [0.0, 1799.7] [0.0, 1799.7] [0.0, 1799.7] [0.0, 1799.7] [0.0, 1799.7] [0.0, 1799.7] [0.0, 1799.7] [0.0, 1799.7] [0.0, 1799.7] [0.0, 1799.7] [0.0, 1799.7] [0.0, 1799.7] [0.0, 1799.7] 
  Output range:
    0: [0.0, 4.0] [0.0, 4.0] [0.0, 4.0] [0.0, 4.0] [0.0, 4.0] [0.0, 4.0] [0.0, 4.0] [0.0, 4.0] [0.0, 4.0] [0.0, 4.0] [0.0, 4.0] [0.0, 4.0] [0.0, 4.0] [0.0, 4.0] [0.0, 4.0] [0.0, 4.0] [0.0, 4.0] [0.0, 4.0] [0.0, 4.0] [0.0, 4.0] [0.0, 4.0] [0.0, 4.0] [0.0, 4.0] [0.0, 4.0] [0.0, 4.0] [0.0, 4.0] [0.0, 4.0] [0.0, 4.0] [0.0, 4.0] [0.0, 4.0] [0.0, 4.0] [0.0, 4.0] [0.0, 4.0] [0.0, 4.0] [0.0, 4.0] [0.0, 4.0] [0.0, 4.0] [0.0, 4.0] [0.0, 4.0] [0.0, 4.0] [0.0, 4.0] 
  Output fraction of data:
motion_energy_bin: (0.200 0.200 0.200 0.200 0.200 0.200 0.200 0.200 0.200 0.200 0.200 0.200 0.200 0.200 0.200 0.200 0.200 0.200 0.200 0.200 0.200 0.200 0.200 0.200 0.200 0.200 0.200 0.200 0.200 0.200 0.200 0.200 0.200 0.200 0.200 0.200 0.200 0.200 0.200 0.200 0.200)  0.200 0.200 0.200 0.200 0.200 0.200 0.200 0.200 0.200 0.200 0.200 0.200 0.200 0.200 0.200 0.200 0.200 0.200 0.200 0.200 0.200 0.200 0.200 0.200 0.200 0.200 0.200 0.200 0.200 0.200 0.200 0.200 0.200 0.200 0.200 0.200 0.200 0.200 0.200 0.200 0.200)  0.200 0.200 0.200 0.200 0.200 0.200 0.200 0.200 0.200 0.200 0.200 0.200 0.200 0.200 0.200 0.200 0.200 0.200 0.200 0.200 0.200 0.200 0.200 0.200 0.200 0.200 0.200 0.200 0.200 0.200 0.200 0.200 0.200 0.200 0.200 0.200 0.200 0.200 0.200 0.200 0.200)  0.200 0.200 0.200 0.200 0.200 0.200 0.200 0.200 0.200 0.200 0.200 0.200 0.200 0.200 0.200 0.200 0.200 0.200 0.200 0.200 0.200 0.200 0.200 0.200 0.200 0.200 0.200 0.200 0.200 0.200 0.200 0.200 0.200 0.200 0.200 0.200 0.200 0.200 0.200 0.200 0.200)  0.200 0.200 0.200 0.200 0.200 0.200 0.200 0.200 0.200 0.200 0.200 0.200 0.200 0.200 0.200 0.200 0.200 0.200 0.200 0.200 0.200 0.200 0.200 0.200 0.200 0.200 0.200 0.200 0.200 0.200 0.200 0.200 0.200 0.200 0.200 0.200 0.200 0.200 0.200 0.200 0.200)  
Brain region: barrel_cortex_L2/3: 20445 neurons  
Training on 436 trials, testing on 109 trials
Using device: cuda
Using balanced loss with class weights:
  Output 0: [0.1990745  0.19785097 0.19753966 0.20038363 0.20515124]
Epoch [1/200], Loss: 82.740540
Epoch [2/200], Loss: 67.392806
Epoch [3/200], Loss: 60.262835
Epoch [4/200], Loss: 57.182691
Epoch [5/200], Loss: 54.851833
Epoch [6/200], Loss: 52.468684
Epoch [7/200], Loss: 50.186698
Epoch [8/200], Loss: 47.894313
Epoch [9/200], Loss: 45.317942
Epoch [10/200], Loss: 42.821183
Epoch [20/200], Loss: 28.353123
Epoch [30/200], Loss: 19.203098
Epoch [40/200], Loss: 13.319389
Epoch [50/200], Loss: 9.312883
Epoch [60/200], Loss: 6.533285
Epoch [70/200], Loss: 4.632141
Epoch [80/200], Loss: 3.365446
Epoch [90/200], Loss: 2.538075
Epoch [100/200], Loss: 2.002631
Epoch [110/200], Loss: 1.661325
Epoch [120/200], Loss: 1.452612
Epoch [130/200], Loss: 1.317838
Epoch [140/200], Loss: 1.244458
Epoch [150/200], Loss: 1.183861
Epoch [160/200], Loss: 1.236400
Epoch [170/200], Loss: 1.142773
Epoch [180/200], Loss: 1.108527
Epoch [190/200], Loss: 1.085233
Epoch [200/200], Loss: 1.080706
Test Loss: 3.157345

Training Balanced Accuracy Scores (chance = 1/num_classes):
  0 (motion_energy_bin): 0.6242  (chance: 0.2000)

Validation Balanced Accuracy Scores (chance = 1/num_classes):
  0 (motion_energy_bin): 0.3008  (chance: 0.2000)
