Data format is valid, no errors or warnings.
Number of sessions: 138
Total number of trials: 72251
Number of trials per session: [437, 521, 571, 443, 581, 602, 439, 684, 159, 518, 206, 520, 531, 501, 660, 521, 520, 530, 583, 281, 501, 692, 800, 660, 690, 430, 661, 561, 611, 503, 750, 580, 550, 524, 569, 542, 513, 552, 488, 466, 665, 424, 498, 493, 421, 470, 454, 405, 482, 635, 519, 600, 494, 470, 426, 378, 389, 429, 415, 458, 444, 402, 397, 577, 527, 530, 626, 461, 530, 410, 262, 440, 520, 530, 540, 490, 500, 500, 520, 624, 680, 494, 475, 513, 533, 520, 600, 540, 504, 620, 665, 312, 439, 361, 568, 553, 561, 496, 535, 548, 622, 523, 537, 640, 476, 542, 445, 617, 419, 534, 503, 484, 627, 656, 644, 695, 638, 588, 386, 518, 509, 479, 399, 476, 531, 566, 590, 518, 631, 559, 501, 608, 662, 547, 491, 689, 452, 626]
Number of subjects: 28
Number of brain regions: 28
Number of sessions per subject:
  Subject SC011: 4 sessions
  Subject SC013: 4 sessions
  Subject SC015: 3 sessions
  Subject SC016: 4 sessions
  Subject SC017: 4 sessions
  Subject SC022: 3 sessions
  Subject SC023: 5 sessions
  Subject SC026: 4 sessions
  Subject SC027: 6 sessions
  Subject SC030: 4 sessions
  Subject SC031: 2 sessions
  Subject SC032: 3 sessions
  Subject SC033: 4 sessions
  Subject SC035: 4 sessions
  Subject SC038: 10 sessions
  Subject SC043: 5 sessions
  Subject SC045: 4 sessions
  Subject SC048: 4 sessions
  Subject SC049: 4 sessions
  Subject SC050: 4 sessions
  Subject SC052: 6 sessions
  Subject SC053: 10 sessions
  Subject SC060: 3 sessions
  Subject SC061: 4 sessions
  Subject SC064: 9 sessions
  Subject SC065: 9 sessions
  Subject SC066: 6 sessions
  Subject SC067: 6 sessions
Input dimension: 2
Output dimension: 4
Summary statistics (across all sessions):
  T: mean: 80.00, median: 80.00, min: 80, max: 80
  n_neurons: mean: 401.72', min: 90, max: 923
  Input range:
    time_from_tone_onset: [-1.5, 11.9]
    photostim_on: [0.0, 1.0]
  Output range:
    lick_direction_choice: [0.0, 2.0]
    outcome: [0.0, 2.0]
    early_lick: [0.0, 1.0]
    tongue_y_position: [0.0, 3.0]
  Unique outputs per dimension (fraction of data):
    lick_direction_choice: {left (0.447), right (0.442), no lick (0.110)}
    outcome: {ignore (0.110), miss (0.153), hit (0.737)}
    early_lick: {no (0.884), yes (0.116)}
    tongue_y_position: {<40th pct (0.106), 40-60th pct (0.053), >60th pct (0.106), not visible (0.736)}
  Brain region distribution:
    left ALM: 3002 neurons
    left Cerebellum: 954 neurons
    left CorticalSubplate: 473 neurons
    left Hippocampus: 909 neurons
    left Hypothalamus: 368 neurons
    left Medulla: 1501 neurons
    left Midbrain: 2840 neurons
    left Olfactory: 1609 neurons
    left Orbital: 4396 neurons
    left OtherCortex: 4086 neurons
    left Pallidum: 482 neurons
    left Pons: 135 neurons
    left Striatum: 2909 neurons
    left Thalamus: 6102 neurons
    right ALM: 2870 neurons
    right Cerebellum: 529 neurons
    right CorticalSubplate: 482 neurons
    right Hippocampus: 672 neurons
    right Hypothalamus: 278 neurons
    right Medulla: 1074 neurons
    right Midbrain: 3007 neurons
    right Olfactory: 1693 neurons
    right Orbital: 4042 neurons
    right OtherCortex: 3158 neurons
    right Pallidum: 368 neurons
    right Pons: 185 neurons
    right Striatum: 2789 neurons
    right Thalamus: 4524 neurons

Per-session statistics:
  Mean T: 80.0, 80.0, 80.0, 80.0, 80.0, 80.0, 80.0, 80.0, 80.0, 80.0, 80.0, 80.0, 80.0, 80.0, 80.0, 80.0, 80.0, 80.0, 80.0, 80.0, 80.0, 80.0, 80.0, 80.0, 80.0, 80.0, 80.0, 80.0, 80.0, 80.0, 80.0, 80.0, 80.0, 80.0, 80.0, 80.0, 80.0, 80.0, 80.0, 80.0, 80.0, 80.0, 80.0, 80.0, 80.0, 80.0, 80.0, 80.0, 80.0, 80.0, 80.0, 80.0, 80.0, 80.0, 80.0, 80.0, 80.0, 80.0, 80.0, 80.0, 80.0, 80.0, 80.0, 80.0, 80.0, 80.0, 80.0, 80.0, 80.0, 80.0, 80.0, 80.0, 80.0, 80.0, 80.0, 80.0, 80.0, 80.0, 80.0, 80.0, 80.0, 80.0, 80.0, 80.0, 80.0, 80.0, 80.0, 80.0, 80.0, 80.0, 80.0, 80.0, 80.0, 80.0, 80.0, 80.0, 80.0, 80.0, 80.0, 80.0, 80.0, 80.0, 80.0, 80.0, 80.0, 80.0, 80.0, 80.0, 80.0, 80.0, 80.0, 80.0, 80.0, 80.0, 80.0, 80.0, 80.0, 80.0, 80.0, 80.0, 80.0, 80.0, 80.0, 80.0, 80.0, 80.0, 80.0, 80.0, 80.0, 80.0, 80.0, 80.0, 80.0, 80.0, 80.0, 80.0, 80.0, 80.0
  Min T: 80, 80, 80, 80, 80, 80, 80, 80, 80, 80, 80, 80, 80, 80, 80, 80, 80, 80, 80, 80, 80, 80, 80, 80, 80, 80, 80, 80, 80, 80, 80, 80, 80, 80, 80, 80, 80, 80, 80, 80, 80, 80, 80, 80, 80, 80, 80, 80, 80, 80, 80, 80, 80, 80, 80, 80, 80, 80, 80, 80, 80, 80, 80, 80, 80, 80, 80, 80, 80, 80, 80, 80, 80, 80, 80, 80, 80, 80, 80, 80, 80, 80, 80, 80, 80, 80, 80, 80, 80, 80, 80, 80, 80, 80, 80, 80, 80, 80, 80, 80, 80, 80, 80, 80, 80, 80, 80, 80, 80, 80, 80, 80, 80, 80, 80, 80, 80, 80, 80, 80, 80, 80, 80, 80, 80, 80, 80, 80, 80, 80, 80, 80, 80, 80, 80, 80, 80, 80
  Max T: 80, 80, 80, 80, 80, 80, 80, 80, 80, 80, 80, 80, 80, 80, 80, 80, 80, 80, 80, 80, 80, 80, 80, 80, 80, 80, 80, 80, 80, 80, 80, 80, 80, 80, 80, 80, 80, 80, 80, 80, 80, 80, 80, 80, 80, 80, 80, 80, 80, 80, 80, 80, 80, 80, 80, 80, 80, 80, 80, 80, 80, 80, 80, 80, 80, 80, 80, 80, 80, 80, 80, 80, 80, 80, 80, 80, 80, 80, 80, 80, 80, 80, 80, 80, 80, 80, 80, 80, 80, 80, 80, 80, 80, 80, 80, 80, 80, 80, 80, 80, 80, 80, 80, 80, 80, 80, 80, 80, 80, 80, 80, 80, 80, 80, 80, 80, 80, 80, 80, 80, 80, 80, 80, 80, 80, 80, 80, 80, 80, 80, 80, 80, 80, 80, 80, 80, 80, 80
  n_neurons: 214, 383, 452, 537, 290, 314, 501, 278, 375, 205, 552, 526, 505, 192, 169, 347, 342, 432, 367, 433, 425, 436, 499, 571, 533, 675, 496, 498, 530, 463, 599, 224, 478, 488, 427, 433, 428, 452, 272, 414, 346, 532, 178, 322, 368, 184, 156, 150, 190, 141, 365, 254, 323, 269, 106, 157, 217, 194, 344, 253, 343, 477, 332, 442, 378, 537, 374, 322, 90, 233, 480, 304, 328, 439, 639, 618, 205, 420, 683, 675, 749, 765, 538, 502, 219, 432, 407, 650, 731, 923, 724, 477, 376, 516, 688, 350, 219, 469, 366, 483, 268, 393, 483, 325, 213, 330, 492, 215, 486, 633, 497, 532, 285, 227, 342, 430, 390, 308, 298, 638, 208, 452, 238, 206, 404, 269, 473, 302, 317, 530, 437, 339, 445, 390, 308, 787, 472, 368
  Input range:
    0: [-0.6, 5.9] [-0.6, 7.2] [-0.6, 7.4] [-0.6, 6.1] [-0.6, 5.9] [-0.6, 5.7] [-0.6, 6.1] [-0.6, 7.1] [-0.6, 5.5] [-0.6, 4.5] [-0.6, 4.1] [-0.6, 5.3] [-0.6, 5.0] [-0.6, 4.7] [-0.6, 5.7] [-0.6, 5.0] [-0.6, 7.1] [-0.6, 7.2] [-0.6, 6.2] [-0.6, 5.1] [-0.6, 5.7] [-0.6, 5.1] [-0.6, 7.6] [-0.6, 5.6] [-0.6, 5.6] [-0.6, 5.3] [-0.6, 4.4] [-0.6, 6.2] [-0.6, 6.3] [-0.6, 5.4] [-0.6, 6.7] [-0.6, 6.0] [-0.6, 6.3] [-0.6, 6.3] [-0.6, 6.9] [-0.6, 6.3] [-0.6, 6.9] [-1.5, 6.0] [-1.5, 9.4] [-1.5, 5.8] [-1.5, 6.3] [-1.5, 9.7] [-1.5, 5.5] [-1.5, 5.0] [-1.5, 5.7] [-1.5, 7.0] [-1.5, 5.4] [-1.5, 6.7] [-1.5, 7.9] [-1.5, 6.6] [-1.5, 6.6] [-1.5, 9.1] [-1.5, 7.2] [-1.5, 5.7] [-1.5, 5.8] [-1.5, 5.8] [-1.5, 7.4] [-1.5, 5.1] [-1.5, 5.5] [-1.5, 5.8] [-1.5, 4.9] [-1.5, 5.6] [-1.5, 5.8] [-1.5, 6.8] [-1.5, 5.4] [-1.5, 5.9] [-1.5, 5.7] [-1.5, 4.8] [-1.5, 4.3] [-1.5, 6.3] [-1.5, 8.2] [-1.5, 6.6] [-1.5, 6.6] [-1.5, 7.3] [-1.5, 4.8] [-1.5, 9.2] [-1.5, 6.4] [-1.5, 5.7] [-1.5, 5.8] [-1.5, 6.5] [-1.5, 6.5] [-1.5, 5.2] [-1.5, 5.3] [-1.5, 5.9] [-1.5, 7.6] [-1.5, 5.8] [-1.5, 5.5] [-1.5, 6.8] [-1.5, 5.9] [-1.5, 4.7] [-1.5, 5.3] [-1.5, 5.3] [-1.5, 5.5] [-1.5, 5.5] [-1.5, 6.6] [-1.5, 6.5] [-1.5, 6.8] [-1.5, 8.4] [-1.5, 7.3] [-1.5, 11.9] [-1.5, 9.3] [-1.5, 5.8] [-1.5, 5.7] [-1.5, 6.7] [-1.5, 5.5] [-1.5, 6.3] [-1.5, 5.0] [-1.5, 6.2] [-1.5, 3.9] [-1.5, 5.4] [-1.5, 6.0] [-1.5, 5.5] [-1.5, 6.2] [-1.5, 6.7] [-1.5, 6.2] [-1.5, 6.1] [-1.5, 6.7] [-1.5, 7.4] [-1.5, 8.2] [-1.5, 6.9] [-1.5, 8.0] [-1.5, 7.3] [-1.5, 8.8] [-1.5, 5.1] [-1.5, 9.7] [-1.5, 7.2] [-1.5, 7.0] [-1.5, 5.6] [-1.5, 6.2] [-1.5, 5.8] [-1.5, 5.9] [-1.5, 6.4] [-1.5, 6.2] [-1.5, 8.2] [-1.5, 5.6] [-1.5, 6.1] [-1.5, 6.8] [-1.5, 7.1] 
    1: [0.0, 1.0] [0.0, 1.0] [0.0, 0.0] [0.0, 1.0] [0.0, 1.0] [0.0, 1.0] [0.0, 1.0] [0.0, 1.0] [0.0, 1.0] [0.0, 1.0] [0.0, 1.0] [0.0, 1.0] [0.0, 1.0] [0.0, 1.0] [0.0, 1.0] [0.0, 1.0] [0.0, 1.0] [0.0, 1.0] [0.0, 1.0] [0.0, 1.0] [0.0, 1.0] [0.0, 1.0] [0.0, 1.0] [0.0, 1.0] [0.0, 1.0] [0.0, 1.0] [0.0, 1.0] [0.0, 1.0] [0.0, 1.0] [0.0, 1.0] [0.0, 1.0] [0.0, 1.0] [0.0, 1.0] [0.0, 1.0] [0.0, 1.0] [0.0, 1.0] [0.0, 1.0] [0.0, 1.0] [0.0, 1.0] [0.0, 1.0] [0.0, 1.0] [0.0, 1.0] [0.0, 1.0] [0.0, 1.0] [0.0, 1.0] [0.0, 1.0] [0.0, 1.0] [0.0, 1.0] [0.0, 1.0] [0.0, 1.0] [0.0, 1.0] [0.0, 1.0] [0.0, 1.0] [0.0, 1.0] [0.0, 1.0] [0.0, 1.0] [0.0, 1.0] [0.0, 1.0] [0.0, 1.0] [0.0, 1.0] [0.0, 1.0] [0.0, 1.0] [0.0, 1.0] [0.0, 1.0] [0.0, 1.0] [0.0, 1.0] [0.0, 1.0] [0.0, 1.0] [0.0, 1.0] [0.0, 0.0] [0.0, 1.0] [0.0, 1.0] [0.0, 1.0] [0.0, 0.0] [0.0, 1.0] [0.0, 1.0] [0.0, 1.0] [0.0, 1.0] [0.0, 1.0] [0.0, 1.0] [0.0, 1.0] [0.0, 1.0] [0.0, 1.0] [0.0, 1.0] [0.0, 1.0] [0.0, 1.0] [0.0, 1.0] [0.0, 1.0] [0.0, 1.0] [0.0, 1.0] [0.0, 1.0] [0.0, 1.0] [0.0, 1.0] [0.0, 1.0] [0.0, 1.0] [0.0, 1.0] [0.0, 1.0] [0.0, 1.0] [0.0, 1.0] [0.0, 1.0] [0.0, 1.0] [0.0, 1.0] [0.0, 1.0] [0.0, 1.0] [0.0, 1.0] [0.0, 1.0] [0.0, 1.0] [0.0, 1.0] [0.0, 1.0] [0.0, 1.0] [0.0, 1.0] [0.0, 1.0] [0.0, 1.0] [0.0, 1.0] [0.0, 1.0] [0.0, 1.0] [0.0, 1.0] [0.0, 1.0] [0.0, 1.0] [0.0, 1.0] [0.0, 1.0] [0.0, 1.0] [0.0, 1.0] [0.0, 1.0] [0.0, 1.0] [0.0, 1.0] [0.0, 1.0] [0.0, 1.0] [0.0, 1.0] [0.0, 1.0] [0.0, 1.0] [0.0, 1.0] [0.0, 1.0] [0.0, 1.0] [0.0, 1.0] [0.0, 1.0] [0.0, 1.0] [0.0, 1.0] 
  Output range:
    0: [0.0, 2.0] [0.0, 2.0] [0.0, 2.0] [0.0, 2.0] [0.0, 2.0] [0.0, 2.0] [0.0, 2.0] [0.0, 2.0] [0.0, 2.0] [0.0, 2.0] [0.0, 2.0] [0.0, 2.0] [0.0, 2.0] [0.0, 2.0] [0.0, 2.0] [0.0, 2.0] [0.0, 2.0] [0.0, 2.0] [0.0, 1.0] [0.0, 2.0] [0.0, 2.0] [0.0, 2.0] [0.0, 2.0] [0.0, 2.0] [0.0, 2.0] [0.0, 2.0] [0.0, 2.0] [0.0, 2.0] [0.0, 2.0] [0.0, 2.0] [0.0, 2.0] [0.0, 2.0] [0.0, 2.0] [0.0, 2.0] [0.0, 2.0] [0.0, 2.0] [0.0, 2.0] [0.0, 2.0] [0.0, 2.0] [0.0, 2.0] [0.0, 2.0] [0.0, 2.0] [0.0, 2.0] [0.0, 2.0] [0.0, 2.0] [0.0, 2.0] [0.0, 2.0] [0.0, 2.0] [0.0, 2.0] [0.0, 2.0] [0.0, 2.0] [0.0, 2.0] [0.0, 2.0] [0.0, 2.0] [0.0, 2.0] [0.0, 2.0] [0.0, 2.0] [0.0, 2.0] [0.0, 2.0] [0.0, 2.0] [0.0, 2.0] [0.0, 2.0] [0.0, 2.0] [0.0, 2.0] [0.0, 2.0] [0.0, 2.0] [0.0, 2.0] [0.0, 2.0] [0.0, 2.0] [0.0, 2.0] [0.0, 2.0] [0.0, 2.0] [0.0, 2.0] [0.0, 2.0] [0.0, 2.0] [0.0, 2.0] [0.0, 2.0] [0.0, 2.0] [0.0, 2.0] [0.0, 2.0] [0.0, 2.0] [0.0, 2.0] [0.0, 2.0] [0.0, 2.0] [0.0, 2.0] [0.0, 2.0] [0.0, 2.0] [0.0, 2.0] [0.0, 2.0] [0.0, 2.0] [0.0, 2.0] [0.0, 2.0] [0.0, 2.0] [0.0, 2.0] [0.0, 2.0] [0.0, 2.0] [0.0, 2.0] [0.0, 2.0] [0.0, 2.0] [0.0, 2.0] [0.0, 2.0] [0.0, 2.0] [0.0, 2.0] [0.0, 2.0] [0.0, 2.0] [0.0, 2.0] [0.0, 2.0] [0.0, 2.0] [0.0, 2.0] [0.0, 2.0] [0.0, 2.0] [0.0, 2.0] [0.0, 2.0] [0.0, 2.0] [0.0, 2.0] [0.0, 2.0] [0.0, 2.0] [0.0, 2.0] [0.0, 2.0] [0.0, 2.0] [0.0, 2.0] [0.0, 2.0] [0.0, 2.0] [0.0, 2.0] [0.0, 2.0] [0.0, 2.0] [0.0, 2.0] [0.0, 2.0] [0.0, 2.0] [0.0, 2.0] [0.0, 2.0] [0.0, 2.0] [0.0, 2.0] [0.0, 2.0] [0.0, 2.0] [0.0, 2.0] [0.0, 2.0] [0.0, 2.0] 
    1: [0.0, 2.0] [0.0, 2.0] [0.0, 2.0] [0.0, 2.0] [0.0, 2.0] [0.0, 2.0] [0.0, 2.0] [0.0, 2.0] [0.0, 2.0] [0.0, 2.0] [0.0, 2.0] [0.0, 2.0] [0.0, 2.0] [0.0, 2.0] [0.0, 2.0] [0.0, 2.0] [0.0, 2.0] [0.0, 2.0] [1.0, 2.0] [0.0, 2.0] [0.0, 2.0] [0.0, 2.0] [0.0, 2.0] [0.0, 2.0] [0.0, 2.0] [0.0, 2.0] [0.0, 2.0] [0.0, 2.0] [0.0, 2.0] [0.0, 2.0] [0.0, 2.0] [0.0, 2.0] [0.0, 2.0] [0.0, 2.0] [0.0, 2.0] [0.0, 2.0] [0.0, 2.0] [0.0, 2.0] [0.0, 2.0] [0.0, 2.0] [0.0, 2.0] [0.0, 2.0] [0.0, 2.0] [0.0, 2.0] [0.0, 2.0] [0.0, 2.0] [0.0, 2.0] [0.0, 2.0] [0.0, 2.0] [0.0, 2.0] [0.0, 2.0] [0.0, 2.0] [0.0, 2.0] [0.0, 2.0] [0.0, 2.0] [0.0, 2.0] [0.0, 2.0] [0.0, 2.0] [0.0, 2.0] [0.0, 2.0] [0.0, 2.0] [0.0, 2.0] [0.0, 2.0] [0.0, 2.0] [0.0, 2.0] [0.0, 2.0] [0.0, 2.0] [0.0, 2.0] [0.0, 2.0] [0.0, 2.0] [0.0, 2.0] [0.0, 2.0] [0.0, 2.0] [0.0, 2.0] [0.0, 2.0] [0.0, 2.0] [0.0, 2.0] [0.0, 2.0] [0.0, 2.0] [0.0, 2.0] [0.0, 2.0] [0.0, 2.0] [0.0, 2.0] [0.0, 2.0] [0.0, 2.0] [0.0, 2.0] [0.0, 2.0] [0.0, 2.0] [0.0, 2.0] [0.0, 2.0] [0.0, 2.0] [0.0, 2.0] [0.0, 2.0] [0.0, 2.0] [0.0, 2.0] [0.0, 2.0] [0.0, 2.0] [0.0, 2.0] [0.0, 2.0] [0.0, 2.0] [0.0, 2.0] [0.0, 2.0] [0.0, 2.0] [0.0, 2.0] [0.0, 2.0] [0.0, 2.0] [0.0, 2.0] [0.0, 2.0] [0.0, 2.0] [0.0, 2.0] [0.0, 2.0] [0.0, 2.0] [0.0, 2.0] [0.0, 2.0] [0.0, 2.0] [0.0, 2.0] [0.0, 2.0] [0.0, 2.0] [0.0, 2.0] [0.0, 2.0] [0.0, 2.0] [0.0, 2.0] [0.0, 2.0] [0.0, 2.0] [0.0, 2.0] [0.0, 2.0] [0.0, 2.0] [0.0, 2.0] [0.0, 2.0] [0.0, 2.0] [0.0, 2.0] [0.0, 2.0] [0.0, 2.0] [0.0, 2.0] [0.0, 2.0] [0.0, 2.0] [0.0, 2.0] [0.0, 2.0] 
    2: [0.0, 1.0] [0.0, 1.0] [0.0, 0.0] [0.0, 1.0] [0.0, 1.0] [0.0, 1.0] [0.0, 1.0] [0.0, 1.0] [0.0, 1.0] [0.0, 1.0] [0.0, 1.0] [0.0, 1.0] [0.0, 1.0] [0.0, 1.0] [0.0, 1.0] [0.0, 1.0] [0.0, 1.0] [0.0, 1.0] [0.0, 1.0] [0.0, 1.0] [0.0, 1.0] [0.0, 1.0] [0.0, 1.0] [0.0, 1.0] [0.0, 1.0] [0.0, 1.0] [0.0, 1.0] [0.0, 1.0] [0.0, 1.0] [0.0, 1.0] [0.0, 1.0] [0.0, 1.0] [0.0, 1.0] [0.0, 1.0] [0.0, 1.0] [0.0, 1.0] [0.0, 1.0] [0.0, 1.0] [0.0, 1.0] [0.0, 1.0] [0.0, 1.0] [0.0, 1.0] [0.0, 1.0] [0.0, 1.0] [0.0, 1.0] [0.0, 1.0] [0.0, 1.0] [0.0, 1.0] [0.0, 1.0] [0.0, 1.0] [0.0, 1.0] [0.0, 1.0] [0.0, 1.0] [0.0, 1.0] [0.0, 1.0] [0.0, 1.0] [0.0, 1.0] [0.0, 1.0] [0.0, 1.0] [0.0, 1.0] [0.0, 1.0] [0.0, 1.0] [0.0, 1.0] [0.0, 1.0] [0.0, 1.0] [0.0, 1.0] [0.0, 1.0] [0.0, 1.0] [0.0, 1.0] [0.0, 1.0] [0.0, 1.0] [0.0, 1.0] [0.0, 1.0] [0.0, 1.0] [0.0, 1.0] [0.0, 1.0] [0.0, 1.0] [0.0, 1.0] [0.0, 1.0] [0.0, 1.0] [0.0, 1.0] [0.0, 1.0] [0.0, 1.0] [0.0, 1.0] [0.0, 1.0] [0.0, 1.0] [0.0, 1.0] [0.0, 1.0] [0.0, 1.0] [0.0, 1.0] [0.0, 1.0] [0.0, 1.0] [0.0, 1.0] [0.0, 1.0] [0.0, 1.0] [0.0, 1.0] [0.0, 1.0] [0.0, 1.0] [0.0, 1.0] [0.0, 1.0] [0.0, 1.0] [0.0, 1.0] [0.0, 1.0] [0.0, 1.0] [0.0, 1.0] [0.0, 1.0] [0.0, 1.0] [0.0, 1.0] [0.0, 1.0] [0.0, 1.0] [0.0, 1.0] [0.0, 1.0] [0.0, 1.0] [0.0, 1.0] [0.0, 1.0] [0.0, 1.0] [0.0, 1.0] [0.0, 1.0] [0.0, 1.0] [0.0, 1.0] [0.0, 1.0] [0.0, 1.0] [0.0, 1.0] [0.0, 1.0] [0.0, 1.0] [0.0, 1.0] [0.0, 1.0] [0.0, 1.0] [0.0, 1.0] [0.0, 1.0] [0.0, 1.0] [0.0, 1.0] [0.0, 1.0] [0.0, 1.0] [0.0, 1.0] [0.0, 1.0] [0.0, 1.0] [0.0, 1.0] 
    3: [0.0, 3.0] [0.0, 3.0] [0.0, 3.0] [0.0, 3.0] [0.0, 3.0] [0.0, 3.0] [0.0, 3.0] [0.0, 3.0] [0.0, 3.0] [0.0, 3.0] [0.0, 3.0] [0.0, 3.0] [0.0, 3.0] [0.0, 3.0] [0.0, 3.0] [0.0, 3.0] [0.0, 3.0] [0.0, 3.0] [0.0, 3.0] [0.0, 3.0] [0.0, 3.0] [0.0, 3.0] [0.0, 3.0] [0.0, 3.0] [0.0, 3.0] [0.0, 3.0] [0.0, 3.0] [0.0, 3.0] [0.0, 3.0] [0.0, 3.0] [0.0, 3.0] [0.0, 3.0] [0.0, 3.0] [0.0, 3.0] [0.0, 3.0] [0.0, 3.0] [0.0, 3.0] [0.0, 3.0] [0.0, 3.0] [0.0, 3.0] [0.0, 3.0] [0.0, 3.0] [0.0, 3.0] [0.0, 3.0] [0.0, 3.0] [0.0, 3.0] [0.0, 3.0] [0.0, 3.0] [0.0, 3.0] [0.0, 3.0] [0.0, 3.0] [0.0, 3.0] [0.0, 3.0] [0.0, 3.0] [0.0, 3.0] [0.0, 3.0] [0.0, 3.0] [0.0, 3.0] [0.0, 3.0] [0.0, 3.0] [0.0, 3.0] [0.0, 3.0] [0.0, 3.0] [0.0, 3.0] [0.0, 3.0] [0.0, 3.0] [0.0, 3.0] [0.0, 3.0] [0.0, 3.0] [0.0, 3.0] [0.0, 3.0] [0.0, 3.0] [0.0, 3.0] [0.0, 3.0] [0.0, 3.0] [0.0, 3.0] [0.0, 3.0] [0.0, 3.0] [0.0, 3.0] [0.0, 3.0] [0.0, 3.0] [0.0, 3.0] [0.0, 3.0] [0.0, 3.0] [0.0, 3.0] [0.0, 3.0] [0.0, 3.0] [0.0, 3.0] [0.0, 3.0] [0.0, 3.0] [0.0, 3.0] [0.0, 3.0] [0.0, 3.0] [0.0, 3.0] [0.0, 3.0] [0.0, 3.0] [0.0, 3.0] [0.0, 3.0] [0.0, 3.0] [0.0, 3.0] [0.0, 3.0] [0.0, 3.0] [0.0, 3.0] [0.0, 3.0] [0.0, 3.0] [0.0, 3.0] [0.0, 3.0] [0.0, 3.0] [0.0, 3.0] [0.0, 3.0] [0.0, 3.0] [0.0, 3.0] [0.0, 3.0] [0.0, 3.0] [0.0, 3.0] [0.0, 3.0] [0.0, 3.0] [0.0, 3.0] [0.0, 3.0] [0.0, 3.0] [0.0, 3.0] [0.0, 3.0] [0.0, 3.0] [0.0, 3.0] [0.0, 3.0] [0.0, 3.0] [0.0, 3.0] [0.0, 3.0] [0.0, 3.0] [0.0, 3.0] [0.0, 3.0] [0.0, 3.0] [0.0, 3.0] [0.0, 3.0] [0.0, 3.0] [0.0, 3.0] [0.0, 3.0] [0.0, 3.0] 
  Output fraction of data:
lick_direction_choice: (0.494 0.491 0.485 0.449 0.253 0.497 0.494 0.459 0.516 0.517 0.451 0.500 0.527 0.497 0.495 0.503 0.496 0.475 0.485 0.502 0.483 0.484 0.485 0.512 0.435 0.474 0.539 0.480 0.486 0.493 0.495 0.490 0.516 0.492 0.431 0.463 0.398 0.475 0.475 0.509 0.513 0.403 0.315 0.477 0.368 0.432 0.256 0.360 0.405 0.425 0.470 0.485 0.453 0.506 0.474 0.439 0.465 0.387 0.455 0.476 0.482 0.351 0.501 0.487 0.416 0.538 0.479 0.375 0.443 0.400 0.450 0.491 0.469 0.498 0.380 0.435 0.338 0.414 0.419 0.458 0.449 0.443 0.505 0.468 0.420 0.354 0.258 0.350 0.282 0.289 0.278 0.337 0.251 0.247 0.405 0.432 0.481 0.452 0.492 0.478 0.484 0.356 0.466 0.478 0.380 0.459 0.391 0.423 0.449 0.481 0.495 0.444 0.501 0.500 0.477 0.479 0.503 0.507 0.484 0.459 0.448 0.422 0.404 0.351 0.486 0.447 0.498 0.483 0.456 0.492 0.469 0.467 0.450 0.336 0.403 0.485 0.434 0.452)  0.435 0.505 0.504 0.544 0.189 0.437 0.472 0.510 0.472 0.458 0.529 0.496 0.469 0.491 0.495 0.484 0.475 0.511 0.515 0.480 0.491 0.487 0.496 0.485 0.519 0.356 0.422 0.517 0.509 0.493 0.496 0.472 0.469 0.448 0.452 0.448 0.407 0.455 0.486 0.468 0.477 0.429 0.289 0.420 0.501 0.383 0.264 0.388 0.498 0.557 0.524 0.512 0.447 0.479 0.491 0.407 0.468 0.378 0.525 0.496 0.514 0.338 0.491 0.504 0.353 0.440 0.514 0.304 0.506 0.371 0.378 0.445 0.467 0.406 0.291 0.343 0.314 0.412 0.421 0.452 0.481 0.415 0.476 0.458 0.456 0.346 0.330 0.348 0.333 0.253 0.227 0.346 0.317 0.249 0.442 0.434 0.480 0.480 0.443 0.465 0.482 0.298 0.343 0.405 0.315 0.419 0.373 0.365 0.418 0.479 0.445 0.405 0.498 0.498 0.483 0.496 0.484 0.476 0.495 0.452 0.444 0.478 0.298 0.290 0.492 0.512 0.492 0.479 0.491 0.497 0.425 0.484 0.535 0.510 0.401 0.444 0.465 0.463)  0.071 0.004 0.011 0.007 0.558 0.066 0.034 0.031 0.013 0.025 0.019 0.004 0.004 0.012 0.009 0.013 0.029 0.013 0.000 0.018 0.026 0.029 0.019 0.003 0.046 0.170 0.039 0.004 0.005 0.014 0.009 0.038 0.015 0.059 0.118 0.089 0.195 0.071 0.039 0.024 0.011 0.167 0.396 0.103 0.131 0.185 0.480 0.252 0.098 0.017 0.006 0.003 0.099 0.015 0.035 0.153 0.067 0.235 0.019 0.028 0.005 0.311 0.008 0.009 0.231 0.023 0.006 0.321 0.051 0.229 0.172 0.064 0.063 0.096 0.330 0.222 0.348 0.174 0.160 0.090 0.071 0.142 0.019 0.074 0.124 0.300 0.412 0.302 0.385 0.458 0.495 0.317 0.433 0.504 0.153 0.134 0.039 0.069 0.065 0.057 0.034 0.346 0.192 0.117 0.305 0.122 0.236 0.212 0.134 0.039 0.060 0.151 0.002 0.002 0.040 0.024 0.013 0.017 0.021 0.089 0.108 0.100 0.298 0.359 0.023 0.041 0.010 0.039 0.052 0.011 0.106 0.049 0.015 0.154 0.196 0.071 0.102 0.085)  
outcome: (0.071 0.004 0.011 0.007 0.558 0.066 0.034 0.031 0.013 0.025 0.019 0.004 0.004 0.012 0.009 0.013 0.029 0.013 0.000 0.018 0.026 0.029 0.019 0.003 0.046 0.170 0.039 0.004 0.005 0.014 0.009 0.038 0.015 0.059 0.118 0.089 0.195 0.071 0.039 0.024 0.011 0.167 0.396 0.103 0.131 0.185 0.480 0.252 0.098 0.017 0.006 0.003 0.099 0.015 0.035 0.153 0.067 0.235 0.019 0.028 0.005 0.311 0.008 0.009 0.231 0.023 0.006 0.321 0.051 0.229 0.172 0.064 0.063 0.096 0.330 0.222 0.348 0.174 0.160 0.090 0.071 0.142 0.019 0.074 0.124 0.300 0.412 0.302 0.385 0.458 0.495 0.317 0.433 0.504 0.153 0.134 0.039 0.069 0.065 0.057 0.034 0.346 0.192 0.117 0.305 0.122 0.236 0.212 0.134 0.039 0.060 0.151 0.002 0.002 0.040 0.024 0.013 0.017 0.021 0.089 0.108 0.100 0.298 0.359 0.023 0.041 0.010 0.039 0.052 0.011 0.106 0.049 0.015 0.154 0.196 0.071 0.102 0.085)  0.279 0.278 0.205 0.257 0.059 0.191 0.171 0.143 0.138 0.068 0.049 0.175 0.113 0.124 0.089 0.188 0.177 0.130 0.218 0.093 0.110 0.094 0.314 0.220 0.236 0.233 0.222 0.209 0.183 0.163 0.145 0.140 0.140 0.174 0.112 0.120 0.119 0.121 0.166 0.144 0.119 0.177 0.038 0.308 0.276 0.126 0.073 0.156 0.241 0.268 0.133 0.118 0.154 0.106 0.167 0.151 0.118 0.147 0.067 0.094 0.133 0.132 0.111 0.132 0.121 0.168 0.070 0.167 0.079 0.244 0.229 0.220 0.240 0.257 0.213 0.222 0.164 0.226 0.133 0.280 0.282 0.302 0.280 0.318 0.261 0.192 0.185 0.204 0.127 0.163 0.174 0.058 0.023 0.075 0.141 0.154 0.075 0.065 0.082 0.080 0.108 0.161 0.244 0.261 0.210 0.212 0.135 0.170 0.038 0.064 0.062 0.052 0.110 0.116 0.104 0.033 0.052 0.087 0.085 0.060 0.081 0.027 0.153 0.139 0.098 0.046 0.119 0.091 0.089 0.120 0.138 0.161 0.169 0.130 0.120 0.189 0.219 0.125)  0.650 0.718 0.785 0.736 0.384 0.743 0.795 0.826 0.849 0.907 0.932 0.821 0.883 0.864 0.902 0.798 0.794 0.857 0.782 0.890 0.864 0.877 0.667 0.777 0.717 0.598 0.738 0.788 0.812 0.823 0.845 0.822 0.845 0.767 0.770 0.792 0.686 0.808 0.795 0.833 0.871 0.656 0.566 0.588 0.594 0.689 0.447 0.593 0.662 0.715 0.861 0.878 0.747 0.879 0.798 0.696 0.815 0.618 0.913 0.878 0.863 0.557 0.882 0.860 0.647 0.809 0.923 0.512 0.870 0.527 0.599 0.716 0.696 0.647 0.457 0.555 0.488 0.600 0.708 0.630 0.647 0.557 0.701 0.608 0.615 0.508 0.403 0.494 0.488 0.379 0.331 0.625 0.544 0.421 0.706 0.712 0.886 0.867 0.852 0.863 0.859 0.493 0.564 0.622 0.485 0.666 0.629 0.618 0.828 0.897 0.879 0.798 0.888 0.883 0.856 0.942 0.936 0.896 0.894 0.851 0.811 0.873 0.549 0.502 0.879 0.913 0.871 0.871 0.859 0.869 0.756 0.789 0.816 0.717 0.684 0.740 0.679 0.791)  
early_lick: (0.844 0.658 1.000 0.851 0.976 0.929 0.932 0.950 0.925 0.994 0.985 0.988 0.983 0.980 0.968 0.967 0.952 0.889 0.895 0.968 0.904 0.912 0.855 0.923 0.948 0.960 0.953 0.897 0.907 0.928 0.916 0.860 0.864 0.880 0.844 0.873 0.865 0.882 0.828 0.897 0.884 0.854 0.940 0.917 0.903 0.962 0.932 0.894 0.774 0.805 0.975 0.978 0.862 0.932 0.831 0.910 0.889 0.942 0.952 0.910 0.892 0.958 0.884 0.932 0.934 0.892 0.955 0.954 0.974 0.915 0.798 0.832 0.921 0.860 0.904 0.859 0.862 0.948 0.912 0.827 0.787 0.970 0.975 0.942 0.944 0.813 0.763 0.878 0.859 0.908 0.808 0.891 0.852 0.886 0.629 0.671 0.672 0.774 0.850 0.761 0.714 0.667 0.797 0.706 0.800 0.803 0.845 0.846 0.979 0.929 0.930 0.950 0.882 0.921 0.953 0.957 0.933 0.776 0.798 0.817 0.880 0.841 0.932 0.933 0.812 0.845 0.854 0.946 0.899 0.798 0.908 0.840 0.909 0.867 0.963 0.898 0.918 0.912)  0.156 0.342 0.000 0.149 0.024 0.071 0.068 0.050 0.075 0.006 0.015 0.012 0.017 0.020 0.032 0.033 0.048 0.111 0.105 0.032 0.096 0.088 0.145 0.077 0.052 0.040 0.047 0.103 0.093 0.072 0.084 0.140 0.136 0.120 0.156 0.127 0.135 0.118 0.172 0.103 0.116 0.146 0.060 0.083 0.097 0.038 0.068 0.106 0.226 0.195 0.025 0.022 0.138 0.068 0.169 0.090 0.111 0.058 0.048 0.090 0.108 0.042 0.116 0.068 0.066 0.108 0.045 0.046 0.026 0.085 0.202 0.168 0.079 0.140 0.096 0.141 0.138 0.052 0.088 0.173 0.213 0.030 0.025 0.058 0.056 0.187 0.237 0.122 0.141 0.092 0.192 0.109 0.148 0.114 0.371 0.329 0.328 0.226 0.150 0.239 0.286 0.333 0.203 0.294 0.200 0.197 0.155 0.154 0.021 0.071 0.070 0.050 0.118 0.079 0.047 0.043 0.067 0.224 0.202 0.183 0.120 0.159 0.068 0.067 0.188 0.155 0.146 0.054 0.101 0.202 0.092 0.160 0.091 0.133 0.037 0.102 0.082 0.088)  
tongue_y_position: (0.072 0.083 0.086 0.087 0.062 0.169 0.137 0.134 0.119 0.098 0.102 0.110 0.115 0.115 0.118 0.104 0.097 0.094 0.102 0.095 0.103 0.092 0.125 0.122 0.081 0.078 0.098 0.109 0.097 0.097 0.103 0.091 0.080 0.101 0.072 0.354 0.064 0.072 0.076 0.075 0.080 0.075 0.048 0.075 0.073 0.067 0.057 0.084 0.108 0.115 0.105 0.114 0.093 0.113 0.099 0.083 0.099 0.079 0.089 0.089 0.094 0.055 0.086 0.086 0.080 0.096 0.099 0.056 0.096 0.091 0.113 0.139 0.125 0.097 0.065 0.076 0.063 0.071 0.079 0.090 0.080 0.090 0.121 0.099 0.088 0.099 0.076 0.079 0.079 0.063 0.064 0.093 0.069 0.087 0.161 0.166 0.196 0.191 0.156 0.176 0.191 0.064 0.083 0.098 0.079 0.099 0.088 0.087 0.105 0.114 0.113 0.095 0.161 0.141 0.135 0.133 0.144 0.152 0.147 0.123 0.109 0.115 0.077 0.063 0.123 0.123 0.181 0.136 0.144 0.199 0.136 0.178 0.094 0.083 0.079 0.095 0.084 0.091)  0.036 0.042 0.043 0.044 0.031 0.085 0.069 0.067 0.060 0.049 0.051 0.055 0.058 0.058 0.059 0.052 0.048 0.047 0.051 0.048 0.052 0.046 0.062 0.061 0.040 0.039 0.049 0.054 0.048 0.049 0.051 0.045 0.040 0.051 0.036 0.177 0.032 0.036 0.038 0.037 0.040 0.038 0.024 0.037 0.036 0.034 0.029 0.042 0.054 0.058 0.052 0.057 0.046 0.056 0.050 0.042 0.050 0.039 0.045 0.044 0.047 0.028 0.043 0.043 0.040 0.048 0.049 0.028 0.048 0.046 0.057 0.070 0.062 0.049 0.032 0.038 0.032 0.035 0.039 0.045 0.040 0.045 0.060 0.050 0.044 0.049 0.038 0.040 0.039 0.032 0.032 0.046 0.034 0.043 0.081 0.083 0.098 0.096 0.078 0.088 0.096 0.032 0.042 0.049 0.040 0.050 0.044 0.044 0.053 0.057 0.056 0.047 0.081 0.070 0.067 0.066 0.072 0.076 0.073 0.062 0.055 0.058 0.038 0.031 0.062 0.061 0.091 0.068 0.072 0.099 0.068 0.089 0.047 0.041 0.040 0.048 0.042 0.046)  0.072 0.083 0.086 0.087 0.062 0.169 0.137 0.134 0.119 0.098 0.102 0.110 0.115 0.115 0.118 0.104 0.097 0.094 0.102 0.095 0.103 0.092 0.125 0.122 0.081 0.078 0.098 0.109 0.097 0.097 0.103 0.091 0.080 0.101 0.072 0.354 0.064 0.072 0.076 0.075 0.080 0.075 0.048 0.075 0.073 0.067 0.057 0.084 0.108 0.115 0.105 0.114 0.093 0.113 0.099 0.083 0.099 0.079 0.089 0.089 0.094 0.055 0.086 0.086 0.080 0.096 0.099 0.056 0.096 0.091 0.113 0.139 0.125 0.097 0.065 0.076 0.063 0.071 0.079 0.090 0.080 0.090 0.121 0.099 0.088 0.099 0.076 0.079 0.079 0.063 0.064 0.093 0.069 0.087 0.161 0.166 0.196 0.191 0.156 0.176 0.191 0.064 0.083 0.098 0.079 0.099 0.088 0.087 0.105 0.114 0.113 0.095 0.161 0.141 0.135 0.133 0.144 0.152 0.147 0.123 0.109 0.115 0.077 0.063 0.123 0.123 0.181 0.136 0.144 0.199 0.136 0.178 0.094 0.083 0.079 0.095 0.084 0.091)  0.821 0.793 0.786 0.782 0.846 0.577 0.657 0.665 0.702 0.755 0.746 0.725 0.711 0.712 0.704 0.741 0.758 0.765 0.745 0.762 0.742 0.770 0.688 0.694 0.798 0.806 0.755 0.728 0.758 0.757 0.743 0.774 0.800 0.746 0.819 0.116 0.839 0.820 0.809 0.813 0.801 0.811 0.881 0.813 0.819 0.832 0.857 0.790 0.730 0.712 0.738 0.715 0.769 0.718 0.752 0.791 0.752 0.803 0.777 0.778 0.764 0.862 0.784 0.786 0.800 0.761 0.753 0.860 0.759 0.771 0.717 0.652 0.688 0.756 0.838 0.809 0.842 0.823 0.803 0.775 0.800 0.775 0.698 0.752 0.780 0.753 0.811 0.801 0.803 0.842 0.839 0.768 0.828 0.783 0.597 0.585 0.509 0.523 0.611 0.561 0.522 0.840 0.792 0.755 0.802 0.753 0.781 0.782 0.737 0.716 0.718 0.763 0.597 0.648 0.664 0.668 0.640 0.620 0.634 0.692 0.727 0.712 0.809 0.843 0.692 0.693 0.546 0.660 0.641 0.502 0.660 0.556 0.764 0.793 0.801 0.762 0.790 0.771)  
Brain region: left ALM: 3002 neurons, left Cerebellum: 954 neurons, left CorticalSubplate: 473 neurons, left Hippocampus: 909 neurons, left Hypothalamus: 368 neurons, left Medulla: 1501 neurons, left Midbrain: 2840 neurons, left Olfactory: 1609 neurons, left Orbital: 4396 neurons, left OtherCortex: 4086 neurons, left Pallidum: 482 neurons, left Pons: 135 neurons, left Striatum: 2909 neurons, left Thalamus: 6102 neurons, right ALM: 2870 neurons, right Cerebellum: 529 neurons, right CorticalSubplate: 482 neurons, right Hippocampus: 672 neurons, right Hypothalamus: 278 neurons, right Medulla: 1074 neurons, right Midbrain: 3007 neurons, right Olfactory: 1693 neurons, right Orbital: 4042 neurons, right OtherCortex: 3158 neurons, right Pallidum: 368 neurons, right Pons: 185 neurons, right Striatum: 2789 neurons, right Thalamus: 4524 neurons  
Training on 57751 trials, testing on 14500 trials
Using device: cuda
Using balanced loss with class weights:
  Output 0: [0.16492707 0.16599588 0.66907704]
  Output 1: [0.5357129  0.38425004 0.08003704]
  Output 2: [0.11655209 0.8834479 ]
  Output 3: [0.2413774  0.48255992 0.2414358  0.03462686]
Session 22: Using 50000 of 51200 timepoints for SVD initialization
Epoch [1/200], Loss: 18.836761
Epoch [2/200], Loss: 13.754040
Epoch [3/200], Loss: 10.937597
Epoch [4/200], Loss: 9.983014
Epoch [5/200], Loss: 9.842674
Epoch [6/200], Loss: 9.691204
Epoch [7/200], Loss: 9.274652
Epoch [8/200], Loss: 8.673433
Epoch [9/200], Loss: 8.050941
Epoch [10/200], Loss: 7.517557
Epoch [20/200], Loss: 4.592211
Epoch [30/200], Loss: 3.143778
Epoch [40/200], Loss: 2.286833
Epoch [50/200], Loss: 1.754187
Epoch [60/200], Loss: 1.404660
Epoch [70/200], Loss: 1.171018
Epoch [80/200], Loss: 1.014106
Epoch [90/200], Loss: 0.908713
Epoch [100/200], Loss: 0.838337
Epoch [110/200], Loss: 0.790989
Epoch [120/200], Loss: 0.759208
Epoch [130/200], Loss: 0.734208
Epoch [140/200], Loss: 0.716268
Epoch [150/200], Loss: 0.701712
Epoch [160/200], Loss: 0.689863
Epoch [170/200], Loss: 0.680028
Epoch [180/200], Loss: 0.671635
Epoch [190/200], Loss: 0.664364
Epoch [200/200], Loss: 0.657984
Test Loss: 0.671175

Training Balanced Accuracy Scores (chance = 1/num_classes):
  0 (lick_direction_choice): 0.7196  (chance: 0.3333)
  1 (outcome): 0.6988  (chance: 0.3333)
  2 (early_lick): 0.7879  (chance: 0.5000)
  3 (tongue_y_position): 0.6902  (chance: 0.2500)

Validation Balanced Accuracy Scores (chance = 1/num_classes):
  0 (lick_direction_choice): 0.6796  (chance: 0.3333)
  1 (outcome): 0.6530  (chance: 0.3333)
  2 (early_lick): 0.7462  (chance: 0.5000)
  3 (tongue_y_position): 0.6634  (chance: 0.2500)
train_decoder.py finished successfully.
