Data format is valid, no errors or warnings.
Number of sessions: 152
Total number of trials: 12216
Number of trials per session: [80, 80, 80, 80, 80, 80, 80, 80, 80, 80, 80, 80, 80, 80, 80, 80, 80, 80, 80, 80, 80, 80, 80, 80, 80, 80, 80, 80, 80, 80, 80, 80, 80, 80, 80, 80, 80, 80, 60, 80, 80, 80, 80, 80, 80, 80, 80, 80, 80, 80, 80, 80, 80, 80, 80, 80, 80, 80, 80, 80, 80, 80, 80, 80, 80, 80, 80, 80, 80, 80, 80, 80, 80, 80, 80, 80, 80, 80, 80, 80, 80, 80, 80, 80, 80, 80, 80, 80, 80, 80, 80, 80, 80, 80, 80, 80, 80, 80, 80, 80, 80, 80, 80, 80, 80, 80, 80, 80, 80, 80, 80, 80, 80, 80, 80, 80, 80, 80, 80, 90, 80, 80, 80, 100, 80, 80, 75, 41, 80, 80, 80, 80, 50, 80, 80, 80, 80, 80, 100, 80, 100, 80, 80, 80, 100, 100, 80, 80, 80, 100, 80, 100]
Number of subjects: 11
Number of brain regions: 1
Number of sessions per subject:
  Subject m11: 12 sessions
  Subject m12: 14 sessions
  Subject m13: 14 sessions
  Subject m14: 14 sessions
  Subject m15: 14 sessions
  Subject m17: 14 sessions
  Subject m18: 14 sessions
  Subject m19: 14 sessions
  Subject m3: 14 sessions
  Subject m4: 14 sessions
  Subject m7: 14 sessions
Input dimension: 4
Output dimension: 6
Summary statistics (across all sessions):
  T: mean: 297.81, median: 270.88, min: 104, max: 10132
  n_neurons: mean: 1711.12', min: 315, max: 3934
  Input range:
    time_from_trial_start: [0.0, 653.3]
    environment_type: [0.0, 1.0]
    trial_number: [0.0, 99.0]
    previous_trial_outcome: [0.0, 1.0]
  Output range:
    distance_to_reward_zone: [0.0, 6.0]
    absolute_position_bin: [0.0, 4.0]
    speed_bin: [0.0, 4.0]
    lick: [0.0, 1.0]
    reward_zone_location: [0.0, 2.0]
    reward_outcome: [0.0, 1.0]
  Unique outputs per dimension (fraction of data):
    distance_to_reward_zone: {lt_neg50 (0.465), neg50_to_neg10 (0.080), neg10_to_0 (0.079), 0_to_10 (0.035), 10_to_50 (0.064), gt_50 (0.277)}
    absolute_position_bin: {bin0 (0.421), bin1 (0.130), bin2 (0.169), bin3 (0.166), bin4 (0.114)}
    speed_bin: {lt2 (0.113), 2_to_10 (0.069), 10_to_20 (0.108), 20_to_40 (0.273), gt40 (0.437)}
    lick: {no (0.817), yes (0.183)}
    reward_zone_location: {A (0.409), B (0.306), C (0.284)}
    reward_outcome: {no (0.260), yes (0.740)}
  Brain region distribution:
    hippocampus, CA1: 260091 neurons

Per-session statistics:
  Mean T: 245.8, 260.2, 256.6, 262.2, 253.2, 242.8, 242.6, 247.7, 242.5, 268.8, 271.7, 247.5, 218.8, 212.8, 213.9, 215.7, 234.1, 206.0, 219.7, 215.5, 199.1, 221.3, 261.1, 212.5, 218.9, 199.2, 273.2, 268.0, 260.5, 243.0, 233.0, 221.7, 239.7, 229.1, 232.4, 265.1, 307.7, 272.2, 233.7, 241.7, 281.2, 294.8, 280.4, 232.1, 238.2, 223.0, 212.9, 217.0, 192.5, 208.6, 210.4, 193.2, 185.7, 223.1, 297.7, 258.9, 270.1, 321.9, 280.5, 238.5, 222.7, 228.9, 207.4, 236.1, 229.3, 190.4, 202.7, 256.4, 281.1, 241.9, 271.8, 283.1, 349.0, 406.6, 357.2, 271.8, 379.2, 304.6, 237.5, 243.2, 272.4, 233.6, 283.0, 285.5, 348.7, 329.5, 375.1, 311.6, 291.2, 289.9, 283.9, 268.5, 292.3, 273.9, 245.9, 268.9, 325.8, 306.5, 365.7, 405.1, 387.1, 306.9, 369.6, 379.4, 314.4, 397.2, 323.2, 341.9, 285.2, 291.6, 421.3, 356.3, 326.7, 352.1, 425.5, 314.1, 318.6, 353.7, 328.5, 292.0, 310.4, 318.8, 224.9, 227.6, 509.1, 435.4, 535.0, 991.6, 575.0, 446.9, 398.9, 470.6, 840.7, 623.6, 394.0, 508.1, 498.4, 642.1, 274.8, 288.5, 283.6, 241.8, 280.9, 262.4, 216.9, 211.3, 222.6, 254.0, 219.8, 234.8, 231.0, 278.8
  Min T: 157, 189, 157, 172, 178, 176, 147, 149, 146, 191, 208, 175, 139, 133, 113, 132, 160, 140, 151, 125, 104, 139, 152, 136, 152, 145, 174, 148, 181, 178, 158, 149, 151, 119, 145, 172, 179, 174, 149, 170, 203, 164, 200, 145, 152, 150, 152, 123, 132, 134, 126, 104, 118, 139, 154, 176, 185, 183, 162, 138, 148, 149, 120, 157, 142, 121, 131, 108, 166, 158, 173, 180, 246, 244, 257, 154, 274, 218, 168, 166, 184, 151, 194, 207, 222, 209, 237, 213, 209, 200, 191, 191, 195, 197, 158, 203, 206, 185, 232, 238, 264, 229, 211, 247, 230, 278, 225, 176, 211, 223, 246, 229, 252, 236, 226, 200, 214, 235, 226, 182, 218, 168, 124, 156, 237, 236, 307, 377, 189, 240, 230, 258, 338, 243, 226, 311, 321, 340, 188, 143, 128, 141, 152, 148, 140, 127, 104, 143, 132, 146, 142, 154
  Max T: 392, 599, 497, 728, 454, 385, 674, 419, 695, 619, 521, 415, 397, 561, 367, 400, 357, 417, 410, 382, 461, 561, 460, 456, 449, 345, 441, 542, 546, 379, 378, 377, 388, 535, 351, 484, 557, 496, 369, 375, 600, 990, 418, 420, 427, 486, 422, 410, 322, 404, 337, 408, 342, 337, 895, 704, 891, 802, 725, 417, 390, 425, 379, 404, 620, 355, 669, 1144, 545, 621, 790, 584, 509, 1224, 699, 418, 714, 592, 635, 663, 479, 451, 403, 469, 568, 493, 879, 591, 508, 551, 591, 494, 434, 478, 472, 463, 582, 609, 522, 618, 699, 532, 594, 586, 441, 718, 691, 657, 391, 414, 1774, 893, 1147, 989, 2229, 537, 890, 1213, 936, 1333, 747, 1242, 671, 758, 1494, 1156, 1749, 8437, 4201, 3365, 1906, 1438, 8109, 10132, 981, 1449, 1277, 1537, 733, 493, 450, 758, 506, 618, 410, 763, 453, 397, 399, 479, 504, 578
  n_neurons: 349, 315, 358, 332, 446, 502, 424, 419, 431, 425, 473, 661, 3779, 1998, 2070, 1818, 2325, 1889, 2577, 2543, 2023, 2324, 2443, 2113, 2192, 2568, 2036, 1536, 1648, 1718, 1625, 1476, 1882, 1650, 1375, 1524, 1671, 1592, 1528, 1791, 2327, 1115, 1154, 1217, 1199, 1115, 1942, 2110, 1268, 1507, 1392, 1610, 1287, 1662, 1498, 1592, 1957, 1558, 2071, 1555, 1992, 1933, 1798, 2026, 1199, 2020, 1539, 2036, 936, 3934, 1206, 999, 1176, 929, 1072, 1151, 1135, 1096, 1126, 1169, 1092, 1106, 1994, 1608, 2109, 1549, 1762, 1193, 1688, 2078, 1635, 1908, 1190, 1704, 1231, 1955, 862, 709, 796, 851, 854, 912, 1012, 963, 831, 858, 748, 1110, 902, 1294, 2929, 2616, 2999, 2535, 2871, 2399, 2430, 2345, 2299, 2296, 2590, 2724, 2758, 2668, 1913, 1990, 2029, 2113, 2026, 2210, 2034, 2427, 2201, 2211, 2540, 2427, 2070, 2329, 2724, 2786, 2782, 2085, 2102, 2268, 2008, 2087, 2076, 2103, 2153, 2222, 2308, 2447
  Input range:
    0: [0.0, 25.2] [0.0, 38.6] [0.0, 32.0] [0.0, 46.9] [0.0, 29.2] [0.0, 24.8] [0.0, 43.4] [0.0, 27.0] [0.0, 44.8] [0.0, 39.9] [0.0, 33.5] [0.0, 26.7] [0.0, 25.5] [0.0, 36.1] [0.0, 23.6] [0.0, 25.7] [0.0, 23.0] [0.0, 26.8] [0.0, 26.4] [0.0, 24.6] [0.0, 29.7] [0.0, 36.1] [0.0, 29.6] [0.0, 29.3] [0.0, 28.9] [0.0, 22.2] [0.0, 28.4] [0.0, 34.9] [0.0, 35.1] [0.0, 24.4] [0.0, 24.3] [0.0, 24.2] [0.0, 25.0] [0.0, 34.4] [0.0, 22.6] [0.0, 31.1] [0.0, 35.9] [0.0, 31.9] [0.0, 23.7] [0.0, 24.1] [0.0, 38.6] [0.0, 63.8] [0.0, 26.9] [0.0, 27.0] [0.0, 27.5] [0.0, 31.3] [0.0, 27.1] [0.0, 26.4] [0.0, 20.7] [0.0, 26.0] [0.0, 21.7] [0.0, 26.2] [0.0, 22.0] [0.0, 21.7] [0.0, 57.6] [0.0, 45.3] [0.0, 57.4] [0.0, 51.7] [0.0, 46.7] [0.0, 26.8] [0.0, 25.1] [0.0, 27.3] [0.0, 24.4] [0.0, 26.0] [0.0, 39.9] [0.0, 22.8] [0.0, 43.1] [0.0, 73.7] [0.0, 17.5] [0.0, 20.0] [0.0, 25.4] [0.0, 18.8] [0.0, 16.4] [0.0, 39.4] [0.0, 22.5] [0.0, 13.4] [0.0, 23.0] [0.0, 19.1] [0.0, 20.4] [0.0, 21.3] [0.0, 15.4] [0.0, 14.5] [0.0, 13.0] [0.0, 15.1] [0.0, 18.3] [0.0, 15.9] [0.0, 28.3] [0.0, 19.0] [0.0, 16.3] [0.0, 17.7] [0.0, 19.0] [0.0, 15.9] [0.0, 14.0] [0.0, 15.4] [0.0, 15.2] [0.0, 14.9] [0.0, 37.5] [0.0, 39.2] [0.0, 33.6] [0.0, 39.8] [0.0, 45.0] [0.0, 34.2] [0.0, 38.2] [0.0, 37.7] [0.0, 28.4] [0.0, 46.2] [0.0, 44.5] [0.0, 42.3] [0.0, 25.1] [0.0, 26.6] [0.0, 114.3] [0.0, 57.5] [0.0, 73.9] [0.0, 63.7] [0.0, 143.7] [0.0, 34.6] [0.0, 57.3] [0.0, 78.2] [0.0, 60.3] [0.0, 85.9] [0.0, 48.1] [0.0, 80.0] [0.0, 43.2] [0.0, 48.8] [0.0, 96.3] [0.0, 74.5] [0.0, 112.7] [0.0, 544.0] [0.0, 270.8] [0.0, 216.9] [0.0, 122.8] [0.0, 92.7] [0.0, 522.8] [0.0, 653.3] [0.0, 63.2] [0.0, 93.4] [0.0, 82.3] [0.0, 99.0] [0.0, 47.2] [0.0, 31.7] [0.0, 29.0] [0.0, 48.8] [0.0, 32.6] [0.0, 39.8] [0.0, 26.4] [0.0, 49.1] [0.0, 29.1] [0.0, 25.5] [0.0, 25.7] [0.0, 30.8] [0.0, 32.4] [0.0, 37.2] 
    1: [0.0, 0.0] [0.0, 0.0] [0.0, 0.0] [0.0, 0.0] [0.0, 0.0] [0.0, 1.0] [1.0, 1.0] [1.0, 1.0] [1.0, 1.0] [1.0, 1.0] [1.0, 1.0] [1.0, 1.0] [0.0, 0.0] [0.0, 0.0] [0.0, 0.0] [0.0, 0.0] [0.0, 0.0] [0.0, 0.0] [0.0, 0.0] [0.0, 1.0] [1.0, 1.0] [1.0, 1.0] [1.0, 1.0] [1.0, 1.0] [1.0, 1.0] [1.0, 1.0] [0.0, 0.0] [0.0, 0.0] [0.0, 0.0] [0.0, 0.0] [0.0, 0.0] [0.0, 0.0] [0.0, 0.0] [0.0, 1.0] [1.0, 1.0] [1.0, 1.0] [1.0, 1.0] [1.0, 1.0] [1.0, 1.0] [1.0, 1.0] [0.0, 0.0] [0.0, 0.0] [0.0, 0.0] [0.0, 0.0] [0.0, 0.0] [0.0, 0.0] [0.0, 0.0] [0.0, 1.0] [1.0, 1.0] [1.0, 1.0] [1.0, 1.0] [1.0, 1.0] [1.0, 1.0] [1.0, 1.0] [0.0, 0.0] [0.0, 0.0] [0.0, 0.0] [0.0, 0.0] [0.0, 0.0] [0.0, 0.0] [0.0, 0.0] [0.0, 1.0] [1.0, 1.0] [1.0, 1.0] [1.0, 1.0] [1.0, 1.0] [1.0, 1.0] [1.0, 1.0] [1.0, 1.0] [1.0, 1.0] [1.0, 1.0] [1.0, 1.0] [1.0, 1.0] [1.0, 1.0] [1.0, 1.0] [0.0, 1.0] [0.0, 0.0] [0.0, 0.0] [0.0, 0.0] [0.0, 0.0] [0.0, 0.0] [0.0, 0.0] [1.0, 1.0] [1.0, 1.0] [1.0, 1.0] [1.0, 1.0] [1.0, 1.0] [1.0, 1.0] [1.0, 1.0] [0.0, 1.0] [0.0, 0.0] [0.0, 0.0] [0.0, 0.0] [0.0, 0.0] [0.0, 0.0] [0.0, 0.0] [0.0, 0.0] [0.0, 0.0] [0.0, 0.0] [0.0, 0.0] [0.0, 0.0] [0.0, 0.0] [0.0, 0.0] [0.0, 1.0] [1.0, 1.0] [1.0, 1.0] [1.0, 1.0] [1.0, 1.0] [1.0, 1.0] [1.0, 1.0] [0.0, 0.0] [0.0, 0.0] [0.0, 0.0] [0.0, 0.0] [0.0, 0.0] [0.0, 0.0] [0.0, 0.0] [0.0, 1.0] [1.0, 1.0] [1.0, 1.0] [1.0, 1.0] [1.0, 1.0] [1.0, 1.0] [1.0, 1.0] [0.0, 0.0] [0.0, 0.0] [0.0, 0.0] [0.0, 0.0] [0.0, 0.0] [0.0, 0.0] [0.0, 0.0] [0.0, 1.0] [1.0, 1.0] [1.0, 1.0] [1.0, 1.0] [1.0, 1.0] [1.0, 1.0] [1.0, 1.0] [0.0, 0.0] [0.0, 0.0] [0.0, 0.0] [0.0, 0.0] [0.0, 0.0] [0.0, 0.0] [0.0, 0.0] [0.0, 1.0] [1.0, 1.0] [1.0, 1.0] [1.0, 1.0] [1.0, 1.0] [1.0, 1.0] [1.0, 1.0] 
    2: [0.0, 79.0] [0.0, 79.0] [0.0, 79.0] [0.0, 79.0] [0.0, 79.0] [0.0, 79.0] [0.0, 79.0] [0.0, 79.0] [0.0, 79.0] [0.0, 79.0] [0.0, 79.0] [0.0, 79.0] [0.0, 79.0] [0.0, 79.0] [0.0, 79.0] [0.0, 79.0] [0.0, 79.0] [0.0, 79.0] [0.0, 79.0] [0.0, 79.0] [0.0, 79.0] [0.0, 79.0] [0.0, 79.0] [0.0, 79.0] [0.0, 79.0] [0.0, 79.0] [0.0, 79.0] [0.0, 79.0] [0.0, 79.0] [0.0, 79.0] [0.0, 79.0] [0.0, 79.0] [0.0, 79.0] [0.0, 79.0] [0.0, 79.0] [0.0, 79.0] [0.0, 79.0] [0.0, 79.0] [0.0, 59.0] [0.0, 79.0] [0.0, 79.0] [0.0, 79.0] [0.0, 79.0] [0.0, 79.0] [0.0, 79.0] [0.0, 79.0] [0.0, 79.0] [0.0, 79.0] [0.0, 79.0] [0.0, 79.0] [0.0, 79.0] [0.0, 79.0] [0.0, 79.0] [0.0, 79.0] [0.0, 79.0] [0.0, 79.0] [0.0, 79.0] [0.0, 79.0] [0.0, 79.0] [0.0, 79.0] [0.0, 79.0] [0.0, 79.0] [0.0, 79.0] [0.0, 79.0] [0.0, 79.0] [0.0, 79.0] [0.0, 79.0] [0.0, 79.0] [0.0, 79.0] [0.0, 79.0] [0.0, 79.0] [0.0, 79.0] [0.0, 79.0] [0.0, 79.0] [0.0, 79.0] [0.0, 79.0] [0.0, 79.0] [0.0, 79.0] [0.0, 79.0] [0.0, 79.0] [0.0, 79.0] [0.0, 79.0] [0.0, 79.0] [0.0, 79.0] [0.0, 79.0] [0.0, 79.0] [0.0, 79.0] [0.0, 79.0] [0.0, 79.0] [0.0, 79.0] [0.0, 79.0] [0.0, 79.0] [0.0, 79.0] [0.0, 79.0] [0.0, 79.0] [0.0, 79.0] [0.0, 79.0] [0.0, 79.0] [0.0, 79.0] [0.0, 79.0] [0.0, 79.0] [0.0, 79.0] [0.0, 79.0] [0.0, 79.0] [0.0, 79.0] [0.0, 79.0] [0.0, 79.0] [0.0, 79.0] [0.0, 79.0] [0.0, 79.0] [0.0, 79.0] [0.0, 79.0] [0.0, 79.0] [0.0, 79.0] [0.0, 79.0] [0.0, 79.0] [0.0, 79.0] [0.0, 79.0] [0.0, 79.0] [0.0, 89.0] [0.0, 79.0] [0.0, 79.0] [0.0, 79.0] [0.0, 99.0] [0.0, 79.0] [0.0, 79.0] [0.0, 74.0] [0.0, 40.0] [0.0, 79.0] [0.0, 79.0] [0.0, 79.0] [0.0, 79.0] [0.0, 49.0] [0.0, 79.0] [0.0, 79.0] [0.0, 79.0] [0.0, 79.0] [0.0, 79.0] [0.0, 99.0] [0.0, 79.0] [0.0, 99.0] [0.0, 79.0] [0.0, 79.0] [0.0, 79.0] [0.0, 99.0] [0.0, 99.0] [0.0, 79.0] [0.0, 79.0] [0.0, 79.0] [0.0, 99.0] [0.0, 79.0] [0.0, 99.0] 
    3: [0.0, 1.0] [0.0, 1.0] [0.0, 1.0] [0.0, 1.0] [0.0, 1.0] [0.0, 1.0] [0.0, 1.0] [0.0, 1.0] [0.0, 1.0] [0.0, 1.0] [0.0, 1.0] [0.0, 1.0] [0.0, 1.0] [0.0, 1.0] [0.0, 1.0] [0.0, 1.0] [0.0, 1.0] [0.0, 1.0] [0.0, 1.0] [0.0, 1.0] [0.0, 1.0] [0.0, 1.0] [0.0, 1.0] [0.0, 1.0] [0.0, 1.0] [0.0, 1.0] [0.0, 1.0] [0.0, 1.0] [0.0, 1.0] [0.0, 1.0] [0.0, 1.0] [0.0, 1.0] [0.0, 1.0] [0.0, 1.0] [0.0, 1.0] [0.0, 1.0] [0.0, 1.0] [0.0, 1.0] [0.0, 1.0] [0.0, 1.0] [0.0, 1.0] [0.0, 1.0] [0.0, 1.0] [0.0, 1.0] [0.0, 1.0] [0.0, 1.0] [0.0, 1.0] [0.0, 1.0] [0.0, 1.0] [0.0, 1.0] [0.0, 1.0] [0.0, 1.0] [0.0, 1.0] [0.0, 1.0] [0.0, 1.0] [0.0, 1.0] [0.0, 1.0] [0.0, 1.0] [0.0, 1.0] [0.0, 1.0] [0.0, 1.0] [0.0, 1.0] [0.0, 1.0] [0.0, 1.0] [0.0, 1.0] [0.0, 1.0] [0.0, 1.0] [0.0, 1.0] [0.0, 1.0] [0.0, 1.0] [0.0, 1.0] [0.0, 1.0] [0.0, 1.0] [0.0, 1.0] [0.0, 1.0] [0.0, 1.0] [0.0, 1.0] [0.0, 1.0] [0.0, 1.0] [0.0, 1.0] [0.0, 1.0] [0.0, 1.0] [0.0, 1.0] [0.0, 1.0] [0.0, 1.0] [0.0, 1.0] [0.0, 1.0] [0.0, 1.0] [0.0, 1.0] [0.0, 1.0] [0.0, 1.0] [0.0, 1.0] [0.0, 1.0] [0.0, 1.0] [0.0, 1.0] [0.0, 1.0] [0.0, 1.0] [0.0, 1.0] [0.0, 1.0] [0.0, 1.0] [0.0, 1.0] [0.0, 1.0] [0.0, 1.0] [0.0, 1.0] [0.0, 1.0] [0.0, 1.0] [0.0, 1.0] [0.0, 1.0] [0.0, 1.0] [0.0, 1.0] [0.0, 1.0] [0.0, 1.0] [0.0, 1.0] [0.0, 1.0] [0.0, 1.0] [0.0, 1.0] [0.0, 1.0] [0.0, 1.0] [0.0, 1.0] [0.0, 1.0] [0.0, 1.0] [0.0, 1.0] [0.0, 1.0] [0.0, 1.0] [0.0, 1.0] [0.0, 1.0] [0.0, 1.0] [0.0, 1.0] [0.0, 1.0] [0.0, 1.0] [0.0, 1.0] [0.0, 1.0] [0.0, 1.0] [0.0, 1.0] [0.0, 1.0] [0.0, 1.0] [0.0, 1.0] [0.0, 1.0] [0.0, 1.0] [0.0, 1.0] [0.0, 1.0] [0.0, 1.0] [0.0, 1.0] [0.0, 1.0] [0.0, 1.0] [0.0, 1.0] [0.0, 1.0] [0.0, 1.0] [0.0, 1.0] [0.0, 1.0] [0.0, 1.0] [0.0, 1.0] 
  Output range:
    0: [0.0, 6.0] [0.0, 6.0] [0.0, 6.0] [0.0, 6.0] [0.0, 6.0] [0.0, 6.0] [0.0, 6.0] [0.0, 6.0] [0.0, 6.0] [0.0, 6.0] [0.0, 6.0] [0.0, 6.0] [0.0, 6.0] [0.0, 6.0] [0.0, 6.0] [0.0, 6.0] [0.0, 6.0] [0.0, 6.0] [0.0, 6.0] [0.0, 6.0] [0.0, 6.0] [0.0, 6.0] [0.0, 6.0] [0.0, 6.0] [0.0, 6.0] [0.0, 6.0] [0.0, 6.0] [0.0, 6.0] [0.0, 6.0] [0.0, 6.0] [0.0, 6.0] [0.0, 6.0] [0.0, 6.0] [0.0, 6.0] [0.0, 6.0] [0.0, 6.0] [0.0, 6.0] [0.0, 6.0] [0.0, 6.0] [0.0, 6.0] [0.0, 6.0] [0.0, 6.0] [0.0, 6.0] [0.0, 6.0] [0.0, 6.0] [0.0, 6.0] [0.0, 6.0] [0.0, 6.0] [0.0, 6.0] [0.0, 6.0] [0.0, 6.0] [0.0, 6.0] [0.0, 6.0] [0.0, 6.0] [0.0, 6.0] [0.0, 6.0] [0.0, 6.0] [0.0, 6.0] [0.0, 6.0] [0.0, 6.0] [0.0, 6.0] [0.0, 6.0] [0.0, 6.0] [0.0, 6.0] [0.0, 6.0] [0.0, 6.0] [0.0, 6.0] [0.0, 6.0] [0.0, 6.0] [0.0, 6.0] [0.0, 6.0] [0.0, 6.0] [0.0, 6.0] [0.0, 6.0] [0.0, 6.0] [0.0, 6.0] [0.0, 6.0] [0.0, 6.0] [0.0, 6.0] [0.0, 6.0] [0.0, 6.0] [0.0, 6.0] [0.0, 6.0] [0.0, 6.0] [0.0, 6.0] [0.0, 6.0] [0.0, 6.0] [0.0, 6.0] [0.0, 6.0] [0.0, 6.0] [0.0, 6.0] [0.0, 6.0] [0.0, 6.0] [0.0, 6.0] [0.0, 6.0] [0.0, 6.0] [0.0, 6.0] [0.0, 6.0] [0.0, 6.0] [0.0, 6.0] [0.0, 6.0] [0.0, 6.0] [0.0, 6.0] [0.0, 6.0] [0.0, 6.0] [0.0, 6.0] [0.0, 6.0] [0.0, 6.0] [0.0, 6.0] [0.0, 6.0] [0.0, 6.0] [0.0, 6.0] [0.0, 6.0] [0.0, 6.0] [0.0, 6.0] [0.0, 6.0] [0.0, 6.0] [0.0, 6.0] [0.0, 6.0] [0.0, 6.0] [0.0, 6.0] [0.0, 6.0] [0.0, 6.0] [0.0, 6.0] [0.0, 6.0] [0.0, 6.0] [0.0, 6.0] [0.0, 6.0] [0.0, 6.0] [0.0, 6.0] [0.0, 6.0] [0.0, 6.0] [0.0, 6.0] [0.0, 6.0] [0.0, 6.0] [0.0, 6.0] [0.0, 6.0] [0.0, 6.0] [0.0, 6.0] [0.0, 6.0] [0.0, 6.0] [0.0, 6.0] [0.0, 6.0] [0.0, 6.0] [0.0, 6.0] [0.0, 6.0] [0.0, 6.0] [0.0, 6.0] [0.0, 6.0] [0.0, 6.0] [0.0, 6.0] [0.0, 6.0] 
    1: [0.0, 4.0] [0.0, 4.0] [0.0, 4.0] [0.0, 4.0] [0.0, 4.0] [0.0, 4.0] [0.0, 4.0] [0.0, 4.0] [0.0, 4.0] [0.0, 4.0] [0.0, 4.0] [0.0, 4.0] [0.0, 4.0] [0.0, 4.0] [0.0, 4.0] [0.0, 4.0] [0.0, 4.0] [0.0, 4.0] [0.0, 4.0] [0.0, 4.0] [0.0, 4.0] [0.0, 4.0] [0.0, 4.0] [0.0, 4.0] [0.0, 4.0] [0.0, 4.0] [0.0, 4.0] [0.0, 4.0] [0.0, 4.0] [0.0, 4.0] [0.0, 4.0] [0.0, 4.0] [0.0, 4.0] [0.0, 4.0] [0.0, 4.0] [0.0, 4.0] [0.0, 4.0] [0.0, 4.0] [0.0, 4.0] [0.0, 4.0] [0.0, 4.0] [0.0, 4.0] [0.0, 4.0] [0.0, 4.0] [0.0, 4.0] [0.0, 4.0] [0.0, 4.0] [0.0, 4.0] [0.0, 4.0] [0.0, 4.0] [0.0, 4.0] [0.0, 4.0] [0.0, 4.0] [0.0, 4.0] [0.0, 4.0] [0.0, 4.0] [0.0, 4.0] [0.0, 4.0] [0.0, 4.0] [0.0, 4.0] [0.0, 4.0] [0.0, 4.0] [0.0, 4.0] [0.0, 4.0] [0.0, 4.0] [0.0, 4.0] [0.0, 4.0] [0.0, 4.0] [0.0, 4.0] [0.0, 4.0] [0.0, 4.0] [0.0, 4.0] [0.0, 4.0] [0.0, 4.0] [0.0, 4.0] [0.0, 4.0] [0.0, 4.0] [0.0, 4.0] [0.0, 4.0] [0.0, 4.0] [0.0, 4.0] [0.0, 4.0] [0.0, 4.0] [0.0, 4.0] [0.0, 4.0] [0.0, 4.0] [0.0, 4.0] [0.0, 4.0] [0.0, 4.0] [0.0, 4.0] [0.0, 4.0] [0.0, 4.0] [0.0, 4.0] [0.0, 4.0] [0.0, 4.0] [0.0, 4.0] [0.0, 4.0] [0.0, 4.0] [0.0, 4.0] [0.0, 4.0] [0.0, 4.0] [0.0, 4.0] [0.0, 4.0] [0.0, 4.0] [0.0, 4.0] [0.0, 4.0] [0.0, 4.0] [0.0, 4.0] [0.0, 4.0] [0.0, 4.0] [0.0, 4.0] [0.0, 4.0] [0.0, 4.0] [0.0, 4.0] [0.0, 4.0] [0.0, 4.0] [0.0, 4.0] [0.0, 4.0] [0.0, 4.0] [0.0, 4.0] [0.0, 4.0] [0.0, 4.0] [0.0, 4.0] [0.0, 4.0] [0.0, 4.0] [0.0, 4.0] [0.0, 4.0] [0.0, 4.0] [0.0, 4.0] [0.0, 4.0] [0.0, 4.0] [0.0, 4.0] [0.0, 4.0] [0.0, 4.0] [0.0, 4.0] [0.0, 4.0] [0.0, 4.0] [0.0, 4.0] [0.0, 4.0] [0.0, 4.0] [0.0, 4.0] [0.0, 4.0] [0.0, 4.0] [0.0, 4.0] [0.0, 4.0] [0.0, 4.0] [0.0, 4.0] [0.0, 4.0] [0.0, 4.0] [0.0, 4.0] [0.0, 4.0] [0.0, 4.0] 
    2: [0.0, 4.0] [0.0, 4.0] [0.0, 4.0] [0.0, 4.0] [0.0, 4.0] [0.0, 4.0] [0.0, 4.0] [0.0, 4.0] [0.0, 4.0] [0.0, 4.0] [0.0, 4.0] [0.0, 4.0] [0.0, 4.0] [0.0, 4.0] [0.0, 4.0] [0.0, 4.0] [0.0, 4.0] [0.0, 4.0] [0.0, 4.0] [0.0, 4.0] [0.0, 4.0] [0.0, 4.0] [0.0, 4.0] [0.0, 4.0] [0.0, 4.0] [0.0, 4.0] [0.0, 4.0] [0.0, 4.0] [0.0, 4.0] [0.0, 4.0] [0.0, 4.0] [0.0, 4.0] [0.0, 4.0] [0.0, 4.0] [0.0, 4.0] [0.0, 4.0] [0.0, 4.0] [0.0, 4.0] [0.0, 4.0] [0.0, 4.0] [0.0, 4.0] [0.0, 4.0] [0.0, 4.0] [0.0, 4.0] [0.0, 4.0] [0.0, 4.0] [0.0, 4.0] [0.0, 4.0] [0.0, 4.0] [0.0, 4.0] [0.0, 4.0] [0.0, 4.0] [0.0, 4.0] [0.0, 4.0] [0.0, 4.0] [0.0, 4.0] [0.0, 4.0] [0.0, 4.0] [0.0, 4.0] [0.0, 4.0] [0.0, 4.0] [0.0, 4.0] [0.0, 4.0] [0.0, 4.0] [0.0, 4.0] [0.0, 4.0] [0.0, 4.0] [0.0, 4.0] [0.0, 4.0] [0.0, 4.0] [0.0, 4.0] [0.0, 4.0] [0.0, 4.0] [0.0, 4.0] [0.0, 4.0] [0.0, 4.0] [0.0, 4.0] [0.0, 4.0] [0.0, 4.0] [0.0, 4.0] [0.0, 4.0] [0.0, 4.0] [0.0, 4.0] [0.0, 4.0] [0.0, 4.0] [0.0, 4.0] [0.0, 4.0] [0.0, 4.0] [0.0, 4.0] [0.0, 4.0] [0.0, 4.0] [0.0, 4.0] [0.0, 4.0] [0.0, 4.0] [0.0, 4.0] [0.0, 4.0] [0.0, 4.0] [0.0, 4.0] [0.0, 4.0] [0.0, 4.0] [0.0, 4.0] [0.0, 4.0] [0.0, 4.0] [0.0, 4.0] [0.0, 4.0] [0.0, 4.0] [0.0, 4.0] [0.0, 4.0] [0.0, 4.0] [0.0, 4.0] [0.0, 4.0] [0.0, 4.0] [0.0, 4.0] [0.0, 4.0] [0.0, 4.0] [0.0, 4.0] [0.0, 4.0] [0.0, 4.0] [0.0, 4.0] [0.0, 4.0] [0.0, 4.0] [0.0, 4.0] [0.0, 4.0] [0.0, 4.0] [0.0, 4.0] [0.0, 4.0] [0.0, 4.0] [0.0, 4.0] [0.0, 4.0] [0.0, 4.0] [0.0, 4.0] [0.0, 4.0] [0.0, 4.0] [0.0, 4.0] [0.0, 4.0] [0.0, 4.0] [0.0, 4.0] [0.0, 4.0] [0.0, 4.0] [0.0, 4.0] [0.0, 4.0] [0.0, 4.0] [0.0, 4.0] [0.0, 4.0] [0.0, 4.0] [0.0, 4.0] [0.0, 4.0] [0.0, 4.0] [0.0, 4.0] [0.0, 4.0] [0.0, 4.0] [0.0, 4.0] 
    3: [0.0, 1.0] [0.0, 1.0] [0.0, 1.0] [0.0, 1.0] [0.0, 1.0] [0.0, 1.0] [0.0, 1.0] [0.0, 1.0] [0.0, 1.0] [0.0, 1.0] [0.0, 1.0] [0.0, 1.0] [0.0, 1.0] [0.0, 1.0] [0.0, 1.0] [0.0, 1.0] [0.0, 1.0] [0.0, 1.0] [0.0, 1.0] [0.0, 1.0] [0.0, 1.0] [0.0, 1.0] [0.0, 1.0] [0.0, 1.0] [0.0, 1.0] [0.0, 1.0] [0.0, 1.0] [0.0, 1.0] [0.0, 1.0] [0.0, 1.0] [0.0, 1.0] [0.0, 1.0] [0.0, 1.0] [0.0, 1.0] [0.0, 1.0] [0.0, 1.0] [0.0, 1.0] [0.0, 1.0] [0.0, 1.0] [0.0, 1.0] [0.0, 1.0] [0.0, 1.0] [0.0, 1.0] [0.0, 1.0] [0.0, 1.0] [0.0, 1.0] [0.0, 1.0] [0.0, 1.0] [0.0, 1.0] [0.0, 1.0] [0.0, 1.0] [0.0, 1.0] [0.0, 1.0] [0.0, 1.0] [0.0, 1.0] [0.0, 1.0] [0.0, 1.0] [0.0, 1.0] [0.0, 1.0] [0.0, 1.0] [0.0, 1.0] [0.0, 1.0] [0.0, 1.0] [0.0, 1.0] [0.0, 1.0] [0.0, 1.0] [0.0, 1.0] [0.0, 1.0] [0.0, 1.0] [0.0, 1.0] [0.0, 1.0] [0.0, 1.0] [0.0, 1.0] [0.0, 1.0] [0.0, 1.0] [0.0, 1.0] [0.0, 1.0] [0.0, 1.0] [0.0, 1.0] [0.0, 1.0] [0.0, 1.0] [0.0, 1.0] [0.0, 1.0] [0.0, 1.0] [0.0, 1.0] [0.0, 1.0] [0.0, 1.0] [0.0, 1.0] [0.0, 1.0] [0.0, 1.0] [0.0, 1.0] [0.0, 1.0] [0.0, 1.0] [0.0, 1.0] [0.0, 1.0] [0.0, 1.0] [0.0, 1.0] [0.0, 1.0] [0.0, 1.0] [0.0, 1.0] [0.0, 1.0] [0.0, 1.0] [0.0, 1.0] [0.0, 1.0] [0.0, 1.0] [0.0, 1.0] [0.0, 1.0] [0.0, 1.0] [0.0, 1.0] [0.0, 1.0] [0.0, 1.0] [0.0, 1.0] [0.0, 1.0] [0.0, 1.0] [0.0, 1.0] [0.0, 1.0] [0.0, 1.0] [0.0, 1.0] [0.0, 1.0] [0.0, 1.0] [0.0, 1.0] [0.0, 1.0] [0.0, 1.0] [0.0, 1.0] [0.0, 1.0] [0.0, 1.0] [0.0, 1.0] [0.0, 1.0] [0.0, 1.0] [0.0, 1.0] [0.0, 1.0] [0.0, 1.0] [0.0, 1.0] [0.0, 1.0] [0.0, 1.0] [0.0, 1.0] [0.0, 1.0] [0.0, 1.0] [0.0, 1.0] [0.0, 1.0] [0.0, 1.0] [0.0, 1.0] [0.0, 1.0] [0.0, 1.0] [0.0, 1.0] [0.0, 1.0] [0.0, 1.0] [0.0, 1.0] [0.0, 1.0] [0.0, 1.0] [0.0, 1.0] [0.0, 1.0] 
    4: [0.0, 1.0] [0.0, 0.0] [0.0, 2.0] [0.0, 2.0] [0.0, 1.0] [0.0, 2.0] [0.0, 2.0] [0.0, 0.0] [0.0, 0.0] [0.0, 1.0] [0.0, 2.0] [0.0, 2.0] [0.0, 1.0] [0.0, 1.0] [0.0, 2.0] [0.0, 2.0] [0.0, 0.0] [0.0, 0.0] [0.0, 1.0] [0.0, 1.0] [0.0, 0.0] [0.0, 2.0] [0.0, 2.0] [0.0, 1.0] [0.0, 1.0] [0.0, 1.0] [0.0, 2.0] [0.0, 2.0] [0.0, 1.0] [0.0, 1.0] [0.0, 1.0] [0.0, 0.0] [0.0, 2.0] [0.0, 2.0] [0.0, 1.0] [0.0, 1.0] [0.0, 1.0] [0.0, 2.0] [0.0, 2.0] [0.0, 2.0] [0.0, 0.0] [0.0, 0.0] [0.0, 1.0] [0.0, 1.0] [0.0, 2.0] [0.0, 2.0] [0.0, 2.0] [0.0, 2.0] [0.0, 2.0] [0.0, 2.0] [0.0, 1.0] [0.0, 1.0] [0.0, 0.0] [0.0, 2.0] [0.0, 1.0] [0.0, 0.0] [0.0, 2.0] [0.0, 2.0] [0.0, 2.0] [0.0, 1.0] [0.0, 1.0] [0.0, 1.0] [0.0, 1.0] [0.0, 2.0] [0.0, 2.0] [0.0, 1.0] [0.0, 0.0] [0.0, 1.0] [0.0, 2.0] [0.0, 2.0] [0.0, 2.0] [0.0, 2.0] [0.0, 2.0] [0.0, 2.0] [0.0, 2.0] [0.0, 2.0] [0.0, 2.0] [0.0, 2.0] [0.0, 2.0] [0.0, 2.0] [0.0, 2.0] [0.0, 2.0] [0.0, 1.0] [0.0, 1.0] [0.0, 2.0] [0.0, 2.0] [0.0, 2.0] [0.0, 2.0] [0.0, 2.0] [0.0, 2.0] [0.0, 2.0] [0.0, 2.0] [0.0, 2.0] [0.0, 1.0] [0.0, 2.0] [0.0, 2.0] [0.0, 2.0] [0.0, 2.0] [0.0, 1.0] [0.0, 1.0] [0.0, 1.0] [0.0, 0.0] [0.0, 2.0] [0.0, 1.0] [0.0, 0.0] [0.0, 1.0] [0.0, 1.0] [0.0, 2.0] [0.0, 2.0] [0.0, 1.0] [0.0, 2.0] [0.0, 2.0] [0.0, 1.0] [0.0, 0.0] [0.0, 1.0] [0.0, 2.0] [0.0, 2.0] [0.0, 2.0] [0.0, 2.0] [0.0, 1.0] [0.0, 0.0] [0.0, 2.0] [0.0, 2.0] [0.0, 1.0] [0.0, 1.0] [0.0, 1.0] [0.0, 2.0] [0.0, 1.0] [0.0, 2.0] [0.0, 2.0] [0.0, 2.0] [0.0, 2.0] [1.0, 2.0] [0.0, 2.0] [0.0, 1.0] [0.0, 1.0] [0.0, 1.0] [0.0, 2.0] [0.0, 0.0] [0.0, 0.0] [0.0, 2.0] [0.0, 2.0] [0.0, 2.0] [0.0, 1.0] [0.0, 0.0] [0.0, 1.0] [0.0, 1.0] [0.0, 2.0] [0.0, 2.0] [0.0, 1.0] [0.0, 0.0] [0.0, 1.0] 
    5: [0.0, 1.0] [0.0, 1.0] [0.0, 1.0] [0.0, 1.0] [0.0, 1.0] [0.0, 1.0] [0.0, 1.0] [0.0, 1.0] [0.0, 1.0] [0.0, 1.0] [0.0, 1.0] [0.0, 1.0] [0.0, 1.0] [0.0, 1.0] [0.0, 1.0] [0.0, 1.0] [0.0, 1.0] [0.0, 1.0] [0.0, 1.0] [0.0, 1.0] [0.0, 1.0] [0.0, 1.0] [0.0, 1.0] [0.0, 1.0] [0.0, 1.0] [0.0, 1.0] [0.0, 1.0] [0.0, 1.0] [0.0, 1.0] [0.0, 1.0] [0.0, 1.0] [0.0, 1.0] [0.0, 1.0] [0.0, 1.0] [0.0, 1.0] [0.0, 1.0] [0.0, 1.0] [0.0, 1.0] [0.0, 1.0] [0.0, 1.0] [0.0, 1.0] [0.0, 1.0] [0.0, 1.0] [0.0, 1.0] [0.0, 1.0] [0.0, 1.0] [0.0, 1.0] [0.0, 1.0] [0.0, 1.0] [0.0, 1.0] [0.0, 1.0] [0.0, 1.0] [0.0, 1.0] [0.0, 1.0] [0.0, 1.0] [0.0, 1.0] [0.0, 1.0] [0.0, 1.0] [0.0, 1.0] [0.0, 1.0] [0.0, 1.0] [0.0, 1.0] [0.0, 1.0] [0.0, 1.0] [0.0, 1.0] [0.0, 1.0] [0.0, 1.0] [0.0, 1.0] [0.0, 1.0] [0.0, 1.0] [0.0, 1.0] [0.0, 1.0] [0.0, 1.0] [0.0, 1.0] [0.0, 1.0] [0.0, 1.0] [0.0, 1.0] [0.0, 1.0] [0.0, 1.0] [0.0, 1.0] [0.0, 1.0] [0.0, 1.0] [0.0, 1.0] [0.0, 1.0] [0.0, 1.0] [0.0, 1.0] [0.0, 1.0] [0.0, 1.0] [0.0, 1.0] [0.0, 1.0] [0.0, 1.0] [0.0, 1.0] [0.0, 1.0] [0.0, 1.0] [0.0, 1.0] [0.0, 1.0] [0.0, 1.0] [0.0, 1.0] [0.0, 1.0] [0.0, 1.0] [0.0, 1.0] [0.0, 1.0] [0.0, 1.0] [0.0, 1.0] [0.0, 1.0] [0.0, 1.0] [0.0, 1.0] [0.0, 1.0] [0.0, 1.0] [0.0, 1.0] [0.0, 1.0] [0.0, 1.0] [0.0, 1.0] [0.0, 1.0] [0.0, 1.0] [0.0, 1.0] [0.0, 1.0] [0.0, 1.0] [0.0, 1.0] [0.0, 1.0] [0.0, 1.0] [0.0, 1.0] [0.0, 1.0] [0.0, 1.0] [0.0, 1.0] [0.0, 1.0] [0.0, 1.0] [0.0, 1.0] [0.0, 1.0] [0.0, 1.0] [0.0, 1.0] [0.0, 1.0] [0.0, 1.0] [0.0, 1.0] [0.0, 1.0] [0.0, 1.0] [0.0, 1.0] [0.0, 1.0] [0.0, 1.0] [0.0, 1.0] [0.0, 1.0] [0.0, 1.0] [0.0, 1.0] [0.0, 1.0] [0.0, 1.0] [0.0, 1.0] [0.0, 1.0] [0.0, 1.0] [0.0, 1.0] [0.0, 1.0] [0.0, 1.0] [0.0, 1.0] 
  Output fraction of data:
distance_to_reward_zone: (0.321 0.347 0.648 0.544 0.438 0.629 0.540 0.334 0.348 0.530 0.428 0.625 0.525 0.517 0.641 0.622 0.340 0.386 0.499 0.409 0.408 0.606 0.590 0.462 0.465 0.426 0.631 0.617 0.472 0.476 0.401 0.341 0.639 0.435 0.379 0.519 0.453 0.624 0.574 0.366 0.341 0.314 0.516 0.480 0.638 0.552 0.366 0.541 0.584 0.479 0.504 0.380 0.411 0.665 0.323 0.381 0.681 0.585 0.499 0.469 0.346 0.519 0.474 0.594 0.597 0.419 0.344 0.470 0.467 0.511 0.589 0.607 0.291 0.289 0.400 0.357 0.275 0.672 0.600 0.435 0.442 0.325 0.347 0.335 0.513 0.448 0.620 0.515 0.334 0.643 0.505 0.404 0.435 0.362 0.352 0.658 0.539 0.531 0.364 0.413 0.294 0.310 0.610 0.289 0.317 0.504 0.362 0.620 0.464 0.308 0.360 0.370 0.259 0.219 0.409 0.331 0.595 0.298 0.295 0.350 0.243 0.490 0.634 0.411 0.464 0.377 0.363 0.483 0.633 0.626 0.401 0.659 0.761 0.461 0.304 0.560 0.435 0.560 0.346 0.343 0.675 0.580 0.520 0.482 0.372 0.526 0.476 0.626 0.571 0.345 0.333 0.509)  0.067 0.095 0.057 0.072 0.058 0.059 0.068 0.062 0.144 0.063 0.079 0.060 0.068 0.057 0.059 0.067 0.057 0.118 0.079 0.088 0.108 0.052 0.074 0.067 0.077 0.083 0.081 0.074 0.055 0.069 0.073 0.116 0.062 0.069 0.123 0.068 0.068 0.063 0.071 0.066 0.108 0.123 0.061 0.077 0.058 0.062 0.066 0.070 0.068 0.059 0.076 0.063 0.112 0.059 0.079 0.108 0.059 0.067 0.070 0.062 0.074 0.079 0.068 0.069 0.070 0.059 0.126 0.074 0.081 0.077 0.060 0.066 0.056 0.085 0.061 0.069 0.088 0.056 0.063 0.053 0.063 0.069 0.081 0.091 0.068 0.080 0.079 0.072 0.066 0.063 0.077 0.058 0.079 0.115 0.207 0.056 0.079 0.088 0.071 0.070 0.106 0.178 0.050 0.086 0.254 0.055 0.070 0.065 0.064 0.048 0.056 0.046 0.048 0.173 0.080 0.067 0.048 0.041 0.055 0.056 0.085 0.070 0.076 0.059 0.071 0.070 0.056 0.134 0.066 0.079 0.062 0.073 0.067 0.042 0.163 0.080 0.133 0.101 0.103 0.161 0.081 0.114 0.086 0.129 0.083 0.093 0.099 0.088 0.115 0.066 0.148 0.104)  0.073 0.106 0.057 0.129 0.068 0.069 0.123 0.060 0.101 0.088 0.146 0.080 0.034 0.032 0.031 0.035 0.027 0.102 0.049 0.046 0.086 0.035 0.064 0.054 0.101 0.065 0.031 0.033 0.020 0.041 0.048 0.085 0.032 0.046 0.062 0.035 0.061 0.027 0.047 0.047 0.097 0.103 0.038 0.071 0.041 0.107 0.051 0.047 0.100 0.041 0.084 0.062 0.112 0.033 0.064 0.088 0.030 0.070 0.037 0.047 0.047 0.056 0.066 0.049 0.043 0.049 0.089 0.078 0.040 0.040 0.022 0.035 0.032 0.070 0.042 0.056 0.095 0.026 0.050 0.030 0.061 0.078 0.085 0.114 0.076 0.109 0.082 0.125 0.069 0.075 0.182 0.097 0.172 0.056 0.065 0.093 0.102 0.123 0.099 0.131 0.081 0.103 0.061 0.062 0.085 0.098 0.244 0.084 0.217 0.090 0.225 0.351 0.034 0.153 0.055 0.212 0.139 0.112 0.160 0.080 0.140 0.043 0.070 0.097 0.053 0.118 0.084 0.090 0.022 0.067 0.049 0.042 0.047 0.040 0.086 0.067 0.139 0.106 0.058 0.078 0.039 0.074 0.046 0.091 0.050 0.067 0.077 0.051 0.085 0.042 0.070 0.071)  0.027 0.039 0.043 0.056 0.028 0.031 0.040 0.018 0.025 0.037 0.043 0.048 0.041 0.053 0.036 0.056 0.033 0.023 0.035 0.030 0.025 0.029 0.044 0.042 0.037 0.021 0.033 0.045 0.032 0.068 0.032 0.027 0.040 0.029 0.024 0.035 0.051 0.036 0.051 0.020 0.033 0.024 0.030 0.048 0.035 0.043 0.021 0.035 0.039 0.031 0.041 0.022 0.026 0.041 0.023 0.028 0.036 0.045 0.029 0.052 0.025 0.033 0.041 0.034 0.051 0.019 0.027 0.033 0.040 0.060 0.034 0.048 0.024 0.024 0.034 0.024 0.026 0.041 0.079 0.045 0.059 0.027 0.031 0.039 0.030 0.052 0.032 0.058 0.017 0.039 0.039 0.020 0.038 0.022 0.032 0.040 0.039 0.031 0.026 0.035 0.018 0.024 0.037 0.023 0.024 0.065 0.057 0.036 0.054 0.030 0.118 0.060 0.034 0.024 0.037 0.042 0.032 0.034 0.054 0.023 0.033 0.040 0.027 0.044 0.039 0.047 0.018 0.015 0.040 0.029 0.028 0.032 0.028 0.024 0.027 0.021 0.027 0.017 0.023 0.024 0.031 0.029 0.026 0.026 0.019 0.026 0.038 0.024 0.035 0.019 0.025 0.022)  0.055 0.070 0.064 0.059 0.052 0.048 0.068 0.059 0.054 0.049 0.055 0.045 0.072 0.094 0.067 0.072 0.063 0.057 0.073 0.070 0.073 0.062 0.058 0.051 0.047 0.054 0.063 0.075 0.081 0.076 0.068 0.071 0.073 0.068 0.063 0.065 0.089 0.062 0.062 0.062 0.062 0.063 0.072 0.063 0.057 0.068 0.048 0.060 0.058 0.066 0.056 0.057 0.054 0.053 0.069 0.070 0.062 0.067 0.064 0.066 0.070 0.071 0.065 0.061 0.060 0.053 0.071 0.087 0.059 0.067 0.066 0.070 0.070 0.077 0.079 0.063 0.080 0.067 0.073 0.073 0.071 0.071 0.067 0.067 0.076 0.064 0.054 0.096 0.058 0.053 0.058 0.058 0.057 0.065 0.063 0.058 0.061 0.067 0.062 0.063 0.057 0.060 0.067 0.056 0.062 0.059 0.063 0.052 0.054 0.059 0.078 0.066 0.055 0.069 0.078 0.093 0.046 0.096 0.089 0.071 0.060 0.046 0.051 0.063 0.068 0.072 0.086 0.045 0.052 0.060 0.091 0.065 0.035 0.046 0.068 0.055 0.066 0.061 0.051 0.066 0.049 0.066 0.059 0.064 0.063 0.060 0.067 0.057 0.053 0.057 0.075 0.060)  0.456 0.342 0.131 0.141 0.356 0.163 0.162 0.467 0.329 0.234 0.248 0.142 0.261 0.247 0.166 0.147 0.480 0.314 0.265 0.355 0.300 0.216 0.170 0.324 0.273 0.351 0.162 0.156 0.341 0.269 0.378 0.360 0.155 0.353 0.348 0.278 0.279 0.189 0.194 0.438 0.359 0.374 0.283 0.261 0.172 0.169 0.447 0.247 0.151 0.323 0.240 0.416 0.286 0.150 0.442 0.324 0.133 0.166 0.301 0.304 0.439 0.242 0.286 0.193 0.179 0.401 0.344 0.259 0.313 0.245 0.229 0.175 0.527 0.454 0.384 0.431 0.437 0.139 0.135 0.364 0.304 0.431 0.389 0.354 0.237 0.246 0.134 0.134 0.456 0.127 0.138 0.363 0.219 0.381 0.280 0.094 0.180 0.160 0.378 0.289 0.443 0.324 0.175 0.484 0.258 0.220 0.204 0.143 0.147 0.465 0.163 0.107 0.570 0.362 0.341 0.255 0.140 0.419 0.347 0.420 0.440 0.311 0.142 0.325 0.305 0.316 0.393 0.234 0.187 0.139 0.370 0.128 0.062 0.387 0.351 0.217 0.199 0.155 0.419 0.328 0.125 0.138 0.263 0.208 0.412 0.227 0.244 0.154 0.142 0.471 0.349 0.234)  
absolute_position_bin: (0.459 0.549 0.455 0.334 0.378 0.367 0.388 0.456 0.593 0.452 0.354 0.335 0.450 0.448 0.417 0.425 0.424 0.606 0.471 0.513 0.602 0.495 0.348 0.394 0.400 0.533 0.437 0.390 0.405 0.390 0.450 0.542 0.437 0.441 0.561 0.435 0.378 0.398 0.376 0.430 0.546 0.539 0.443 0.415 0.421 0.409 0.471 0.483 0.416 0.423 0.449 0.495 0.634 0.460 0.464 0.578 0.452 0.363 0.372 0.417 0.463 0.439 0.423 0.376 0.436 0.507 0.559 0.428 0.396 0.412 0.413 0.405 0.365 0.418 0.370 0.441 0.426 0.428 0.365 0.362 0.379 0.458 0.509 0.537 0.400 0.351 0.301 0.291 0.403 0.397 0.309 0.339 0.359 0.483 0.619 0.446 0.330 0.335 0.277 0.330 0.478 0.592 0.429 0.429 0.656 0.431 0.296 0.328 0.321 0.439 0.236 0.264 0.339 0.544 0.370 0.281 0.304 0.257 0.258 0.400 0.467 0.430 0.402 0.365 0.388 0.301 0.440 0.703 0.512 0.371 0.276 0.362 0.599 0.523 0.552 0.448 0.313 0.246 0.506 0.582 0.457 0.345 0.351 0.343 0.505 0.420 0.387 0.361 0.364 0.442 0.551 0.394)  0.138 0.158 0.127 0.107 0.121 0.119 0.089 0.124 0.135 0.143 0.147 0.120 0.143 0.123 0.103 0.113 0.149 0.122 0.148 0.143 0.143 0.127 0.128 0.131 0.158 0.131 0.109 0.127 0.129 0.144 0.160 0.150 0.134 0.132 0.137 0.163 0.145 0.140 0.108 0.137 0.137 0.151 0.163 0.139 0.103 0.084 0.114 0.110 0.092 0.108 0.122 0.134 0.117 0.134 0.173 0.146 0.145 0.109 0.138 0.116 0.151 0.164 0.105 0.091 0.085 0.121 0.153 0.159 0.146 0.145 0.117 0.113 0.163 0.174 0.155 0.147 0.177 0.143 0.114 0.106 0.119 0.151 0.147 0.156 0.169 0.160 0.153 0.095 0.124 0.150 0.089 0.117 0.140 0.144 0.137 0.123 0.104 0.102 0.129 0.140 0.124 0.126 0.133 0.135 0.127 0.135 0.108 0.115 0.070 0.137 0.056 0.050 0.135 0.164 0.143 0.088 0.057 0.061 0.065 0.128 0.138 0.109 0.106 0.087 0.138 0.128 0.132 0.087 0.096 0.150 0.197 0.133 0.059 0.099 0.145 0.195 0.197 0.128 0.118 0.140 0.143 0.118 0.171 0.226 0.149 0.177 0.162 0.117 0.088 0.120 0.151 0.198)  0.193 0.101 0.115 0.128 0.198 0.189 0.100 0.096 0.085 0.223 0.306 0.196 0.196 0.226 0.161 0.115 0.126 0.088 0.198 0.150 0.081 0.107 0.150 0.199 0.257 0.159 0.125 0.155 0.178 0.238 0.167 0.100 0.125 0.119 0.101 0.176 0.252 0.165 0.134 0.128 0.092 0.093 0.172 0.259 0.191 0.098 0.113 0.111 0.102 0.201 0.258 0.174 0.084 0.132 0.114 0.089 0.122 0.131 0.177 0.227 0.172 0.199 0.244 0.175 0.107 0.099 0.091 0.231 0.196 0.226 0.159 0.130 0.140 0.161 0.206 0.180 0.138 0.128 0.132 0.199 0.248 0.188 0.111 0.109 0.221 0.282 0.210 0.144 0.132 0.141 0.132 0.238 0.344 0.206 0.077 0.112 0.128 0.119 0.239 0.279 0.214 0.087 0.120 0.115 0.077 0.263 0.414 0.232 0.093 0.096 0.072 0.058 0.082 0.111 0.207 0.420 0.255 0.244 0.385 0.236 0.161 0.112 0.143 0.261 0.209 0.286 0.184 0.057 0.126 0.118 0.175 0.199 0.101 0.101 0.103 0.177 0.314 0.240 0.095 0.090 0.147 0.157 0.193 0.251 0.145 0.207 0.252 0.214 0.132 0.133 0.102 0.206)  0.107 0.102 0.193 0.310 0.192 0.213 0.310 0.194 0.087 0.093 0.095 0.240 0.103 0.102 0.192 0.226 0.181 0.087 0.093 0.098 0.082 0.154 0.244 0.154 0.093 0.088 0.204 0.213 0.169 0.106 0.111 0.095 0.183 0.178 0.095 0.110 0.112 0.184 0.235 0.176 0.109 0.126 0.112 0.091 0.185 0.301 0.201 0.191 0.273 0.173 0.086 0.097 0.079 0.176 0.124 0.089 0.167 0.241 0.181 0.113 0.107 0.092 0.116 0.219 0.234 0.150 0.089 0.094 0.146 0.116 0.165 0.210 0.169 0.135 0.146 0.129 0.132 0.169 0.255 0.204 0.134 0.108 0.118 0.105 0.106 0.112 0.232 0.338 0.207 0.212 0.357 0.214 0.081 0.085 0.081 0.228 0.282 0.319 0.219 0.117 0.099 0.093 0.192 0.209 0.071 0.095 0.092 0.224 0.397 0.202 0.470 0.507 0.265 0.086 0.082 0.107 0.263 0.305 0.132 0.108 0.129 0.180 0.232 0.172 0.119 0.122 0.126 0.067 0.151 0.238 0.234 0.190 0.178 0.185 0.096 0.091 0.083 0.244 0.136 0.091 0.167 0.272 0.175 0.095 0.109 0.084 0.098 0.215 0.301 0.180 0.088 0.098)  0.103 0.091 0.109 0.121 0.111 0.112 0.113 0.131 0.100 0.089 0.098 0.109 0.108 0.102 0.128 0.121 0.119 0.097 0.089 0.096 0.092 0.118 0.130 0.121 0.092 0.089 0.125 0.115 0.119 0.123 0.112 0.113 0.122 0.130 0.105 0.117 0.113 0.113 0.148 0.129 0.115 0.091 0.110 0.097 0.100 0.107 0.102 0.105 0.116 0.095 0.085 0.099 0.087 0.098 0.125 0.099 0.114 0.155 0.132 0.127 0.106 0.106 0.112 0.138 0.138 0.123 0.107 0.089 0.116 0.100 0.147 0.143 0.163 0.112 0.122 0.104 0.127 0.133 0.134 0.130 0.120 0.095 0.114 0.093 0.104 0.094 0.104 0.132 0.134 0.100 0.113 0.092 0.077 0.082 0.086 0.090 0.156 0.125 0.136 0.134 0.085 0.103 0.127 0.113 0.069 0.076 0.089 0.102 0.119 0.126 0.166 0.121 0.180 0.094 0.198 0.104 0.121 0.133 0.160 0.128 0.104 0.169 0.116 0.115 0.146 0.163 0.118 0.086 0.115 0.123 0.118 0.116 0.062 0.092 0.104 0.089 0.092 0.142 0.145 0.097 0.086 0.108 0.111 0.085 0.092 0.112 0.102 0.093 0.114 0.125 0.107 0.103)  
speed_bin: (0.089 0.089 0.074 0.104 0.077 0.082 0.101 0.101 0.109 0.121 0.109 0.112 0.012 0.025 0.020 0.019 0.016 0.035 0.038 0.029 0.043 0.040 0.044 0.047 0.051 0.052 0.016 0.018 0.022 0.025 0.017 0.016 0.013 0.022 0.013 0.025 0.067 0.027 0.020 0.020 0.061 0.097 0.033 0.027 0.034 0.053 0.039 0.041 0.037 0.026 0.032 0.030 0.032 0.020 0.045 0.049 0.051 0.074 0.031 0.031 0.024 0.020 0.003 0.035 0.023 0.012 0.042 0.083 0.019 0.033 0.044 0.044 0.010 0.050 0.029 0.020 0.063 0.045 0.063 0.053 0.040 0.055 0.043 0.079 0.102 0.102 0.155 0.126 0.100 0.095 0.135 0.117 0.129 0.135 0.115 0.120 0.077 0.072 0.123 0.123 0.198 0.141 0.115 0.150 0.216 0.220 0.217 0.139 0.193 0.149 0.370 0.366 0.128 0.241 0.273 0.193 0.275 0.251 0.204 0.197 0.171 0.236 0.053 0.131 0.176 0.163 0.241 0.538 0.311 0.200 0.164 0.190 0.478 0.344 0.103 0.163 0.175 0.211 0.042 0.030 0.018 0.028 0.033 0.040 0.009 0.032 0.020 0.015 0.011 0.014 0.028 0.046)  0.045 0.045 0.038 0.037 0.036 0.036 0.039 0.043 0.044 0.039 0.038 0.042 0.027 0.051 0.048 0.046 0.039 0.043 0.042 0.039 0.040 0.037 0.037 0.040 0.033 0.041 0.040 0.043 0.041 0.050 0.042 0.051 0.048 0.055 0.046 0.044 0.051 0.043 0.042 0.046 0.065 0.055 0.049 0.048 0.049 0.053 0.056 0.053 0.051 0.051 0.051 0.054 0.055 0.044 0.047 0.050 0.045 0.055 0.045 0.041 0.071 0.068 0.055 0.053 0.050 0.044 0.075 0.093 0.046 0.053 0.049 0.048 0.056 0.081 0.064 0.059 0.066 0.056 0.056 0.060 0.052 0.061 0.054 0.057 0.058 0.051 0.061 0.058 0.045 0.056 0.054 0.047 0.046 0.048 0.054 0.052 0.057 0.064 0.055 0.060 0.049 0.044 0.038 0.048 0.040 0.043 0.058 0.055 0.037 0.037 0.085 0.067 0.103 0.063 0.072 0.052 0.061 0.072 0.091 0.072 0.096 0.096 0.046 0.057 0.153 0.086 0.094 0.089 0.075 0.108 0.095 0.164 0.135 0.133 0.140 0.237 0.265 0.277 0.041 0.100 0.058 0.074 0.045 0.069 0.034 0.054 0.049 0.064 0.065 0.035 0.085 0.074)  0.046 0.050 0.043 0.038 0.040 0.041 0.053 0.047 0.055 0.049 0.059 0.051 0.036 0.042 0.049 0.042 0.048 0.046 0.057 0.043 0.045 0.042 0.038 0.028 0.028 0.044 0.064 0.051 0.050 0.049 0.043 0.089 0.063 0.065 0.082 0.089 0.087 0.054 0.044 0.046 0.112 0.135 0.076 0.070 0.084 0.064 0.054 0.058 0.047 0.053 0.054 0.051 0.066 0.046 0.075 0.099 0.051 0.097 0.087 0.052 0.079 0.099 0.060 0.109 0.075 0.056 0.080 0.104 0.085 0.058 0.062 0.067 0.160 0.201 0.139 0.091 0.161 0.113 0.047 0.053 0.059 0.061 0.075 0.078 0.158 0.098 0.231 0.096 0.066 0.090 0.078 0.079 0.097 0.077 0.071 0.066 0.189 0.181 0.211 0.233 0.167 0.086 0.126 0.158 0.065 0.151 0.129 0.196 0.075 0.064 0.083 0.062 0.090 0.065 0.138 0.112 0.091 0.113 0.114 0.083 0.114 0.119 0.061 0.082 0.244 0.195 0.194 0.120 0.159 0.123 0.152 0.172 0.141 0.113 0.127 0.179 0.163 0.247 0.102 0.212 0.212 0.163 0.218 0.253 0.097 0.123 0.106 0.163 0.120 0.113 0.133 0.224)  0.198 0.168 0.223 0.217 0.216 0.217 0.159 0.167 0.165 0.247 0.248 0.200 0.198 0.099 0.166 0.161 0.242 0.154 0.182 0.172 0.117 0.119 0.356 0.173 0.212 0.133 0.393 0.378 0.371 0.290 0.247 0.151 0.270 0.216 0.114 0.315 0.419 0.354 0.310 0.320 0.284 0.255 0.347 0.174 0.172 0.104 0.112 0.176 0.105 0.142 0.125 0.131 0.073 0.249 0.443 0.256 0.378 0.487 0.403 0.167 0.143 0.198 0.137 0.250 0.225 0.122 0.070 0.138 0.400 0.231 0.338 0.357 0.641 0.591 0.604 0.336 0.594 0.429 0.186 0.195 0.282 0.174 0.383 0.296 0.371 0.368 0.255 0.308 0.351 0.323 0.223 0.207 0.197 0.175 0.159 0.231 0.306 0.210 0.335 0.445 0.369 0.307 0.555 0.392 0.239 0.359 0.181 0.250 0.211 0.223 0.161 0.102 0.364 0.240 0.275 0.183 0.167 0.203 0.241 0.182 0.278 0.256 0.262 0.205 0.355 0.427 0.405 0.244 0.405 0.468 0.351 0.352 0.211 0.384 0.429 0.296 0.249 0.242 0.298 0.142 0.269 0.148 0.225 0.130 0.189 0.161 0.199 0.174 0.169 0.218 0.093 0.150)  0.623 0.649 0.622 0.603 0.631 0.625 0.649 0.641 0.627 0.544 0.546 0.595 0.727 0.783 0.718 0.732 0.655 0.722 0.681 0.717 0.755 0.762 0.524 0.712 0.677 0.730 0.488 0.510 0.516 0.587 0.650 0.692 0.607 0.642 0.745 0.528 0.376 0.522 0.584 0.568 0.478 0.457 0.496 0.682 0.661 0.726 0.739 0.672 0.761 0.727 0.738 0.734 0.774 0.642 0.389 0.546 0.475 0.286 0.434 0.709 0.683 0.615 0.745 0.553 0.626 0.766 0.733 0.582 0.451 0.625 0.507 0.484 0.134 0.077 0.163 0.494 0.115 0.357 0.648 0.640 0.568 0.650 0.445 0.490 0.310 0.381 0.298 0.411 0.438 0.436 0.510 0.550 0.531 0.565 0.602 0.531 0.370 0.472 0.275 0.140 0.216 0.422 0.166 0.252 0.439 0.227 0.415 0.361 0.484 0.527 0.301 0.402 0.315 0.391 0.243 0.460 0.405 0.361 0.351 0.467 0.341 0.293 0.579 0.526 0.071 0.129 0.066 0.009 0.050 0.101 0.237 0.121 0.035 0.026 0.201 0.124 0.149 0.023 0.516 0.515 0.443 0.587 0.479 0.510 0.671 0.630 0.626 0.584 0.636 0.620 0.661 0.505)  
lick: (0.867 0.868 0.844 0.852 0.866 0.848 0.833 0.820 0.832 0.786 0.830 0.821 0.887 0.878 0.891 0.887 0.880 0.893 0.877 0.883 0.870 0.822 0.853 0.822 0.849 0.820 0.900 0.858 0.837 0.861 0.867 0.888 0.841 0.857 0.887 0.849 0.858 0.811 0.878 0.840 0.876 0.779 0.863 0.893 0.880 0.903 0.864 0.866 0.879 0.886 0.879 0.858 0.869 0.812 0.842 0.853 0.813 0.823 0.750 0.846 0.855 0.821 0.846 0.802 0.815 0.818 0.841 0.769 0.842 0.830 0.845 0.840 0.822 0.874 0.843 0.860 0.898 0.822 0.792 0.814 0.850 0.822 0.843 0.867 0.790 0.879 0.832 0.838 0.841 0.829 0.834 0.815 0.819 0.819 0.817 0.802 0.838 0.859 0.839 0.833 0.816 0.807 0.812 0.805 0.768 0.748 0.758 0.789 0.738 0.735 0.837 0.769 0.763 0.815 0.836 0.828 0.784 0.794 0.803 0.803 0.834 0.758 0.908 0.788 0.818 0.824 0.839 0.831 0.871 0.762 0.705 0.792 0.781 0.784 0.782 0.767 0.714 0.521 0.772 0.801 0.764 0.751 0.762 0.755 0.767 0.744 0.778 0.759 0.791 0.760 0.836 0.792)  0.133 0.132 0.156 0.148 0.134 0.152 0.167 0.180 0.168 0.214 0.170 0.179 0.113 0.122 0.109 0.113 0.120 0.107 0.123 0.117 0.130 0.178 0.147 0.178 0.151 0.180 0.100 0.142 0.163 0.139 0.133 0.112 0.159 0.143 0.113 0.151 0.142 0.189 0.122 0.160 0.124 0.221 0.137 0.107 0.120 0.097 0.136 0.134 0.121 0.114 0.121 0.142 0.131 0.188 0.158 0.147 0.187 0.177 0.250 0.154 0.145 0.179 0.154 0.198 0.185 0.182 0.159 0.231 0.158 0.170 0.155 0.160 0.178 0.126 0.157 0.140 0.102 0.178 0.208 0.186 0.150 0.178 0.157 0.133 0.210 0.121 0.168 0.162 0.159 0.171 0.166 0.185 0.181 0.181 0.183 0.198 0.162 0.141 0.161 0.167 0.184 0.193 0.188 0.195 0.232 0.252 0.242 0.211 0.262 0.265 0.163 0.231 0.237 0.185 0.164 0.172 0.216 0.206 0.197 0.197 0.166 0.242 0.092 0.212 0.182 0.176 0.161 0.169 0.129 0.238 0.295 0.208 0.219 0.216 0.218 0.233 0.286 0.479 0.228 0.199 0.236 0.249 0.238 0.245 0.233 0.256 0.222 0.241 0.209 0.240 0.164 0.208)  
reward_zone_location: (0.983 1.000 0.169 0.145 0.227 0.193 0.223 1.000 1.000 0.139 0.195 0.130 0.189 0.148 0.200 0.188 1.000 1.000 0.348 0.842 1.000 0.415 0.184 0.200 0.306 0.813 0.184 0.175 0.199 0.126 0.717 1.000 0.212 0.712 0.992 0.200 0.188 0.257 0.226 0.881 1.000 1.000 0.256 0.222 0.248 0.248 0.978 0.490 0.190 0.258 0.215 0.954 1.000 0.246 0.994 1.000 0.134 0.113 0.153 0.266 0.962 0.155 0.186 0.115 0.220 0.862 1.000 0.280 0.201 0.096 0.134 0.165 0.936 0.925 0.425 0.831 0.905 0.078 0.078 0.097 0.189 0.937 0.970 0.981 0.110 0.140 0.089 0.047 0.801 0.134 0.076 0.207 0.183 0.778 0.984 0.091 0.061 0.080 0.014 0.096 0.986 1.000 0.239 0.940 1.000 0.127 0.017 0.083 0.106 0.941 0.011 0.025 0.970 1.000 0.216 0.078 0.039 0.038 0.078 0.645 1.000 0.472 0.112 0.112 0.107 0.080 0.675 0.979 0.299 0.020 0.070 0.029 0.000 0.926 0.993 0.120 0.031 0.034 1.000 1.000 0.178 0.113 0.056 0.040 1.000 0.062 0.115 0.100 0.080 0.935 1.000 0.090)  0.017 0.000 0.000 0.000 0.773 0.016 0.000 0.000 0.000 0.861 0.795 0.028 0.811 0.852 0.000 0.000 0.000 0.000 0.652 0.158 0.000 0.000 0.014 0.800 0.694 0.187 0.000 0.021 0.801 0.874 0.283 0.000 0.000 0.000 0.008 0.800 0.812 0.037 0.000 0.000 0.000 0.000 0.744 0.778 0.016 0.000 0.000 0.015 0.000 0.708 0.785 0.046 0.000 0.000 0.006 0.000 0.010 0.000 0.637 0.734 0.038 0.845 0.814 0.157 0.016 0.138 0.000 0.720 0.769 0.836 0.353 0.031 0.030 0.031 0.533 0.132 0.065 0.031 0.000 0.852 0.793 0.045 0.030 0.019 0.825 0.826 0.074 0.074 0.047 0.017 0.085 0.779 0.784 0.222 0.000 0.000 0.132 0.121 0.986 0.904 0.014 0.000 0.021 0.060 0.000 0.873 0.983 0.139 0.072 0.059 0.046 0.025 0.030 0.000 0.784 0.904 0.089 0.892 0.901 0.355 0.000 0.042 0.039 0.888 0.893 0.920 0.289 0.021 0.020 0.097 0.916 0.100 0.028 0.036 0.007 0.880 0.969 0.104 0.000 0.000 0.029 0.057 0.703 0.960 0.000 0.938 0.885 0.178 0.077 0.065 0.000 0.910)  0.000 0.000 0.831 0.855 0.000 0.792 0.777 0.000 0.000 0.000 0.010 0.841 0.000 0.000 0.800 0.812 0.000 0.000 0.000 0.000 0.000 0.585 0.802 0.000 0.000 0.000 0.816 0.805 0.000 0.000 0.000 0.000 0.788 0.288 0.000 0.000 0.000 0.706 0.774 0.119 0.000 0.000 0.000 0.000 0.736 0.752 0.022 0.495 0.810 0.034 0.000 0.000 0.000 0.754 0.000 0.000 0.856 0.887 0.210 0.000 0.000 0.000 0.000 0.727 0.765 0.000 0.000 0.000 0.030 0.067 0.512 0.805 0.033 0.044 0.042 0.037 0.030 0.891 0.922 0.050 0.018 0.018 0.000 0.000 0.065 0.034 0.837 0.878 0.151 0.848 0.839 0.013 0.033 0.000 0.016 0.909 0.808 0.799 0.000 0.000 0.000 0.000 0.740 0.000 0.000 0.000 0.000 0.778 0.822 0.000 0.943 0.950 0.000 0.000 0.000 0.018 0.871 0.070 0.021 0.000 0.000 0.486 0.848 0.000 0.000 0.000 0.036 0.000 0.681 0.883 0.013 0.870 0.972 0.039 0.000 0.000 0.000 0.861 0.000 0.000 0.792 0.829 0.242 0.000 0.000 0.000 0.000 0.723 0.843 0.000 0.000 0.000)  
reward_outcome: (0.101 0.288 0.169 0.145 0.227 0.193 0.223 0.155 0.251 0.139 0.220 0.159 0.208 0.148 0.200 0.188 0.163 0.188 0.176 0.278 0.283 0.285 0.198 0.200 0.306 0.213 0.336 0.246 0.199 0.144 0.225 0.200 0.244 0.182 0.311 0.217 0.199 0.294 0.226 0.140 0.212 0.194 0.265 0.258 0.264 0.248 0.157 0.164 0.198 0.282 0.250 0.148 0.210 0.246 0.198 0.232 0.144 0.113 0.167 0.282 0.209 0.193 0.263 0.184 0.244 0.160 0.169 0.220 0.577 0.553 0.527 0.558 0.584 0.570 0.595 0.620 0.530 0.509 0.540 0.486 0.650 0.518 0.600 0.570 0.549 0.608 0.542 0.613 0.547 0.545 0.558 0.591 0.590 0.620 0.574 0.548 0.192 0.217 0.117 0.211 0.153 0.152 0.269 0.156 0.232 0.154 0.131 0.242 0.178 0.229 0.115 0.153 0.138 0.185 0.154 0.200 0.129 0.198 0.204 0.227 0.139 0.190 0.255 0.151 0.187 0.134 0.166 0.090 0.277 0.145 0.183 0.146 0.028 0.138 0.235 0.130 0.140 0.178 0.151 0.210 0.208 0.171 0.174 0.154 0.204 0.109 0.220 0.269 0.157 0.257 0.277 0.206)  0.899 0.712 0.831 0.855 0.773 0.807 0.777 0.845 0.749 0.861 0.780 0.841 0.792 0.852 0.800 0.812 0.837 0.812 0.824 0.722 0.717 0.715 0.802 0.800 0.694 0.787 0.664 0.754 0.801 0.856 0.775 0.800 0.756 0.818 0.689 0.783 0.801 0.706 0.774 0.860 0.788 0.806 0.735 0.742 0.736 0.752 0.843 0.836 0.802 0.718 0.750 0.852 0.790 0.754 0.802 0.768 0.856 0.887 0.833 0.718 0.791 0.807 0.737 0.816 0.756 0.840 0.831 0.780 0.423 0.447 0.473 0.442 0.416 0.430 0.405 0.380 0.470 0.491 0.460 0.514 0.350 0.482 0.400 0.430 0.451 0.392 0.458 0.387 0.453 0.455 0.442 0.409 0.410 0.380 0.426 0.452 0.808 0.783 0.883 0.789 0.847 0.848 0.731 0.844 0.768 0.846 0.869 0.758 0.822 0.771 0.885 0.847 0.862 0.815 0.846 0.800 0.871 0.802 0.796 0.773 0.861 0.810 0.745 0.849 0.813 0.866 0.834 0.910 0.723 0.855 0.817 0.854 0.972 0.862 0.765 0.870 0.860 0.822 0.849 0.790 0.792 0.829 0.826 0.846 0.796 0.891 0.780 0.731 0.843 0.743 0.723 0.794)  
Brain region: hippocampus, CA1: 260091 neurons  
Data verification complete.
