Data format is valid, no errors or warnings.
Number of sessions: 62
Total number of trials: 2418
Number of trials per session: [39, 39, 39, 39, 39, 39, 39, 39, 39, 39, 39, 39, 39, 39, 39, 39, 39, 39, 39, 39, 39, 39, 39, 39, 39, 39, 39, 39, 39, 39, 39, 39, 39, 39, 39, 39, 39, 39, 39, 39, 39, 39, 39, 39, 39, 39, 39, 39, 39, 39, 39, 39, 39, 39, 39, 39, 39, 39, 39, 39, 39, 39]
Number of subjects: 2
Number of brain regions: 1
Number of sessions per subject:
  Subject QLAK-CA1-08: 31 sessions
  Subject QLAK-CA1-30: 31 sessions
Input dimension: 9
Output dimension: 1
Summary statistics (across all sessions):
  T: mean: 60.00, median: 60.00, min: 60, max: 60
  n_neurons: mean: 297.47', min: 153, max: 422
  Input range:
    env_grid_0: [0.0, 1.0]
    env_grid_1: [1.0, 1.0]
    env_grid_2: [0.0, 1.0]
    env_grid_3: [0.0, 1.0]
    env_grid_4: [0.0, 1.0]
    env_grid_5: [0.0, 1.0]
    env_grid_6: [0.0, 1.0]
    env_grid_7: [0.0, 1.0]
    env_grid_8: [0.0, 1.0]
  Output range:
    position: [0.0, 8.0]
  Unique outputs per dimension (fraction of data):
    position: {bin_0 (0.085), bin_1 (0.070), bin_2 (0.104), bin_3 (0.102), bin_4 (0.064), bin_5 (0.150), bin_6 (0.125), bin_7 (0.080), bin_8 (0.218)}
  Brain region distribution:
    CA1: 18443 neurons

Per-session statistics:
  Mean T: 60.0, 60.0, 60.0, 60.0, 60.0, 60.0, 60.0, 60.0, 60.0, 60.0, 60.0, 60.0, 60.0, 60.0, 60.0, 60.0, 60.0, 60.0, 60.0, 60.0, 60.0, 60.0, 60.0, 60.0, 60.0, 60.0, 60.0, 60.0, 60.0, 60.0, 60.0, 60.0, 60.0, 60.0, 60.0, 60.0, 60.0, 60.0, 60.0, 60.0, 60.0, 60.0, 60.0, 60.0, 60.0, 60.0, 60.0, 60.0, 60.0, 60.0, 60.0, 60.0, 60.0, 60.0, 60.0, 60.0, 60.0, 60.0, 60.0, 60.0, 60.0, 60.0
  Min T: 60, 60, 60, 60, 60, 60, 60, 60, 60, 60, 60, 60, 60, 60, 60, 60, 60, 60, 60, 60, 60, 60, 60, 60, 60, 60, 60, 60, 60, 60, 60, 60, 60, 60, 60, 60, 60, 60, 60, 60, 60, 60, 60, 60, 60, 60, 60, 60, 60, 60, 60, 60, 60, 60, 60, 60, 60, 60, 60, 60, 60, 60
  Max T: 60, 60, 60, 60, 60, 60, 60, 60, 60, 60, 60, 60, 60, 60, 60, 60, 60, 60, 60, 60, 60, 60, 60, 60, 60, 60, 60, 60, 60, 60, 60, 60, 60, 60, 60, 60, 60, 60, 60, 60, 60, 60, 60, 60, 60, 60, 60, 60, 60, 60, 60, 60, 60, 60, 60, 60, 60, 60, 60, 60, 60, 60
  n_neurons: 185, 153, 156, 187, 185, 186, 194, 204, 189, 200, 222, 196, 216, 211, 206, 199, 227, 233, 240, 236, 226, 247, 224, 227, 239, 235, 237, 230, 236, 254, 251, 398, 404, 350, 356, 350, 380, 347, 352, 336, 382, 367, 411, 405, 350, 378, 340, 400, 390, 378, 375, 392, 405, 370, 395, 388, 417, 421, 422, 360, 397, 396
  Input range:
    0: [1.0, 1.0] [1.0, 1.0] [0.0, 0.0] [1.0, 1.0] [0.0, 0.0] [0.0, 0.0] [1.0, 1.0] [1.0, 1.0] [1.0, 1.0] [1.0, 1.0] [1.0, 1.0] [1.0, 1.0] [0.0, 0.0] [1.0, 1.0] [0.0, 0.0] [0.0, 0.0] [1.0, 1.0] [1.0, 1.0] [1.0, 1.0] [1.0, 1.0] [1.0, 1.0] [1.0, 1.0] [0.0, 0.0] [1.0, 1.0] [0.0, 0.0] [0.0, 0.0] [1.0, 1.0] [1.0, 1.0] [1.0, 1.0] [1.0, 1.0] [1.0, 1.0] [1.0, 1.0] [1.0, 1.0] [0.0, 0.0] [1.0, 1.0] [1.0, 1.0] [1.0, 1.0] [1.0, 1.0] [1.0, 1.0] [0.0, 0.0] [0.0, 0.0] [1.0, 1.0] [1.0, 1.0] [0.0, 0.0] [1.0, 1.0] [1.0, 1.0] [1.0, 1.0] [1.0, 1.0] [1.0, 1.0] [0.0, 0.0] [0.0, 0.0] [1.0, 1.0] [1.0, 1.0] [0.0, 0.0] [1.0, 1.0] [1.0, 1.0] [1.0, 1.0] [1.0, 1.0] [1.0, 1.0] [0.0, 0.0] [0.0, 0.0] [1.0, 1.0] 
    1: [1.0, 1.0] [1.0, 1.0] [1.0, 1.0] [1.0, 1.0] [1.0, 1.0] [1.0, 1.0] [1.0, 1.0] [1.0, 1.0] [1.0, 1.0] [1.0, 1.0] [1.0, 1.0] [1.0, 1.0] [1.0, 1.0] [1.0, 1.0] [1.0, 1.0] [1.0, 1.0] [1.0, 1.0] [1.0, 1.0] [1.0, 1.0] [1.0, 1.0] [1.0, 1.0] [1.0, 1.0] [1.0, 1.0] [1.0, 1.0] [1.0, 1.0] [1.0, 1.0] [1.0, 1.0] [1.0, 1.0] [1.0, 1.0] [1.0, 1.0] [1.0, 1.0] [1.0, 1.0] [1.0, 1.0] [1.0, 1.0] [1.0, 1.0] [1.0, 1.0] [1.0, 1.0] [1.0, 1.0] [1.0, 1.0] [1.0, 1.0] [1.0, 1.0] [1.0, 1.0] [1.0, 1.0] [1.0, 1.0] [1.0, 1.0] [1.0, 1.0] [1.0, 1.0] [1.0, 1.0] [1.0, 1.0] [1.0, 1.0] [1.0, 1.0] [1.0, 1.0] [1.0, 1.0] [1.0, 1.0] [1.0, 1.0] [1.0, 1.0] [1.0, 1.0] [1.0, 1.0] [1.0, 1.0] [1.0, 1.0] [1.0, 1.0] [1.0, 1.0] 
    2: [1.0, 1.0] [1.0, 1.0] [0.0, 0.0] [1.0, 1.0] [1.0, 1.0] [0.0, 0.0] [1.0, 1.0] [1.0, 1.0] [1.0, 1.0] [0.0, 0.0] [1.0, 1.0] [1.0, 1.0] [0.0, 0.0] [1.0, 1.0] [1.0, 1.0] [0.0, 0.0] [1.0, 1.0] [1.0, 1.0] [1.0, 1.0] [0.0, 0.0] [1.0, 1.0] [1.0, 1.0] [0.0, 0.0] [1.0, 1.0] [1.0, 1.0] [0.0, 0.0] [1.0, 1.0] [1.0, 1.0] [1.0, 1.0] [0.0, 0.0] [1.0, 1.0] [1.0, 1.0] [1.0, 1.0] [0.0, 0.0] [1.0, 1.0] [0.0, 0.0] [1.0, 1.0] [1.0, 1.0] [1.0, 1.0] [1.0, 1.0] [0.0, 0.0] [1.0, 1.0] [1.0, 1.0] [0.0, 0.0] [1.0, 1.0] [0.0, 0.0] [1.0, 1.0] [1.0, 1.0] [1.0, 1.0] [1.0, 1.0] [0.0, 0.0] [1.0, 1.0] [1.0, 1.0] [0.0, 0.0] [1.0, 1.0] [0.0, 0.0] [1.0, 1.0] [1.0, 1.0] [1.0, 1.0] [1.0, 1.0] [0.0, 0.0] [1.0, 1.0] 
    3: [1.0, 1.0] [1.0, 1.0] [0.0, 0.0] [1.0, 1.0] [0.0, 0.0] [1.0, 1.0] [0.0, 0.0] [1.0, 1.0] [1.0, 1.0] [1.0, 1.0] [1.0, 1.0] [1.0, 1.0] [0.0, 0.0] [1.0, 1.0] [0.0, 0.0] [1.0, 1.0] [0.0, 0.0] [1.0, 1.0] [1.0, 1.0] [1.0, 1.0] [1.0, 1.0] [1.0, 1.0] [0.0, 0.0] [1.0, 1.0] [0.0, 0.0] [1.0, 1.0] [0.0, 0.0] [1.0, 1.0] [1.0, 1.0] [1.0, 1.0] [1.0, 1.0] [1.0, 1.0] [1.0, 1.0] [1.0, 1.0] [1.0, 1.0] [1.0, 1.0] [0.0, 0.0] [1.0, 1.0] [1.0, 1.0] [0.0, 0.0] [0.0, 0.0] [1.0, 1.0] [1.0, 1.0] [1.0, 1.0] [1.0, 1.0] [1.0, 1.0] [0.0, 0.0] [1.0, 1.0] [1.0, 1.0] [0.0, 0.0] [0.0, 0.0] [1.0, 1.0] [1.0, 1.0] [1.0, 1.0] [1.0, 1.0] [1.0, 1.0] [0.0, 0.0] [1.0, 1.0] [1.0, 1.0] [0.0, 0.0] [0.0, 0.0] [1.0, 1.0] 
    4: [1.0, 1.0] [0.0, 0.0] [1.0, 1.0] [0.0, 0.0] [1.0, 1.0] [1.0, 1.0] [1.0, 1.0] [0.0, 0.0] [0.0, 0.0] [1.0, 1.0] [1.0, 1.0] [0.0, 0.0] [1.0, 1.0] [0.0, 0.0] [1.0, 1.0] [1.0, 1.0] [1.0, 1.0] [0.0, 0.0] [0.0, 0.0] [1.0, 1.0] [1.0, 1.0] [0.0, 0.0] [1.0, 1.0] [0.0, 0.0] [1.0, 1.0] [1.0, 1.0] [1.0, 1.0] [0.0, 0.0] [0.0, 0.0] [1.0, 1.0] [1.0, 1.0] [1.0, 1.0] [0.0, 0.0] [1.0, 1.0] [0.0, 0.0] [1.0, 1.0] [1.0, 1.0] [0.0, 0.0] [0.0, 0.0] [1.0, 1.0] [1.0, 1.0] [1.0, 1.0] [0.0, 0.0] [1.0, 1.0] [0.0, 0.0] [1.0, 1.0] [1.0, 1.0] [0.0, 0.0] [0.0, 0.0] [1.0, 1.0] [1.0, 1.0] [1.0, 1.0] [0.0, 0.0] [1.0, 1.0] [0.0, 0.0] [1.0, 1.0] [1.0, 1.0] [0.0, 0.0] [0.0, 0.0] [1.0, 1.0] [1.0, 1.0] [1.0, 1.0] 
    5: [1.0, 1.0] [1.0, 1.0] [0.0, 0.0] [0.0, 0.0] [1.0, 1.0] [1.0, 1.0] [0.0, 0.0] [0.0, 0.0] [1.0, 1.0] [1.0, 1.0] [1.0, 1.0] [1.0, 1.0] [0.0, 0.0] [0.0, 0.0] [1.0, 1.0] [1.0, 1.0] [0.0, 0.0] [0.0, 0.0] [1.0, 1.0] [1.0, 1.0] [1.0, 1.0] [1.0, 1.0] [0.0, 0.0] [0.0, 0.0] [1.0, 1.0] [1.0, 1.0] [0.0, 0.0] [0.0, 0.0] [1.0, 1.0] [1.0, 1.0] [1.0, 1.0] [1.0, 1.0] [1.0, 1.0] [1.0, 1.0] [0.0, 0.0] [1.0, 1.0] [0.0, 0.0] [0.0, 0.0] [1.0, 1.0] [1.0, 1.0] [0.0, 0.0] [1.0, 1.0] [1.0, 1.0] [1.0, 1.0] [0.0, 0.0] [1.0, 1.0] [0.0, 0.0] [0.0, 0.0] [1.0, 1.0] [1.0, 1.0] [0.0, 0.0] [1.0, 1.0] [1.0, 1.0] [1.0, 1.0] [0.0, 0.0] [1.0, 1.0] [0.0, 0.0] [0.0, 0.0] [1.0, 1.0] [1.0, 1.0] [0.0, 0.0] [1.0, 1.0] 
    6: [1.0, 1.0] [1.0, 1.0] [1.0, 1.0] [1.0, 1.0] [0.0, 0.0] [0.0, 0.0] [1.0, 1.0] [1.0, 1.0] [0.0, 0.0] [0.0, 0.0] [1.0, 1.0] [1.0, 1.0] [1.0, 1.0] [1.0, 1.0] [0.0, 0.0] [0.0, 0.0] [1.0, 1.0] [1.0, 1.0] [0.0, 0.0] [0.0, 0.0] [1.0, 1.0] [1.0, 1.0] [1.0, 1.0] [1.0, 1.0] [0.0, 0.0] [0.0, 0.0] [1.0, 1.0] [1.0, 1.0] [0.0, 0.0] [0.0, 0.0] [1.0, 1.0] [1.0, 1.0] [1.0, 1.0] [0.0, 0.0] [1.0, 1.0] [0.0, 0.0] [1.0, 1.0] [1.0, 1.0] [0.0, 0.0] [0.0, 0.0] [1.0, 1.0] [1.0, 1.0] [1.0, 1.0] [0.0, 0.0] [1.0, 1.0] [0.0, 0.0] [1.0, 1.0] [1.0, 1.0] [0.0, 0.0] [0.0, 0.0] [1.0, 1.0] [1.0, 1.0] [1.0, 1.0] [0.0, 0.0] [1.0, 1.0] [0.0, 0.0] [1.0, 1.0] [1.0, 1.0] [0.0, 0.0] [0.0, 0.0] [1.0, 1.0] [1.0, 1.0] 
    7: [1.0, 1.0] [1.0, 1.0] [1.0, 1.0] [1.0, 1.0] [1.0, 1.0] [1.0, 1.0] [1.0, 1.0] [0.0, 0.0] [1.0, 1.0] [1.0, 1.0] [1.0, 1.0] [1.0, 1.0] [1.0, 1.0] [1.0, 1.0] [1.0, 1.0] [1.0, 1.0] [1.0, 1.0] [0.0, 0.0] [1.0, 1.0] [1.0, 1.0] [1.0, 1.0] [1.0, 1.0] [1.0, 1.0] [1.0, 1.0] [1.0, 1.0] [1.0, 1.0] [1.0, 1.0] [0.0, 0.0] [1.0, 1.0] [1.0, 1.0] [1.0, 1.0] [1.0, 1.0] [1.0, 1.0] [1.0, 1.0] [0.0, 0.0] [1.0, 1.0] [1.0, 1.0] [1.0, 1.0] [1.0, 1.0] [1.0, 1.0] [1.0, 1.0] [1.0, 1.0] [1.0, 1.0] [1.0, 1.0] [0.0, 0.0] [1.0, 1.0] [1.0, 1.0] [1.0, 1.0] [1.0, 1.0] [1.0, 1.0] [1.0, 1.0] [1.0, 1.0] [1.0, 1.0] [1.0, 1.0] [0.0, 0.0] [1.0, 1.0] [1.0, 1.0] [1.0, 1.0] [1.0, 1.0] [1.0, 1.0] [1.0, 1.0] [1.0, 1.0] 
    8: [1.0, 1.0] [1.0, 1.0] [1.0, 1.0] [1.0, 1.0] [1.0, 1.0] [0.0, 0.0] [1.0, 1.0] [0.0, 0.0] [1.0, 1.0] [1.0, 1.0] [1.0, 1.0] [1.0, 1.0] [1.0, 1.0] [1.0, 1.0] [1.0, 1.0] [0.0, 0.0] [1.0, 1.0] [0.0, 0.0] [1.0, 1.0] [1.0, 1.0] [1.0, 1.0] [1.0, 1.0] [1.0, 1.0] [1.0, 1.0] [1.0, 1.0] [0.0, 0.0] [1.0, 1.0] [0.0, 0.0] [1.0, 1.0] [1.0, 1.0] [1.0, 1.0] [1.0, 1.0] [1.0, 1.0] [0.0, 0.0] [0.0, 0.0] [1.0, 1.0] [1.0, 1.0] [1.0, 1.0] [1.0, 1.0] [1.0, 1.0] [1.0, 1.0] [1.0, 1.0] [1.0, 1.0] [0.0, 0.0] [0.0, 0.0] [1.0, 1.0] [1.0, 1.0] [1.0, 1.0] [1.0, 1.0] [1.0, 1.0] [1.0, 1.0] [1.0, 1.0] [1.0, 1.0] [0.0, 0.0] [0.0, 0.0] [1.0, 1.0] [1.0, 1.0] [1.0, 1.0] [1.0, 1.0] [1.0, 1.0] [1.0, 1.0] [1.0, 1.0] 
  Output range:
    0: [0.0, 8.0] [0.0, 8.0] [0.0, 6.0] [0.0, 8.0] [3.0, 8.0] [1.0, 7.0] [0.0, 8.0] [0.0, 8.0] [1.0, 8.0] [1.0, 7.0] [0.0, 8.0] [0.0, 8.0] [0.0, 6.0] [0.0, 8.0] [3.0, 8.0] [1.0, 7.0] [0.0, 8.0] [0.0, 8.0] [1.0, 8.0] [1.0, 7.0] [0.0, 8.0] [0.0, 8.0] [0.0, 6.0] [0.0, 8.0] [3.0, 8.0] [1.0, 7.0] [0.0, 8.0] [0.0, 8.0] [1.0, 8.0] [1.0, 7.0] [0.0, 8.0] [0.0, 8.0] [0.0, 8.0] [1.0, 7.0] [0.0, 8.0] [1.0, 7.0] [0.0, 8.0] [0.0, 8.0] [1.0, 8.0] [3.0, 8.0] [0.0, 6.0] [0.0, 8.0] [0.0, 8.0] [1.0, 7.0] [0.0, 8.0] [1.0, 7.0] [0.0, 8.0] [0.0, 8.0] [1.0, 8.0] [3.0, 8.0] [0.0, 6.0] [0.0, 8.0] [0.0, 8.0] [1.0, 7.0] [0.0, 8.0] [1.0, 7.0] [0.0, 8.0] [0.0, 8.0] [1.0, 8.0] [3.0, 8.0] [0.0, 6.0] [0.0, 8.0] 
  Output fraction of data:
position: (0.086 0.121 0.159 0.130 0.000 0.000 0.107 0.197 0.000 0.000 0.115 0.104 0.173 0.055 0.000 0.000 0.153 0.249 0.000 0.000 0.206 0.138 0.156 0.094 0.000 0.000 0.084 0.251 0.000 0.000 0.179 0.073 0.097 0.000 0.281 0.000 0.137 0.082 0.000 0.000 0.176 0.061 0.108 0.000 0.091 0.000 0.069 0.093 0.000 0.000 0.211 0.091 0.088 0.000 0.186 0.000 0.168 0.079 0.000 0.000 0.294 0.159)  0.100 0.107 0.000 0.071 0.000 0.141 0.000 0.109 0.070 0.076 0.035 0.052 0.000 0.065 0.000 0.094 0.000 0.094 0.089 0.089 0.099 0.053 0.000 0.068 0.000 0.168 0.000 0.134 0.188 0.048 0.025 0.041 0.090 0.157 0.090 0.089 0.000 0.087 0.115 0.000 0.000 0.059 0.078 0.171 0.076 0.105 0.000 0.101 0.057 0.000 0.000 0.068 0.088 0.371 0.109 0.148 0.000 0.096 0.124 0.000 0.000 0.051)  0.085 0.121 0.000 0.168 0.000 0.000 0.145 0.097 0.144 0.144 0.092 0.109 0.000 0.208 0.000 0.000 0.097 0.159 0.094 0.124 0.097 0.110 0.000 0.091 0.000 0.000 0.170 0.180 0.096 0.096 0.099 0.160 0.124 0.000 0.188 0.178 0.332 0.114 0.163 0.000 0.000 0.177 0.148 0.000 0.159 0.259 0.109 0.165 0.138 0.000 0.000 0.185 0.218 0.000 0.176 0.153 0.122 0.126 0.113 0.000 0.000 0.212)  0.053 0.071 0.134 0.087 0.166 0.212 0.065 0.000 0.100 0.117 0.030 0.060 0.143 0.067 0.115 0.308 0.074 0.000 0.118 0.154 0.058 0.060 0.147 0.070 0.126 0.200 0.041 0.000 0.121 0.136 0.028 0.036 0.089 0.280 0.000 0.115 0.070 0.086 0.065 0.189 0.133 0.032 0.068 0.179 0.000 0.115 0.071 0.092 0.106 0.246 0.130 0.042 0.088 0.165 0.000 0.136 0.078 0.067 0.162 0.239 0.184 0.030)  0.088 0.000 0.183 0.000 0.118 0.182 0.090 0.000 0.000 0.083 0.047 0.000 0.130 0.000 0.077 0.142 0.082 0.000 0.000 0.116 0.039 0.000 0.194 0.000 0.106 0.160 0.083 0.000 0.000 0.055 0.019 0.081 0.000 0.153 0.000 0.090 0.075 0.000 0.000 0.115 0.144 0.045 0.000 0.187 0.000 0.102 0.107 0.000 0.000 0.094 0.174 0.052 0.000 0.146 0.000 0.088 0.099 0.000 0.000 0.090 0.118 0.032)  0.109 0.125 0.256 0.078 0.136 0.268 0.163 0.228 0.106 0.175 0.077 0.094 0.224 0.141 0.155 0.225 0.118 0.144 0.078 0.128 0.057 0.102 0.237 0.104 0.186 0.211 0.138 0.123 0.090 0.137 0.071 0.114 0.089 0.239 0.139 0.257 0.101 0.214 0.106 0.218 0.290 0.085 0.094 0.176 0.188 0.166 0.157 0.138 0.114 0.189 0.277 0.106 0.097 0.177 0.147 0.145 0.120 0.144 0.109 0.138 0.202 0.066)  0.148 0.120 0.268 0.170 0.144 0.000 0.132 0.000 0.141 0.263 0.180 0.169 0.329 0.125 0.159 0.000 0.160 0.000 0.162 0.220 0.117 0.138 0.267 0.278 0.141 0.000 0.110 0.000 0.107 0.379 0.234 0.100 0.111 0.000 0.000 0.127 0.119 0.103 0.082 0.142 0.257 0.119 0.139 0.000 0.000 0.105 0.073 0.090 0.117 0.114 0.208 0.074 0.090 0.000 0.000 0.158 0.137 0.149 0.094 0.117 0.202 0.068)  0.112 0.097 0.000 0.000 0.132 0.197 0.000 0.000 0.127 0.142 0.121 0.117 0.000 0.000 0.118 0.231 0.000 0.000 0.142 0.170 0.064 0.089 0.000 0.000 0.065 0.260 0.000 0.000 0.106 0.150 0.083 0.138 0.126 0.171 0.000 0.143 0.000 0.000 0.159 0.084 0.000 0.115 0.103 0.288 0.000 0.147 0.000 0.000 0.107 0.120 0.000 0.078 0.079 0.140 0.000 0.172 0.000 0.000 0.107 0.097 0.000 0.088)  0.218 0.237 0.000 0.296 0.303 0.000 0.297 0.368 0.313 0.000 0.303 0.294 0.000 0.339 0.377 0.000 0.315 0.355 0.317 0.000 0.263 0.311 0.000 0.295 0.376 0.000 0.374 0.312 0.293 0.000 0.262 0.257 0.274 0.000 0.302 0.000 0.166 0.315 0.310 0.251 0.000 0.307 0.261 0.000 0.487 0.000 0.414 0.320 0.361 0.237 0.000 0.304 0.252 0.000 0.383 0.000 0.277 0.338 0.291 0.318 0.000 0.293)  
Brain region: CA1: 18443 neurons  
Training on 1922 trials, testing on 496 trials
Using device: cuda
Using balanced loss with class weights:
  Output 0: [0.12970309 0.15287347 0.10279249 0.1050787  0.16789022 0.07222061
 0.08475244 0.13550225 0.04918674]
Epoch [1/200], Loss: 2.327699
Epoch [2/200], Loss: 2.320338
Epoch [3/200], Loss: 2.313097
Epoch [4/200], Loss: 2.305931
Epoch [5/200], Loss: 2.298809
Epoch [6/200], Loss: 2.291705
Epoch [7/200], Loss: 2.284595
Epoch [8/200], Loss: 2.277466
Epoch [9/200], Loss: 2.270307
Epoch [10/200], Loss: 2.263108
Epoch [20/200], Loss: 2.186998
Epoch [30/200], Loss: 2.099661
Epoch [40/200], Loss: 1.999899
Epoch [50/200], Loss: 1.891413
Epoch [60/200], Loss: 1.781051
Epoch [70/200], Loss: 1.675883
Epoch [80/200], Loss: 1.580809
Epoch [90/200], Loss: 1.497852
Epoch [100/200], Loss: 1.426873
Epoch [110/200], Loss: 1.366557
Epoch [120/200], Loss: 1.315222
Epoch [130/200], Loss: 1.271240
Epoch [140/200], Loss: 1.233199
Epoch [150/200], Loss: 1.199966
Epoch [160/200], Loss: 1.170658
Epoch [170/200], Loss: 1.144572
Epoch [180/200], Loss: 1.121166
Epoch [190/200], Loss: 1.100004
Epoch [200/200], Loss: 1.080751
Test Loss: 1.098410

Training Balanced Accuracy Scores (chance = 1/num_classes):
  0 (position): 0.7541  (chance: 0.1111)

Validation Balanced Accuracy Scores (chance = 1/num_classes):
  0 (position): 0.6308  (chance: 0.1111)
