Data format is valid, no errors or warnings.
Number of sessions: 207
Total number of trials: 8187
Number of trials per session: [39, 39, 39, 39, 39, 39, 39, 39, 39, 39, 39, 39, 39, 39, 39, 39, 39, 39, 39, 39, 39, 39, 39, 39, 39, 39, 39, 39, 39, 39, 39, 39, 39, 39, 39, 39, 39, 39, 39, 39, 39, 39, 39, 39, 39, 39, 39, 39, 39, 39, 39, 39, 39, 39, 39, 39, 39, 39, 39, 39, 39, 39, 39, 39, 39, 39, 39, 39, 39, 39, 39, 39, 39, 39, 39, 39, 39, 39, 39, 39, 39, 39, 39, 39, 39, 39, 39, 39, 39, 39, 39, 39, 39, 40, 40, 40, 40, 40, 40, 40, 40, 40, 40, 40, 40, 40, 40, 40, 40, 40, 40, 40, 40, 40, 40, 40, 40, 40, 40, 40, 40, 40, 40, 40, 40, 40, 40, 40, 40, 40, 40, 40, 40, 40, 40, 40, 40, 40, 40, 40, 40, 40, 40, 40, 40, 40, 40, 40, 40, 40, 40, 40, 40, 40, 40, 40, 40, 40, 40, 40, 40, 40, 40, 40, 40, 40, 40, 40, 40, 40, 40, 40, 40, 40, 40, 40, 40, 40, 40, 40, 40, 40, 40, 40, 40, 40, 40, 40, 40, 40, 40, 40, 40, 40, 40, 40, 40, 40, 40, 40, 40, 40, 40, 40, 40, 40, 40]
Number of subjects: 7
Number of brain regions: 1
Number of sessions per subject:
  Subject QLAK-CA1-08: 31 sessions
  Subject QLAK-CA1-30: 31 sessions
  Subject QLAK-CA1-50: 31 sessions
  Subject QLAK-CA1-51: 21 sessions
  Subject QLAK-CA1-56: 31 sessions
  Subject QLAK-CA1-74: 31 sessions
  Subject QLAK-CA1-75: 31 sessions
Input dimension: 9
Output dimension: 1
Summary statistics (across all sessions):
  T: mean: 60.00, median: 60.00, min: 60, max: 60
  n_neurons: mean: 336.93', min: 113, max: 564
  Input range:
    env_grid_0: [0.0, 1.0]
    env_grid_1: [1.0, 1.0]
    env_grid_2: [0.0, 1.0]
    env_grid_3: [0.0, 1.0]
    env_grid_4: [0.0, 1.0]
    env_grid_5: [0.0, 1.0]
    env_grid_6: [0.0, 1.0]
    env_grid_7: [0.0, 1.0]
    env_grid_8: [0.0, 1.0]
  Output range:
    position: [0.0, 8.0]
  Unique outputs per dimension (fraction of data):
    position: {bin_0 (0.100), bin_1 (0.076), bin_2 (0.115), bin_3 (0.098), bin_4 (0.056), bin_5 (0.141), bin_6 (0.135), bin_7 (0.077), bin_8 (0.200)}
  Brain region distribution:
    CA1: 69744 neurons

Per-session statistics:
  Mean T: 60.0, 60.0, 60.0, 60.0, 60.0, 60.0, 60.0, 60.0, 60.0, 60.0, 60.0, 60.0, 60.0, 60.0, 60.0, 60.0, 60.0, 60.0, 60.0, 60.0, 60.0, 60.0, 60.0, 60.0, 60.0, 60.0, 60.0, 60.0, 60.0, 60.0, 60.0, 60.0, 60.0, 60.0, 60.0, 60.0, 60.0, 60.0, 60.0, 60.0, 60.0, 60.0, 60.0, 60.0, 60.0, 60.0, 60.0, 60.0, 60.0, 60.0, 60.0, 60.0, 60.0, 60.0, 60.0, 60.0, 60.0, 60.0, 60.0, 60.0, 60.0, 60.0, 60.0, 60.0, 60.0, 60.0, 60.0, 60.0, 60.0, 60.0, 60.0, 60.0, 60.0, 60.0, 60.0, 60.0, 60.0, 60.0, 60.0, 60.0, 60.0, 60.0, 60.0, 60.0, 60.0, 60.0, 60.0, 60.0, 60.0, 60.0, 60.0, 60.0, 60.0, 60.0, 60.0, 60.0, 60.0, 60.0, 60.0, 60.0, 60.0, 60.0, 60.0, 60.0, 60.0, 60.0, 60.0, 60.0, 60.0, 60.0, 60.0, 60.0, 60.0, 60.0, 60.0, 60.0, 60.0, 60.0, 60.0, 60.0, 60.0, 60.0, 60.0, 60.0, 60.0, 60.0, 60.0, 60.0, 60.0, 60.0, 60.0, 60.0, 60.0, 60.0, 60.0, 60.0, 60.0, 60.0, 60.0, 60.0, 60.0, 60.0, 60.0, 60.0, 60.0, 60.0, 60.0, 60.0, 60.0, 60.0, 60.0, 60.0, 60.0, 60.0, 60.0, 60.0, 60.0, 60.0, 60.0, 60.0, 60.0, 60.0, 60.0, 60.0, 60.0, 60.0, 60.0, 60.0, 60.0, 60.0, 60.0, 60.0, 60.0, 60.0, 60.0, 60.0, 60.0, 60.0, 60.0, 60.0, 60.0, 60.0, 60.0, 60.0, 60.0, 60.0, 60.0, 60.0, 60.0, 60.0, 60.0, 60.0, 60.0, 60.0, 60.0, 60.0, 60.0, 60.0, 60.0, 60.0, 60.0, 60.0, 60.0, 60.0, 60.0, 60.0, 60.0
  Min T: 60, 60, 60, 60, 60, 60, 60, 60, 60, 60, 60, 60, 60, 60, 60, 60, 60, 60, 60, 60, 60, 60, 60, 60, 60, 60, 60, 60, 60, 60, 60, 60, 60, 60, 60, 60, 60, 60, 60, 60, 60, 60, 60, 60, 60, 60, 60, 60, 60, 60, 60, 60, 60, 60, 60, 60, 60, 60, 60, 60, 60, 60, 60, 60, 60, 60, 60, 60, 60, 60, 60, 60, 60, 60, 60, 60, 60, 60, 60, 60, 60, 60, 60, 60, 60, 60, 60, 60, 60, 60, 60, 60, 60, 60, 60, 60, 60, 60, 60, 60, 60, 60, 60, 60, 60, 60, 60, 60, 60, 60, 60, 60, 60, 60, 60, 60, 60, 60, 60, 60, 60, 60, 60, 60, 60, 60, 60, 60, 60, 60, 60, 60, 60, 60, 60, 60, 60, 60, 60, 60, 60, 60, 60, 60, 60, 60, 60, 60, 60, 60, 60, 60, 60, 60, 60, 60, 60, 60, 60, 60, 60, 60, 60, 60, 60, 60, 60, 60, 60, 60, 60, 60, 60, 60, 60, 60, 60, 60, 60, 60, 60, 60, 60, 60, 60, 60, 60, 60, 60, 60, 60, 60, 60, 60, 60, 60, 60, 60, 60, 60, 60, 60, 60, 60, 60, 60, 60
  Max T: 60, 60, 60, 60, 60, 60, 60, 60, 60, 60, 60, 60, 60, 60, 60, 60, 60, 60, 60, 60, 60, 60, 60, 60, 60, 60, 60, 60, 60, 60, 60, 60, 60, 60, 60, 60, 60, 60, 60, 60, 60, 60, 60, 60, 60, 60, 60, 60, 60, 60, 60, 60, 60, 60, 60, 60, 60, 60, 60, 60, 60, 60, 60, 60, 60, 60, 60, 60, 60, 60, 60, 60, 60, 60, 60, 60, 60, 60, 60, 60, 60, 60, 60, 60, 60, 60, 60, 60, 60, 60, 60, 60, 60, 60, 60, 60, 60, 60, 60, 60, 60, 60, 60, 60, 60, 60, 60, 60, 60, 60, 60, 60, 60, 60, 60, 60, 60, 60, 60, 60, 60, 60, 60, 60, 60, 60, 60, 60, 60, 60, 60, 60, 60, 60, 60, 60, 60, 60, 60, 60, 60, 60, 60, 60, 60, 60, 60, 60, 60, 60, 60, 60, 60, 60, 60, 60, 60, 60, 60, 60, 60, 60, 60, 60, 60, 60, 60, 60, 60, 60, 60, 60, 60, 60, 60, 60, 60, 60, 60, 60, 60, 60, 60, 60, 60, 60, 60, 60, 60, 60, 60, 60, 60, 60, 60, 60, 60, 60, 60, 60, 60, 60, 60, 60, 60, 60, 60
  n_neurons: 185, 153, 156, 187, 185, 186, 194, 204, 189, 200, 222, 196, 216, 211, 206, 199, 227, 233, 240, 236, 226, 247, 224, 227, 239, 235, 237, 230, 236, 254, 251, 398, 404, 350, 356, 350, 380, 347, 352, 336, 382, 367, 411, 405, 350, 378, 340, 400, 390, 378, 375, 392, 405, 370, 395, 388, 417, 421, 422, 360, 397, 396, 214, 233, 223, 224, 242, 231, 227, 364, 382, 367, 367, 428, 405, 421, 434, 375, 430, 457, 479, 452, 409, 519, 502, 501, 493, 445, 488, 523, 492, 536, 564, 113, 143, 148, 166, 162, 151, 179, 227, 233, 253, 235, 263, 258, 233, 277, 274, 276, 284, 317, 316, 323, 295, 251, 257, 281, 264, 257, 281, 340, 326, 336, 329, 337, 402, 371, 379, 391, 377, 395, 437, 428, 406, 438, 423, 436, 452, 472, 444, 481, 485, 507, 529, 304, 278, 274, 264, 292, 275, 285, 258, 306, 303, 286, 316, 284, 303, 289, 289, 300, 258, 321, 339, 328, 361, 389, 344, 359, 315, 294, 300, 370, 405, 391, 356, 263, 294, 285, 368, 288, 330, 438, 393, 384, 396, 344, 344, 395, 433, 389, 419, 442, 480, 435, 436, 424, 450, 421, 501, 420, 393, 487, 499, 535, 514
  Input range:
    0: [1.0, 1.0] [1.0, 1.0] [0.0, 0.0] [1.0, 1.0] [0.0, 0.0] [0.0, 0.0] [1.0, 1.0] [1.0, 1.0] [1.0, 1.0] [1.0, 1.0] [1.0, 1.0] [1.0, 1.0] [0.0, 0.0] [1.0, 1.0] [0.0, 0.0] [0.0, 0.0] [1.0, 1.0] [1.0, 1.0] [1.0, 1.0] [1.0, 1.0] [1.0, 1.0] [1.0, 1.0] [0.0, 0.0] [1.0, 1.0] [0.0, 0.0] [0.0, 0.0] [1.0, 1.0] [1.0, 1.0] [1.0, 1.0] [1.0, 1.0] [1.0, 1.0] [1.0, 1.0] [1.0, 1.0] [0.0, 0.0] [1.0, 1.0] [1.0, 1.0] [1.0, 1.0] [1.0, 1.0] [1.0, 1.0] [0.0, 0.0] [0.0, 0.0] [1.0, 1.0] [1.0, 1.0] [0.0, 0.0] [1.0, 1.0] [1.0, 1.0] [1.0, 1.0] [1.0, 1.0] [1.0, 1.0] [0.0, 0.0] [0.0, 0.0] [1.0, 1.0] [1.0, 1.0] [0.0, 0.0] [1.0, 1.0] [1.0, 1.0] [1.0, 1.0] [1.0, 1.0] [1.0, 1.0] [0.0, 0.0] [0.0, 0.0] [1.0, 1.0] [1.0, 1.0] [0.0, 0.0] [1.0, 1.0] [1.0, 1.0] [1.0, 1.0] [0.0, 0.0] [0.0, 0.0] [1.0, 1.0] [1.0, 1.0] [1.0, 1.0] [1.0, 1.0] [0.0, 0.0] [1.0, 1.0] [1.0, 1.0] [1.0, 1.0] [0.0, 0.0] [0.0, 0.0] [1.0, 1.0] [1.0, 1.0] [1.0, 1.0] [1.0, 1.0] [0.0, 0.0] [1.0, 1.0] [1.0, 1.0] [1.0, 1.0] [0.0, 0.0] [0.0, 0.0] [1.0, 1.0] [1.0, 1.0] [1.0, 1.0] [1.0, 1.0] [1.0, 1.0] [1.0, 1.0] [1.0, 1.0] [1.0, 1.0] [1.0, 1.0] [0.0, 0.0] [0.0, 0.0] [1.0, 1.0] [1.0, 1.0] [0.0, 0.0] [1.0, 1.0] [1.0, 1.0] [1.0, 1.0] [1.0, 1.0] [1.0, 1.0] [0.0, 0.0] [0.0, 0.0] [1.0, 1.0] [1.0, 1.0] [0.0, 0.0] [1.0, 1.0] [1.0, 1.0] [1.0, 1.0] [1.0, 1.0] [1.0, 1.0] [0.0, 0.0] [1.0, 1.0] [0.0, 0.0] [1.0, 1.0] [1.0, 1.0] [0.0, 0.0] [1.0, 1.0] [1.0, 1.0] [1.0, 1.0] [1.0, 1.0] [0.0, 0.0] [1.0, 1.0] [0.0, 0.0] [1.0, 1.0] [1.0, 1.0] [0.0, 0.0] [1.0, 1.0] [1.0, 1.0] [1.0, 1.0] [1.0, 1.0] [0.0, 0.0] [1.0, 1.0] [0.0, 0.0] [1.0, 1.0] [1.0, 1.0] [0.0, 0.0] [1.0, 1.0] [1.0, 1.0] [0.0, 0.0] [1.0, 1.0] [0.0, 0.0] [1.0, 1.0] [1.0, 1.0] [1.0, 1.0] [0.0, 0.0] [1.0, 1.0] [1.0, 1.0] [1.0, 1.0] [0.0, 0.0] [1.0, 1.0] [0.0, 0.0] [1.0, 1.0] [1.0, 1.0] [1.0, 1.0] [0.0, 0.0] [1.0, 1.0] [1.0, 1.0] [1.0, 1.0] [0.0, 0.0] [1.0, 1.0] [0.0, 0.0] [1.0, 1.0] [1.0, 1.0] [1.0, 1.0] [0.0, 0.0] [1.0, 1.0] [1.0, 1.0] [1.0, 1.0] [1.0, 1.0] [0.0, 0.0] [1.0, 1.0] [1.0, 1.0] [1.0, 1.0] [0.0, 0.0] [0.0, 0.0] [1.0, 1.0] [1.0, 1.0] [1.0, 1.0] [1.0, 1.0] [0.0, 0.0] [1.0, 1.0] [1.0, 1.0] [1.0, 1.0] [0.0, 0.0] [0.0, 0.0] [1.0, 1.0] [1.0, 1.0] [1.0, 1.0] [1.0, 1.0] [0.0, 0.0] [1.0, 1.0] [1.0, 1.0] [1.0, 1.0] [0.0, 0.0] [0.0, 0.0] [1.0, 1.0] [1.0, 1.0] [1.0, 1.0] [1.0, 1.0] 
    1: [1.0, 1.0] [1.0, 1.0] [1.0, 1.0] [1.0, 1.0] [1.0, 1.0] [1.0, 1.0] [1.0, 1.0] [1.0, 1.0] [1.0, 1.0] [1.0, 1.0] [1.0, 1.0] [1.0, 1.0] [1.0, 1.0] [1.0, 1.0] [1.0, 1.0] [1.0, 1.0] [1.0, 1.0] [1.0, 1.0] [1.0, 1.0] [1.0, 1.0] [1.0, 1.0] [1.0, 1.0] [1.0, 1.0] [1.0, 1.0] [1.0, 1.0] [1.0, 1.0] [1.0, 1.0] [1.0, 1.0] [1.0, 1.0] [1.0, 1.0] [1.0, 1.0] [1.0, 1.0] [1.0, 1.0] [1.0, 1.0] [1.0, 1.0] [1.0, 1.0] [1.0, 1.0] [1.0, 1.0] [1.0, 1.0] [1.0, 1.0] [1.0, 1.0] [1.0, 1.0] [1.0, 1.0] [1.0, 1.0] [1.0, 1.0] [1.0, 1.0] [1.0, 1.0] [1.0, 1.0] [1.0, 1.0] [1.0, 1.0] [1.0, 1.0] [1.0, 1.0] [1.0, 1.0] [1.0, 1.0] [1.0, 1.0] [1.0, 1.0] [1.0, 1.0] [1.0, 1.0] [1.0, 1.0] [1.0, 1.0] [1.0, 1.0] [1.0, 1.0] [1.0, 1.0] [1.0, 1.0] [1.0, 1.0] [1.0, 1.0] [1.0, 1.0] [1.0, 1.0] [1.0, 1.0] [1.0, 1.0] [1.0, 1.0] [1.0, 1.0] [1.0, 1.0] [1.0, 1.0] [1.0, 1.0] [1.0, 1.0] [1.0, 1.0] [1.0, 1.0] [1.0, 1.0] [1.0, 1.0] [1.0, 1.0] [1.0, 1.0] [1.0, 1.0] [1.0, 1.0] [1.0, 1.0] [1.0, 1.0] [1.0, 1.0] [1.0, 1.0] [1.0, 1.0] [1.0, 1.0] [1.0, 1.0] [1.0, 1.0] [1.0, 1.0] [1.0, 1.0] [1.0, 1.0] [1.0, 1.0] [1.0, 1.0] [1.0, 1.0] [1.0, 1.0] [1.0, 1.0] [1.0, 1.0] [1.0, 1.0] [1.0, 1.0] [1.0, 1.0] [1.0, 1.0] [1.0, 1.0] [1.0, 1.0] [1.0, 1.0] [1.0, 1.0] [1.0, 1.0] [1.0, 1.0] [1.0, 1.0] [1.0, 1.0] [1.0, 1.0] [1.0, 1.0] [1.0, 1.0] [1.0, 1.0] [1.0, 1.0] [1.0, 1.0] [1.0, 1.0] [1.0, 1.0] [1.0, 1.0] [1.0, 1.0] [1.0, 1.0] [1.0, 1.0] [1.0, 1.0] [1.0, 1.0] [1.0, 1.0] [1.0, 1.0] [1.0, 1.0] [1.0, 1.0] [1.0, 1.0] [1.0, 1.0] [1.0, 1.0] [1.0, 1.0] [1.0, 1.0] [1.0, 1.0] [1.0, 1.0] [1.0, 1.0] [1.0, 1.0] [1.0, 1.0] [1.0, 1.0] [1.0, 1.0] [1.0, 1.0] [1.0, 1.0] [1.0, 1.0] [1.0, 1.0] [1.0, 1.0] [1.0, 1.0] [1.0, 1.0] [1.0, 1.0] [1.0, 1.0] [1.0, 1.0] [1.0, 1.0] [1.0, 1.0] [1.0, 1.0] [1.0, 1.0] [1.0, 1.0] [1.0, 1.0] [1.0, 1.0] [1.0, 1.0] [1.0, 1.0] [1.0, 1.0] [1.0, 1.0] [1.0, 1.0] [1.0, 1.0] [1.0, 1.0] [1.0, 1.0] [1.0, 1.0] [1.0, 1.0] [1.0, 1.0] [1.0, 1.0] [1.0, 1.0] [1.0, 1.0] [1.0, 1.0] [1.0, 1.0] [1.0, 1.0] [1.0, 1.0] [1.0, 1.0] [1.0, 1.0] [1.0, 1.0] [1.0, 1.0] [1.0, 1.0] [1.0, 1.0] [1.0, 1.0] [1.0, 1.0] [1.0, 1.0] [1.0, 1.0] [1.0, 1.0] [1.0, 1.0] [1.0, 1.0] [1.0, 1.0] [1.0, 1.0] [1.0, 1.0] [1.0, 1.0] [1.0, 1.0] [1.0, 1.0] [1.0, 1.0] [1.0, 1.0] [1.0, 1.0] [1.0, 1.0] [1.0, 1.0] [1.0, 1.0] [1.0, 1.0] [1.0, 1.0] [1.0, 1.0] [1.0, 1.0] 
    2: [1.0, 1.0] [1.0, 1.0] [0.0, 0.0] [1.0, 1.0] [1.0, 1.0] [0.0, 0.0] [1.0, 1.0] [1.0, 1.0] [1.0, 1.0] [0.0, 0.0] [1.0, 1.0] [1.0, 1.0] [0.0, 0.0] [1.0, 1.0] [1.0, 1.0] [0.0, 0.0] [1.0, 1.0] [1.0, 1.0] [1.0, 1.0] [0.0, 0.0] [1.0, 1.0] [1.0, 1.0] [0.0, 0.0] [1.0, 1.0] [1.0, 1.0] [0.0, 0.0] [1.0, 1.0] [1.0, 1.0] [1.0, 1.0] [0.0, 0.0] [1.0, 1.0] [1.0, 1.0] [1.0, 1.0] [0.0, 0.0] [1.0, 1.0] [0.0, 0.0] [1.0, 1.0] [1.0, 1.0] [1.0, 1.0] [1.0, 1.0] [0.0, 0.0] [1.0, 1.0] [1.0, 1.0] [0.0, 0.0] [1.0, 1.0] [0.0, 0.0] [1.0, 1.0] [1.0, 1.0] [1.0, 1.0] [1.0, 1.0] [0.0, 0.0] [1.0, 1.0] [1.0, 1.0] [0.0, 0.0] [1.0, 1.0] [0.0, 0.0] [1.0, 1.0] [1.0, 1.0] [1.0, 1.0] [1.0, 1.0] [0.0, 0.0] [1.0, 1.0] [1.0, 1.0] [0.0, 0.0] [1.0, 1.0] [1.0, 1.0] [1.0, 1.0] [0.0, 0.0] [1.0, 1.0] [0.0, 0.0] [1.0, 1.0] [1.0, 1.0] [1.0, 1.0] [0.0, 0.0] [1.0, 1.0] [1.0, 1.0] [1.0, 1.0] [0.0, 0.0] [1.0, 1.0] [0.0, 0.0] [1.0, 1.0] [1.0, 1.0] [1.0, 1.0] [0.0, 0.0] [1.0, 1.0] [1.0, 1.0] [1.0, 1.0] [0.0, 0.0] [1.0, 1.0] [0.0, 0.0] [1.0, 1.0] [1.0, 1.0] [1.0, 1.0] [1.0, 1.0] [1.0, 1.0] [1.0, 1.0] [1.0, 1.0] [1.0, 1.0] [1.0, 1.0] [0.0, 0.0] [0.0, 0.0] [1.0, 1.0] [0.0, 0.0] [1.0, 1.0] [1.0, 1.0] [1.0, 1.0] [1.0, 1.0] [1.0, 1.0] [1.0, 1.0] [0.0, 0.0] [0.0, 0.0] [1.0, 1.0] [0.0, 0.0] [1.0, 1.0] [1.0, 1.0] [1.0, 1.0] [1.0, 1.0] [0.0, 0.0] [1.0, 1.0] [1.0, 1.0] [0.0, 0.0] [1.0, 1.0] [1.0, 1.0] [0.0, 0.0] [1.0, 1.0] [1.0, 1.0] [1.0, 1.0] [0.0, 0.0] [1.0, 1.0] [1.0, 1.0] [0.0, 0.0] [1.0, 1.0] [1.0, 1.0] [0.0, 0.0] [1.0, 1.0] [1.0, 1.0] [1.0, 1.0] [0.0, 0.0] [1.0, 1.0] [1.0, 1.0] [0.0, 0.0] [1.0, 1.0] [1.0, 1.0] [0.0, 0.0] [1.0, 1.0] [1.0, 1.0] [0.0, 0.0] [1.0, 1.0] [0.0, 0.0] [1.0, 1.0] [1.0, 1.0] [1.0, 1.0] [1.0, 1.0] [0.0, 0.0] [1.0, 1.0] [1.0, 1.0] [0.0, 0.0] [1.0, 1.0] [0.0, 0.0] [1.0, 1.0] [1.0, 1.0] [1.0, 1.0] [1.0, 1.0] [0.0, 0.0] [1.0, 1.0] [1.0, 1.0] [0.0, 0.0] [1.0, 1.0] [0.0, 0.0] [1.0, 1.0] [1.0, 1.0] [1.0, 1.0] [1.0, 1.0] [0.0, 0.0] [1.0, 1.0] [1.0, 1.0] [1.0, 1.0] [1.0, 1.0] [0.0, 0.0] [1.0, 1.0] [1.0, 1.0] [0.0, 0.0] [0.0, 0.0] [1.0, 1.0] [1.0, 1.0] [1.0, 1.0] [1.0, 1.0] [1.0, 1.0] [0.0, 0.0] [1.0, 1.0] [1.0, 1.0] [0.0, 0.0] [0.0, 0.0] [1.0, 1.0] [1.0, 1.0] [1.0, 1.0] [1.0, 1.0] [1.0, 1.0] [0.0, 0.0] [1.0, 1.0] [1.0, 1.0] [0.0, 0.0] [0.0, 0.0] [1.0, 1.0] [1.0, 1.0] [1.0, 1.0] [1.0, 1.0] 
    3: [1.0, 1.0] [1.0, 1.0] [0.0, 0.0] [1.0, 1.0] [0.0, 0.0] [1.0, 1.0] [0.0, 0.0] [1.0, 1.0] [1.0, 1.0] [1.0, 1.0] [1.0, 1.0] [1.0, 1.0] [0.0, 0.0] [1.0, 1.0] [0.0, 0.0] [1.0, 1.0] [0.0, 0.0] [1.0, 1.0] [1.0, 1.0] [1.0, 1.0] [1.0, 1.0] [1.0, 1.0] [0.0, 0.0] [1.0, 1.0] [0.0, 0.0] [1.0, 1.0] [0.0, 0.0] [1.0, 1.0] [1.0, 1.0] [1.0, 1.0] [1.0, 1.0] [1.0, 1.0] [1.0, 1.0] [1.0, 1.0] [1.0, 1.0] [1.0, 1.0] [0.0, 0.0] [1.0, 1.0] [1.0, 1.0] [0.0, 0.0] [0.0, 0.0] [1.0, 1.0] [1.0, 1.0] [1.0, 1.0] [1.0, 1.0] [1.0, 1.0] [0.0, 0.0] [1.0, 1.0] [1.0, 1.0] [0.0, 0.0] [0.0, 0.0] [1.0, 1.0] [1.0, 1.0] [1.0, 1.0] [1.0, 1.0] [1.0, 1.0] [0.0, 0.0] [1.0, 1.0] [1.0, 1.0] [0.0, 0.0] [0.0, 0.0] [1.0, 1.0] [1.0, 1.0] [1.0, 1.0] [1.0, 1.0] [1.0, 1.0] [1.0, 1.0] [0.0, 0.0] [0.0, 0.0] [1.0, 1.0] [0.0, 0.0] [1.0, 1.0] [1.0, 1.0] [1.0, 1.0] [1.0, 1.0] [1.0, 1.0] [1.0, 1.0] [0.0, 0.0] [0.0, 0.0] [1.0, 1.0] [0.0, 0.0] [1.0, 1.0] [1.0, 1.0] [1.0, 1.0] [1.0, 1.0] [1.0, 1.0] [1.0, 1.0] [0.0, 0.0] [0.0, 0.0] [1.0, 1.0] [0.0, 0.0] [1.0, 1.0] [1.0, 1.0] [1.0, 1.0] [1.0, 1.0] [1.0, 1.0] [1.0, 1.0] [1.0, 1.0] [0.0, 0.0] [1.0, 1.0] [1.0, 1.0] [0.0, 0.0] [0.0, 0.0] [1.0, 1.0] [1.0, 1.0] [1.0, 1.0] [1.0, 1.0] [1.0, 1.0] [0.0, 0.0] [1.0, 1.0] [1.0, 1.0] [0.0, 0.0] [0.0, 0.0] [1.0, 1.0] [1.0, 1.0] [1.0, 1.0] [1.0, 1.0] [1.0, 1.0] [0.0, 0.0] [0.0, 0.0] [1.0, 1.0] [1.0, 1.0] [1.0, 1.0] [0.0, 0.0] [1.0, 1.0] [1.0, 1.0] [1.0, 1.0] [1.0, 1.0] [0.0, 0.0] [0.0, 0.0] [1.0, 1.0] [1.0, 1.0] [1.0, 1.0] [0.0, 0.0] [1.0, 1.0] [1.0, 1.0] [1.0, 1.0] [1.0, 1.0] [0.0, 0.0] [0.0, 0.0] [1.0, 1.0] [1.0, 1.0] [1.0, 1.0] [0.0, 0.0] [1.0, 1.0] [1.0, 1.0] [0.0, 0.0] [1.0, 1.0] [1.0, 1.0] [1.0, 1.0] [0.0, 0.0] [1.0, 1.0] [0.0, 0.0] [1.0, 1.0] [1.0, 1.0] [1.0, 1.0] [0.0, 0.0] [1.0, 1.0] [1.0, 1.0] [1.0, 1.0] [0.0, 0.0] [1.0, 1.0] [0.0, 0.0] [1.0, 1.0] [1.0, 1.0] [1.0, 1.0] [0.0, 0.0] [1.0, 1.0] [1.0, 1.0] [1.0, 1.0] [0.0, 0.0] [1.0, 1.0] [0.0, 0.0] [1.0, 1.0] [1.0, 1.0] [1.0, 1.0] [1.0, 1.0] [0.0, 0.0] [1.0, 1.0] [1.0, 1.0] [0.0, 0.0] [1.0, 1.0] [0.0, 0.0] [1.0, 1.0] [1.0, 1.0] [1.0, 1.0] [1.0, 1.0] [0.0, 0.0] [1.0, 1.0] [1.0, 1.0] [0.0, 0.0] [1.0, 1.0] [0.0, 0.0] [1.0, 1.0] [1.0, 1.0] [1.0, 1.0] [1.0, 1.0] [0.0, 0.0] [1.0, 1.0] [1.0, 1.0] [0.0, 0.0] [1.0, 1.0] [0.0, 0.0] [1.0, 1.0] [1.0, 1.0] [1.0, 1.0] [1.0, 1.0] 
    4: [1.0, 1.0] [0.0, 0.0] [1.0, 1.0] [0.0, 0.0] [1.0, 1.0] [1.0, 1.0] [1.0, 1.0] [0.0, 0.0] [0.0, 0.0] [1.0, 1.0] [1.0, 1.0] [0.0, 0.0] [1.0, 1.0] [0.0, 0.0] [1.0, 1.0] [1.0, 1.0] [1.0, 1.0] [0.0, 0.0] [0.0, 0.0] [1.0, 1.0] [1.0, 1.0] [0.0, 0.0] [1.0, 1.0] [0.0, 0.0] [1.0, 1.0] [1.0, 1.0] [1.0, 1.0] [0.0, 0.0] [0.0, 0.0] [1.0, 1.0] [1.0, 1.0] [1.0, 1.0] [0.0, 0.0] [1.0, 1.0] [0.0, 0.0] [1.0, 1.0] [1.0, 1.0] [0.0, 0.0] [0.0, 0.0] [1.0, 1.0] [1.0, 1.0] [1.0, 1.0] [0.0, 0.0] [1.0, 1.0] [0.0, 0.0] [1.0, 1.0] [1.0, 1.0] [0.0, 0.0] [0.0, 0.0] [1.0, 1.0] [1.0, 1.0] [1.0, 1.0] [0.0, 0.0] [1.0, 1.0] [0.0, 0.0] [1.0, 1.0] [1.0, 1.0] [0.0, 0.0] [0.0, 0.0] [1.0, 1.0] [1.0, 1.0] [1.0, 1.0] [1.0, 1.0] [1.0, 1.0] [0.0, 0.0] [0.0, 0.0] [0.0, 0.0] [1.0, 1.0] [1.0, 1.0] [1.0, 1.0] [1.0, 1.0] [0.0, 0.0] [1.0, 1.0] [1.0, 1.0] [0.0, 0.0] [0.0, 0.0] [0.0, 0.0] [1.0, 1.0] [1.0, 1.0] [1.0, 1.0] [1.0, 1.0] [0.0, 0.0] [1.0, 1.0] [1.0, 1.0] [0.0, 0.0] [0.0, 0.0] [0.0, 0.0] [1.0, 1.0] [1.0, 1.0] [1.0, 1.0] [1.0, 1.0] [0.0, 0.0] [1.0, 1.0] [1.0, 1.0] [0.0, 0.0] [0.0, 0.0] [0.0, 0.0] [0.0, 0.0] [1.0, 1.0] [1.0, 1.0] [1.0, 1.0] [1.0, 1.0] [1.0, 1.0] [1.0, 1.0] [0.0, 0.0] [0.0, 0.0] [0.0, 0.0] [0.0, 0.0] [1.0, 1.0] [1.0, 1.0] [1.0, 1.0] [1.0, 1.0] [1.0, 1.0] [1.0, 1.0] [1.0, 1.0] [0.0, 0.0] [0.0, 0.0] [1.0, 1.0] [1.0, 1.0] [1.0, 1.0] [1.0, 1.0] [0.0, 0.0] [0.0, 0.0] [1.0, 1.0] [1.0, 1.0] [0.0, 0.0] [0.0, 0.0] [1.0, 1.0] [1.0, 1.0] [1.0, 1.0] [1.0, 1.0] [0.0, 0.0] [0.0, 0.0] [1.0, 1.0] [1.0, 1.0] [0.0, 0.0] [0.0, 0.0] [1.0, 1.0] [1.0, 1.0] [1.0, 1.0] [1.0, 1.0] [0.0, 0.0] [0.0, 0.0] [1.0, 1.0] [1.0, 1.0] [1.0, 1.0] [1.0, 1.0] [0.0, 0.0] [1.0, 1.0] [0.0, 0.0] [1.0, 1.0] [0.0, 0.0] [1.0, 1.0] [1.0, 1.0] [0.0, 0.0] [1.0, 1.0] [1.0, 1.0] [0.0, 0.0] [1.0, 1.0] [0.0, 0.0] [1.0, 1.0] [0.0, 0.0] [1.0, 1.0] [1.0, 1.0] [0.0, 0.0] [1.0, 1.0] [1.0, 1.0] [0.0, 0.0] [1.0, 1.0] [0.0, 0.0] [1.0, 1.0] [0.0, 0.0] [1.0, 1.0] [1.0, 1.0] [0.0, 0.0] [1.0, 1.0] [1.0, 1.0] [1.0, 1.0] [1.0, 1.0] [0.0, 0.0] [1.0, 1.0] [1.0, 1.0] [1.0, 1.0] [0.0, 0.0] [0.0, 0.0] [0.0, 0.0] [1.0, 1.0] [1.0, 1.0] [1.0, 1.0] [0.0, 0.0] [1.0, 1.0] [1.0, 1.0] [1.0, 1.0] [0.0, 0.0] [0.0, 0.0] [0.0, 0.0] [1.0, 1.0] [1.0, 1.0] [1.0, 1.0] [0.0, 0.0] [1.0, 1.0] [1.0, 1.0] [1.0, 1.0] [0.0, 0.0] [0.0, 0.0] [0.0, 0.0] [1.0, 1.0] 
    5: [1.0, 1.0] [1.0, 1.0] [0.0, 0.0] [0.0, 0.0] [1.0, 1.0] [1.0, 1.0] [0.0, 0.0] [0.0, 0.0] [1.0, 1.0] [1.0, 1.0] [1.0, 1.0] [1.0, 1.0] [0.0, 0.0] [0.0, 0.0] [1.0, 1.0] [1.0, 1.0] [0.0, 0.0] [0.0, 0.0] [1.0, 1.0] [1.0, 1.0] [1.0, 1.0] [1.0, 1.0] [0.0, 0.0] [0.0, 0.0] [1.0, 1.0] [1.0, 1.0] [0.0, 0.0] [0.0, 0.0] [1.0, 1.0] [1.0, 1.0] [1.0, 1.0] [1.0, 1.0] [1.0, 1.0] [1.0, 1.0] [0.0, 0.0] [1.0, 1.0] [0.0, 0.0] [0.0, 0.0] [1.0, 1.0] [1.0, 1.0] [0.0, 0.0] [1.0, 1.0] [1.0, 1.0] [1.0, 1.0] [0.0, 0.0] [1.0, 1.0] [0.0, 0.0] [0.0, 0.0] [1.0, 1.0] [1.0, 1.0] [0.0, 0.0] [1.0, 1.0] [1.0, 1.0] [1.0, 1.0] [0.0, 0.0] [1.0, 1.0] [0.0, 0.0] [0.0, 0.0] [1.0, 1.0] [1.0, 1.0] [0.0, 0.0] [1.0, 1.0] [1.0, 1.0] [1.0, 1.0] [1.0, 1.0] [1.0, 1.0] [0.0, 0.0] [0.0, 0.0] [1.0, 1.0] [1.0, 1.0] [0.0, 0.0] [0.0, 0.0] [1.0, 1.0] [1.0, 1.0] [1.0, 1.0] [1.0, 1.0] [0.0, 0.0] [0.0, 0.0] [1.0, 1.0] [1.0, 1.0] [0.0, 0.0] [0.0, 0.0] [1.0, 1.0] [1.0, 1.0] [1.0, 1.0] [1.0, 1.0] [0.0, 0.0] [0.0, 0.0] [1.0, 1.0] [1.0, 1.0] [0.0, 0.0] [0.0, 0.0] [1.0, 1.0] [1.0, 1.0] [1.0, 1.0] [0.0, 0.0] [0.0, 0.0] [1.0, 1.0] [1.0, 1.0] [1.0, 1.0] [1.0, 1.0] [0.0, 0.0] [0.0, 0.0] [1.0, 1.0] [1.0, 1.0] [0.0, 0.0] [0.0, 0.0] [1.0, 1.0] [1.0, 1.0] [1.0, 1.0] [1.0, 1.0] [0.0, 0.0] [0.0, 0.0] [1.0, 1.0] [1.0, 1.0] [0.0, 0.0] [1.0, 1.0] [1.0, 1.0] [1.0, 1.0] [0.0, 0.0] [1.0, 1.0] [1.0, 1.0] [0.0, 0.0] [0.0, 0.0] [1.0, 1.0] [0.0, 0.0] [1.0, 1.0] [1.0, 1.0] [1.0, 1.0] [0.0, 0.0] [1.0, 1.0] [1.0, 1.0] [0.0, 0.0] [0.0, 0.0] [1.0, 1.0] [0.0, 0.0] [1.0, 1.0] [1.0, 1.0] [1.0, 1.0] [0.0, 0.0] [1.0, 1.0] [1.0, 1.0] [0.0, 0.0] [0.0, 0.0] [1.0, 1.0] [1.0, 1.0] [0.0, 0.0] [1.0, 1.0] [1.0, 1.0] [1.0, 1.0] [0.0, 0.0] [0.0, 0.0] [1.0, 1.0] [1.0, 1.0] [0.0, 0.0] [1.0, 1.0] [0.0, 0.0] [1.0, 1.0] [1.0, 1.0] [1.0, 1.0] [0.0, 0.0] [0.0, 0.0] [1.0, 1.0] [1.0, 1.0] [0.0, 0.0] [1.0, 1.0] [0.0, 0.0] [1.0, 1.0] [1.0, 1.0] [1.0, 1.0] [0.0, 0.0] [0.0, 0.0] [1.0, 1.0] [1.0, 1.0] [0.0, 0.0] [1.0, 1.0] [1.0, 1.0] [1.0, 1.0] [1.0, 1.0] [0.0, 0.0] [0.0, 0.0] [1.0, 1.0] [0.0, 0.0] [1.0, 1.0] [1.0, 1.0] [0.0, 0.0] [1.0, 1.0] [1.0, 1.0] [1.0, 1.0] [0.0, 0.0] [0.0, 0.0] [1.0, 1.0] [0.0, 0.0] [1.0, 1.0] [1.0, 1.0] [0.0, 0.0] [1.0, 1.0] [1.0, 1.0] [1.0, 1.0] [0.0, 0.0] [0.0, 0.0] [1.0, 1.0] [0.0, 0.0] [1.0, 1.0] [1.0, 1.0] [0.0, 0.0] [1.0, 1.0] 
    6: [1.0, 1.0] [1.0, 1.0] [1.0, 1.0] [1.0, 1.0] [0.0, 0.0] [0.0, 0.0] [1.0, 1.0] [1.0, 1.0] [0.0, 0.0] [0.0, 0.0] [1.0, 1.0] [1.0, 1.0] [1.0, 1.0] [1.0, 1.0] [0.0, 0.0] [0.0, 0.0] [1.0, 1.0] [1.0, 1.0] [0.0, 0.0] [0.0, 0.0] [1.0, 1.0] [1.0, 1.0] [1.0, 1.0] [1.0, 1.0] [0.0, 0.0] [0.0, 0.0] [1.0, 1.0] [1.0, 1.0] [0.0, 0.0] [0.0, 0.0] [1.0, 1.0] [1.0, 1.0] [1.0, 1.0] [0.0, 0.0] [1.0, 1.0] [0.0, 0.0] [1.0, 1.0] [1.0, 1.0] [0.0, 0.0] [0.0, 0.0] [1.0, 1.0] [1.0, 1.0] [1.0, 1.0] [0.0, 0.0] [1.0, 1.0] [0.0, 0.0] [1.0, 1.0] [1.0, 1.0] [0.0, 0.0] [0.0, 0.0] [1.0, 1.0] [1.0, 1.0] [1.0, 1.0] [0.0, 0.0] [1.0, 1.0] [0.0, 0.0] [1.0, 1.0] [1.0, 1.0] [0.0, 0.0] [0.0, 0.0] [1.0, 1.0] [1.0, 1.0] [1.0, 1.0] [0.0, 0.0] [0.0, 0.0] [1.0, 1.0] [1.0, 1.0] [1.0, 1.0] [0.0, 0.0] [0.0, 0.0] [1.0, 1.0] [1.0, 1.0] [1.0, 1.0] [0.0, 0.0] [0.0, 0.0] [1.0, 1.0] [1.0, 1.0] [1.0, 1.0] [0.0, 0.0] [0.0, 0.0] [1.0, 1.0] [1.0, 1.0] [1.0, 1.0] [0.0, 0.0] [0.0, 0.0] [1.0, 1.0] [1.0, 1.0] [1.0, 1.0] [0.0, 0.0] [0.0, 0.0] [1.0, 1.0] [1.0, 1.0] [1.0, 1.0] [1.0, 1.0] [1.0, 1.0] [1.0, 1.0] [1.0, 1.0] [0.0, 0.0] [0.0, 0.0] [0.0, 0.0] [0.0, 0.0] [1.0, 1.0] [1.0, 1.0] [1.0, 1.0] [1.0, 1.0] [1.0, 1.0] [1.0, 1.0] [0.0, 0.0] [0.0, 0.0] [0.0, 0.0] [0.0, 0.0] [1.0, 1.0] [1.0, 1.0] [1.0, 1.0] [1.0, 1.0] [1.0, 1.0] [0.0, 0.0] [0.0, 0.0] [0.0, 0.0] [1.0, 1.0] [0.0, 0.0] [1.0, 1.0] [1.0, 1.0] [1.0, 1.0] [1.0, 1.0] [1.0, 1.0] [0.0, 0.0] [0.0, 0.0] [0.0, 0.0] [1.0, 1.0] [0.0, 0.0] [1.0, 1.0] [1.0, 1.0] [1.0, 1.0] [1.0, 1.0] [1.0, 1.0] [0.0, 0.0] [0.0, 0.0] [0.0, 0.0] [1.0, 1.0] [0.0, 0.0] [1.0, 1.0] [1.0, 1.0] [1.0, 1.0] [1.0, 1.0] [1.0, 1.0] [1.0, 1.0] [0.0, 0.0] [0.0, 0.0] [1.0, 1.0] [1.0, 1.0] [1.0, 1.0] [0.0, 0.0] [0.0, 0.0] [1.0, 1.0] [1.0, 1.0] [1.0, 1.0] [0.0, 0.0] [0.0, 0.0] [1.0, 1.0] [1.0, 1.0] [1.0, 1.0] [0.0, 0.0] [0.0, 0.0] [1.0, 1.0] [1.0, 1.0] [1.0, 1.0] [0.0, 0.0] [0.0, 0.0] [1.0, 1.0] [1.0, 1.0] [1.0, 1.0] [0.0, 0.0] [0.0, 0.0] [1.0, 1.0] [1.0, 1.0] [1.0, 1.0] [0.0, 0.0] [0.0, 0.0] [1.0, 1.0] [1.0, 1.0] [0.0, 0.0] [1.0, 1.0] [0.0, 0.0] [1.0, 1.0] [1.0, 1.0] [1.0, 1.0] [0.0, 0.0] [0.0, 0.0] [1.0, 1.0] [1.0, 1.0] [0.0, 0.0] [1.0, 1.0] [0.0, 0.0] [1.0, 1.0] [1.0, 1.0] [1.0, 1.0] [0.0, 0.0] [0.0, 0.0] [1.0, 1.0] [1.0, 1.0] [0.0, 0.0] [1.0, 1.0] [0.0, 0.0] [1.0, 1.0] [1.0, 1.0] [1.0, 1.0] 
    7: [1.0, 1.0] [1.0, 1.0] [1.0, 1.0] [1.0, 1.0] [1.0, 1.0] [1.0, 1.0] [1.0, 1.0] [0.0, 0.0] [1.0, 1.0] [1.0, 1.0] [1.0, 1.0] [1.0, 1.0] [1.0, 1.0] [1.0, 1.0] [1.0, 1.0] [1.0, 1.0] [1.0, 1.0] [0.0, 0.0] [1.0, 1.0] [1.0, 1.0] [1.0, 1.0] [1.0, 1.0] [1.0, 1.0] [1.0, 1.0] [1.0, 1.0] [1.0, 1.0] [1.0, 1.0] [0.0, 0.0] [1.0, 1.0] [1.0, 1.0] [1.0, 1.0] [1.0, 1.0] [1.0, 1.0] [1.0, 1.0] [0.0, 0.0] [1.0, 1.0] [1.0, 1.0] [1.0, 1.0] [1.0, 1.0] [1.0, 1.0] [1.0, 1.0] [1.0, 1.0] [1.0, 1.0] [1.0, 1.0] [0.0, 0.0] [1.0, 1.0] [1.0, 1.0] [1.0, 1.0] [1.0, 1.0] [1.0, 1.0] [1.0, 1.0] [1.0, 1.0] [1.0, 1.0] [1.0, 1.0] [0.0, 0.0] [1.0, 1.0] [1.0, 1.0] [1.0, 1.0] [1.0, 1.0] [1.0, 1.0] [1.0, 1.0] [1.0, 1.0] [1.0, 1.0] [1.0, 1.0] [1.0, 1.0] [1.0, 1.0] [1.0, 1.0] [1.0, 1.0] [1.0, 1.0] [1.0, 1.0] [1.0, 1.0] [0.0, 0.0] [1.0, 1.0] [1.0, 1.0] [1.0, 1.0] [1.0, 1.0] [1.0, 1.0] [1.0, 1.0] [1.0, 1.0] [1.0, 1.0] [1.0, 1.0] [0.0, 0.0] [1.0, 1.0] [1.0, 1.0] [1.0, 1.0] [1.0, 1.0] [1.0, 1.0] [1.0, 1.0] [1.0, 1.0] [1.0, 1.0] [1.0, 1.0] [0.0, 0.0] [1.0, 1.0] [1.0, 1.0] [1.0, 1.0] [0.0, 0.0] [1.0, 1.0] [1.0, 1.0] [1.0, 1.0] [1.0, 1.0] [1.0, 1.0] [1.0, 1.0] [1.0, 1.0] [1.0, 1.0] [1.0, 1.0] [0.0, 0.0] [1.0, 1.0] [1.0, 1.0] [1.0, 1.0] [1.0, 1.0] [1.0, 1.0] [1.0, 1.0] [1.0, 1.0] [1.0, 1.0] [1.0, 1.0] [0.0, 0.0] [1.0, 1.0] [1.0, 1.0] [1.0, 1.0] [1.0, 1.0] [1.0, 1.0] [1.0, 1.0] [1.0, 1.0] [1.0, 1.0] [1.0, 1.0] [0.0, 0.0] [1.0, 1.0] [1.0, 1.0] [1.0, 1.0] [1.0, 1.0] [1.0, 1.0] [1.0, 1.0] [1.0, 1.0] [1.0, 1.0] [1.0, 1.0] [0.0, 0.0] [1.0, 1.0] [1.0, 1.0] [1.0, 1.0] [1.0, 1.0] [1.0, 1.0] [1.0, 1.0] [1.0, 1.0] [1.0, 1.0] [1.0, 1.0] [1.0, 1.0] [1.0, 1.0] [1.0, 1.0] [1.0, 1.0] [1.0, 1.0] [1.0, 1.0] [0.0, 0.0] [1.0, 1.0] [1.0, 1.0] [1.0, 1.0] [1.0, 1.0] [1.0, 1.0] [1.0, 1.0] [1.0, 1.0] [1.0, 1.0] [1.0, 1.0] [0.0, 0.0] [1.0, 1.0] [1.0, 1.0] [1.0, 1.0] [1.0, 1.0] [1.0, 1.0] [1.0, 1.0] [1.0, 1.0] [1.0, 1.0] [1.0, 1.0] [0.0, 0.0] [1.0, 1.0] [1.0, 1.0] [1.0, 1.0] [1.0, 1.0] [1.0, 1.0] [1.0, 1.0] [1.0, 1.0] [0.0, 0.0] [1.0, 1.0] [1.0, 1.0] [1.0, 1.0] [1.0, 1.0] [1.0, 1.0] [1.0, 1.0] [1.0, 1.0] [1.0, 1.0] [1.0, 1.0] [0.0, 0.0] [1.0, 1.0] [1.0, 1.0] [1.0, 1.0] [1.0, 1.0] [1.0, 1.0] [1.0, 1.0] [1.0, 1.0] [1.0, 1.0] [1.0, 1.0] [0.0, 0.0] [1.0, 1.0] [1.0, 1.0] [1.0, 1.0] [1.0, 1.0] [1.0, 1.0] [1.0, 1.0] [1.0, 1.0] 
    8: [1.0, 1.0] [1.0, 1.0] [1.0, 1.0] [1.0, 1.0] [1.0, 1.0] [0.0, 0.0] [1.0, 1.0] [0.0, 0.0] [1.0, 1.0] [1.0, 1.0] [1.0, 1.0] [1.0, 1.0] [1.0, 1.0] [1.0, 1.0] [1.0, 1.0] [0.0, 0.0] [1.0, 1.0] [0.0, 0.0] [1.0, 1.0] [1.0, 1.0] [1.0, 1.0] [1.0, 1.0] [1.0, 1.0] [1.0, 1.0] [1.0, 1.0] [0.0, 0.0] [1.0, 1.0] [0.0, 0.0] [1.0, 1.0] [1.0, 1.0] [1.0, 1.0] [1.0, 1.0] [1.0, 1.0] [0.0, 0.0] [0.0, 0.0] [1.0, 1.0] [1.0, 1.0] [1.0, 1.0] [1.0, 1.0] [1.0, 1.0] [1.0, 1.0] [1.0, 1.0] [1.0, 1.0] [0.0, 0.0] [0.0, 0.0] [1.0, 1.0] [1.0, 1.0] [1.0, 1.0] [1.0, 1.0] [1.0, 1.0] [1.0, 1.0] [1.0, 1.0] [1.0, 1.0] [0.0, 0.0] [0.0, 0.0] [1.0, 1.0] [1.0, 1.0] [1.0, 1.0] [1.0, 1.0] [1.0, 1.0] [1.0, 1.0] [1.0, 1.0] [1.0, 1.0] [0.0, 0.0] [1.0, 1.0] [1.0, 1.0] [1.0, 1.0] [1.0, 1.0] [1.0, 1.0] [1.0, 1.0] [1.0, 1.0] [0.0, 0.0] [1.0, 1.0] [0.0, 0.0] [1.0, 1.0] [1.0, 1.0] [1.0, 1.0] [1.0, 1.0] [1.0, 1.0] [1.0, 1.0] [1.0, 1.0] [0.0, 0.0] [1.0, 1.0] [0.0, 0.0] [1.0, 1.0] [1.0, 1.0] [1.0, 1.0] [1.0, 1.0] [1.0, 1.0] [1.0, 1.0] [1.0, 1.0] [0.0, 0.0] [1.0, 1.0] [1.0, 1.0] [1.0, 1.0] [0.0, 0.0] [1.0, 1.0] [1.0, 1.0] [1.0, 1.0] [0.0, 0.0] [1.0, 1.0] [1.0, 1.0] [1.0, 1.0] [1.0, 1.0] [1.0, 1.0] [0.0, 0.0] [1.0, 1.0] [1.0, 1.0] [1.0, 1.0] [0.0, 0.0] [1.0, 1.0] [1.0, 1.0] [1.0, 1.0] [1.0, 1.0] [1.0, 1.0] [0.0, 0.0] [1.0, 1.0] [1.0, 1.0] [1.0, 1.0] [1.0, 1.0] [0.0, 0.0] [1.0, 1.0] [1.0, 1.0] [1.0, 1.0] [1.0, 1.0] [0.0, 0.0] [1.0, 1.0] [1.0, 1.0] [1.0, 1.0] [1.0, 1.0] [0.0, 0.0] [1.0, 1.0] [1.0, 1.0] [1.0, 1.0] [1.0, 1.0] [0.0, 0.0] [1.0, 1.0] [1.0, 1.0] [1.0, 1.0] [1.0, 1.0] [0.0, 0.0] [1.0, 1.0] [1.0, 1.0] [1.0, 1.0] [1.0, 1.0] [1.0, 1.0] [1.0, 1.0] [1.0, 1.0] [0.0, 0.0] [1.0, 1.0] [1.0, 1.0] [0.0, 0.0] [1.0, 1.0] [1.0, 1.0] [1.0, 1.0] [1.0, 1.0] [1.0, 1.0] [1.0, 1.0] [0.0, 0.0] [1.0, 1.0] [1.0, 1.0] [0.0, 0.0] [1.0, 1.0] [1.0, 1.0] [1.0, 1.0] [1.0, 1.0] [1.0, 1.0] [1.0, 1.0] [0.0, 0.0] [1.0, 1.0] [1.0, 1.0] [0.0, 0.0] [1.0, 1.0] [1.0, 1.0] [1.0, 1.0] [1.0, 1.0] [1.0, 1.0] [1.0, 1.0] [1.0, 1.0] [0.0, 0.0] [1.0, 1.0] [0.0, 0.0] [1.0, 1.0] [1.0, 1.0] [1.0, 1.0] [1.0, 1.0] [1.0, 1.0] [1.0, 1.0] [1.0, 1.0] [0.0, 0.0] [1.0, 1.0] [0.0, 0.0] [1.0, 1.0] [1.0, 1.0] [1.0, 1.0] [1.0, 1.0] [1.0, 1.0] [1.0, 1.0] [1.0, 1.0] [0.0, 0.0] [1.0, 1.0] [0.0, 0.0] [1.0, 1.0] [1.0, 1.0] [1.0, 1.0] [1.0, 1.0] [1.0, 1.0] 
  Output range:
    0: [0.0, 8.0] [0.0, 8.0] [0.0, 6.0] [0.0, 8.0] [3.0, 8.0] [1.0, 7.0] [0.0, 8.0] [0.0, 8.0] [1.0, 8.0] [1.0, 7.0] [0.0, 8.0] [0.0, 8.0] [0.0, 6.0] [0.0, 8.0] [3.0, 8.0] [1.0, 7.0] [0.0, 8.0] [0.0, 8.0] [1.0, 8.0] [1.0, 7.0] [0.0, 8.0] [0.0, 8.0] [0.0, 6.0] [0.0, 8.0] [3.0, 8.0] [1.0, 7.0] [0.0, 8.0] [0.0, 8.0] [1.0, 8.0] [1.0, 7.0] [0.0, 8.0] [0.0, 8.0] [0.0, 8.0] [1.0, 7.0] [0.0, 8.0] [1.0, 7.0] [0.0, 8.0] [0.0, 8.0] [1.0, 8.0] [3.0, 8.0] [0.0, 6.0] [0.0, 8.0] [0.0, 8.0] [1.0, 7.0] [0.0, 8.0] [1.0, 7.0] [0.0, 8.0] [0.0, 8.0] [1.0, 8.0] [3.0, 8.0] [0.0, 6.0] [0.0, 8.0] [0.0, 8.0] [1.0, 7.0] [0.0, 8.0] [1.0, 7.0] [0.0, 8.0] [0.0, 8.0] [1.0, 8.0] [3.0, 8.0] [0.0, 6.0] [0.0, 8.0] [0.0, 8.0] [1.0, 7.0] [1.0, 8.0] [0.0, 8.0] [0.0, 8.0] [0.0, 6.0] [3.0, 8.0] [1.0, 7.0] [0.0, 8.0] [0.0, 8.0] [0.0, 8.0] [1.0, 7.0] [1.0, 8.0] [0.0, 8.0] [0.0, 8.0] [0.0, 6.0] [3.0, 8.0] [1.0, 7.0] [0.0, 8.0] [0.0, 8.0] [0.0, 8.0] [1.0, 7.0] [1.0, 8.0] [0.0, 8.0] [0.0, 8.0] [0.0, 6.0] [3.0, 8.0] [1.0, 7.0] [0.0, 8.0] [0.0, 8.0] [0.0, 8.0] [0.0, 8.0] [0.0, 8.0] [0.0, 8.0] [0.0, 8.0] [1.0, 8.0] [3.0, 8.0] [1.0, 7.0] [1.0, 7.0] [0.0, 8.0] [0.0, 6.0] [0.0, 8.0] [0.0, 8.0] [0.0, 8.0] [0.0, 8.0] [1.0, 8.0] [3.0, 8.0] [1.0, 7.0] [1.0, 7.0] [0.0, 8.0] [0.0, 6.0] [0.0, 8.0] [0.0, 8.0] [0.0, 8.0] [1.0, 8.0] [1.0, 7.0] [3.0, 8.0] [0.0, 8.0] [1.0, 7.0] [0.0, 8.0] [0.0, 8.0] [0.0, 6.0] [0.0, 8.0] [0.0, 8.0] [1.0, 8.0] [1.0, 7.0] [3.0, 8.0] [0.0, 8.0] [1.0, 7.0] [0.0, 8.0] [0.0, 8.0] [0.0, 6.0] [0.0, 8.0] [0.0, 8.0] [1.0, 8.0] [1.0, 7.0] [3.0, 8.0] [0.0, 8.0] [1.0, 7.0] [0.0, 8.0] [0.0, 8.0] [0.0, 6.0] [0.0, 8.0] [0.0, 8.0] [0.0, 6.0] [1.0, 8.0] [1.0, 7.0] [0.0, 8.0] [0.0, 8.0] [0.0, 8.0] [3.0, 8.0] [1.0, 7.0] [0.0, 8.0] [0.0, 8.0] [0.0, 6.0] [1.0, 8.0] [1.0, 7.0] [0.0, 8.0] [0.0, 8.0] [0.0, 8.0] [3.0, 8.0] [1.0, 7.0] [0.0, 8.0] [0.0, 8.0] [0.0, 6.0] [1.0, 8.0] [1.0, 7.0] [0.0, 8.0] [0.0, 8.0] [0.0, 8.0] [3.0, 8.0] [1.0, 7.0] [0.0, 8.0] [0.0, 8.0] [0.0, 8.0] [3.0, 8.0] [1.0, 7.0] [0.0, 8.0] [0.0, 8.0] [1.0, 7.0] [0.0, 6.0] [1.0, 8.0] [0.0, 8.0] [0.0, 8.0] [0.0, 8.0] [3.0, 8.0] [1.0, 7.0] [0.0, 8.0] [0.0, 8.0] [1.0, 7.0] [0.0, 6.0] [1.0, 8.0] [0.0, 8.0] [0.0, 8.0] [0.0, 8.0] [3.0, 8.0] [1.0, 7.0] [0.0, 8.0] [0.0, 8.0] [1.0, 7.0] [0.0, 6.0] [1.0, 8.0] [0.0, 8.0] [0.0, 8.0] [0.0, 8.0] 
  Output fraction of data:
position: (0.086 0.121 0.159 0.130 0.000 0.000 0.107 0.197 0.000 0.000 0.115 0.104 0.173 0.055 0.000 0.000 0.153 0.249 0.000 0.000 0.206 0.138 0.156 0.094 0.000 0.000 0.084 0.251 0.000 0.000 0.179 0.073 0.097 0.000 0.281 0.000 0.137 0.082 0.000 0.000 0.176 0.061 0.108 0.000 0.091 0.000 0.069 0.093 0.000 0.000 0.211 0.091 0.088 0.000 0.186 0.000 0.168 0.079 0.000 0.000 0.294 0.159 0.076 0.000 0.000 0.097 0.090 0.241 0.000 0.000 0.122 0.198 0.084 0.000 0.000 0.062 0.074 0.115 0.000 0.000 0.088 0.241 0.158 0.000 0.000 0.061 0.050 0.120 0.000 0.000 0.070 0.150 0.083 0.086 0.083 0.225 0.091 0.000 0.000 0.000 0.000 0.114 0.155 0.068 0.107 0.159 0.095 0.000 0.000 0.000 0.000 0.100 0.204 0.055 0.132 0.256 0.000 0.000 0.000 0.210 0.000 0.117 0.229 0.228 0.090 0.220 0.000 0.000 0.000 0.131 0.000 0.101 0.130 0.152 0.067 0.068 0.000 0.000 0.000 0.111 0.000 0.075 0.072 0.124 0.039 0.225 0.286 0.000 0.000 0.163 0.343 0.260 0.000 0.000 0.174 0.183 0.297 0.000 0.000 0.132 0.180 0.373 0.000 0.000 0.177 0.217 0.185 0.000 0.000 0.132 0.150 0.249 0.000 0.000 0.166 0.158 0.133 0.000 0.000 0.180 0.258 0.000 0.401 0.000 0.328 0.191 0.252 0.000 0.000 0.425 0.225 0.000 0.290 0.000 0.272 0.242 0.350 0.000 0.000 0.573 0.261 0.000 0.144 0.000 0.231 0.240 0.114)  0.100 0.107 0.000 0.071 0.000 0.141 0.000 0.109 0.070 0.076 0.035 0.052 0.000 0.065 0.000 0.094 0.000 0.094 0.089 0.089 0.099 0.053 0.000 0.068 0.000 0.168 0.000 0.134 0.188 0.048 0.025 0.041 0.090 0.157 0.090 0.089 0.000 0.087 0.115 0.000 0.000 0.059 0.078 0.171 0.076 0.105 0.000 0.101 0.057 0.000 0.000 0.068 0.088 0.371 0.109 0.148 0.000 0.096 0.124 0.000 0.000 0.051 0.056 0.145 0.121 0.078 0.071 0.000 0.000 0.100 0.000 0.112 0.054 0.115 0.072 0.056 0.117 0.000 0.000 0.123 0.000 0.118 0.109 0.102 0.083 0.037 0.061 0.000 0.000 0.076 0.000 0.111 0.041 0.051 0.146 0.139 0.107 0.147 0.000 0.188 0.106 0.000 0.000 0.057 0.064 0.080 0.053 0.155 0.000 0.123 0.079 0.000 0.000 0.042 0.060 0.142 0.098 0.119 0.000 0.000 0.133 0.062 0.088 0.000 0.034 0.099 0.099 0.084 0.000 0.000 0.115 0.050 0.068 0.000 0.029 0.042 0.040 0.050 0.000 0.000 0.093 0.042 0.052 0.000 0.028 0.078 0.000 0.138 0.234 0.078 0.000 0.128 0.000 0.321 0.075 0.075 0.000 0.251 0.204 0.042 0.000 0.119 0.000 0.216 0.100 0.063 0.000 0.182 0.099 0.049 0.000 0.075 0.000 0.118 0.205 0.065 0.044 0.000 0.143 0.221 0.000 0.377 0.000 0.221 0.089 0.058 0.074 0.000 0.244 0.152 0.000 0.251 0.000 0.252 0.105 0.092 0.070 0.000 0.233 0.152 0.000 0.253 0.000 0.184 0.052 0.097 0.045)  0.085 0.121 0.000 0.168 0.000 0.000 0.145 0.097 0.144 0.144 0.092 0.109 0.000 0.208 0.000 0.000 0.097 0.159 0.094 0.124 0.097 0.110 0.000 0.091 0.000 0.000 0.170 0.180 0.096 0.096 0.099 0.160 0.124 0.000 0.188 0.178 0.332 0.114 0.163 0.000 0.000 0.177 0.148 0.000 0.159 0.259 0.109 0.165 0.138 0.000 0.000 0.185 0.218 0.000 0.176 0.153 0.122 0.126 0.113 0.000 0.000 0.212 0.149 0.000 0.121 0.110 0.148 0.000 0.000 0.172 0.166 0.146 0.110 0.000 0.130 0.124 0.171 0.000 0.000 0.207 0.138 0.140 0.178 0.000 0.127 0.109 0.159 0.000 0.000 0.141 0.130 0.159 0.117 0.132 0.177 0.198 0.148 0.178 0.000 0.000 0.310 0.147 0.000 0.155 0.146 0.210 0.102 0.141 0.000 0.000 0.236 0.139 0.000 0.198 0.312 0.212 0.089 0.192 0.000 0.196 0.000 0.119 0.121 0.000 0.129 0.144 0.124 0.150 0.000 0.098 0.000 0.130 0.149 0.000 0.070 0.104 0.066 0.116 0.000 0.094 0.000 0.100 0.101 0.000 0.137 0.163 0.000 0.144 0.000 0.219 0.200 0.280 0.000 0.187 0.183 0.297 0.000 0.367 0.000 0.329 0.411 0.142 0.000 0.166 0.197 0.270 0.000 0.127 0.000 0.204 0.301 0.514 0.000 0.119 0.159 0.138 0.128 0.000 0.154 0.314 0.192 0.000 0.000 0.203 0.158 0.082 0.165 0.000 0.213 0.222 0.176 0.000 0.000 0.109 0.130 0.195 0.167 0.000 0.188 0.166 0.139 0.000 0.000 0.192 0.043 0.086 0.090)  0.053 0.071 0.134 0.087 0.166 0.212 0.065 0.000 0.100 0.117 0.030 0.060 0.143 0.067 0.115 0.308 0.074 0.000 0.118 0.154 0.058 0.060 0.147 0.070 0.126 0.200 0.041 0.000 0.121 0.136 0.028 0.036 0.089 0.280 0.000 0.115 0.070 0.086 0.065 0.189 0.133 0.032 0.068 0.179 0.000 0.115 0.071 0.092 0.106 0.246 0.130 0.042 0.088 0.165 0.000 0.136 0.078 0.067 0.162 0.239 0.184 0.030 0.043 0.264 0.099 0.087 0.080 0.179 0.104 0.111 0.074 0.000 0.050 0.161 0.116 0.059 0.054 0.115 0.109 0.121 0.084 0.000 0.053 0.122 0.087 0.049 0.048 0.181 0.059 0.135 0.052 0.000 0.037 0.056 0.087 0.000 0.094 0.128 0.220 0.157 0.102 0.067 0.115 0.030 0.055 0.000 0.092 0.065 0.124 0.186 0.099 0.092 0.178 0.023 0.055 0.000 0.177 0.155 0.197 0.081 0.187 0.057 0.050 0.147 0.013 0.000 0.116 0.154 0.104 0.056 0.142 0.040 0.042 0.158 0.022 0.000 0.113 0.082 0.125 0.059 0.184 0.050 0.032 0.123 0.021 0.067 0.070 0.144 0.282 0.089 0.055 0.000 0.233 0.136 0.081 0.031 0.106 0.063 0.116 0.030 0.023 0.000 0.112 0.144 0.065 0.030 0.065 0.107 0.162 0.057 0.034 0.000 0.083 0.166 0.182 0.070 0.033 0.093 0.127 0.000 0.090 0.244 0.064 0.189 0.066 0.154 0.027 0.241 0.117 0.000 0.067 0.175 0.089 0.187 0.068 0.061 0.023 0.395 0.148 0.000 0.090 0.300 0.203 0.078 0.189 0.165 0.071)  0.088 0.000 0.183 0.000 0.118 0.182 0.090 0.000 0.000 0.083 0.047 0.000 0.130 0.000 0.077 0.142 0.082 0.000 0.000 0.116 0.039 0.000 0.194 0.000 0.106 0.160 0.083 0.000 0.000 0.055 0.019 0.081 0.000 0.153 0.000 0.090 0.075 0.000 0.000 0.115 0.144 0.045 0.000 0.187 0.000 0.102 0.107 0.000 0.000 0.094 0.174 0.052 0.000 0.146 0.000 0.088 0.099 0.000 0.000 0.090 0.118 0.032 0.017 0.113 0.000 0.000 0.000 0.181 0.088 0.079 0.141 0.000 0.026 0.150 0.000 0.000 0.000 0.197 0.105 0.093 0.129 0.000 0.021 0.153 0.000 0.000 0.000 0.177 0.082 0.120 0.089 0.000 0.024 0.021 0.000 0.000 0.000 0.004 0.176 0.130 0.062 0.088 0.145 0.045 0.000 0.000 0.000 0.000 0.128 0.132 0.086 0.077 0.131 0.021 0.028 0.000 0.000 0.124 0.095 0.107 0.199 0.000 0.000 0.212 0.039 0.000 0.000 0.084 0.060 0.101 0.170 0.000 0.000 0.181 0.036 0.000 0.000 0.124 0.065 0.065 0.153 0.000 0.000 0.183 0.020 0.024 0.154 0.000 0.078 0.000 0.082 0.000 0.060 0.030 0.000 0.000 0.086 0.000 0.055 0.000 0.045 0.000 0.027 0.052 0.000 0.001 0.122 0.000 0.200 0.000 0.062 0.000 0.071 0.056 0.000 0.013 0.022 0.037 0.067 0.000 0.066 0.072 0.068 0.000 0.000 0.000 0.011 0.095 0.057 0.000 0.052 0.160 0.090 0.000 0.000 0.000 0.002 0.084 0.060 0.000 0.090 0.100 0.058 0.000 0.000 0.000 0.004)  0.109 0.125 0.256 0.078 0.136 0.268 0.163 0.228 0.106 0.175 0.077 0.094 0.224 0.141 0.155 0.225 0.118 0.144 0.078 0.128 0.057 0.102 0.237 0.104 0.186 0.211 0.138 0.123 0.090 0.137 0.071 0.114 0.089 0.239 0.139 0.257 0.101 0.214 0.106 0.218 0.290 0.085 0.094 0.176 0.188 0.166 0.157 0.138 0.114 0.189 0.277 0.106 0.097 0.177 0.147 0.145 0.120 0.144 0.109 0.138 0.202 0.066 0.088 0.247 0.107 0.074 0.121 0.232 0.220 0.227 0.135 0.150 0.077 0.236 0.078 0.078 0.132 0.424 0.129 0.166 0.138 0.147 0.061 0.301 0.100 0.111 0.138 0.327 0.163 0.173 0.150 0.149 0.105 0.101 0.140 0.141 0.141 0.118 0.239 0.303 0.170 0.149 0.422 0.095 0.099 0.135 0.093 0.143 0.206 0.237 0.195 0.160 0.233 0.121 0.122 0.160 0.113 0.126 0.223 0.105 0.213 0.100 0.112 0.300 0.050 0.134 0.112 0.170 0.204 0.145 0.248 0.119 0.125 0.300 0.103 0.194 0.124 0.269 0.257 0.175 0.168 0.087 0.138 0.482 0.112 0.041 0.307 0.071 0.215 0.059 0.065 0.102 0.115 0.100 0.035 0.056 0.211 0.060 0.502 0.039 0.051 0.081 0.050 0.065 0.082 0.029 0.188 0.095 0.284 0.077 0.052 0.046 0.130 0.054 0.111 0.064 0.030 0.117 0.088 0.095 0.069 0.177 0.194 0.085 0.064 0.043 0.099 0.126 0.103 0.070 0.079 0.194 0.145 0.048 0.063 0.052 0.026 0.094 0.093 0.050 0.113 0.093 0.050 0.060 0.069 0.044 0.032)  0.148 0.120 0.268 0.170 0.144 0.000 0.132 0.000 0.141 0.263 0.180 0.169 0.329 0.125 0.159 0.000 0.160 0.000 0.162 0.220 0.117 0.138 0.267 0.278 0.141 0.000 0.110 0.000 0.107 0.379 0.234 0.100 0.111 0.000 0.000 0.127 0.119 0.103 0.082 0.142 0.257 0.119 0.139 0.000 0.000 0.105 0.073 0.090 0.117 0.114 0.208 0.074 0.090 0.000 0.000 0.158 0.137 0.149 0.094 0.117 0.202 0.068 0.115 0.000 0.078 0.079 0.120 0.166 0.060 0.141 0.055 0.000 0.116 0.000 0.071 0.115 0.083 0.150 0.145 0.114 0.097 0.000 0.094 0.000 0.106 0.082 0.087 0.195 0.047 0.118 0.059 0.000 0.106 0.113 0.074 0.000 0.174 0.109 0.139 0.000 0.103 0.090 0.164 0.069 0.088 0.000 0.124 0.062 0.134 0.000 0.138 0.075 0.254 0.056 0.095 0.000 0.139 0.114 0.148 0.102 0.000 0.062 0.093 0.112 0.061 0.000 0.095 0.135 0.059 0.080 0.000 0.058 0.083 0.209 0.065 0.000 0.097 0.105 0.050 0.053 0.000 0.055 0.056 0.087 0.045 0.159 0.183 0.187 0.000 0.180 0.141 0.000 0.394 0.140 0.370 0.071 0.300 0.071 0.000 0.152 0.085 0.000 0.715 0.268 0.140 0.285 0.440 0.305 0.000 0.332 0.302 0.000 0.685 0.423 0.120 0.349 0.186 0.114 0.313 0.000 0.181 0.000 0.273 0.146 0.172 0.417 0.155 0.403 0.186 0.000 0.285 0.000 0.385 0.263 0.171 0.213 0.248 0.302 0.153 0.000 0.215 0.000 0.545 0.247 0.281 0.324 0.357)  0.112 0.097 0.000 0.000 0.132 0.197 0.000 0.000 0.127 0.142 0.121 0.117 0.000 0.000 0.118 0.231 0.000 0.000 0.142 0.170 0.064 0.089 0.000 0.000 0.065 0.260 0.000 0.000 0.106 0.150 0.083 0.138 0.126 0.171 0.000 0.143 0.000 0.000 0.159 0.084 0.000 0.115 0.103 0.288 0.000 0.147 0.000 0.000 0.107 0.120 0.000 0.078 0.079 0.140 0.000 0.172 0.000 0.000 0.107 0.097 0.000 0.088 0.139 0.231 0.120 0.135 0.000 0.000 0.112 0.169 0.000 0.000 0.114 0.338 0.088 0.125 0.000 0.000 0.097 0.176 0.000 0.000 0.075 0.323 0.115 0.100 0.000 0.000 0.113 0.238 0.000 0.000 0.115 0.086 0.110 0.000 0.000 0.121 0.060 0.222 0.146 0.000 0.000 0.098 0.135 0.000 0.000 0.083 0.121 0.322 0.166 0.000 0.000 0.078 0.072 0.000 0.128 0.170 0.106 0.000 0.268 0.156 0.000 0.000 0.097 0.000 0.078 0.223 0.071 0.000 0.325 0.070 0.000 0.000 0.115 0.000 0.105 0.254 0.098 0.000 0.403 0.084 0.000 0.000 0.115 0.077 0.000 0.126 0.191 0.089 0.000 0.000 0.065 0.086 0.000 0.041 0.000 0.046 0.122 0.027 0.000 0.000 0.035 0.089 0.000 0.031 0.000 0.095 0.255 0.061 0.000 0.000 0.012 0.064 0.000 0.058 0.048 0.023 0.109 0.000 0.000 0.131 0.000 0.070 0.050 0.000 0.061 0.046 0.080 0.000 0.000 0.221 0.000 0.072 0.075 0.000 0.031 0.043 0.124 0.000 0.000 0.255 0.000 0.146 0.091 0.000 0.189)  0.218 0.237 0.000 0.296 0.303 0.000 0.297 0.368 0.313 0.000 0.303 0.294 0.000 0.339 0.377 0.000 0.315 0.355 0.317 0.000 0.263 0.311 0.000 0.295 0.376 0.000 0.374 0.312 0.293 0.000 0.262 0.257 0.274 0.000 0.302 0.000 0.166 0.315 0.310 0.251 0.000 0.307 0.261 0.000 0.487 0.000 0.414 0.320 0.361 0.237 0.000 0.304 0.252 0.000 0.383 0.000 0.277 0.338 0.291 0.318 0.000 0.293 0.316 0.000 0.355 0.339 0.370 0.000 0.415 0.000 0.306 0.395 0.370 0.000 0.445 0.382 0.371 0.000 0.413 0.000 0.326 0.354 0.252 0.000 0.382 0.453 0.459 0.000 0.535 0.000 0.450 0.431 0.371 0.355 0.183 0.297 0.245 0.196 0.166 0.000 0.000 0.345 0.000 0.382 0.307 0.415 0.440 0.351 0.287 0.000 0.000 0.357 0.000 0.406 0.123 0.230 0.256 0.000 0.231 0.199 0.000 0.328 0.307 0.000 0.487 0.404 0.378 0.000 0.503 0.388 0.000 0.432 0.404 0.000 0.492 0.593 0.456 0.000 0.406 0.443 0.000 0.507 0.549 0.000 0.482 0.166 0.000 0.190 0.000 0.123 0.115 0.229 0.133 0.000 0.082 0.245 0.000 0.142 0.000 0.249 0.205 0.284 0.062 0.000 0.239 0.075 0.000 0.090 0.000 0.088 0.100 0.115 0.019 0.000 0.058 0.086 0.375 0.616 0.000 0.190 0.144 0.000 0.000 0.085 0.073 0.055 0.156 0.090 0.000 0.130 0.116 0.000 0.000 0.069 0.116 0.145 0.083 0.081 0.000 0.059 0.092 0.000 0.000 0.092 0.044 0.044 0.098)  
Brain region: CA1: 69744 neurons  
Training on 6531 trials, testing on 1656 trials
Using device: cuda
Using balanced loss with class weights:
  Output 0: [0.1086622  0.14209561 0.0937512  0.1100153  0.19171864 0.07667643
 0.08078285 0.14107156 0.0552262 ]
Epoch [1/200], Loss: 2.356103
Epoch [2/200], Loss: 2.346657
Epoch [3/200], Loss: 2.337351
Epoch [4/200], Loss: 2.328099
Epoch [5/200], Loss: 2.318868
Epoch [6/200], Loss: 2.309627
Epoch [7/200], Loss: 2.300350
Epoch [8/200], Loss: 2.291024
Epoch [9/200], Loss: 2.281638
Epoch [10/200], Loss: 2.272180
Epoch [20/200], Loss: 2.171825
Epoch [30/200], Loss: 2.058185
Epoch [40/200], Loss: 1.933088
Epoch [50/200], Loss: 1.804073
Epoch [60/200], Loss: 1.680119
Epoch [70/200], Loss: 1.567915
Epoch [80/200], Loss: 1.470526
Epoch [90/200], Loss: 1.387976
Epoch [100/200], Loss: 1.318617
Epoch [110/200], Loss: 1.260279
Epoch [120/200], Loss: 1.210874
Epoch [130/200], Loss: 1.168629
Epoch [140/200], Loss: 1.132120
Epoch [150/200], Loss: 1.100232
Epoch [160/200], Loss: 1.072107
Epoch [170/200], Loss: 1.047073
Epoch [180/200], Loss: 1.024606
Epoch [190/200], Loss: 1.004295
Epoch [200/200], Loss: 0.985811
Test Loss: 0.987061

Training Balanced Accuracy Scores (chance = 1/num_classes):
  0 (position): 0.7937  (chance: 0.1111)

Validation Balanced Accuracy Scores (chance = 1/num_classes):
  0 (position): 0.6697  (chance: 0.1111)
