Data format is valid, no errors or warnings.
Number of sessions: 138
Total number of trials: 69074
Number of trials per session: [159, 517, 206, 520, 528, 499, 660, 520, 519, 529, 582, 435, 519, 571, 443, 559, 597, 437, 682, 281, 501, 692, 796, 660, 688, 420, 655, 561, 611, 501, 750, 579, 550, 522, 567, 539, 502, 404, 353, 371, 398, 398, 434, 422, 370, 380, 495, 517, 467, 429, 629, 395, 467, 463, 395, 440, 423, 380, 464, 611, 494, 575, 478, 453, 499, 509, 598, 410, 495, 385, 246, 422, 493, 500, 499, 460, 461, 472, 493, 577, 648, 467, 457, 219, 498, 293, 418, 336, 544, 531, 543, 475, 511, 523, 603, 493, 553, 505, 471, 572, 611, 439, 518, 426, 556, 409, 512, 489, 453, 597, 620, 613, 668, 609, 563, 377, 498, 497, 461, 375, 441, 502, 540, 491, 496, 613, 558, 499, 602, 533, 477, 573, 628, 529, 474, 655, 432, 599]
Number of subjects: 28
Number of brain regions: 28
Number of sessions per subject:
  Subject 440956: 3 sessions
  Subject 440957: 4 sessions
  Subject 440958: 4 sessions
  Subject 440959: 4 sessions
  Subject 441666: 4 sessions
  Subject 442571: 3 sessions
  Subject 449141: 5 sessions
  Subject 455219: 4 sessions
  Subject 455220: 6 sessions
  Subject 456772: 10 sessions
  Subject 456773: 4 sessions
  Subject 456774: 2 sessions
  Subject 460432: 3 sessions
  Subject 460434: 4 sessions
  Subject 460436: 4 sessions
  Subject 479121: 5 sessions
  Subject 479149: 4 sessions
  Subject 480133: 4 sessions
  Subject 480134: 4 sessions
  Subject 480135: 4 sessions
  Subject 480927: 10 sessions
  Subject 480928: 6 sessions
  Subject 484672: 4 sessions
  Subject 484673: 9 sessions
  Subject 484674: 9 sessions
  Subject 484675: 3 sessions
  Subject 484676: 6 sessions
  Subject 484677: 6 sessions
Input dimension: 2
Output dimension: 4
Summary statistics (across all sessions):
  T: mean: 80.00, median: 80.00, min: 80, max: 80
  n_neurons: mean: 401.66', min: 90, max: 923
  Input range:
    time_from_tone_onset: [-1.5, 11.9]
    photostim_on: [0.0, 1.0]
  Output range:
    choice: [0.0, 2.0]
    outcome: [0.0, 2.0]
    early_lick: [0.0, 1.0]
    tongue_y: [0.0, 3.0]
  Unique outputs per dimension (fraction of data):
    choice: {left (0.453), right (0.443), no lick (0.104)}
    outcome: {ignore (0.106), miss (0.154), hit (0.741)}
    early_lick: {no (0.880), yes (0.120)}
    tongue_y: {<40th pctile (0.127), 40th-60th pctile (0.069), >60th pctile (0.071), not visible (0.734)}
  Brain region distribution:
    left ALM: 3480 neurons
    left Cerebellum: 957 neurons
    left CorticalSubplate: 491 neurons
    left Hippocampus: 909 neurons
    left Hypothalamus: 295 neurons
    left Medulla: 1504 neurons
    left Midbrain: 2834 neurons
    left Olfactory: 1607 neurons
    left Orbital: 4396 neurons
    left OtherCortex: 3503 neurons
    left Pallidum: 484 neurons
    left Pons: 174 neurons
    left Striatum: 2909 neurons
    left Thalamus: 6223 neurons
    right ALM: 3255 neurons
    right Cerebellum: 529 neurons
    right CorticalSubplate: 491 neurons
    right Hippocampus: 672 neurons
    right Hypothalamus: 248 neurons
    right Medulla: 1084 neurons
    right Midbrain: 2962 neurons
    right Olfactory: 1692 neurons
    right Orbital: 4042 neurons
    right OtherCortex: 2679 neurons
    right Pallidum: 368 neurons
    right Pons: 230 neurons
    right Striatum: 2788 neurons
    right Thalamus: 4623 neurons

Per-session statistics:
  Mean T: 80.0, 80.0, 80.0, 80.0, 80.0, 80.0, 80.0, 80.0, 80.0, 80.0, 80.0, 80.0, 80.0, 80.0, 80.0, 80.0, 80.0, 80.0, 80.0, 80.0, 80.0, 80.0, 80.0, 80.0, 80.0, 80.0, 80.0, 80.0, 80.0, 80.0, 80.0, 80.0, 80.0, 80.0, 80.0, 80.0, 80.0, 80.0, 80.0, 80.0, 80.0, 80.0, 80.0, 80.0, 80.0, 80.0, 80.0, 80.0, 80.0, 80.0, 80.0, 80.0, 80.0, 80.0, 80.0, 80.0, 80.0, 80.0, 80.0, 80.0, 80.0, 80.0, 80.0, 80.0, 80.0, 80.0, 80.0, 80.0, 80.0, 80.0, 80.0, 80.0, 80.0, 80.0, 80.0, 80.0, 80.0, 80.0, 80.0, 80.0, 80.0, 80.0, 80.0, 80.0, 80.0, 80.0, 80.0, 80.0, 80.0, 80.0, 80.0, 80.0, 80.0, 80.0, 80.0, 80.0, 80.0, 80.0, 80.0, 80.0, 80.0, 80.0, 80.0, 80.0, 80.0, 80.0, 80.0, 80.0, 80.0, 80.0, 80.0, 80.0, 80.0, 80.0, 80.0, 80.0, 80.0, 80.0, 80.0, 80.0, 80.0, 80.0, 80.0, 80.0, 80.0, 80.0, 80.0, 80.0, 80.0, 80.0, 80.0, 80.0, 80.0, 80.0, 80.0, 80.0, 80.0, 80.0
  Min T: 80, 80, 80, 80, 80, 80, 80, 80, 80, 80, 80, 80, 80, 80, 80, 80, 80, 80, 80, 80, 80, 80, 80, 80, 80, 80, 80, 80, 80, 80, 80, 80, 80, 80, 80, 80, 80, 80, 80, 80, 80, 80, 80, 80, 80, 80, 80, 80, 80, 80, 80, 80, 80, 80, 80, 80, 80, 80, 80, 80, 80, 80, 80, 80, 80, 80, 80, 80, 80, 80, 80, 80, 80, 80, 80, 80, 80, 80, 80, 80, 80, 80, 80, 80, 80, 80, 80, 80, 80, 80, 80, 80, 80, 80, 80, 80, 80, 80, 80, 80, 80, 80, 80, 80, 80, 80, 80, 80, 80, 80, 80, 80, 80, 80, 80, 80, 80, 80, 80, 80, 80, 80, 80, 80, 80, 80, 80, 80, 80, 80, 80, 80, 80, 80, 80, 80, 80, 80
  Max T: 80, 80, 80, 80, 80, 80, 80, 80, 80, 80, 80, 80, 80, 80, 80, 80, 80, 80, 80, 80, 80, 80, 80, 80, 80, 80, 80, 80, 80, 80, 80, 80, 80, 80, 80, 80, 80, 80, 80, 80, 80, 80, 80, 80, 80, 80, 80, 80, 80, 80, 80, 80, 80, 80, 80, 80, 80, 80, 80, 80, 80, 80, 80, 80, 80, 80, 80, 80, 80, 80, 80, 80, 80, 80, 80, 80, 80, 80, 80, 80, 80, 80, 80, 80, 80, 80, 80, 80, 80, 80, 80, 80, 80, 80, 80, 80, 80, 80, 80, 80, 80, 80, 80, 80, 80, 80, 80, 80, 80, 80, 80, 80, 80, 80, 80, 80, 80, 80, 80, 80, 80, 80, 80, 80, 80, 80, 80, 80, 80, 80, 80, 80, 80, 80, 80, 80, 80, 80
  n_neurons: 375, 205, 552, 526, 505, 192, 161, 347, 342, 432, 367, 214, 383, 452, 537, 290, 314, 501, 278, 433, 425, 436, 499, 571, 533, 675, 496, 498, 530, 463, 599, 224, 478, 488, 427, 433, 428, 106, 157, 217, 194, 344, 253, 343, 477, 332, 442, 452, 272, 414, 346, 532, 178, 322, 368, 184, 156, 150, 190, 141, 365, 254, 323, 269, 378, 537, 374, 322, 90, 233, 480, 304, 328, 439, 639, 618, 205, 420, 683, 675, 749, 765, 538, 502, 219, 477, 376, 516, 688, 350, 219, 469, 366, 483, 268, 432, 407, 650, 731, 923, 724, 213, 330, 492, 215, 486, 633, 497, 532, 285, 227, 342, 430, 390, 308, 298, 638, 208, 452, 238, 206, 404, 269, 393, 483, 325, 473, 302, 317, 530, 437, 339, 445, 390, 308, 787, 472, 368
  Input range:
    0: [-0.6, 5.5] [-0.6, 4.5] [-0.6, 4.1] [-0.6, 5.3] [-0.6, 5.0] [-0.6, 4.7] [-0.6, 5.7] [-0.6, 5.0] [-0.6, 7.1] [-0.6, 7.2] [-0.6, 6.2] [-0.6, 5.9] [-0.6, 7.2] [-0.6, 7.4] [-0.6, 6.1] [-0.6, 5.9] [-0.6, 5.7] [-0.6, 6.1] [-0.6, 7.1] [-0.6, 5.1] [-0.6, 5.7] [-0.6, 5.1] [-0.6, 7.6] [-0.6, 5.6] [-0.6, 5.6] [-0.6, 5.3] [-0.6, 4.4] [-0.6, 6.2] [-0.6, 6.3] [-0.6, 4.8] [-0.6, 6.7] [-0.6, 6.0] [-0.6, 6.3] [-0.6, 6.3] [-0.6, 6.9] [-0.6, 6.3] [-0.6, 6.9] [-1.5, 5.8] [-0.6, 5.8] [-1.5, 7.4] [-0.6, 5.1] [-0.6, 5.5] [-1.5, 5.8] [-0.6, 4.9] [-0.6, 5.6] [-1.5, 5.8] [-0.6, 6.8] [-1.5, 6.0] [-1.5, 9.4] [-1.5, 5.8] [-1.5, 6.3] [-0.6, 9.7] [-1.5, 5.5] [-1.5, 5.0] [-0.6, 5.7] [-1.2, 7.0] [-0.6, 5.4] [-1.5, 6.7] [-1.5, 7.9] [-1.5, 6.6] [-0.6, 6.6] [-0.6, 9.1] [-1.5, 7.2] [-0.6, 5.7] [-0.6, 5.4] [-0.6, 5.9] [-1.2, 5.7] [-0.6, 4.8] [-1.5, 4.3] [-1.5, 6.3] [-1.5, 8.2] [-0.9, 6.6] [-0.6, 6.6] [-1.5, 7.3] [-1.5, 4.8] [-1.5, 9.2] [-0.6, 6.4] [-0.6, 5.7] [-1.5, 5.8] [-1.5, 6.5] [-1.5, 6.5] [-1.5, 5.2] [-0.6, 5.3] [-1.5, 5.9] [-1.5, 7.6] [-1.5, 5.3] [-1.3, 5.5] [-1.5, 5.5] [-1.5, 6.6] [-1.5, 6.5] [-1.5, 6.8] [-1.2, 8.4] [-1.5, 7.3] [-1.5, 11.9] [-0.8, 9.3] [-1.5, 5.8] [-1.5, 5.5] [-1.5, 6.8] [-1.2, 5.9] [-0.6, 4.7] [-1.5, 5.3] [-1.5, 5.5] [-0.6, 6.3] [-1.5, 5.0] [-1.5, 6.1] [-0.6, 3.9] [-0.6, 5.4] [-0.6, 6.0] [-1.5, 5.5] [-1.5, 6.2] [-0.6, 6.7] [-0.6, 6.2] [-0.6, 6.1] [-0.6, 6.7] [-1.5, 7.4] [-1.5, 8.2] [-1.5, 6.9] [-1.5, 8.0] [-1.5, 7.3] [-0.6, 8.8] [-1.5, 5.1] [-1.5, 9.7] [-1.5, 7.2] [-1.5, 5.8] [-1.5, 5.7] [-1.5, 6.7] [-1.5, 7.0] [-1.5, 5.6] [-0.6, 6.2] [-1.5, 5.8] [-1.5, 5.9] [-1.5, 6.4] [-0.6, 6.2] [-1.5, 8.2] [-0.6, 5.6] [-1.5, 6.1] [-0.6, 6.8] [-0.6, 7.1] 
    1: [0.0, 1.0] [0.0, 1.0] [0.0, 1.0] [0.0, 1.0] [0.0, 1.0] [0.0, 1.0] [0.0, 1.0] [0.0, 1.0] [0.0, 1.0] [0.0, 1.0] [0.0, 1.0] [0.0, 1.0] [0.0, 1.0] [0.0, 0.0] [0.0, 1.0] [0.0, 1.0] [0.0, 1.0] [0.0, 1.0] [0.0, 1.0] [0.0, 1.0] [0.0, 1.0] [0.0, 1.0] [0.0, 1.0] [0.0, 1.0] [0.0, 1.0] [0.0, 1.0] [0.0, 1.0] [0.0, 1.0] [0.0, 1.0] [0.0, 1.0] [0.0, 1.0] [0.0, 1.0] [0.0, 1.0] [0.0, 1.0] [0.0, 1.0] [0.0, 1.0] [0.0, 1.0] [0.0, 1.0] [0.0, 1.0] [0.0, 1.0] [0.0, 1.0] [0.0, 1.0] [0.0, 1.0] [0.0, 1.0] [0.0, 1.0] [0.0, 1.0] [0.0, 1.0] [0.0, 1.0] [0.0, 1.0] [0.0, 1.0] [0.0, 1.0] [0.0, 1.0] [0.0, 1.0] [0.0, 1.0] [0.0, 1.0] [0.0, 1.0] [0.0, 1.0] [0.0, 1.0] [0.0, 1.0] [0.0, 1.0] [0.0, 1.0] [0.0, 1.0] [0.0, 1.0] [0.0, 1.0] [0.0, 1.0] [0.0, 1.0] [0.0, 1.0] [0.0, 1.0] [0.0, 1.0] [0.0, 0.0] [0.0, 1.0] [0.0, 1.0] [0.0, 1.0] [0.0, 0.0] [0.0, 1.0] [0.0, 1.0] [0.0, 1.0] [0.0, 1.0] [0.0, 1.0] [0.0, 1.0] [0.0, 1.0] [0.0, 1.0] [0.0, 1.0] [0.0, 1.0] [0.0, 1.0] [0.0, 1.0] [0.0, 1.0] [0.0, 1.0] [0.0, 1.0] [0.0, 1.0] [0.0, 1.0] [0.0, 1.0] [0.0, 1.0] [0.0, 1.0] [0.0, 1.0] [0.0, 1.0] [0.0, 1.0] [0.0, 1.0] [0.0, 1.0] [0.0, 1.0] [0.0, 1.0] [0.0, 1.0] [0.0, 1.0] [0.0, 1.0] [0.0, 1.0] [0.0, 1.0] [0.0, 1.0] [0.0, 1.0] [0.0, 1.0] [0.0, 1.0] [0.0, 1.0] [0.0, 1.0] [0.0, 1.0] [0.0, 1.0] [0.0, 1.0] [0.0, 1.0] [0.0, 1.0] [0.0, 1.0] [0.0, 1.0] [0.0, 1.0] [0.0, 1.0] [0.0, 1.0] [0.0, 1.0] [0.0, 1.0] [0.0, 1.0] [0.0, 1.0] [0.0, 1.0] [0.0, 1.0] [0.0, 1.0] [0.0, 1.0] [0.0, 1.0] [0.0, 1.0] [0.0, 1.0] [0.0, 1.0] [0.0, 1.0] [0.0, 1.0] [0.0, 1.0] [0.0, 1.0] 
  Output range:
    0: [0.0, 2.0] [0.0, 2.0] [0.0, 2.0] [0.0, 2.0] [0.0, 2.0] [0.0, 2.0] [0.0, 2.0] [0.0, 2.0] [0.0, 2.0] [0.0, 2.0] [0.0, 1.0] [0.0, 2.0] [0.0, 2.0] [0.0, 2.0] [0.0, 2.0] [0.0, 2.0] [0.0, 2.0] [0.0, 2.0] [0.0, 2.0] [0.0, 2.0] [0.0, 2.0] [0.0, 2.0] [0.0, 2.0] [0.0, 2.0] [0.0, 2.0] [0.0, 2.0] [0.0, 2.0] [0.0, 2.0] [0.0, 2.0] [0.0, 2.0] [0.0, 2.0] [0.0, 2.0] [0.0, 2.0] [0.0, 2.0] [0.0, 2.0] [0.0, 2.0] [0.0, 2.0] [0.0, 2.0] [0.0, 2.0] [0.0, 2.0] [0.0, 2.0] [0.0, 2.0] [0.0, 2.0] [0.0, 2.0] [0.0, 2.0] [0.0, 2.0] [0.0, 2.0] [0.0, 2.0] [0.0, 2.0] [0.0, 2.0] [0.0, 2.0] [0.0, 2.0] [0.0, 2.0] [0.0, 2.0] [0.0, 2.0] [0.0, 2.0] [0.0, 2.0] [0.0, 2.0] [0.0, 2.0] [0.0, 2.0] [0.0, 2.0] [0.0, 2.0] [0.0, 2.0] [0.0, 2.0] [0.0, 2.0] [0.0, 2.0] [0.0, 2.0] [0.0, 2.0] [0.0, 2.0] [0.0, 2.0] [0.0, 2.0] [0.0, 2.0] [0.0, 2.0] [0.0, 2.0] [0.0, 2.0] [0.0, 2.0] [0.0, 2.0] [0.0, 2.0] [0.0, 2.0] [0.0, 2.0] [0.0, 2.0] [0.0, 2.0] [0.0, 2.0] [0.0, 2.0] [0.0, 2.0] [0.0, 2.0] [0.0, 2.0] [0.0, 2.0] [0.0, 2.0] [0.0, 2.0] [0.0, 2.0] [0.0, 2.0] [0.0, 2.0] [0.0, 2.0] [0.0, 2.0] [0.0, 2.0] [0.0, 2.0] [0.0, 2.0] [0.0, 2.0] [0.0, 2.0] [0.0, 2.0] [0.0, 2.0] [0.0, 2.0] [0.0, 2.0] [0.0, 2.0] [0.0, 2.0] [0.0, 2.0] [0.0, 2.0] [0.0, 2.0] [0.0, 1.0] [0.0, 1.0] [0.0, 2.0] [0.0, 2.0] [0.0, 2.0] [0.0, 2.0] [0.0, 2.0] [0.0, 2.0] [0.0, 2.0] [0.0, 2.0] [0.0, 2.0] [0.0, 2.0] [0.0, 2.0] [0.0, 2.0] [0.0, 2.0] [0.0, 2.0] [0.0, 2.0] [0.0, 2.0] [0.0, 2.0] [0.0, 2.0] [0.0, 2.0] [0.0, 2.0] [0.0, 2.0] [0.0, 2.0] [0.0, 2.0] [0.0, 2.0] [0.0, 2.0] [0.0, 2.0] [0.0, 2.0] 
    1: [0.0, 2.0] [0.0, 2.0] [0.0, 2.0] [0.0, 2.0] [0.0, 2.0] [0.0, 2.0] [0.0, 2.0] [0.0, 2.0] [0.0, 2.0] [0.0, 2.0] [1.0, 2.0] [0.0, 2.0] [0.0, 2.0] [0.0, 2.0] [0.0, 2.0] [0.0, 2.0] [0.0, 2.0] [0.0, 2.0] [0.0, 2.0] [0.0, 2.0] [0.0, 2.0] [0.0, 2.0] [0.0, 2.0] [0.0, 2.0] [0.0, 2.0] [0.0, 2.0] [0.0, 2.0] [0.0, 2.0] [0.0, 2.0] [0.0, 2.0] [0.0, 2.0] [0.0, 2.0] [0.0, 2.0] [0.0, 2.0] [0.0, 2.0] [0.0, 2.0] [0.0, 2.0] [0.0, 2.0] [0.0, 2.0] [0.0, 2.0] [0.0, 2.0] [0.0, 2.0] [0.0, 2.0] [0.0, 2.0] [0.0, 2.0] [0.0, 2.0] [0.0, 2.0] [0.0, 2.0] [0.0, 2.0] [0.0, 2.0] [0.0, 2.0] [0.0, 2.0] [0.0, 2.0] [0.0, 2.0] [0.0, 2.0] [0.0, 2.0] [0.0, 2.0] [0.0, 2.0] [0.0, 2.0] [0.0, 2.0] [0.0, 2.0] [0.0, 2.0] [0.0, 2.0] [0.0, 2.0] [0.0, 2.0] [0.0, 2.0] [0.0, 2.0] [0.0, 2.0] [0.0, 2.0] [0.0, 2.0] [0.0, 2.0] [0.0, 2.0] [0.0, 2.0] [0.0, 2.0] [0.0, 2.0] [0.0, 2.0] [0.0, 2.0] [0.0, 2.0] [0.0, 2.0] [0.0, 2.0] [0.0, 2.0] [0.0, 2.0] [0.0, 2.0] [0.0, 2.0] [0.0, 2.0] [0.0, 2.0] [0.0, 2.0] [0.0, 2.0] [0.0, 2.0] [0.0, 2.0] [0.0, 2.0] [0.0, 2.0] [0.0, 2.0] [0.0, 2.0] [0.0, 2.0] [0.0, 2.0] [0.0, 2.0] [0.0, 2.0] [0.0, 2.0] [0.0, 2.0] [0.0, 2.0] [0.0, 2.0] [0.0, 2.0] [0.0, 2.0] [0.0, 2.0] [0.0, 2.0] [0.0, 2.0] [0.0, 2.0] [0.0, 2.0] [1.0, 2.0] [1.0, 2.0] [0.0, 2.0] [0.0, 2.0] [0.0, 2.0] [0.0, 2.0] [0.0, 2.0] [0.0, 2.0] [0.0, 2.0] [0.0, 2.0] [0.0, 2.0] [0.0, 2.0] [0.0, 2.0] [0.0, 2.0] [0.0, 2.0] [0.0, 2.0] [0.0, 2.0] [0.0, 2.0] [0.0, 2.0] [0.0, 2.0] [0.0, 2.0] [0.0, 2.0] [0.0, 2.0] [0.0, 2.0] [0.0, 2.0] [0.0, 2.0] [0.0, 2.0] [0.0, 2.0] [0.0, 2.0] 
    2: [0.0, 1.0] [0.0, 1.0] [0.0, 1.0] [0.0, 1.0] [0.0, 1.0] [0.0, 1.0] [0.0, 1.0] [0.0, 1.0] [0.0, 1.0] [0.0, 1.0] [0.0, 1.0] [0.0, 1.0] [0.0, 1.0] [0.0, 0.0] [0.0, 1.0] [0.0, 1.0] [0.0, 1.0] [0.0, 1.0] [0.0, 1.0] [0.0, 1.0] [0.0, 1.0] [0.0, 1.0] [0.0, 1.0] [0.0, 1.0] [0.0, 1.0] [0.0, 1.0] [0.0, 1.0] [0.0, 1.0] [0.0, 1.0] [0.0, 1.0] [0.0, 1.0] [0.0, 1.0] [0.0, 1.0] [0.0, 1.0] [0.0, 1.0] [0.0, 1.0] [0.0, 1.0] [0.0, 1.0] [0.0, 1.0] [0.0, 1.0] [0.0, 1.0] [0.0, 1.0] [0.0, 1.0] [0.0, 1.0] [0.0, 1.0] [0.0, 1.0] [0.0, 1.0] [0.0, 1.0] [0.0, 1.0] [0.0, 1.0] [0.0, 1.0] [0.0, 1.0] [0.0, 1.0] [0.0, 1.0] [0.0, 1.0] [0.0, 1.0] [0.0, 1.0] [0.0, 1.0] [0.0, 1.0] [0.0, 1.0] [0.0, 1.0] [0.0, 1.0] [0.0, 1.0] [0.0, 1.0] [0.0, 1.0] [0.0, 1.0] [0.0, 1.0] [0.0, 1.0] [0.0, 1.0] [0.0, 1.0] [0.0, 1.0] [0.0, 1.0] [0.0, 1.0] [0.0, 1.0] [0.0, 1.0] [0.0, 1.0] [0.0, 1.0] [0.0, 1.0] [0.0, 1.0] [0.0, 1.0] [0.0, 1.0] [0.0, 1.0] [0.0, 1.0] [0.0, 1.0] [0.0, 1.0] [0.0, 1.0] [0.0, 1.0] [0.0, 1.0] [0.0, 1.0] [0.0, 1.0] [0.0, 1.0] [0.0, 1.0] [0.0, 1.0] [0.0, 1.0] [0.0, 1.0] [0.0, 1.0] [0.0, 1.0] [0.0, 1.0] [0.0, 1.0] [0.0, 1.0] [0.0, 1.0] [0.0, 1.0] [0.0, 1.0] [0.0, 1.0] [0.0, 1.0] [0.0, 1.0] [0.0, 1.0] [0.0, 1.0] [0.0, 1.0] [0.0, 1.0] [0.0, 1.0] [0.0, 1.0] [0.0, 1.0] [0.0, 1.0] [0.0, 1.0] [0.0, 1.0] [0.0, 1.0] [0.0, 1.0] [0.0, 1.0] [0.0, 1.0] [0.0, 1.0] [0.0, 1.0] [0.0, 1.0] [0.0, 1.0] [0.0, 1.0] [0.0, 1.0] [0.0, 1.0] [0.0, 1.0] [0.0, 1.0] [0.0, 1.0] [0.0, 1.0] [0.0, 1.0] [0.0, 1.0] [0.0, 1.0] [0.0, 1.0] [0.0, 1.0] [0.0, 1.0] [0.0, 1.0] 
    3: [0.0, 3.0] [0.0, 3.0] [0.0, 3.0] [0.0, 3.0] [0.0, 3.0] [0.0, 3.0] [0.0, 3.0] [0.0, 3.0] [0.0, 3.0] [0.0, 3.0] [0.0, 3.0] [0.0, 3.0] [0.0, 3.0] [0.0, 3.0] [0.0, 3.0] [0.0, 3.0] [0.0, 3.0] [0.0, 3.0] [0.0, 3.0] [0.0, 3.0] [0.0, 3.0] [0.0, 3.0] [0.0, 3.0] [0.0, 3.0] [0.0, 3.0] [0.0, 3.0] [0.0, 3.0] [0.0, 3.0] [0.0, 3.0] [0.0, 3.0] [0.0, 3.0] [0.0, 3.0] [0.0, 3.0] [0.0, 3.0] [0.0, 3.0] [0.0, 3.0] [0.0, 3.0] [0.0, 3.0] [0.0, 3.0] [0.0, 3.0] [0.0, 3.0] [0.0, 3.0] [0.0, 3.0] [0.0, 3.0] [0.0, 3.0] [0.0, 3.0] [0.0, 3.0] [0.0, 3.0] [0.0, 3.0] [0.0, 3.0] [0.0, 3.0] [0.0, 3.0] [0.0, 3.0] [0.0, 3.0] [0.0, 3.0] [0.0, 3.0] [0.0, 3.0] [0.0, 3.0] [0.0, 3.0] [0.0, 3.0] [0.0, 3.0] [0.0, 3.0] [0.0, 3.0] [0.0, 3.0] [0.0, 3.0] [0.0, 3.0] [0.0, 3.0] [0.0, 3.0] [0.0, 3.0] [0.0, 3.0] [0.0, 3.0] [0.0, 3.0] [0.0, 3.0] [0.0, 3.0] [0.0, 3.0] [0.0, 3.0] [0.0, 3.0] [0.0, 3.0] [0.0, 3.0] [0.0, 3.0] [0.0, 3.0] [0.0, 3.0] [0.0, 3.0] [0.0, 3.0] [0.0, 3.0] [0.0, 3.0] [0.0, 3.0] [0.0, 3.0] [0.0, 3.0] [0.0, 3.0] [0.0, 3.0] [0.0, 3.0] [0.0, 3.0] [0.0, 3.0] [0.0, 3.0] [0.0, 3.0] [0.0, 3.0] [0.0, 3.0] [0.0, 3.0] [0.0, 3.0] [0.0, 3.0] [0.0, 3.0] [0.0, 3.0] [0.0, 3.0] [0.0, 3.0] [0.0, 3.0] [0.0, 3.0] [0.0, 3.0] [0.0, 3.0] [0.0, 3.0] [0.0, 3.0] [0.0, 3.0] [0.0, 3.0] [0.0, 3.0] [0.0, 3.0] [0.0, 3.0] [0.0, 3.0] [0.0, 3.0] [0.0, 3.0] [0.0, 3.0] [0.0, 3.0] [0.0, 3.0] [0.0, 3.0] [0.0, 3.0] [0.0, 3.0] [0.0, 3.0] [0.0, 3.0] [0.0, 3.0] [0.0, 3.0] [0.0, 3.0] [0.0, 3.0] [0.0, 3.0] [0.0, 3.0] [0.0, 3.0] [0.0, 3.0] [0.0, 3.0] [0.0, 3.0] [0.0, 3.0] 
  Output fraction of data:
choice: (0.516 0.516 0.451 0.500 0.527 0.497 0.495 0.502 0.497 0.474 0.486 0.497 0.491 0.485 0.449 0.227 0.496 0.492 0.457 0.502 0.483 0.484 0.486 0.512 0.435 0.486 0.542 0.480 0.486 0.493 0.496 0.489 0.516 0.490 0.434 0.462 0.394 0.493 0.450 0.480 0.397 0.462 0.475 0.486 0.365 0.516 0.479 0.472 0.471 0.517 0.517 0.408 0.317 0.499 0.362 0.441 0.270 0.361 0.409 0.437 0.478 0.487 0.458 0.512 0.417 0.548 0.492 0.388 0.453 0.387 0.447 0.505 0.475 0.514 0.397 0.448 0.345 0.422 0.422 0.451 0.455 0.439 0.499 0.489 0.416 0.352 0.256 0.259 0.412 0.443 0.494 0.461 0.497 0.478 0.481 0.353 0.257 0.349 0.272 0.280 0.273 0.387 0.620 0.399 0.559 0.452 0.488 0.505 0.448 0.499 0.494 0.473 0.478 0.501 0.512 0.485 0.466 0.457 0.432 0.427 0.358 0.490 0.452 0.356 0.478 0.485 0.504 0.487 0.463 0.482 0.459 0.468 0.451 0.338 0.401 0.492 0.428 0.456)  0.472 0.458 0.529 0.496 0.472 0.491 0.495 0.485 0.474 0.512 0.514 0.434 0.505 0.504 0.544 0.195 0.439 0.474 0.512 0.480 0.491 0.487 0.495 0.485 0.519 0.352 0.421 0.517 0.509 0.495 0.496 0.473 0.469 0.450 0.453 0.451 0.418 0.493 0.414 0.466 0.382 0.530 0.502 0.512 0.351 0.482 0.515 0.456 0.493 0.464 0.479 0.430 0.289 0.406 0.514 0.380 0.267 0.389 0.502 0.550 0.518 0.510 0.454 0.475 0.353 0.428 0.502 0.302 0.501 0.379 0.386 0.436 0.471 0.400 0.277 0.326 0.312 0.407 0.420 0.459 0.480 0.420 0.481 0.489 0.464 0.348 0.335 0.250 0.460 0.441 0.484 0.480 0.448 0.470 0.496 0.347 0.336 0.352 0.346 0.253 0.229 0.310 0.255 0.369 0.230 0.421 0.479 0.440 0.408 0.501 0.506 0.488 0.500 0.486 0.476 0.504 0.462 0.455 0.490 0.301 0.290 0.498 0.519 0.297 0.337 0.414 0.489 0.475 0.490 0.507 0.434 0.496 0.533 0.516 0.409 0.444 0.468 0.461)  0.013 0.025 0.019 0.004 0.002 0.012 0.009 0.013 0.029 0.013 0.000 0.069 0.004 0.011 0.007 0.578 0.065 0.034 0.031 0.018 0.026 0.029 0.019 0.003 0.047 0.162 0.037 0.004 0.005 0.012 0.008 0.038 0.015 0.059 0.113 0.087 0.187 0.015 0.136 0.054 0.221 0.008 0.023 0.002 0.284 0.003 0.006 0.072 0.036 0.019 0.005 0.162 0.394 0.095 0.124 0.180 0.463 0.250 0.088 0.013 0.004 0.003 0.088 0.013 0.230 0.024 0.007 0.310 0.046 0.234 0.167 0.059 0.055 0.086 0.327 0.226 0.343 0.172 0.158 0.090 0.065 0.141 0.020 0.023 0.120 0.300 0.409 0.491 0.129 0.117 0.022 0.059 0.055 0.052 0.023 0.300 0.407 0.299 0.382 0.467 0.498 0.303 0.125 0.232 0.210 0.127 0.033 0.055 0.143 0.000 0.000 0.039 0.022 0.013 0.012 0.011 0.072 0.089 0.078 0.272 0.351 0.012 0.030 0.346 0.185 0.101 0.007 0.038 0.047 0.011 0.107 0.037 0.016 0.146 0.190 0.064 0.104 0.083)  
outcome: (0.013 0.025 0.019 0.004 0.002 0.012 0.009 0.013 0.029 0.013 0.000 0.069 0.004 0.011 0.007 0.578 0.067 0.034 0.031 0.018 0.026 0.029 0.019 0.003 0.047 0.162 0.038 0.004 0.005 0.014 0.009 0.038 0.015 0.059 0.116 0.087 0.187 0.017 0.139 0.057 0.229 0.008 0.023 0.002 0.286 0.005 0.006 0.072 0.036 0.019 0.005 0.162 0.398 0.095 0.132 0.186 0.480 0.258 0.091 0.015 0.004 0.003 0.094 0.015 0.232 0.024 0.007 0.312 0.048 0.234 0.171 0.059 0.057 0.088 0.329 0.226 0.343 0.172 0.158 0.090 0.066 0.143 0.020 0.023 0.120 0.300 0.419 0.509 0.138 0.121 0.029 0.061 0.057 0.054 0.030 0.300 0.409 0.301 0.386 0.469 0.499 0.310 0.124 0.232 0.216 0.127 0.033 0.057 0.146 0.000 0.000 0.039 0.022 0.013 0.014 0.019 0.074 0.097 0.080 0.288 0.361 0.018 0.035 0.350 0.185 0.109 0.007 0.038 0.048 0.011 0.107 0.038 0.016 0.149 0.198 0.066 0.104 0.083)  0.138 0.068 0.049 0.175 0.110 0.120 0.089 0.187 0.177 0.130 0.216 0.280 0.276 0.205 0.257 0.059 0.186 0.172 0.144 0.093 0.110 0.094 0.315 0.220 0.237 0.238 0.223 0.209 0.183 0.164 0.145 0.140 0.140 0.170 0.113 0.121 0.122 0.171 0.156 0.119 0.156 0.070 0.097 0.135 0.138 0.116 0.137 0.118 0.165 0.142 0.118 0.180 0.039 0.317 0.284 0.127 0.076 0.166 0.241 0.268 0.134 0.122 0.157 0.110 0.126 0.169 0.065 0.166 0.071 0.244 0.232 0.223 0.243 0.270 0.220 0.233 0.169 0.227 0.130 0.276 0.285 0.293 0.269 0.320 0.257 0.061 0.024 0.077 0.143 0.156 0.076 0.067 0.080 0.082 0.109 0.201 0.192 0.212 0.127 0.170 0.177 0.210 0.216 0.136 0.176 0.039 0.062 0.061 0.055 0.112 0.118 0.106 0.027 0.049 0.085 0.082 0.062 0.082 0.028 0.152 0.141 0.100 0.046 0.165 0.246 0.266 0.122 0.088 0.090 0.122 0.140 0.166 0.166 0.127 0.122 0.194 0.222 0.127)  0.849 0.907 0.932 0.821 0.888 0.868 0.902 0.800 0.794 0.856 0.784 0.651 0.721 0.785 0.736 0.363 0.747 0.794 0.826 0.890 0.864 0.877 0.666 0.777 0.717 0.600 0.739 0.788 0.812 0.822 0.845 0.822 0.845 0.770 0.771 0.792 0.691 0.812 0.705 0.825 0.616 0.922 0.880 0.863 0.576 0.879 0.857 0.810 0.799 0.839 0.878 0.658 0.563 0.587 0.585 0.686 0.444 0.576 0.668 0.717 0.862 0.875 0.749 0.874 0.641 0.807 0.928 0.522 0.881 0.522 0.598 0.718 0.700 0.642 0.451 0.541 0.488 0.602 0.712 0.634 0.648 0.563 0.711 0.658 0.622 0.638 0.557 0.414 0.719 0.723 0.895 0.872 0.863 0.864 0.861 0.499 0.400 0.487 0.486 0.362 0.324 0.481 0.660 0.631 0.608 0.834 0.904 0.881 0.799 0.888 0.882 0.855 0.951 0.938 0.901 0.899 0.863 0.821 0.892 0.560 0.499 0.882 0.919 0.485 0.569 0.625 0.871 0.874 0.862 0.867 0.753 0.796 0.818 0.724 0.679 0.740 0.674 0.790)  
early_lick: (0.925 0.994 0.985 0.988 0.983 0.980 0.968 0.967 0.952 0.888 0.895 0.844 0.657 1.000 0.851 0.975 0.928 0.931 0.950 0.968 0.904 0.912 0.856 0.923 0.948 0.960 0.954 0.897 0.907 0.932 0.916 0.860 0.864 0.879 0.845 0.872 0.863 0.822 0.907 0.884 0.937 0.950 0.906 0.886 0.954 0.879 0.933 0.876 0.822 0.888 0.878 0.843 0.936 0.911 0.896 0.959 0.929 0.887 0.767 0.797 0.974 0.977 0.860 0.929 0.930 0.888 0.953 0.956 0.972 0.909 0.776 0.825 0.917 0.852 0.902 0.852 0.857 0.945 0.907 0.818 0.778 0.970 0.974 0.927 0.940 0.884 0.844 0.878 0.614 0.657 0.661 0.764 0.843 0.750 0.706 0.803 0.749 0.871 0.856 0.906 0.800 0.797 0.793 0.838 0.833 0.978 0.926 0.928 0.947 0.876 0.916 0.951 0.955 0.929 0.767 0.793 0.811 0.877 0.837 0.931 0.930 0.801 0.837 0.654 0.786 0.693 0.846 0.944 0.894 0.788 0.904 0.831 0.904 0.862 0.962 0.895 0.914 0.908)  0.075 0.006 0.015 0.012 0.017 0.020 0.032 0.033 0.048 0.112 0.105 0.156 0.343 0.000 0.149 0.025 0.072 0.069 0.050 0.032 0.096 0.088 0.144 0.077 0.052 0.040 0.046 0.103 0.093 0.068 0.084 0.140 0.136 0.121 0.155 0.128 0.137 0.178 0.093 0.116 0.063 0.050 0.094 0.114 0.046 0.121 0.067 0.124 0.178 0.112 0.122 0.157 0.064 0.089 0.104 0.041 0.071 0.113 0.233 0.203 0.026 0.023 0.140 0.071 0.070 0.112 0.047 0.044 0.028 0.091 0.224 0.175 0.083 0.148 0.098 0.148 0.143 0.055 0.093 0.182 0.222 0.030 0.026 0.073 0.060 0.116 0.156 0.122 0.386 0.343 0.339 0.236 0.157 0.250 0.294 0.197 0.251 0.129 0.144 0.094 0.200 0.203 0.207 0.162 0.167 0.022 0.074 0.072 0.053 0.124 0.084 0.049 0.045 0.071 0.233 0.207 0.189 0.123 0.163 0.069 0.070 0.199 0.163 0.346 0.214 0.307 0.154 0.056 0.106 0.212 0.096 0.169 0.096 0.138 0.038 0.105 0.086 0.092)  
tongue_y: (0.139 0.116 0.122 0.122 0.139 0.126 0.134 0.131 0.126 0.125 0.127 0.095 0.110 0.110 0.115 0.076 0.205 0.161 0.157 0.120 0.131 0.116 0.139 0.149 0.099 0.101 0.124 0.135 0.119 0.118 0.129 0.117 0.100 0.129 0.092 0.335 0.079 0.114 0.094 0.112 0.089 0.103 0.104 0.109 0.063 0.101 0.103 0.085 0.093 0.088 0.096 0.091 0.061 0.092 0.091 0.076 0.065 0.098 0.116 0.127 0.125 0.126 0.108 0.129 0.092 0.113 0.114 0.066 0.117 0.111 0.143 0.166 0.150 0.122 0.078 0.089 0.079 0.085 0.088 0.105 0.098 0.108 0.143 0.107 0.100 0.137 0.089 0.100 0.194 0.199 0.234 0.222 0.186 0.211 0.224 0.125 0.098 0.101 0.104 0.081 0.082 0.096 0.118 0.106 0.103 0.123 0.133 0.135 0.118 0.192 0.169 0.169 0.163 0.173 0.171 0.169 0.151 0.132 0.137 0.095 0.079 0.153 0.150 0.073 0.100 0.119 0.221 0.171 0.174 0.241 0.170 0.230 0.115 0.098 0.096 0.113 0.099 0.106)  0.094 0.083 0.079 0.094 0.094 0.101 0.099 0.076 0.062 0.062 0.074 0.049 0.054 0.063 0.060 0.037 0.094 0.088 0.084 0.064 0.074 0.067 0.091 0.087 0.054 0.044 0.056 0.072 0.068 0.069 0.069 0.060 0.054 0.063 0.044 0.163 0.047 0.071 0.059 0.076 0.057 0.063 0.059 0.067 0.042 0.060 0.056 0.051 0.050 0.054 0.056 0.046 0.029 0.046 0.041 0.042 0.042 0.061 0.086 0.088 0.071 0.081 0.055 0.074 0.052 0.060 0.065 0.036 0.061 0.044 0.068 0.079 0.071 0.062 0.042 0.048 0.039 0.047 0.054 0.055 0.053 0.065 0.089 0.078 0.068 0.047 0.042 0.053 0.102 0.109 0.123 0.128 0.105 0.118 0.131 0.060 0.041 0.042 0.041 0.035 0.035 0.049 0.069 0.058 0.058 0.066 0.077 0.075 0.064 0.104 0.088 0.075 0.079 0.091 0.108 0.103 0.082 0.073 0.084 0.049 0.038 0.081 0.079 0.041 0.052 0.060 0.100 0.074 0.079 0.111 0.074 0.087 0.054 0.047 0.048 0.062 0.053 0.060)  0.065 0.047 0.053 0.060 0.057 0.063 0.063 0.051 0.053 0.048 0.054 0.036 0.045 0.041 0.043 0.040 0.125 0.096 0.095 0.054 0.054 0.047 0.082 0.070 0.048 0.050 0.066 0.064 0.056 0.057 0.059 0.049 0.047 0.061 0.045 0.386 0.037 0.068 0.060 0.064 0.051 0.061 0.060 0.061 0.037 0.056 0.055 0.045 0.049 0.047 0.050 0.055 0.030 0.050 0.049 0.049 0.039 0.051 0.071 0.075 0.067 0.078 0.070 0.079 0.056 0.066 0.068 0.038 0.065 0.078 0.080 0.105 0.095 0.062 0.043 0.055 0.044 0.046 0.056 0.068 0.051 0.054 0.074 0.058 0.054 0.052 0.046 0.066 0.112 0.114 0.137 0.132 0.103 0.115 0.127 0.065 0.053 0.056 0.053 0.040 0.043 0.053 0.061 0.056 0.058 0.077 0.078 0.074 0.059 0.112 0.098 0.094 0.093 0.097 0.104 0.097 0.079 0.072 0.075 0.054 0.041 0.077 0.081 0.046 0.060 0.069 0.138 0.096 0.109 0.150 0.099 0.133 0.068 0.064 0.054 0.065 0.058 0.062)  0.702 0.755 0.746 0.725 0.710 0.711 0.704 0.741 0.758 0.765 0.745 0.820 0.792 0.786 0.782 0.846 0.576 0.656 0.665 0.762 0.742 0.770 0.688 0.694 0.798 0.804 0.755 0.728 0.758 0.757 0.743 0.774 0.800 0.747 0.819 0.117 0.837 0.747 0.787 0.749 0.803 0.774 0.777 0.763 0.858 0.783 0.786 0.819 0.808 0.811 0.798 0.807 0.880 0.811 0.819 0.833 0.854 0.790 0.727 0.709 0.737 0.715 0.767 0.717 0.800 0.761 0.752 0.859 0.758 0.767 0.709 0.650 0.683 0.754 0.837 0.808 0.839 0.822 0.801 0.773 0.798 0.773 0.694 0.757 0.777 0.764 0.823 0.781 0.592 0.578 0.506 0.519 0.606 0.556 0.519 0.750 0.808 0.801 0.803 0.843 0.839 0.802 0.752 0.780 0.781 0.735 0.712 0.716 0.760 0.593 0.645 0.662 0.666 0.638 0.618 0.631 0.689 0.723 0.705 0.802 0.843 0.688 0.689 0.840 0.788 0.753 0.541 0.659 0.638 0.498 0.658 0.550 0.763 0.791 0.802 0.761 0.789 0.771)  
Brain region: left ALM: 3480 neurons, left Cerebellum: 957 neurons, left CorticalSubplate: 491 neurons, left Hippocampus: 909 neurons, left Hypothalamus: 295 neurons, left Medulla: 1504 neurons, left Midbrain: 2834 neurons, left Olfactory: 1607 neurons, left Orbital: 4396 neurons, left OtherCortex: 3503 neurons, left Pallidum: 484 neurons, left Pons: 174 neurons, left Striatum: 2909 neurons, left Thalamus: 6223 neurons, right ALM: 3255 neurons, right Cerebellum: 529 neurons, right CorticalSubplate: 491 neurons, right Hippocampus: 672 neurons, right Hypothalamus: 248 neurons, right Medulla: 1084 neurons, right Midbrain: 2962 neurons, right Olfactory: 1692 neurons, right Orbital: 4042 neurons, right OtherCortex: 2679 neurons, right Pallidum: 368 neurons, right Pons: 230 neurons, right Striatum: 2788 neurons, right Thalamus: 4623 neurons  
Data verification complete.
