Data format is valid, no errors or warnings.
Number of sessions: 62
Total number of trials: 2418
Number of trials per session: [39, 39, 39, 39, 39, 39, 39, 39, 39, 39, 39, 39, 39, 39, 39, 39, 39, 39, 39, 39, 39, 39, 39, 39, 39, 39, 39, 39, 39, 39, 39, 39, 39, 39, 39, 39, 39, 39, 39, 39, 39, 39, 39, 39, 39, 39, 39, 39, 39, 39, 39, 39, 39, 39, 39, 39, 39, 39, 39, 39, 39, 39]
Number of subjects: 2
Number of brain regions: 1
Number of sessions per subject:
  Subject QLAK-CA1-08: 31 sessions
  Subject QLAK-CA1-30: 31 sessions
Input dimension: 9
Output dimension: 1
Summary statistics (across all sessions):
  T: mean: 1800.00, median: 1800.00, min: 1800, max: 1800
  n_neurons: mean: 297.47', min: 153, max: 422
  Input range:
    env_grid_0: [0.0, 1.0]
    env_grid_1: [1.0, 1.0]
    env_grid_2: [0.0, 1.0]
    env_grid_3: [0.0, 1.0]
    env_grid_4: [0.0, 1.0]
    env_grid_5: [0.0, 1.0]
    env_grid_6: [0.0, 1.0]
    env_grid_7: [0.0, 1.0]
    env_grid_8: [0.0, 1.0]
  Output range:
    position_bin: [0.0, 8.0]
  Unique outputs per dimension (fraction of data):
    position_bin: {bin_0 (0.085), bin_1 (0.069), bin_2 (0.105), bin_3 (0.102), bin_4 (0.065), bin_5 (0.149), bin_6 (0.125), bin_7 (0.080), bin_8 (0.219)}
  Brain region distribution:
    CA1: 18443 neurons

Per-session statistics:
  Mean T: 1800.0, 1800.0, 1800.0, 1800.0, 1800.0, 1800.0, 1800.0, 1800.0, 1800.0, 1800.0, 1800.0, 1800.0, 1800.0, 1800.0, 1800.0, 1800.0, 1800.0, 1800.0, 1800.0, 1800.0, 1800.0, 1800.0, 1800.0, 1800.0, 1800.0, 1800.0, 1800.0, 1800.0, 1800.0, 1800.0, 1800.0, 1800.0, 1800.0, 1800.0, 1800.0, 1800.0, 1800.0, 1800.0, 1800.0, 1800.0, 1800.0, 1800.0, 1800.0, 1800.0, 1800.0, 1800.0, 1800.0, 1800.0, 1800.0, 1800.0, 1800.0, 1800.0, 1800.0, 1800.0, 1800.0, 1800.0, 1800.0, 1800.0, 1800.0, 1800.0, 1800.0, 1800.0
  Min T: 1800, 1800, 1800, 1800, 1800, 1800, 1800, 1800, 1800, 1800, 1800, 1800, 1800, 1800, 1800, 1800, 1800, 1800, 1800, 1800, 1800, 1800, 1800, 1800, 1800, 1800, 1800, 1800, 1800, 1800, 1800, 1800, 1800, 1800, 1800, 1800, 1800, 1800, 1800, 1800, 1800, 1800, 1800, 1800, 1800, 1800, 1800, 1800, 1800, 1800, 1800, 1800, 1800, 1800, 1800, 1800, 1800, 1800, 1800, 1800, 1800, 1800
  Max T: 1800, 1800, 1800, 1800, 1800, 1800, 1800, 1800, 1800, 1800, 1800, 1800, 1800, 1800, 1800, 1800, 1800, 1800, 1800, 1800, 1800, 1800, 1800, 1800, 1800, 1800, 1800, 1800, 1800, 1800, 1800, 1800, 1800, 1800, 1800, 1800, 1800, 1800, 1800, 1800, 1800, 1800, 1800, 1800, 1800, 1800, 1800, 1800, 1800, 1800, 1800, 1800, 1800, 1800, 1800, 1800, 1800, 1800, 1800, 1800, 1800, 1800
  n_neurons: 185, 153, 156, 187, 185, 186, 194, 204, 189, 200, 222, 196, 216, 211, 206, 199, 227, 233, 240, 236, 226, 247, 224, 227, 239, 235, 237, 230, 236, 254, 251, 398, 404, 350, 356, 350, 380, 347, 352, 336, 382, 367, 411, 405, 350, 378, 340, 400, 390, 378, 375, 392, 405, 370, 395, 388, 417, 421, 422, 360, 397, 396
  Input range:
    0: [1.0, 1.0] [1.0, 1.0] [0.0, 0.0] [1.0, 1.0] [0.0, 0.0] [0.0, 0.0] [1.0, 1.0] [1.0, 1.0] [1.0, 1.0] [1.0, 1.0] [1.0, 1.0] [1.0, 1.0] [0.0, 0.0] [1.0, 1.0] [0.0, 0.0] [0.0, 0.0] [1.0, 1.0] [1.0, 1.0] [1.0, 1.0] [1.0, 1.0] [1.0, 1.0] [1.0, 1.0] [0.0, 0.0] [1.0, 1.0] [0.0, 0.0] [0.0, 0.0] [1.0, 1.0] [1.0, 1.0] [1.0, 1.0] [1.0, 1.0] [1.0, 1.0] [1.0, 1.0] [1.0, 1.0] [0.0, 0.0] [1.0, 1.0] [1.0, 1.0] [1.0, 1.0] [1.0, 1.0] [1.0, 1.0] [0.0, 0.0] [0.0, 0.0] [1.0, 1.0] [1.0, 1.0] [0.0, 0.0] [1.0, 1.0] [1.0, 1.0] [1.0, 1.0] [1.0, 1.0] [1.0, 1.0] [0.0, 0.0] [0.0, 0.0] [1.0, 1.0] [1.0, 1.0] [0.0, 0.0] [1.0, 1.0] [1.0, 1.0] [1.0, 1.0] [1.0, 1.0] [1.0, 1.0] [0.0, 0.0] [0.0, 0.0] [1.0, 1.0] 
    1: [1.0, 1.0] [1.0, 1.0] [1.0, 1.0] [1.0, 1.0] [1.0, 1.0] [1.0, 1.0] [1.0, 1.0] [1.0, 1.0] [1.0, 1.0] [1.0, 1.0] [1.0, 1.0] [1.0, 1.0] [1.0, 1.0] [1.0, 1.0] [1.0, 1.0] [1.0, 1.0] [1.0, 1.0] [1.0, 1.0] [1.0, 1.0] [1.0, 1.0] [1.0, 1.0] [1.0, 1.0] [1.0, 1.0] [1.0, 1.0] [1.0, 1.0] [1.0, 1.0] [1.0, 1.0] [1.0, 1.0] [1.0, 1.0] [1.0, 1.0] [1.0, 1.0] [1.0, 1.0] [1.0, 1.0] [1.0, 1.0] [1.0, 1.0] [1.0, 1.0] [1.0, 1.0] [1.0, 1.0] [1.0, 1.0] [1.0, 1.0] [1.0, 1.0] [1.0, 1.0] [1.0, 1.0] [1.0, 1.0] [1.0, 1.0] [1.0, 1.0] [1.0, 1.0] [1.0, 1.0] [1.0, 1.0] [1.0, 1.0] [1.0, 1.0] [1.0, 1.0] [1.0, 1.0] [1.0, 1.0] [1.0, 1.0] [1.0, 1.0] [1.0, 1.0] [1.0, 1.0] [1.0, 1.0] [1.0, 1.0] [1.0, 1.0] [1.0, 1.0] 
    2: [1.0, 1.0] [1.0, 1.0] [0.0, 0.0] [1.0, 1.0] [1.0, 1.0] [0.0, 0.0] [1.0, 1.0] [1.0, 1.0] [1.0, 1.0] [0.0, 0.0] [1.0, 1.0] [1.0, 1.0] [0.0, 0.0] [1.0, 1.0] [1.0, 1.0] [0.0, 0.0] [1.0, 1.0] [1.0, 1.0] [1.0, 1.0] [0.0, 0.0] [1.0, 1.0] [1.0, 1.0] [0.0, 0.0] [1.0, 1.0] [1.0, 1.0] [0.0, 0.0] [1.0, 1.0] [1.0, 1.0] [1.0, 1.0] [0.0, 0.0] [1.0, 1.0] [1.0, 1.0] [1.0, 1.0] [0.0, 0.0] [1.0, 1.0] [0.0, 0.0] [1.0, 1.0] [1.0, 1.0] [1.0, 1.0] [1.0, 1.0] [0.0, 0.0] [1.0, 1.0] [1.0, 1.0] [0.0, 0.0] [1.0, 1.0] [0.0, 0.0] [1.0, 1.0] [1.0, 1.0] [1.0, 1.0] [1.0, 1.0] [0.0, 0.0] [1.0, 1.0] [1.0, 1.0] [0.0, 0.0] [1.0, 1.0] [0.0, 0.0] [1.0, 1.0] [1.0, 1.0] [1.0, 1.0] [1.0, 1.0] [0.0, 0.0] [1.0, 1.0] 
    3: [1.0, 1.0] [1.0, 1.0] [0.0, 0.0] [1.0, 1.0] [0.0, 0.0] [1.0, 1.0] [0.0, 0.0] [1.0, 1.0] [1.0, 1.0] [1.0, 1.0] [1.0, 1.0] [1.0, 1.0] [0.0, 0.0] [1.0, 1.0] [0.0, 0.0] [1.0, 1.0] [0.0, 0.0] [1.0, 1.0] [1.0, 1.0] [1.0, 1.0] [1.0, 1.0] [1.0, 1.0] [0.0, 0.0] [1.0, 1.0] [0.0, 0.0] [1.0, 1.0] [0.0, 0.0] [1.0, 1.0] [1.0, 1.0] [1.0, 1.0] [1.0, 1.0] [1.0, 1.0] [1.0, 1.0] [1.0, 1.0] [1.0, 1.0] [1.0, 1.0] [0.0, 0.0] [1.0, 1.0] [1.0, 1.0] [0.0, 0.0] [0.0, 0.0] [1.0, 1.0] [1.0, 1.0] [1.0, 1.0] [1.0, 1.0] [1.0, 1.0] [0.0, 0.0] [1.0, 1.0] [1.0, 1.0] [0.0, 0.0] [0.0, 0.0] [1.0, 1.0] [1.0, 1.0] [1.0, 1.0] [1.0, 1.0] [1.0, 1.0] [0.0, 0.0] [1.0, 1.0] [1.0, 1.0] [0.0, 0.0] [0.0, 0.0] [1.0, 1.0] 
    4: [1.0, 1.0] [0.0, 0.0] [1.0, 1.0] [0.0, 0.0] [1.0, 1.0] [1.0, 1.0] [1.0, 1.0] [0.0, 0.0] [0.0, 0.0] [1.0, 1.0] [1.0, 1.0] [0.0, 0.0] [1.0, 1.0] [0.0, 0.0] [1.0, 1.0] [1.0, 1.0] [1.0, 1.0] [0.0, 0.0] [0.0, 0.0] [1.0, 1.0] [1.0, 1.0] [0.0, 0.0] [1.0, 1.0] [0.0, 0.0] [1.0, 1.0] [1.0, 1.0] [1.0, 1.0] [0.0, 0.0] [0.0, 0.0] [1.0, 1.0] [1.0, 1.0] [1.0, 1.0] [0.0, 0.0] [1.0, 1.0] [0.0, 0.0] [1.0, 1.0] [1.0, 1.0] [0.0, 0.0] [0.0, 0.0] [1.0, 1.0] [1.0, 1.0] [1.0, 1.0] [0.0, 0.0] [1.0, 1.0] [0.0, 0.0] [1.0, 1.0] [1.0, 1.0] [0.0, 0.0] [0.0, 0.0] [1.0, 1.0] [1.0, 1.0] [1.0, 1.0] [0.0, 0.0] [1.0, 1.0] [0.0, 0.0] [1.0, 1.0] [1.0, 1.0] [0.0, 0.0] [0.0, 0.0] [1.0, 1.0] [1.0, 1.0] [1.0, 1.0] 
    5: [1.0, 1.0] [1.0, 1.0] [0.0, 0.0] [0.0, 0.0] [1.0, 1.0] [1.0, 1.0] [0.0, 0.0] [0.0, 0.0] [1.0, 1.0] [1.0, 1.0] [1.0, 1.0] [1.0, 1.0] [0.0, 0.0] [0.0, 0.0] [1.0, 1.0] [1.0, 1.0] [0.0, 0.0] [0.0, 0.0] [1.0, 1.0] [1.0, 1.0] [1.0, 1.0] [1.0, 1.0] [0.0, 0.0] [0.0, 0.0] [1.0, 1.0] [1.0, 1.0] [0.0, 0.0] [0.0, 0.0] [1.0, 1.0] [1.0, 1.0] [1.0, 1.0] [1.0, 1.0] [1.0, 1.0] [1.0, 1.0] [0.0, 0.0] [1.0, 1.0] [0.0, 0.0] [0.0, 0.0] [1.0, 1.0] [1.0, 1.0] [0.0, 0.0] [1.0, 1.0] [1.0, 1.0] [1.0, 1.0] [0.0, 0.0] [1.0, 1.0] [0.0, 0.0] [0.0, 0.0] [1.0, 1.0] [1.0, 1.0] [0.0, 0.0] [1.0, 1.0] [1.0, 1.0] [1.0, 1.0] [0.0, 0.0] [1.0, 1.0] [0.0, 0.0] [0.0, 0.0] [1.0, 1.0] [1.0, 1.0] [0.0, 0.0] [1.0, 1.0] 
    6: [1.0, 1.0] [1.0, 1.0] [1.0, 1.0] [1.0, 1.0] [0.0, 0.0] [0.0, 0.0] [1.0, 1.0] [1.0, 1.0] [0.0, 0.0] [0.0, 0.0] [1.0, 1.0] [1.0, 1.0] [1.0, 1.0] [1.0, 1.0] [0.0, 0.0] [0.0, 0.0] [1.0, 1.0] [1.0, 1.0] [0.0, 0.0] [0.0, 0.0] [1.0, 1.0] [1.0, 1.0] [1.0, 1.0] [1.0, 1.0] [0.0, 0.0] [0.0, 0.0] [1.0, 1.0] [1.0, 1.0] [0.0, 0.0] [0.0, 0.0] [1.0, 1.0] [1.0, 1.0] [1.0, 1.0] [0.0, 0.0] [1.0, 1.0] [0.0, 0.0] [1.0, 1.0] [1.0, 1.0] [0.0, 0.0] [0.0, 0.0] [1.0, 1.0] [1.0, 1.0] [1.0, 1.0] [0.0, 0.0] [1.0, 1.0] [0.0, 0.0] [1.0, 1.0] [1.0, 1.0] [0.0, 0.0] [0.0, 0.0] [1.0, 1.0] [1.0, 1.0] [1.0, 1.0] [0.0, 0.0] [1.0, 1.0] [0.0, 0.0] [1.0, 1.0] [1.0, 1.0] [0.0, 0.0] [0.0, 0.0] [1.0, 1.0] [1.0, 1.0] 
    7: [1.0, 1.0] [1.0, 1.0] [1.0, 1.0] [1.0, 1.0] [1.0, 1.0] [1.0, 1.0] [1.0, 1.0] [0.0, 0.0] [1.0, 1.0] [1.0, 1.0] [1.0, 1.0] [1.0, 1.0] [1.0, 1.0] [1.0, 1.0] [1.0, 1.0] [1.0, 1.0] [1.0, 1.0] [0.0, 0.0] [1.0, 1.0] [1.0, 1.0] [1.0, 1.0] [1.0, 1.0] [1.0, 1.0] [1.0, 1.0] [1.0, 1.0] [1.0, 1.0] [1.0, 1.0] [0.0, 0.0] [1.0, 1.0] [1.0, 1.0] [1.0, 1.0] [1.0, 1.0] [1.0, 1.0] [1.0, 1.0] [0.0, 0.0] [1.0, 1.0] [1.0, 1.0] [1.0, 1.0] [1.0, 1.0] [1.0, 1.0] [1.0, 1.0] [1.0, 1.0] [1.0, 1.0] [1.0, 1.0] [0.0, 0.0] [1.0, 1.0] [1.0, 1.0] [1.0, 1.0] [1.0, 1.0] [1.0, 1.0] [1.0, 1.0] [1.0, 1.0] [1.0, 1.0] [1.0, 1.0] [0.0, 0.0] [1.0, 1.0] [1.0, 1.0] [1.0, 1.0] [1.0, 1.0] [1.0, 1.0] [1.0, 1.0] [1.0, 1.0] 
    8: [1.0, 1.0] [1.0, 1.0] [1.0, 1.0] [1.0, 1.0] [1.0, 1.0] [0.0, 0.0] [1.0, 1.0] [0.0, 0.0] [1.0, 1.0] [1.0, 1.0] [1.0, 1.0] [1.0, 1.0] [1.0, 1.0] [1.0, 1.0] [1.0, 1.0] [0.0, 0.0] [1.0, 1.0] [0.0, 0.0] [1.0, 1.0] [1.0, 1.0] [1.0, 1.0] [1.0, 1.0] [1.0, 1.0] [1.0, 1.0] [1.0, 1.0] [0.0, 0.0] [1.0, 1.0] [0.0, 0.0] [1.0, 1.0] [1.0, 1.0] [1.0, 1.0] [1.0, 1.0] [1.0, 1.0] [0.0, 0.0] [0.0, 0.0] [1.0, 1.0] [1.0, 1.0] [1.0, 1.0] [1.0, 1.0] [1.0, 1.0] [1.0, 1.0] [1.0, 1.0] [1.0, 1.0] [0.0, 0.0] [0.0, 0.0] [1.0, 1.0] [1.0, 1.0] [1.0, 1.0] [1.0, 1.0] [1.0, 1.0] [1.0, 1.0] [1.0, 1.0] [1.0, 1.0] [0.0, 0.0] [0.0, 0.0] [1.0, 1.0] [1.0, 1.0] [1.0, 1.0] [1.0, 1.0] [1.0, 1.0] [1.0, 1.0] [1.0, 1.0] 
  Output range:
    0: [0.0, 8.0] [0.0, 8.0] [0.0, 6.0] [0.0, 8.0] [3.0, 8.0] [1.0, 7.0] [0.0, 8.0] [0.0, 8.0] [1.0, 8.0] [1.0, 7.0] [0.0, 8.0] [0.0, 8.0] [0.0, 6.0] [0.0, 8.0] [3.0, 8.0] [1.0, 7.0] [0.0, 8.0] [0.0, 8.0] [1.0, 8.0] [1.0, 7.0] [0.0, 8.0] [0.0, 8.0] [0.0, 6.0] [0.0, 8.0] [3.0, 8.0] [1.0, 7.0] [0.0, 8.0] [0.0, 8.0] [1.0, 8.0] [1.0, 7.0] [0.0, 8.0] [0.0, 8.0] [0.0, 8.0] [1.0, 7.0] [0.0, 8.0] [1.0, 7.0] [0.0, 8.0] [0.0, 8.0] [1.0, 8.0] [3.0, 8.0] [0.0, 6.0] [0.0, 8.0] [0.0, 8.0] [1.0, 7.0] [0.0, 8.0] [1.0, 7.0] [0.0, 8.0] [0.0, 8.0] [1.0, 8.0] [3.0, 8.0] [0.0, 6.0] [0.0, 8.0] [0.0, 8.0] [1.0, 7.0] [0.0, 8.0] [1.0, 7.0] [0.0, 8.0] [0.0, 8.0] [1.0, 8.0] [3.0, 8.0] [0.0, 6.0] [0.0, 8.0] 
  Output fraction of data:
position_bin: (0.085 0.122 0.161 0.129 0.000 0.000 0.106 0.198 0.000 0.000 0.115 0.105 0.169 0.056 0.000 0.000 0.151 0.248 0.000 0.000 0.204 0.139 0.153 0.094 0.000 0.000 0.084 0.249 0.000 0.000 0.179 0.075 0.096 0.000 0.281 0.000 0.136 0.080 0.000 0.000 0.177 0.061 0.106 0.000 0.089 0.000 0.069 0.093 0.000 0.000 0.210 0.090 0.088 0.000 0.185 0.000 0.166 0.076 0.000 0.000 0.294 0.158)  0.100 0.104 0.000 0.068 0.000 0.140 0.000 0.106 0.071 0.073 0.033 0.051 0.000 0.062 0.000 0.090 0.000 0.091 0.089 0.089 0.099 0.052 0.000 0.064 0.000 0.167 0.000 0.132 0.185 0.047 0.025 0.040 0.090 0.158 0.089 0.090 0.000 0.088 0.114 0.000 0.000 0.058 0.075 0.169 0.074 0.104 0.000 0.098 0.058 0.000 0.000 0.071 0.087 0.371 0.108 0.147 0.000 0.095 0.124 0.000 0.000 0.052)  0.084 0.123 0.000 0.171 0.000 0.000 0.145 0.103 0.144 0.144 0.094 0.111 0.000 0.209 0.000 0.000 0.097 0.163 0.095 0.122 0.097 0.111 0.000 0.095 0.000 0.000 0.168 0.186 0.100 0.095 0.098 0.162 0.123 0.000 0.189 0.177 0.330 0.115 0.166 0.000 0.000 0.178 0.149 0.000 0.161 0.259 0.107 0.168 0.138 0.000 0.000 0.184 0.218 0.000 0.176 0.151 0.122 0.126 0.112 0.000 0.000 0.213)  0.054 0.069 0.134 0.086 0.164 0.209 0.070 0.000 0.099 0.117 0.031 0.058 0.146 0.066 0.114 0.307 0.074 0.000 0.117 0.152 0.059 0.058 0.151 0.069 0.125 0.198 0.043 0.000 0.119 0.133 0.029 0.035 0.089 0.280 0.000 0.115 0.070 0.084 0.065 0.187 0.135 0.032 0.072 0.178 0.000 0.116 0.072 0.092 0.106 0.245 0.128 0.044 0.087 0.163 0.000 0.138 0.079 0.071 0.161 0.238 0.183 0.032)  0.088 0.000 0.179 0.000 0.118 0.190 0.085 0.000 0.000 0.088 0.046 0.000 0.132 0.000 0.080 0.154 0.081 0.000 0.000 0.123 0.040 0.000 0.192 0.000 0.106 0.167 0.081 0.000 0.000 0.061 0.019 0.080 0.000 0.154 0.000 0.092 0.076 0.000 0.000 0.119 0.144 0.045 0.000 0.193 0.000 0.106 0.104 0.000 0.000 0.095 0.172 0.050 0.000 0.149 0.000 0.090 0.095 0.000 0.000 0.088 0.119 0.030)  0.109 0.126 0.258 0.076 0.135 0.266 0.167 0.219 0.103 0.174 0.076 0.091 0.226 0.144 0.153 0.222 0.121 0.141 0.074 0.126 0.057 0.102 0.237 0.102 0.186 0.211 0.142 0.122 0.089 0.137 0.072 0.111 0.089 0.238 0.140 0.258 0.102 0.212 0.103 0.218 0.289 0.084 0.094 0.175 0.185 0.165 0.160 0.138 0.112 0.189 0.279 0.107 0.097 0.177 0.149 0.147 0.123 0.148 0.106 0.138 0.201 0.064)  0.148 0.121 0.268 0.171 0.145 0.000 0.131 0.000 0.141 0.263 0.179 0.173 0.327 0.127 0.159 0.000 0.162 0.000 0.163 0.222 0.115 0.140 0.268 0.280 0.142 0.000 0.109 0.000 0.108 0.380 0.233 0.099 0.111 0.000 0.000 0.127 0.119 0.104 0.081 0.141 0.256 0.120 0.139 0.000 0.000 0.104 0.073 0.090 0.119 0.114 0.211 0.072 0.089 0.000 0.000 0.153 0.138 0.148 0.094 0.117 0.203 0.067)  0.112 0.095 0.000 0.000 0.134 0.195 0.000 0.000 0.127 0.141 0.120 0.113 0.000 0.000 0.116 0.227 0.000 0.000 0.140 0.167 0.065 0.087 0.000 0.000 0.064 0.258 0.000 0.000 0.105 0.148 0.085 0.139 0.128 0.170 0.000 0.142 0.000 0.000 0.161 0.084 0.000 0.113 0.104 0.285 0.000 0.146 0.000 0.000 0.104 0.117 0.000 0.079 0.083 0.140 0.000 0.173 0.000 0.000 0.108 0.097 0.000 0.089)  0.220 0.239 0.000 0.299 0.304 0.000 0.297 0.374 0.315 0.000 0.305 0.297 0.000 0.336 0.378 0.000 0.314 0.356 0.322 0.000 0.263 0.311 0.000 0.296 0.377 0.000 0.373 0.310 0.293 0.000 0.262 0.260 0.273 0.000 0.302 0.000 0.167 0.316 0.310 0.251 0.000 0.309 0.261 0.000 0.490 0.000 0.415 0.320 0.364 0.239 0.000 0.303 0.252 0.000 0.382 0.000 0.277 0.336 0.294 0.322 0.000 0.295)  
Brain region: CA1: 18443 neurons  
Training on 1922 trials, testing on 496 trials
Using device: cuda
Using balanced loss with class weights:
  Output 0: [0.13011312 0.15445983 0.10213236 0.10514466 0.16584343 0.07231224
 0.08460582 0.13639939 0.04898914]
Session 0: Using 50000 of 55800 timepoints for SVD initialization
Session 1: Using 50000 of 55800 timepoints for SVD initialization
Session 2: Using 50000 of 55800 timepoints for SVD initialization
Session 3: Using 50000 of 55800 timepoints for SVD initialization
Session 4: Using 50000 of 55800 timepoints for SVD initialization
Session 5: Using 50000 of 55800 timepoints for SVD initialization
Session 6: Using 50000 of 55800 timepoints for SVD initialization
Session 7: Using 50000 of 55800 timepoints for SVD initialization
Session 8: Using 50000 of 55800 timepoints for SVD initialization
Session 9: Using 50000 of 55800 timepoints for SVD initialization
Session 10: Using 50000 of 55800 timepoints for SVD initialization
Session 11: Using 50000 of 55800 timepoints for SVD initialization
Session 12: Using 50000 of 55800 timepoints for SVD initialization
Session 13: Using 50000 of 55800 timepoints for SVD initialization
Session 14: Using 50000 of 55800 timepoints for SVD initialization
Session 15: Using 50000 of 55800 timepoints for SVD initialization
Session 16: Using 50000 of 55800 timepoints for SVD initialization
Session 17: Using 50000 of 55800 timepoints for SVD initialization
Session 18: Using 50000 of 55800 timepoints for SVD initialization
Session 19: Using 50000 of 55800 timepoints for SVD initialization
Session 20: Using 50000 of 55800 timepoints for SVD initialization
Session 21: Using 50000 of 55800 timepoints for SVD initialization
Session 22: Using 50000 of 55800 timepoints for SVD initialization
Session 23: Using 50000 of 55800 timepoints for SVD initialization
Session 24: Using 50000 of 55800 timepoints for SVD initialization
Session 25: Using 50000 of 55800 timepoints for SVD initialization
Session 26: Using 50000 of 55800 timepoints for SVD initialization
Session 27: Using 50000 of 55800 timepoints for SVD initialization
Session 28: Using 50000 of 55800 timepoints for SVD initialization
Session 29: Using 50000 of 55800 timepoints for SVD initialization
Session 30: Using 50000 of 55800 timepoints for SVD initialization
Session 31: Using 50000 of 55800 timepoints for SVD initialization
Session 32: Using 50000 of 55800 timepoints for SVD initialization
Session 33: Using 50000 of 55800 timepoints for SVD initialization
Session 34: Using 50000 of 55800 timepoints for SVD initialization
Session 35: Using 50000 of 55800 timepoints for SVD initialization
Session 36: Using 50000 of 55800 timepoints for SVD initialization
Session 37: Using 50000 of 55800 timepoints for SVD initialization
Session 38: Using 50000 of 55800 timepoints for SVD initialization
Session 39: Using 50000 of 55800 timepoints for SVD initialization
Session 40: Using 50000 of 55800 timepoints for SVD initialization
Session 41: Using 50000 of 55800 timepoints for SVD initialization
Session 42: Using 50000 of 55800 timepoints for SVD initialization
Session 43: Using 50000 of 55800 timepoints for SVD initialization
Session 44: Using 50000 of 55800 timepoints for SVD initialization
Session 45: Using 50000 of 55800 timepoints for SVD initialization
Session 46: Using 50000 of 55800 timepoints for SVD initialization
Session 47: Using 50000 of 55800 timepoints for SVD initialization
Session 48: Using 50000 of 55800 timepoints for SVD initialization
Session 49: Using 50000 of 55800 timepoints for SVD initialization
Session 50: Using 50000 of 55800 timepoints for SVD initialization
Session 51: Using 50000 of 55800 timepoints for SVD initialization
Session 52: Using 50000 of 55800 timepoints for SVD initialization
Session 53: Using 50000 of 55800 timepoints for SVD initialization
Session 54: Using 50000 of 55800 timepoints for SVD initialization
Session 55: Using 50000 of 55800 timepoints for SVD initialization
Session 56: Using 50000 of 55800 timepoints for SVD initialization
Session 57: Using 50000 of 55800 timepoints for SVD initialization
Session 58: Using 50000 of 55800 timepoints for SVD initialization
Session 59: Using 50000 of 55800 timepoints for SVD initialization
Session 60: Using 50000 of 55800 timepoints for SVD initialization
Session 61: Using 50000 of 55800 timepoints for SVD initialization
Epoch [1/200], Loss: 2.314347
Epoch [2/200], Loss: 2.306896
Epoch [3/200], Loss: 2.299624
Epoch [4/200], Loss: 2.292494
Epoch [5/200], Loss: 2.285463
Epoch [6/200], Loss: 2.278490
Epoch [7/200], Loss: 2.271541
Epoch [8/200], Loss: 2.264598
Epoch [9/200], Loss: 2.257648
Epoch [10/200], Loss: 2.250676
Epoch [20/200], Loss: 2.177686
Epoch [30/200], Loss: 2.095223
Epoch [40/200], Loss: 2.003296
Epoch [50/200], Loss: 1.907435
Epoch [60/200], Loss: 1.815653
Epoch [70/200], Loss: 1.734284
Epoch [80/200], Loss: 1.665995
Epoch [90/200], Loss: 1.610396
Epoch [100/200], Loss: 1.565594
Epoch [110/200], Loss: 1.529368
Epoch [120/200], Loss: 1.499737
Epoch [130/200], Loss: 1.475135
Epoch [140/200], Loss: 1.454375
Epoch [150/200], Loss: 1.436589
Epoch [160/200], Loss: 1.421129
Epoch [170/200], Loss: 1.407518
Epoch [180/200], Loss: 1.395402
Epoch [190/200], Loss: 1.384508
Epoch [200/200], Loss: 1.374627
Test Loss: 1.380681

Training Balanced Accuracy Scores (chance = 1/num_classes):
  0 (position_bin): 0.5665  (chance: 0.1111)

Validation Balanced Accuracy Scores (chance = 1/num_classes):
  0 (position_bin): 0.4926  (chance: 0.1111)
