Data format is valid, no errors or warnings.
Number of sessions: 207
Total number of trials: 8187
Number of trials per session: [39, 39, 39, 39, 39, 39, 39, 39, 39, 39, 39, 39, 39, 39, 39, 39, 39, 39, 39, 39, 39, 39, 39, 39, 39, 39, 39, 39, 39, 39, 39, 39, 39, 39, 39, 39, 39, 39, 39, 39, 39, 39, 39, 39, 39, 39, 39, 39, 39, 39, 39, 39, 39, 39, 39, 39, 39, 39, 39, 39, 39, 39, 39, 39, 39, 39, 39, 39, 39, 39, 39, 39, 39, 39, 39, 39, 39, 39, 39, 39, 39, 39, 39, 39, 39, 39, 39, 39, 39, 39, 39, 39, 39, 40, 40, 40, 40, 40, 40, 40, 40, 40, 40, 40, 40, 40, 40, 40, 40, 40, 40, 40, 40, 40, 40, 40, 40, 40, 40, 40, 40, 40, 40, 40, 40, 40, 40, 40, 40, 40, 40, 40, 40, 40, 40, 40, 40, 40, 40, 40, 40, 40, 40, 40, 40, 40, 40, 40, 40, 40, 40, 40, 40, 40, 40, 40, 40, 40, 40, 40, 40, 40, 40, 40, 40, 40, 40, 40, 40, 40, 40, 40, 40, 40, 40, 40, 40, 40, 40, 40, 40, 40, 40, 40, 40, 40, 40, 40, 40, 40, 40, 40, 40, 40, 40, 40, 40, 40, 40, 40, 40, 40, 40, 40, 40, 40, 40]
Number of subjects: 7
Number of brain regions: 1
Number of sessions per subject:
  Subject QLAK-CA1-08: 31 sessions
  Subject QLAK-CA1-30: 31 sessions
  Subject QLAK-CA1-50: 31 sessions
  Subject QLAK-CA1-51: 21 sessions
  Subject QLAK-CA1-56: 31 sessions
  Subject QLAK-CA1-74: 31 sessions
  Subject QLAK-CA1-75: 31 sessions
Input dimension: 9
Output dimension: 1
Summary statistics (across all sessions):
  T: mean: 1800.00, median: 1800.00, min: 1800, max: 1800
  n_neurons: mean: 336.93', min: 113, max: 564
  Input range:
    env_grid_0: [0.0, 1.0]
    env_grid_1: [1.0, 1.0]
    env_grid_2: [0.0, 1.0]
    env_grid_3: [0.0, 1.0]
    env_grid_4: [0.0, 1.0]
    env_grid_5: [0.0, 1.0]
    env_grid_6: [0.0, 1.0]
    env_grid_7: [0.0, 1.0]
    env_grid_8: [0.0, 1.0]
  Output range:
    position_bin: [0.0, 8.0]
  Unique outputs per dimension (fraction of data):
    position_bin: {bin_0 (0.100), bin_1 (0.075), bin_2 (0.116), bin_3 (0.099), bin_4 (0.057), bin_5 (0.141), bin_6 (0.135), bin_7 (0.077), bin_8 (0.200)}
  Brain region distribution:
    CA1: 69744 neurons

Per-session statistics:
  Mean T: 1800.0, 1800.0, 1800.0, 1800.0, 1800.0, 1800.0, 1800.0, 1800.0, 1800.0, 1800.0, 1800.0, 1800.0, 1800.0, 1800.0, 1800.0, 1800.0, 1800.0, 1800.0, 1800.0, 1800.0, 1800.0, 1800.0, 1800.0, 1800.0, 1800.0, 1800.0, 1800.0, 1800.0, 1800.0, 1800.0, 1800.0, 1800.0, 1800.0, 1800.0, 1800.0, 1800.0, 1800.0, 1800.0, 1800.0, 1800.0, 1800.0, 1800.0, 1800.0, 1800.0, 1800.0, 1800.0, 1800.0, 1800.0, 1800.0, 1800.0, 1800.0, 1800.0, 1800.0, 1800.0, 1800.0, 1800.0, 1800.0, 1800.0, 1800.0, 1800.0, 1800.0, 1800.0, 1800.0, 1800.0, 1800.0, 1800.0, 1800.0, 1800.0, 1800.0, 1800.0, 1800.0, 1800.0, 1800.0, 1800.0, 1800.0, 1800.0, 1800.0, 1800.0, 1800.0, 1800.0, 1800.0, 1800.0, 1800.0, 1800.0, 1800.0, 1800.0, 1800.0, 1800.0, 1800.0, 1800.0, 1800.0, 1800.0, 1800.0, 1800.0, 1800.0, 1800.0, 1800.0, 1800.0, 1800.0, 1800.0, 1800.0, 1800.0, 1800.0, 1800.0, 1800.0, 1800.0, 1800.0, 1800.0, 1800.0, 1800.0, 1800.0, 1800.0, 1800.0, 1800.0, 1800.0, 1800.0, 1800.0, 1800.0, 1800.0, 1800.0, 1800.0, 1800.0, 1800.0, 1800.0, 1800.0, 1800.0, 1800.0, 1800.0, 1800.0, 1800.0, 1800.0, 1800.0, 1800.0, 1800.0, 1800.0, 1800.0, 1800.0, 1800.0, 1800.0, 1800.0, 1800.0, 1800.0, 1800.0, 1800.0, 1800.0, 1800.0, 1800.0, 1800.0, 1800.0, 1800.0, 1800.0, 1800.0, 1800.0, 1800.0, 1800.0, 1800.0, 1800.0, 1800.0, 1800.0, 1800.0, 1800.0, 1800.0, 1800.0, 1800.0, 1800.0, 1800.0, 1800.0, 1800.0, 1800.0, 1800.0, 1800.0, 1800.0, 1800.0, 1800.0, 1800.0, 1800.0, 1800.0, 1800.0, 1800.0, 1800.0, 1800.0, 1800.0, 1800.0, 1800.0, 1800.0, 1800.0, 1800.0, 1800.0, 1800.0, 1800.0, 1800.0, 1800.0, 1800.0, 1800.0, 1800.0, 1800.0, 1800.0, 1800.0, 1800.0, 1800.0, 1800.0, 1800.0, 1800.0, 1800.0, 1800.0, 1800.0, 1800.0
  Min T: 1800, 1800, 1800, 1800, 1800, 1800, 1800, 1800, 1800, 1800, 1800, 1800, 1800, 1800, 1800, 1800, 1800, 1800, 1800, 1800, 1800, 1800, 1800, 1800, 1800, 1800, 1800, 1800, 1800, 1800, 1800, 1800, 1800, 1800, 1800, 1800, 1800, 1800, 1800, 1800, 1800, 1800, 1800, 1800, 1800, 1800, 1800, 1800, 1800, 1800, 1800, 1800, 1800, 1800, 1800, 1800, 1800, 1800, 1800, 1800, 1800, 1800, 1800, 1800, 1800, 1800, 1800, 1800, 1800, 1800, 1800, 1800, 1800, 1800, 1800, 1800, 1800, 1800, 1800, 1800, 1800, 1800, 1800, 1800, 1800, 1800, 1800, 1800, 1800, 1800, 1800, 1800, 1800, 1800, 1800, 1800, 1800, 1800, 1800, 1800, 1800, 1800, 1800, 1800, 1800, 1800, 1800, 1800, 1800, 1800, 1800, 1800, 1800, 1800, 1800, 1800, 1800, 1800, 1800, 1800, 1800, 1800, 1800, 1800, 1800, 1800, 1800, 1800, 1800, 1800, 1800, 1800, 1800, 1800, 1800, 1800, 1800, 1800, 1800, 1800, 1800, 1800, 1800, 1800, 1800, 1800, 1800, 1800, 1800, 1800, 1800, 1800, 1800, 1800, 1800, 1800, 1800, 1800, 1800, 1800, 1800, 1800, 1800, 1800, 1800, 1800, 1800, 1800, 1800, 1800, 1800, 1800, 1800, 1800, 1800, 1800, 1800, 1800, 1800, 1800, 1800, 1800, 1800, 1800, 1800, 1800, 1800, 1800, 1800, 1800, 1800, 1800, 1800, 1800, 1800, 1800, 1800, 1800, 1800, 1800, 1800, 1800, 1800, 1800, 1800, 1800, 1800
  Max T: 1800, 1800, 1800, 1800, 1800, 1800, 1800, 1800, 1800, 1800, 1800, 1800, 1800, 1800, 1800, 1800, 1800, 1800, 1800, 1800, 1800, 1800, 1800, 1800, 1800, 1800, 1800, 1800, 1800, 1800, 1800, 1800, 1800, 1800, 1800, 1800, 1800, 1800, 1800, 1800, 1800, 1800, 1800, 1800, 1800, 1800, 1800, 1800, 1800, 1800, 1800, 1800, 1800, 1800, 1800, 1800, 1800, 1800, 1800, 1800, 1800, 1800, 1800, 1800, 1800, 1800, 1800, 1800, 1800, 1800, 1800, 1800, 1800, 1800, 1800, 1800, 1800, 1800, 1800, 1800, 1800, 1800, 1800, 1800, 1800, 1800, 1800, 1800, 1800, 1800, 1800, 1800, 1800, 1800, 1800, 1800, 1800, 1800, 1800, 1800, 1800, 1800, 1800, 1800, 1800, 1800, 1800, 1800, 1800, 1800, 1800, 1800, 1800, 1800, 1800, 1800, 1800, 1800, 1800, 1800, 1800, 1800, 1800, 1800, 1800, 1800, 1800, 1800, 1800, 1800, 1800, 1800, 1800, 1800, 1800, 1800, 1800, 1800, 1800, 1800, 1800, 1800, 1800, 1800, 1800, 1800, 1800, 1800, 1800, 1800, 1800, 1800, 1800, 1800, 1800, 1800, 1800, 1800, 1800, 1800, 1800, 1800, 1800, 1800, 1800, 1800, 1800, 1800, 1800, 1800, 1800, 1800, 1800, 1800, 1800, 1800, 1800, 1800, 1800, 1800, 1800, 1800, 1800, 1800, 1800, 1800, 1800, 1800, 1800, 1800, 1800, 1800, 1800, 1800, 1800, 1800, 1800, 1800, 1800, 1800, 1800, 1800, 1800, 1800, 1800, 1800, 1800
  n_neurons: 185, 153, 156, 187, 185, 186, 194, 204, 189, 200, 222, 196, 216, 211, 206, 199, 227, 233, 240, 236, 226, 247, 224, 227, 239, 235, 237, 230, 236, 254, 251, 398, 404, 350, 356, 350, 380, 347, 352, 336, 382, 367, 411, 405, 350, 378, 340, 400, 390, 378, 375, 392, 405, 370, 395, 388, 417, 421, 422, 360, 397, 396, 214, 233, 223, 224, 242, 231, 227, 364, 382, 367, 367, 428, 405, 421, 434, 375, 430, 457, 479, 452, 409, 519, 502, 501, 493, 445, 488, 523, 492, 536, 564, 113, 143, 148, 166, 162, 151, 179, 227, 233, 253, 235, 263, 258, 233, 277, 274, 276, 284, 317, 316, 323, 295, 251, 257, 281, 264, 257, 281, 340, 326, 336, 329, 337, 402, 371, 379, 391, 377, 395, 437, 428, 406, 438, 423, 436, 452, 472, 444, 481, 485, 507, 529, 304, 278, 274, 264, 292, 275, 285, 258, 306, 303, 286, 316, 284, 303, 289, 289, 300, 258, 321, 339, 328, 361, 389, 344, 359, 315, 294, 300, 370, 405, 391, 356, 263, 294, 285, 368, 288, 330, 438, 393, 384, 396, 344, 344, 395, 433, 389, 419, 442, 480, 435, 436, 424, 450, 421, 501, 420, 393, 487, 499, 535, 514
  Input range:
    0: [1.0, 1.0] [1.0, 1.0] [0.0, 0.0] [1.0, 1.0] [0.0, 0.0] [0.0, 0.0] [1.0, 1.0] [1.0, 1.0] [1.0, 1.0] [1.0, 1.0] [1.0, 1.0] [1.0, 1.0] [0.0, 0.0] [1.0, 1.0] [0.0, 0.0] [0.0, 0.0] [1.0, 1.0] [1.0, 1.0] [1.0, 1.0] [1.0, 1.0] [1.0, 1.0] [1.0, 1.0] [0.0, 0.0] [1.0, 1.0] [0.0, 0.0] [0.0, 0.0] [1.0, 1.0] [1.0, 1.0] [1.0, 1.0] [1.0, 1.0] [1.0, 1.0] [1.0, 1.0] [1.0, 1.0] [0.0, 0.0] [1.0, 1.0] [1.0, 1.0] [1.0, 1.0] [1.0, 1.0] [1.0, 1.0] [0.0, 0.0] [0.0, 0.0] [1.0, 1.0] [1.0, 1.0] [0.0, 0.0] [1.0, 1.0] [1.0, 1.0] [1.0, 1.0] [1.0, 1.0] [1.0, 1.0] [0.0, 0.0] [0.0, 0.0] [1.0, 1.0] [1.0, 1.0] [0.0, 0.0] [1.0, 1.0] [1.0, 1.0] [1.0, 1.0] [1.0, 1.0] [1.0, 1.0] [0.0, 0.0] [0.0, 0.0] [1.0, 1.0] [1.0, 1.0] [0.0, 0.0] [1.0, 1.0] [1.0, 1.0] [1.0, 1.0] [0.0, 0.0] [0.0, 0.0] [1.0, 1.0] [1.0, 1.0] [1.0, 1.0] [1.0, 1.0] [0.0, 0.0] [1.0, 1.0] [1.0, 1.0] [1.0, 1.0] [0.0, 0.0] [0.0, 0.0] [1.0, 1.0] [1.0, 1.0] [1.0, 1.0] [1.0, 1.0] [0.0, 0.0] [1.0, 1.0] [1.0, 1.0] [1.0, 1.0] [0.0, 0.0] [0.0, 0.0] [1.0, 1.0] [1.0, 1.0] [1.0, 1.0] [1.0, 1.0] [1.0, 1.0] [1.0, 1.0] [1.0, 1.0] [1.0, 1.0] [1.0, 1.0] [0.0, 0.0] [0.0, 0.0] [1.0, 1.0] [1.0, 1.0] [0.0, 0.0] [1.0, 1.0] [1.0, 1.0] [1.0, 1.0] [1.0, 1.0] [1.0, 1.0] [0.0, 0.0] [0.0, 0.0] [1.0, 1.0] [1.0, 1.0] [0.0, 0.0] [1.0, 1.0] [1.0, 1.0] [1.0, 1.0] [1.0, 1.0] [1.0, 1.0] [0.0, 0.0] [1.0, 1.0] [0.0, 0.0] [1.0, 1.0] [1.0, 1.0] [0.0, 0.0] [1.0, 1.0] [1.0, 1.0] [1.0, 1.0] [1.0, 1.0] [0.0, 0.0] [1.0, 1.0] [0.0, 0.0] [1.0, 1.0] [1.0, 1.0] [0.0, 0.0] [1.0, 1.0] [1.0, 1.0] [1.0, 1.0] [1.0, 1.0] [0.0, 0.0] [1.0, 1.0] [0.0, 0.0] [1.0, 1.0] [1.0, 1.0] [0.0, 0.0] [1.0, 1.0] [1.0, 1.0] [0.0, 0.0] [1.0, 1.0] [0.0, 0.0] [1.0, 1.0] [1.0, 1.0] [1.0, 1.0] [0.0, 0.0] [1.0, 1.0] [1.0, 1.0] [1.0, 1.0] [0.0, 0.0] [1.0, 1.0] [0.0, 0.0] [1.0, 1.0] [1.0, 1.0] [1.0, 1.0] [0.0, 0.0] [1.0, 1.0] [1.0, 1.0] [1.0, 1.0] [0.0, 0.0] [1.0, 1.0] [0.0, 0.0] [1.0, 1.0] [1.0, 1.0] [1.0, 1.0] [0.0, 0.0] [1.0, 1.0] [1.0, 1.0] [1.0, 1.0] [1.0, 1.0] [0.0, 0.0] [1.0, 1.0] [1.0, 1.0] [1.0, 1.0] [0.0, 0.0] [0.0, 0.0] [1.0, 1.0] [1.0, 1.0] [1.0, 1.0] [1.0, 1.0] [0.0, 0.0] [1.0, 1.0] [1.0, 1.0] [1.0, 1.0] [0.0, 0.0] [0.0, 0.0] [1.0, 1.0] [1.0, 1.0] [1.0, 1.0] [1.0, 1.0] [0.0, 0.0] [1.0, 1.0] [1.0, 1.0] [1.0, 1.0] [0.0, 0.0] [0.0, 0.0] [1.0, 1.0] [1.0, 1.0] [1.0, 1.0] [1.0, 1.0] 
    1: [1.0, 1.0] [1.0, 1.0] [1.0, 1.0] [1.0, 1.0] [1.0, 1.0] [1.0, 1.0] [1.0, 1.0] [1.0, 1.0] [1.0, 1.0] [1.0, 1.0] [1.0, 1.0] [1.0, 1.0] [1.0, 1.0] [1.0, 1.0] [1.0, 1.0] [1.0, 1.0] [1.0, 1.0] [1.0, 1.0] [1.0, 1.0] [1.0, 1.0] [1.0, 1.0] [1.0, 1.0] [1.0, 1.0] [1.0, 1.0] [1.0, 1.0] [1.0, 1.0] [1.0, 1.0] [1.0, 1.0] [1.0, 1.0] [1.0, 1.0] [1.0, 1.0] [1.0, 1.0] [1.0, 1.0] [1.0, 1.0] [1.0, 1.0] [1.0, 1.0] [1.0, 1.0] [1.0, 1.0] [1.0, 1.0] [1.0, 1.0] [1.0, 1.0] [1.0, 1.0] [1.0, 1.0] [1.0, 1.0] [1.0, 1.0] [1.0, 1.0] [1.0, 1.0] [1.0, 1.0] [1.0, 1.0] [1.0, 1.0] [1.0, 1.0] [1.0, 1.0] [1.0, 1.0] [1.0, 1.0] [1.0, 1.0] [1.0, 1.0] [1.0, 1.0] [1.0, 1.0] [1.0, 1.0] [1.0, 1.0] [1.0, 1.0] [1.0, 1.0] [1.0, 1.0] [1.0, 1.0] [1.0, 1.0] [1.0, 1.0] [1.0, 1.0] [1.0, 1.0] [1.0, 1.0] [1.0, 1.0] [1.0, 1.0] [1.0, 1.0] [1.0, 1.0] [1.0, 1.0] [1.0, 1.0] [1.0, 1.0] [1.0, 1.0] [1.0, 1.0] [1.0, 1.0] [1.0, 1.0] [1.0, 1.0] [1.0, 1.0] [1.0, 1.0] [1.0, 1.0] [1.0, 1.0] [1.0, 1.0] [1.0, 1.0] [1.0, 1.0] [1.0, 1.0] [1.0, 1.0] [1.0, 1.0] [1.0, 1.0] [1.0, 1.0] [1.0, 1.0] [1.0, 1.0] [1.0, 1.0] [1.0, 1.0] [1.0, 1.0] [1.0, 1.0] [1.0, 1.0] [1.0, 1.0] [1.0, 1.0] [1.0, 1.0] [1.0, 1.0] [1.0, 1.0] [1.0, 1.0] [1.0, 1.0] [1.0, 1.0] [1.0, 1.0] [1.0, 1.0] [1.0, 1.0] [1.0, 1.0] [1.0, 1.0] [1.0, 1.0] [1.0, 1.0] [1.0, 1.0] [1.0, 1.0] [1.0, 1.0] [1.0, 1.0] [1.0, 1.0] [1.0, 1.0] [1.0, 1.0] [1.0, 1.0] [1.0, 1.0] [1.0, 1.0] [1.0, 1.0] [1.0, 1.0] [1.0, 1.0] [1.0, 1.0] [1.0, 1.0] [1.0, 1.0] [1.0, 1.0] [1.0, 1.0] [1.0, 1.0] [1.0, 1.0] [1.0, 1.0] [1.0, 1.0] [1.0, 1.0] [1.0, 1.0] [1.0, 1.0] [1.0, 1.0] [1.0, 1.0] [1.0, 1.0] [1.0, 1.0] [1.0, 1.0] [1.0, 1.0] [1.0, 1.0] [1.0, 1.0] [1.0, 1.0] [1.0, 1.0] [1.0, 1.0] [1.0, 1.0] [1.0, 1.0] [1.0, 1.0] [1.0, 1.0] [1.0, 1.0] [1.0, 1.0] [1.0, 1.0] [1.0, 1.0] [1.0, 1.0] [1.0, 1.0] [1.0, 1.0] [1.0, 1.0] [1.0, 1.0] [1.0, 1.0] [1.0, 1.0] [1.0, 1.0] [1.0, 1.0] [1.0, 1.0] [1.0, 1.0] [1.0, 1.0] [1.0, 1.0] [1.0, 1.0] [1.0, 1.0] [1.0, 1.0] [1.0, 1.0] [1.0, 1.0] [1.0, 1.0] [1.0, 1.0] [1.0, 1.0] [1.0, 1.0] [1.0, 1.0] [1.0, 1.0] [1.0, 1.0] [1.0, 1.0] [1.0, 1.0] [1.0, 1.0] [1.0, 1.0] [1.0, 1.0] [1.0, 1.0] [1.0, 1.0] [1.0, 1.0] [1.0, 1.0] [1.0, 1.0] [1.0, 1.0] [1.0, 1.0] [1.0, 1.0] [1.0, 1.0] [1.0, 1.0] [1.0, 1.0] [1.0, 1.0] [1.0, 1.0] [1.0, 1.0] [1.0, 1.0] [1.0, 1.0] [1.0, 1.0] [1.0, 1.0] 
    2: [1.0, 1.0] [1.0, 1.0] [0.0, 0.0] [1.0, 1.0] [1.0, 1.0] [0.0, 0.0] [1.0, 1.0] [1.0, 1.0] [1.0, 1.0] [0.0, 0.0] [1.0, 1.0] [1.0, 1.0] [0.0, 0.0] [1.0, 1.0] [1.0, 1.0] [0.0, 0.0] [1.0, 1.0] [1.0, 1.0] [1.0, 1.0] [0.0, 0.0] [1.0, 1.0] [1.0, 1.0] [0.0, 0.0] [1.0, 1.0] [1.0, 1.0] [0.0, 0.0] [1.0, 1.0] [1.0, 1.0] [1.0, 1.0] [0.0, 0.0] [1.0, 1.0] [1.0, 1.0] [1.0, 1.0] [0.0, 0.0] [1.0, 1.0] [0.0, 0.0] [1.0, 1.0] [1.0, 1.0] [1.0, 1.0] [1.0, 1.0] [0.0, 0.0] [1.0, 1.0] [1.0, 1.0] [0.0, 0.0] [1.0, 1.0] [0.0, 0.0] [1.0, 1.0] [1.0, 1.0] [1.0, 1.0] [1.0, 1.0] [0.0, 0.0] [1.0, 1.0] [1.0, 1.0] [0.0, 0.0] [1.0, 1.0] [0.0, 0.0] [1.0, 1.0] [1.0, 1.0] [1.0, 1.0] [1.0, 1.0] [0.0, 0.0] [1.0, 1.0] [1.0, 1.0] [0.0, 0.0] [1.0, 1.0] [1.0, 1.0] [1.0, 1.0] [0.0, 0.0] [1.0, 1.0] [0.0, 0.0] [1.0, 1.0] [1.0, 1.0] [1.0, 1.0] [0.0, 0.0] [1.0, 1.0] [1.0, 1.0] [1.0, 1.0] [0.0, 0.0] [1.0, 1.0] [0.0, 0.0] [1.0, 1.0] [1.0, 1.0] [1.0, 1.0] [0.0, 0.0] [1.0, 1.0] [1.0, 1.0] [1.0, 1.0] [0.0, 0.0] [1.0, 1.0] [0.0, 0.0] [1.0, 1.0] [1.0, 1.0] [1.0, 1.0] [1.0, 1.0] [1.0, 1.0] [1.0, 1.0] [1.0, 1.0] [1.0, 1.0] [1.0, 1.0] [0.0, 0.0] [0.0, 0.0] [1.0, 1.0] [0.0, 0.0] [1.0, 1.0] [1.0, 1.0] [1.0, 1.0] [1.0, 1.0] [1.0, 1.0] [1.0, 1.0] [0.0, 0.0] [0.0, 0.0] [1.0, 1.0] [0.0, 0.0] [1.0, 1.0] [1.0, 1.0] [1.0, 1.0] [1.0, 1.0] [0.0, 0.0] [1.0, 1.0] [1.0, 1.0] [0.0, 0.0] [1.0, 1.0] [1.0, 1.0] [0.0, 0.0] [1.0, 1.0] [1.0, 1.0] [1.0, 1.0] [0.0, 0.0] [1.0, 1.0] [1.0, 1.0] [0.0, 0.0] [1.0, 1.0] [1.0, 1.0] [0.0, 0.0] [1.0, 1.0] [1.0, 1.0] [1.0, 1.0] [0.0, 0.0] [1.0, 1.0] [1.0, 1.0] [0.0, 0.0] [1.0, 1.0] [1.0, 1.0] [0.0, 0.0] [1.0, 1.0] [1.0, 1.0] [0.0, 0.0] [1.0, 1.0] [0.0, 0.0] [1.0, 1.0] [1.0, 1.0] [1.0, 1.0] [1.0, 1.0] [0.0, 0.0] [1.0, 1.0] [1.0, 1.0] [0.0, 0.0] [1.0, 1.0] [0.0, 0.0] [1.0, 1.0] [1.0, 1.0] [1.0, 1.0] [1.0, 1.0] [0.0, 0.0] [1.0, 1.0] [1.0, 1.0] [0.0, 0.0] [1.0, 1.0] [0.0, 0.0] [1.0, 1.0] [1.0, 1.0] [1.0, 1.0] [1.0, 1.0] [0.0, 0.0] [1.0, 1.0] [1.0, 1.0] [1.0, 1.0] [1.0, 1.0] [0.0, 0.0] [1.0, 1.0] [1.0, 1.0] [0.0, 0.0] [0.0, 0.0] [1.0, 1.0] [1.0, 1.0] [1.0, 1.0] [1.0, 1.0] [1.0, 1.0] [0.0, 0.0] [1.0, 1.0] [1.0, 1.0] [0.0, 0.0] [0.0, 0.0] [1.0, 1.0] [1.0, 1.0] [1.0, 1.0] [1.0, 1.0] [1.0, 1.0] [0.0, 0.0] [1.0, 1.0] [1.0, 1.0] [0.0, 0.0] [0.0, 0.0] [1.0, 1.0] [1.0, 1.0] [1.0, 1.0] [1.0, 1.0] 
    3: [1.0, 1.0] [1.0, 1.0] [0.0, 0.0] [1.0, 1.0] [0.0, 0.0] [1.0, 1.0] [0.0, 0.0] [1.0, 1.0] [1.0, 1.0] [1.0, 1.0] [1.0, 1.0] [1.0, 1.0] [0.0, 0.0] [1.0, 1.0] [0.0, 0.0] [1.0, 1.0] [0.0, 0.0] [1.0, 1.0] [1.0, 1.0] [1.0, 1.0] [1.0, 1.0] [1.0, 1.0] [0.0, 0.0] [1.0, 1.0] [0.0, 0.0] [1.0, 1.0] [0.0, 0.0] [1.0, 1.0] [1.0, 1.0] [1.0, 1.0] [1.0, 1.0] [1.0, 1.0] [1.0, 1.0] [1.0, 1.0] [1.0, 1.0] [1.0, 1.0] [0.0, 0.0] [1.0, 1.0] [1.0, 1.0] [0.0, 0.0] [0.0, 0.0] [1.0, 1.0] [1.0, 1.0] [1.0, 1.0] [1.0, 1.0] [1.0, 1.0] [0.0, 0.0] [1.0, 1.0] [1.0, 1.0] [0.0, 0.0] [0.0, 0.0] [1.0, 1.0] [1.0, 1.0] [1.0, 1.0] [1.0, 1.0] [1.0, 1.0] [0.0, 0.0] [1.0, 1.0] [1.0, 1.0] [0.0, 0.0] [0.0, 0.0] [1.0, 1.0] [1.0, 1.0] [1.0, 1.0] [1.0, 1.0] [1.0, 1.0] [1.0, 1.0] [0.0, 0.0] [0.0, 0.0] [1.0, 1.0] [0.0, 0.0] [1.0, 1.0] [1.0, 1.0] [1.0, 1.0] [1.0, 1.0] [1.0, 1.0] [1.0, 1.0] [0.0, 0.0] [0.0, 0.0] [1.0, 1.0] [0.0, 0.0] [1.0, 1.0] [1.0, 1.0] [1.0, 1.0] [1.0, 1.0] [1.0, 1.0] [1.0, 1.0] [0.0, 0.0] [0.0, 0.0] [1.0, 1.0] [0.0, 0.0] [1.0, 1.0] [1.0, 1.0] [1.0, 1.0] [1.0, 1.0] [1.0, 1.0] [1.0, 1.0] [1.0, 1.0] [0.0, 0.0] [1.0, 1.0] [1.0, 1.0] [0.0, 0.0] [0.0, 0.0] [1.0, 1.0] [1.0, 1.0] [1.0, 1.0] [1.0, 1.0] [1.0, 1.0] [0.0, 0.0] [1.0, 1.0] [1.0, 1.0] [0.0, 0.0] [0.0, 0.0] [1.0, 1.0] [1.0, 1.0] [1.0, 1.0] [1.0, 1.0] [1.0, 1.0] [0.0, 0.0] [0.0, 0.0] [1.0, 1.0] [1.0, 1.0] [1.0, 1.0] [0.0, 0.0] [1.0, 1.0] [1.0, 1.0] [1.0, 1.0] [1.0, 1.0] [0.0, 0.0] [0.0, 0.0] [1.0, 1.0] [1.0, 1.0] [1.0, 1.0] [0.0, 0.0] [1.0, 1.0] [1.0, 1.0] [1.0, 1.0] [1.0, 1.0] [0.0, 0.0] [0.0, 0.0] [1.0, 1.0] [1.0, 1.0] [1.0, 1.0] [0.0, 0.0] [1.0, 1.0] [1.0, 1.0] [0.0, 0.0] [1.0, 1.0] [1.0, 1.0] [1.0, 1.0] [0.0, 0.0] [1.0, 1.0] [0.0, 0.0] [1.0, 1.0] [1.0, 1.0] [1.0, 1.0] [0.0, 0.0] [1.0, 1.0] [1.0, 1.0] [1.0, 1.0] [0.0, 0.0] [1.0, 1.0] [0.0, 0.0] [1.0, 1.0] [1.0, 1.0] [1.0, 1.0] [0.0, 0.0] [1.0, 1.0] [1.0, 1.0] [1.0, 1.0] [0.0, 0.0] [1.0, 1.0] [0.0, 0.0] [1.0, 1.0] [1.0, 1.0] [1.0, 1.0] [1.0, 1.0] [0.0, 0.0] [1.0, 1.0] [1.0, 1.0] [0.0, 0.0] [1.0, 1.0] [0.0, 0.0] [1.0, 1.0] [1.0, 1.0] [1.0, 1.0] [1.0, 1.0] [0.0, 0.0] [1.0, 1.0] [1.0, 1.0] [0.0, 0.0] [1.0, 1.0] [0.0, 0.0] [1.0, 1.0] [1.0, 1.0] [1.0, 1.0] [1.0, 1.0] [0.0, 0.0] [1.0, 1.0] [1.0, 1.0] [0.0, 0.0] [1.0, 1.0] [0.0, 0.0] [1.0, 1.0] [1.0, 1.0] [1.0, 1.0] [1.0, 1.0] 
    4: [1.0, 1.0] [0.0, 0.0] [1.0, 1.0] [0.0, 0.0] [1.0, 1.0] [1.0, 1.0] [1.0, 1.0] [0.0, 0.0] [0.0, 0.0] [1.0, 1.0] [1.0, 1.0] [0.0, 0.0] [1.0, 1.0] [0.0, 0.0] [1.0, 1.0] [1.0, 1.0] [1.0, 1.0] [0.0, 0.0] [0.0, 0.0] [1.0, 1.0] [1.0, 1.0] [0.0, 0.0] [1.0, 1.0] [0.0, 0.0] [1.0, 1.0] [1.0, 1.0] [1.0, 1.0] [0.0, 0.0] [0.0, 0.0] [1.0, 1.0] [1.0, 1.0] [1.0, 1.0] [0.0, 0.0] [1.0, 1.0] [0.0, 0.0] [1.0, 1.0] [1.0, 1.0] [0.0, 0.0] [0.0, 0.0] [1.0, 1.0] [1.0, 1.0] [1.0, 1.0] [0.0, 0.0] [1.0, 1.0] [0.0, 0.0] [1.0, 1.0] [1.0, 1.0] [0.0, 0.0] [0.0, 0.0] [1.0, 1.0] [1.0, 1.0] [1.0, 1.0] [0.0, 0.0] [1.0, 1.0] [0.0, 0.0] [1.0, 1.0] [1.0, 1.0] [0.0, 0.0] [0.0, 0.0] [1.0, 1.0] [1.0, 1.0] [1.0, 1.0] [1.0, 1.0] [1.0, 1.0] [0.0, 0.0] [0.0, 0.0] [0.0, 0.0] [1.0, 1.0] [1.0, 1.0] [1.0, 1.0] [1.0, 1.0] [0.0, 0.0] [1.0, 1.0] [1.0, 1.0] [0.0, 0.0] [0.0, 0.0] [0.0, 0.0] [1.0, 1.0] [1.0, 1.0] [1.0, 1.0] [1.0, 1.0] [0.0, 0.0] [1.0, 1.0] [1.0, 1.0] [0.0, 0.0] [0.0, 0.0] [0.0, 0.0] [1.0, 1.0] [1.0, 1.0] [1.0, 1.0] [1.0, 1.0] [0.0, 0.0] [1.0, 1.0] [1.0, 1.0] [0.0, 0.0] [0.0, 0.0] [0.0, 0.0] [0.0, 0.0] [1.0, 1.0] [1.0, 1.0] [1.0, 1.0] [1.0, 1.0] [1.0, 1.0] [1.0, 1.0] [0.0, 0.0] [0.0, 0.0] [0.0, 0.0] [0.0, 0.0] [1.0, 1.0] [1.0, 1.0] [1.0, 1.0] [1.0, 1.0] [1.0, 1.0] [1.0, 1.0] [1.0, 1.0] [0.0, 0.0] [0.0, 0.0] [1.0, 1.0] [1.0, 1.0] [1.0, 1.0] [1.0, 1.0] [0.0, 0.0] [0.0, 0.0] [1.0, 1.0] [1.0, 1.0] [0.0, 0.0] [0.0, 0.0] [1.0, 1.0] [1.0, 1.0] [1.0, 1.0] [1.0, 1.0] [0.0, 0.0] [0.0, 0.0] [1.0, 1.0] [1.0, 1.0] [0.0, 0.0] [0.0, 0.0] [1.0, 1.0] [1.0, 1.0] [1.0, 1.0] [1.0, 1.0] [0.0, 0.0] [0.0, 0.0] [1.0, 1.0] [1.0, 1.0] [1.0, 1.0] [1.0, 1.0] [0.0, 0.0] [1.0, 1.0] [0.0, 0.0] [1.0, 1.0] [0.0, 0.0] [1.0, 1.0] [1.0, 1.0] [0.0, 0.0] [1.0, 1.0] [1.0, 1.0] [0.0, 0.0] [1.0, 1.0] [0.0, 0.0] [1.0, 1.0] [0.0, 0.0] [1.0, 1.0] [1.0, 1.0] [0.0, 0.0] [1.0, 1.0] [1.0, 1.0] [0.0, 0.0] [1.0, 1.0] [0.0, 0.0] [1.0, 1.0] [0.0, 0.0] [1.0, 1.0] [1.0, 1.0] [0.0, 0.0] [1.0, 1.0] [1.0, 1.0] [1.0, 1.0] [1.0, 1.0] [0.0, 0.0] [1.0, 1.0] [1.0, 1.0] [1.0, 1.0] [0.0, 0.0] [0.0, 0.0] [0.0, 0.0] [1.0, 1.0] [1.0, 1.0] [1.0, 1.0] [0.0, 0.0] [1.0, 1.0] [1.0, 1.0] [1.0, 1.0] [0.0, 0.0] [0.0, 0.0] [0.0, 0.0] [1.0, 1.0] [1.0, 1.0] [1.0, 1.0] [0.0, 0.0] [1.0, 1.0] [1.0, 1.0] [1.0, 1.0] [0.0, 0.0] [0.0, 0.0] [0.0, 0.0] [1.0, 1.0] 
    5: [1.0, 1.0] [1.0, 1.0] [0.0, 0.0] [0.0, 0.0] [1.0, 1.0] [1.0, 1.0] [0.0, 0.0] [0.0, 0.0] [1.0, 1.0] [1.0, 1.0] [1.0, 1.0] [1.0, 1.0] [0.0, 0.0] [0.0, 0.0] [1.0, 1.0] [1.0, 1.0] [0.0, 0.0] [0.0, 0.0] [1.0, 1.0] [1.0, 1.0] [1.0, 1.0] [1.0, 1.0] [0.0, 0.0] [0.0, 0.0] [1.0, 1.0] [1.0, 1.0] [0.0, 0.0] [0.0, 0.0] [1.0, 1.0] [1.0, 1.0] [1.0, 1.0] [1.0, 1.0] [1.0, 1.0] [1.0, 1.0] [0.0, 0.0] [1.0, 1.0] [0.0, 0.0] [0.0, 0.0] [1.0, 1.0] [1.0, 1.0] [0.0, 0.0] [1.0, 1.0] [1.0, 1.0] [1.0, 1.0] [0.0, 0.0] [1.0, 1.0] [0.0, 0.0] [0.0, 0.0] [1.0, 1.0] [1.0, 1.0] [0.0, 0.0] [1.0, 1.0] [1.0, 1.0] [1.0, 1.0] [0.0, 0.0] [1.0, 1.0] [0.0, 0.0] [0.0, 0.0] [1.0, 1.0] [1.0, 1.0] [0.0, 0.0] [1.0, 1.0] [1.0, 1.0] [1.0, 1.0] [1.0, 1.0] [1.0, 1.0] [0.0, 0.0] [0.0, 0.0] [1.0, 1.0] [1.0, 1.0] [0.0, 0.0] [0.0, 0.0] [1.0, 1.0] [1.0, 1.0] [1.0, 1.0] [1.0, 1.0] [0.0, 0.0] [0.0, 0.0] [1.0, 1.0] [1.0, 1.0] [0.0, 0.0] [0.0, 0.0] [1.0, 1.0] [1.0, 1.0] [1.0, 1.0] [1.0, 1.0] [0.0, 0.0] [0.0, 0.0] [1.0, 1.0] [1.0, 1.0] [0.0, 0.0] [0.0, 0.0] [1.0, 1.0] [1.0, 1.0] [1.0, 1.0] [0.0, 0.0] [0.0, 0.0] [1.0, 1.0] [1.0, 1.0] [1.0, 1.0] [1.0, 1.0] [0.0, 0.0] [0.0, 0.0] [1.0, 1.0] [1.0, 1.0] [0.0, 0.0] [0.0, 0.0] [1.0, 1.0] [1.0, 1.0] [1.0, 1.0] [1.0, 1.0] [0.0, 0.0] [0.0, 0.0] [1.0, 1.0] [1.0, 1.0] [0.0, 0.0] [1.0, 1.0] [1.0, 1.0] [1.0, 1.0] [0.0, 0.0] [1.0, 1.0] [1.0, 1.0] [0.0, 0.0] [0.0, 0.0] [1.0, 1.0] [0.0, 0.0] [1.0, 1.0] [1.0, 1.0] [1.0, 1.0] [0.0, 0.0] [1.0, 1.0] [1.0, 1.0] [0.0, 0.0] [0.0, 0.0] [1.0, 1.0] [0.0, 0.0] [1.0, 1.0] [1.0, 1.0] [1.0, 1.0] [0.0, 0.0] [1.0, 1.0] [1.0, 1.0] [0.0, 0.0] [0.0, 0.0] [1.0, 1.0] [1.0, 1.0] [0.0, 0.0] [1.0, 1.0] [1.0, 1.0] [1.0, 1.0] [0.0, 0.0] [0.0, 0.0] [1.0, 1.0] [1.0, 1.0] [0.0, 0.0] [1.0, 1.0] [0.0, 0.0] [1.0, 1.0] [1.0, 1.0] [1.0, 1.0] [0.0, 0.0] [0.0, 0.0] [1.0, 1.0] [1.0, 1.0] [0.0, 0.0] [1.0, 1.0] [0.0, 0.0] [1.0, 1.0] [1.0, 1.0] [1.0, 1.0] [0.0, 0.0] [0.0, 0.0] [1.0, 1.0] [1.0, 1.0] [0.0, 0.0] [1.0, 1.0] [1.0, 1.0] [1.0, 1.0] [1.0, 1.0] [0.0, 0.0] [0.0, 0.0] [1.0, 1.0] [0.0, 0.0] [1.0, 1.0] [1.0, 1.0] [0.0, 0.0] [1.0, 1.0] [1.0, 1.0] [1.0, 1.0] [0.0, 0.0] [0.0, 0.0] [1.0, 1.0] [0.0, 0.0] [1.0, 1.0] [1.0, 1.0] [0.0, 0.0] [1.0, 1.0] [1.0, 1.0] [1.0, 1.0] [0.0, 0.0] [0.0, 0.0] [1.0, 1.0] [0.0, 0.0] [1.0, 1.0] [1.0, 1.0] [0.0, 0.0] [1.0, 1.0] 
    6: [1.0, 1.0] [1.0, 1.0] [1.0, 1.0] [1.0, 1.0] [0.0, 0.0] [0.0, 0.0] [1.0, 1.0] [1.0, 1.0] [0.0, 0.0] [0.0, 0.0] [1.0, 1.0] [1.0, 1.0] [1.0, 1.0] [1.0, 1.0] [0.0, 0.0] [0.0, 0.0] [1.0, 1.0] [1.0, 1.0] [0.0, 0.0] [0.0, 0.0] [1.0, 1.0] [1.0, 1.0] [1.0, 1.0] [1.0, 1.0] [0.0, 0.0] [0.0, 0.0] [1.0, 1.0] [1.0, 1.0] [0.0, 0.0] [0.0, 0.0] [1.0, 1.0] [1.0, 1.0] [1.0, 1.0] [0.0, 0.0] [1.0, 1.0] [0.0, 0.0] [1.0, 1.0] [1.0, 1.0] [0.0, 0.0] [0.0, 0.0] [1.0, 1.0] [1.0, 1.0] [1.0, 1.0] [0.0, 0.0] [1.0, 1.0] [0.0, 0.0] [1.0, 1.0] [1.0, 1.0] [0.0, 0.0] [0.0, 0.0] [1.0, 1.0] [1.0, 1.0] [1.0, 1.0] [0.0, 0.0] [1.0, 1.0] [0.0, 0.0] [1.0, 1.0] [1.0, 1.0] [0.0, 0.0] [0.0, 0.0] [1.0, 1.0] [1.0, 1.0] [1.0, 1.0] [0.0, 0.0] [0.0, 0.0] [1.0, 1.0] [1.0, 1.0] [1.0, 1.0] [0.0, 0.0] [0.0, 0.0] [1.0, 1.0] [1.0, 1.0] [1.0, 1.0] [0.0, 0.0] [0.0, 0.0] [1.0, 1.0] [1.0, 1.0] [1.0, 1.0] [0.0, 0.0] [0.0, 0.0] [1.0, 1.0] [1.0, 1.0] [1.0, 1.0] [0.0, 0.0] [0.0, 0.0] [1.0, 1.0] [1.0, 1.0] [1.0, 1.0] [0.0, 0.0] [0.0, 0.0] [1.0, 1.0] [1.0, 1.0] [1.0, 1.0] [1.0, 1.0] [1.0, 1.0] [1.0, 1.0] [1.0, 1.0] [0.0, 0.0] [0.0, 0.0] [0.0, 0.0] [0.0, 0.0] [1.0, 1.0] [1.0, 1.0] [1.0, 1.0] [1.0, 1.0] [1.0, 1.0] [1.0, 1.0] [0.0, 0.0] [0.0, 0.0] [0.0, 0.0] [0.0, 0.0] [1.0, 1.0] [1.0, 1.0] [1.0, 1.0] [1.0, 1.0] [1.0, 1.0] [0.0, 0.0] [0.0, 0.0] [0.0, 0.0] [1.0, 1.0] [0.0, 0.0] [1.0, 1.0] [1.0, 1.0] [1.0, 1.0] [1.0, 1.0] [1.0, 1.0] [0.0, 0.0] [0.0, 0.0] [0.0, 0.0] [1.0, 1.0] [0.0, 0.0] [1.0, 1.0] [1.0, 1.0] [1.0, 1.0] [1.0, 1.0] [1.0, 1.0] [0.0, 0.0] [0.0, 0.0] [0.0, 0.0] [1.0, 1.0] [0.0, 0.0] [1.0, 1.0] [1.0, 1.0] [1.0, 1.0] [1.0, 1.0] [1.0, 1.0] [1.0, 1.0] [0.0, 0.0] [0.0, 0.0] [1.0, 1.0] [1.0, 1.0] [1.0, 1.0] [0.0, 0.0] [0.0, 0.0] [1.0, 1.0] [1.0, 1.0] [1.0, 1.0] [0.0, 0.0] [0.0, 0.0] [1.0, 1.0] [1.0, 1.0] [1.0, 1.0] [0.0, 0.0] [0.0, 0.0] [1.0, 1.0] [1.0, 1.0] [1.0, 1.0] [0.0, 0.0] [0.0, 0.0] [1.0, 1.0] [1.0, 1.0] [1.0, 1.0] [0.0, 0.0] [0.0, 0.0] [1.0, 1.0] [1.0, 1.0] [1.0, 1.0] [0.0, 0.0] [0.0, 0.0] [1.0, 1.0] [1.0, 1.0] [0.0, 0.0] [1.0, 1.0] [0.0, 0.0] [1.0, 1.0] [1.0, 1.0] [1.0, 1.0] [0.0, 0.0] [0.0, 0.0] [1.0, 1.0] [1.0, 1.0] [0.0, 0.0] [1.0, 1.0] [0.0, 0.0] [1.0, 1.0] [1.0, 1.0] [1.0, 1.0] [0.0, 0.0] [0.0, 0.0] [1.0, 1.0] [1.0, 1.0] [0.0, 0.0] [1.0, 1.0] [0.0, 0.0] [1.0, 1.0] [1.0, 1.0] [1.0, 1.0] 
    7: [1.0, 1.0] [1.0, 1.0] [1.0, 1.0] [1.0, 1.0] [1.0, 1.0] [1.0, 1.0] [1.0, 1.0] [0.0, 0.0] [1.0, 1.0] [1.0, 1.0] [1.0, 1.0] [1.0, 1.0] [1.0, 1.0] [1.0, 1.0] [1.0, 1.0] [1.0, 1.0] [1.0, 1.0] [0.0, 0.0] [1.0, 1.0] [1.0, 1.0] [1.0, 1.0] [1.0, 1.0] [1.0, 1.0] [1.0, 1.0] [1.0, 1.0] [1.0, 1.0] [1.0, 1.0] [0.0, 0.0] [1.0, 1.0] [1.0, 1.0] [1.0, 1.0] [1.0, 1.0] [1.0, 1.0] [1.0, 1.0] [0.0, 0.0] [1.0, 1.0] [1.0, 1.0] [1.0, 1.0] [1.0, 1.0] [1.0, 1.0] [1.0, 1.0] [1.0, 1.0] [1.0, 1.0] [1.0, 1.0] [0.0, 0.0] [1.0, 1.0] [1.0, 1.0] [1.0, 1.0] [1.0, 1.0] [1.0, 1.0] [1.0, 1.0] [1.0, 1.0] [1.0, 1.0] [1.0, 1.0] [0.0, 0.0] [1.0, 1.0] [1.0, 1.0] [1.0, 1.0] [1.0, 1.0] [1.0, 1.0] [1.0, 1.0] [1.0, 1.0] [1.0, 1.0] [1.0, 1.0] [1.0, 1.0] [1.0, 1.0] [1.0, 1.0] [1.0, 1.0] [1.0, 1.0] [1.0, 1.0] [1.0, 1.0] [0.0, 0.0] [1.0, 1.0] [1.0, 1.0] [1.0, 1.0] [1.0, 1.0] [1.0, 1.0] [1.0, 1.0] [1.0, 1.0] [1.0, 1.0] [1.0, 1.0] [0.0, 0.0] [1.0, 1.0] [1.0, 1.0] [1.0, 1.0] [1.0, 1.0] [1.0, 1.0] [1.0, 1.0] [1.0, 1.0] [1.0, 1.0] [1.0, 1.0] [0.0, 0.0] [1.0, 1.0] [1.0, 1.0] [1.0, 1.0] [0.0, 0.0] [1.0, 1.0] [1.0, 1.0] [1.0, 1.0] [1.0, 1.0] [1.0, 1.0] [1.0, 1.0] [1.0, 1.0] [1.0, 1.0] [1.0, 1.0] [0.0, 0.0] [1.0, 1.0] [1.0, 1.0] [1.0, 1.0] [1.0, 1.0] [1.0, 1.0] [1.0, 1.0] [1.0, 1.0] [1.0, 1.0] [1.0, 1.0] [0.0, 0.0] [1.0, 1.0] [1.0, 1.0] [1.0, 1.0] [1.0, 1.0] [1.0, 1.0] [1.0, 1.0] [1.0, 1.0] [1.0, 1.0] [1.0, 1.0] [0.0, 0.0] [1.0, 1.0] [1.0, 1.0] [1.0, 1.0] [1.0, 1.0] [1.0, 1.0] [1.0, 1.0] [1.0, 1.0] [1.0, 1.0] [1.0, 1.0] [0.0, 0.0] [1.0, 1.0] [1.0, 1.0] [1.0, 1.0] [1.0, 1.0] [1.0, 1.0] [1.0, 1.0] [1.0, 1.0] [1.0, 1.0] [1.0, 1.0] [1.0, 1.0] [1.0, 1.0] [1.0, 1.0] [1.0, 1.0] [1.0, 1.0] [1.0, 1.0] [0.0, 0.0] [1.0, 1.0] [1.0, 1.0] [1.0, 1.0] [1.0, 1.0] [1.0, 1.0] [1.0, 1.0] [1.0, 1.0] [1.0, 1.0] [1.0, 1.0] [0.0, 0.0] [1.0, 1.0] [1.0, 1.0] [1.0, 1.0] [1.0, 1.0] [1.0, 1.0] [1.0, 1.0] [1.0, 1.0] [1.0, 1.0] [1.0, 1.0] [0.0, 0.0] [1.0, 1.0] [1.0, 1.0] [1.0, 1.0] [1.0, 1.0] [1.0, 1.0] [1.0, 1.0] [1.0, 1.0] [0.0, 0.0] [1.0, 1.0] [1.0, 1.0] [1.0, 1.0] [1.0, 1.0] [1.0, 1.0] [1.0, 1.0] [1.0, 1.0] [1.0, 1.0] [1.0, 1.0] [0.0, 0.0] [1.0, 1.0] [1.0, 1.0] [1.0, 1.0] [1.0, 1.0] [1.0, 1.0] [1.0, 1.0] [1.0, 1.0] [1.0, 1.0] [1.0, 1.0] [0.0, 0.0] [1.0, 1.0] [1.0, 1.0] [1.0, 1.0] [1.0, 1.0] [1.0, 1.0] [1.0, 1.0] [1.0, 1.0] 
    8: [1.0, 1.0] [1.0, 1.0] [1.0, 1.0] [1.0, 1.0] [1.0, 1.0] [0.0, 0.0] [1.0, 1.0] [0.0, 0.0] [1.0, 1.0] [1.0, 1.0] [1.0, 1.0] [1.0, 1.0] [1.0, 1.0] [1.0, 1.0] [1.0, 1.0] [0.0, 0.0] [1.0, 1.0] [0.0, 0.0] [1.0, 1.0] [1.0, 1.0] [1.0, 1.0] [1.0, 1.0] [1.0, 1.0] [1.0, 1.0] [1.0, 1.0] [0.0, 0.0] [1.0, 1.0] [0.0, 0.0] [1.0, 1.0] [1.0, 1.0] [1.0, 1.0] [1.0, 1.0] [1.0, 1.0] [0.0, 0.0] [0.0, 0.0] [1.0, 1.0] [1.0, 1.0] [1.0, 1.0] [1.0, 1.0] [1.0, 1.0] [1.0, 1.0] [1.0, 1.0] [1.0, 1.0] [0.0, 0.0] [0.0, 0.0] [1.0, 1.0] [1.0, 1.0] [1.0, 1.0] [1.0, 1.0] [1.0, 1.0] [1.0, 1.0] [1.0, 1.0] [1.0, 1.0] [0.0, 0.0] [0.0, 0.0] [1.0, 1.0] [1.0, 1.0] [1.0, 1.0] [1.0, 1.0] [1.0, 1.0] [1.0, 1.0] [1.0, 1.0] [1.0, 1.0] [0.0, 0.0] [1.0, 1.0] [1.0, 1.0] [1.0, 1.0] [1.0, 1.0] [1.0, 1.0] [1.0, 1.0] [1.0, 1.0] [0.0, 0.0] [1.0, 1.0] [0.0, 0.0] [1.0, 1.0] [1.0, 1.0] [1.0, 1.0] [1.0, 1.0] [1.0, 1.0] [1.0, 1.0] [1.0, 1.0] [0.0, 0.0] [1.0, 1.0] [0.0, 0.0] [1.0, 1.0] [1.0, 1.0] [1.0, 1.0] [1.0, 1.0] [1.0, 1.0] [1.0, 1.0] [1.0, 1.0] [0.0, 0.0] [1.0, 1.0] [1.0, 1.0] [1.0, 1.0] [0.0, 0.0] [1.0, 1.0] [1.0, 1.0] [1.0, 1.0] [0.0, 0.0] [1.0, 1.0] [1.0, 1.0] [1.0, 1.0] [1.0, 1.0] [1.0, 1.0] [0.0, 0.0] [1.0, 1.0] [1.0, 1.0] [1.0, 1.0] [0.0, 0.0] [1.0, 1.0] [1.0, 1.0] [1.0, 1.0] [1.0, 1.0] [1.0, 1.0] [0.0, 0.0] [1.0, 1.0] [1.0, 1.0] [1.0, 1.0] [1.0, 1.0] [0.0, 0.0] [1.0, 1.0] [1.0, 1.0] [1.0, 1.0] [1.0, 1.0] [0.0, 0.0] [1.0, 1.0] [1.0, 1.0] [1.0, 1.0] [1.0, 1.0] [0.0, 0.0] [1.0, 1.0] [1.0, 1.0] [1.0, 1.0] [1.0, 1.0] [0.0, 0.0] [1.0, 1.0] [1.0, 1.0] [1.0, 1.0] [1.0, 1.0] [0.0, 0.0] [1.0, 1.0] [1.0, 1.0] [1.0, 1.0] [1.0, 1.0] [1.0, 1.0] [1.0, 1.0] [1.0, 1.0] [0.0, 0.0] [1.0, 1.0] [1.0, 1.0] [0.0, 0.0] [1.0, 1.0] [1.0, 1.0] [1.0, 1.0] [1.0, 1.0] [1.0, 1.0] [1.0, 1.0] [0.0, 0.0] [1.0, 1.0] [1.0, 1.0] [0.0, 0.0] [1.0, 1.0] [1.0, 1.0] [1.0, 1.0] [1.0, 1.0] [1.0, 1.0] [1.0, 1.0] [0.0, 0.0] [1.0, 1.0] [1.0, 1.0] [0.0, 0.0] [1.0, 1.0] [1.0, 1.0] [1.0, 1.0] [1.0, 1.0] [1.0, 1.0] [1.0, 1.0] [1.0, 1.0] [0.0, 0.0] [1.0, 1.0] [0.0, 0.0] [1.0, 1.0] [1.0, 1.0] [1.0, 1.0] [1.0, 1.0] [1.0, 1.0] [1.0, 1.0] [1.0, 1.0] [0.0, 0.0] [1.0, 1.0] [0.0, 0.0] [1.0, 1.0] [1.0, 1.0] [1.0, 1.0] [1.0, 1.0] [1.0, 1.0] [1.0, 1.0] [1.0, 1.0] [0.0, 0.0] [1.0, 1.0] [0.0, 0.0] [1.0, 1.0] [1.0, 1.0] [1.0, 1.0] [1.0, 1.0] [1.0, 1.0] 
  Output range:
    0: [0.0, 8.0] [0.0, 8.0] [0.0, 6.0] [0.0, 8.0] [3.0, 8.0] [1.0, 7.0] [0.0, 8.0] [0.0, 8.0] [1.0, 8.0] [1.0, 7.0] [0.0, 8.0] [0.0, 8.0] [0.0, 6.0] [0.0, 8.0] [3.0, 8.0] [1.0, 7.0] [0.0, 8.0] [0.0, 8.0] [1.0, 8.0] [1.0, 7.0] [0.0, 8.0] [0.0, 8.0] [0.0, 6.0] [0.0, 8.0] [3.0, 8.0] [1.0, 7.0] [0.0, 8.0] [0.0, 8.0] [1.0, 8.0] [1.0, 7.0] [0.0, 8.0] [0.0, 8.0] [0.0, 8.0] [1.0, 7.0] [0.0, 8.0] [1.0, 7.0] [0.0, 8.0] [0.0, 8.0] [1.0, 8.0] [3.0, 8.0] [0.0, 6.0] [0.0, 8.0] [0.0, 8.0] [1.0, 7.0] [0.0, 8.0] [1.0, 7.0] [0.0, 8.0] [0.0, 8.0] [1.0, 8.0] [3.0, 8.0] [0.0, 6.0] [0.0, 8.0] [0.0, 8.0] [1.0, 7.0] [0.0, 8.0] [1.0, 7.0] [0.0, 8.0] [0.0, 8.0] [1.0, 8.0] [3.0, 8.0] [0.0, 6.0] [0.0, 8.0] [0.0, 8.0] [1.0, 7.0] [1.0, 8.0] [0.0, 8.0] [0.0, 8.0] [0.0, 6.0] [3.0, 8.0] [1.0, 7.0] [0.0, 8.0] [0.0, 8.0] [0.0, 8.0] [1.0, 7.0] [1.0, 8.0] [0.0, 8.0] [0.0, 8.0] [0.0, 6.0] [3.0, 8.0] [1.0, 7.0] [0.0, 8.0] [0.0, 8.0] [0.0, 8.0] [1.0, 7.0] [1.0, 8.0] [0.0, 8.0] [0.0, 8.0] [0.0, 6.0] [3.0, 8.0] [1.0, 7.0] [0.0, 8.0] [0.0, 8.0] [0.0, 8.0] [0.0, 8.0] [0.0, 8.0] [0.0, 8.0] [0.0, 8.0] [1.0, 8.0] [3.0, 8.0] [1.0, 7.0] [1.0, 7.0] [0.0, 8.0] [0.0, 6.0] [0.0, 8.0] [0.0, 8.0] [0.0, 8.0] [0.0, 8.0] [1.0, 8.0] [3.0, 8.0] [1.0, 7.0] [1.0, 7.0] [0.0, 8.0] [0.0, 6.0] [0.0, 8.0] [0.0, 8.0] [0.0, 8.0] [1.0, 8.0] [1.0, 7.0] [3.0, 8.0] [0.0, 8.0] [1.0, 7.0] [0.0, 8.0] [0.0, 8.0] [0.0, 6.0] [0.0, 8.0] [0.0, 8.0] [1.0, 8.0] [1.0, 7.0] [3.0, 8.0] [0.0, 8.0] [1.0, 7.0] [0.0, 8.0] [0.0, 8.0] [0.0, 6.0] [0.0, 8.0] [0.0, 8.0] [1.0, 8.0] [1.0, 7.0] [3.0, 8.0] [0.0, 8.0] [1.0, 7.0] [0.0, 8.0] [0.0, 8.0] [0.0, 6.0] [0.0, 8.0] [0.0, 8.0] [0.0, 6.0] [1.0, 8.0] [1.0, 7.0] [0.0, 8.0] [0.0, 8.0] [0.0, 8.0] [3.0, 8.0] [1.0, 7.0] [0.0, 8.0] [0.0, 8.0] [0.0, 6.0] [1.0, 8.0] [1.0, 7.0] [0.0, 8.0] [0.0, 8.0] [0.0, 8.0] [3.0, 8.0] [1.0, 7.0] [0.0, 8.0] [0.0, 8.0] [0.0, 6.0] [1.0, 8.0] [1.0, 7.0] [0.0, 8.0] [0.0, 8.0] [0.0, 8.0] [3.0, 8.0] [1.0, 7.0] [0.0, 8.0] [0.0, 8.0] [0.0, 8.0] [3.0, 8.0] [1.0, 7.0] [0.0, 8.0] [0.0, 8.0] [1.0, 7.0] [0.0, 6.0] [1.0, 8.0] [0.0, 8.0] [0.0, 8.0] [0.0, 8.0] [3.0, 8.0] [1.0, 7.0] [0.0, 8.0] [0.0, 8.0] [1.0, 7.0] [0.0, 6.0] [1.0, 8.0] [0.0, 8.0] [0.0, 8.0] [0.0, 8.0] [3.0, 8.0] [1.0, 7.0] [0.0, 8.0] [0.0, 8.0] [1.0, 7.0] [0.0, 6.0] [1.0, 8.0] [0.0, 8.0] [0.0, 8.0] [0.0, 8.0] 
  Output fraction of data:
position_bin: (0.085 0.122 0.161 0.129 0.000 0.000 0.106 0.198 0.000 0.000 0.115 0.105 0.169 0.056 0.000 0.000 0.151 0.248 0.000 0.000 0.204 0.139 0.153 0.094 0.000 0.000 0.084 0.249 0.000 0.000 0.179 0.075 0.096 0.000 0.281 0.000 0.136 0.080 0.000 0.000 0.177 0.061 0.106 0.000 0.089 0.000 0.069 0.093 0.000 0.000 0.210 0.090 0.088 0.000 0.185 0.000 0.166 0.076 0.000 0.000 0.294 0.158 0.076 0.000 0.000 0.099 0.088 0.238 0.000 0.000 0.120 0.199 0.080 0.000 0.000 0.063 0.075 0.114 0.000 0.000 0.086 0.235 0.156 0.000 0.000 0.063 0.051 0.117 0.000 0.000 0.068 0.147 0.081 0.086 0.085 0.223 0.094 0.000 0.000 0.000 0.000 0.109 0.147 0.063 0.105 0.156 0.094 0.000 0.000 0.000 0.000 0.101 0.199 0.053 0.132 0.254 0.000 0.000 0.000 0.208 0.000 0.114 0.230 0.227 0.089 0.218 0.000 0.000 0.000 0.129 0.000 0.102 0.129 0.150 0.066 0.067 0.000 0.000 0.000 0.110 0.000 0.076 0.071 0.123 0.039 0.226 0.285 0.000 0.000 0.166 0.341 0.261 0.000 0.000 0.171 0.183 0.294 0.000 0.000 0.131 0.177 0.369 0.000 0.000 0.176 0.216 0.177 0.000 0.000 0.131 0.146 0.247 0.000 0.000 0.179 0.153 0.135 0.000 0.000 0.178 0.256 0.000 0.398 0.000 0.326 0.189 0.248 0.000 0.000 0.424 0.223 0.000 0.290 0.000 0.271 0.238 0.347 0.000 0.000 0.569 0.259 0.000 0.142 0.000 0.233 0.239 0.112)  0.100 0.104 0.000 0.068 0.000 0.140 0.000 0.106 0.071 0.073 0.033 0.051 0.000 0.062 0.000 0.090 0.000 0.091 0.089 0.089 0.099 0.052 0.000 0.064 0.000 0.167 0.000 0.132 0.185 0.047 0.025 0.040 0.090 0.158 0.089 0.090 0.000 0.088 0.114 0.000 0.000 0.058 0.075 0.169 0.074 0.104 0.000 0.098 0.058 0.000 0.000 0.071 0.087 0.371 0.108 0.147 0.000 0.095 0.124 0.000 0.000 0.052 0.056 0.139 0.122 0.076 0.069 0.000 0.000 0.097 0.000 0.107 0.056 0.111 0.071 0.057 0.111 0.000 0.000 0.118 0.000 0.120 0.109 0.101 0.081 0.034 0.059 0.000 0.000 0.073 0.000 0.109 0.041 0.049 0.142 0.140 0.105 0.145 0.000 0.184 0.106 0.000 0.000 0.059 0.063 0.082 0.052 0.154 0.000 0.119 0.079 0.000 0.000 0.043 0.062 0.143 0.097 0.117 0.000 0.000 0.133 0.061 0.089 0.000 0.035 0.098 0.098 0.082 0.000 0.000 0.111 0.047 0.067 0.000 0.027 0.044 0.039 0.050 0.000 0.000 0.090 0.040 0.052 0.000 0.029 0.081 0.000 0.138 0.227 0.076 0.000 0.125 0.000 0.314 0.075 0.075 0.000 0.250 0.199 0.043 0.000 0.120 0.000 0.212 0.098 0.063 0.000 0.176 0.096 0.049 0.000 0.075 0.000 0.114 0.190 0.070 0.043 0.000 0.144 0.223 0.000 0.374 0.000 0.220 0.089 0.056 0.075 0.000 0.240 0.152 0.000 0.247 0.000 0.248 0.101 0.097 0.069 0.000 0.227 0.151 0.000 0.246 0.000 0.185 0.050 0.094 0.046)  0.084 0.123 0.000 0.171 0.000 0.000 0.145 0.103 0.144 0.144 0.094 0.111 0.000 0.209 0.000 0.000 0.097 0.163 0.095 0.122 0.097 0.111 0.000 0.095 0.000 0.000 0.168 0.186 0.100 0.095 0.098 0.162 0.123 0.000 0.189 0.177 0.330 0.115 0.166 0.000 0.000 0.178 0.149 0.000 0.161 0.259 0.107 0.168 0.138 0.000 0.000 0.184 0.218 0.000 0.176 0.151 0.122 0.126 0.112 0.000 0.000 0.213 0.150 0.000 0.120 0.113 0.148 0.000 0.000 0.172 0.164 0.151 0.109 0.000 0.131 0.125 0.176 0.000 0.000 0.208 0.137 0.147 0.180 0.000 0.128 0.107 0.156 0.000 0.000 0.138 0.127 0.167 0.118 0.133 0.180 0.199 0.148 0.181 0.000 0.000 0.309 0.145 0.000 0.153 0.147 0.216 0.104 0.141 0.000 0.000 0.238 0.137 0.000 0.197 0.309 0.214 0.090 0.192 0.000 0.194 0.000 0.123 0.121 0.000 0.128 0.149 0.125 0.151 0.000 0.097 0.000 0.134 0.150 0.000 0.071 0.103 0.068 0.113 0.000 0.094 0.000 0.099 0.102 0.000 0.135 0.161 0.000 0.146 0.000 0.220 0.197 0.283 0.000 0.191 0.187 0.297 0.000 0.366 0.000 0.327 0.412 0.149 0.000 0.165 0.202 0.268 0.000 0.135 0.000 0.203 0.296 0.517 0.000 0.116 0.170 0.135 0.128 0.000 0.155 0.315 0.189 0.000 0.000 0.204 0.162 0.084 0.166 0.000 0.215 0.224 0.173 0.000 0.000 0.111 0.134 0.195 0.166 0.000 0.190 0.170 0.137 0.000 0.000 0.189 0.049 0.087 0.090)  0.054 0.069 0.134 0.086 0.164 0.209 0.070 0.000 0.099 0.117 0.031 0.058 0.146 0.066 0.114 0.307 0.074 0.000 0.117 0.152 0.059 0.058 0.151 0.069 0.125 0.198 0.043 0.000 0.119 0.133 0.029 0.035 0.089 0.280 0.000 0.115 0.070 0.084 0.065 0.187 0.135 0.032 0.072 0.178 0.000 0.116 0.072 0.092 0.106 0.245 0.128 0.044 0.087 0.163 0.000 0.138 0.079 0.071 0.161 0.238 0.183 0.032 0.043 0.258 0.097 0.083 0.081 0.189 0.104 0.110 0.077 0.000 0.048 0.157 0.114 0.057 0.054 0.120 0.109 0.119 0.086 0.000 0.053 0.116 0.086 0.047 0.048 0.192 0.058 0.133 0.057 0.000 0.038 0.055 0.084 0.000 0.096 0.125 0.221 0.153 0.095 0.072 0.127 0.032 0.055 0.000 0.092 0.062 0.125 0.185 0.096 0.094 0.182 0.024 0.054 0.000 0.175 0.153 0.195 0.086 0.183 0.058 0.049 0.151 0.013 0.000 0.114 0.153 0.103 0.063 0.138 0.039 0.042 0.166 0.024 0.000 0.112 0.081 0.124 0.062 0.179 0.050 0.032 0.128 0.021 0.065 0.082 0.142 0.276 0.086 0.067 0.000 0.229 0.136 0.082 0.031 0.116 0.063 0.113 0.030 0.029 0.000 0.113 0.140 0.062 0.032 0.080 0.106 0.159 0.055 0.041 0.000 0.085 0.160 0.175 0.076 0.032 0.093 0.127 0.000 0.092 0.243 0.070 0.187 0.064 0.154 0.029 0.239 0.116 0.000 0.073 0.173 0.095 0.185 0.068 0.059 0.029 0.393 0.147 0.000 0.092 0.294 0.208 0.076 0.187 0.163 0.071)  0.088 0.000 0.179 0.000 0.118 0.190 0.085 0.000 0.000 0.088 0.046 0.000 0.132 0.000 0.080 0.154 0.081 0.000 0.000 0.123 0.040 0.000 0.192 0.000 0.106 0.167 0.081 0.000 0.000 0.061 0.019 0.080 0.000 0.154 0.000 0.092 0.076 0.000 0.000 0.119 0.144 0.045 0.000 0.193 0.000 0.106 0.104 0.000 0.000 0.095 0.172 0.050 0.000 0.149 0.000 0.090 0.095 0.000 0.000 0.088 0.119 0.030 0.015 0.133 0.000 0.000 0.000 0.174 0.088 0.088 0.136 0.000 0.027 0.163 0.000 0.000 0.000 0.192 0.104 0.104 0.123 0.000 0.022 0.166 0.000 0.000 0.000 0.171 0.082 0.132 0.084 0.000 0.024 0.021 0.000 0.000 0.000 0.006 0.171 0.141 0.068 0.087 0.143 0.046 0.000 0.000 0.000 0.000 0.122 0.146 0.094 0.073 0.128 0.021 0.028 0.000 0.000 0.128 0.093 0.106 0.206 0.000 0.000 0.210 0.039 0.000 0.000 0.096 0.058 0.098 0.179 0.000 0.000 0.177 0.037 0.000 0.000 0.128 0.066 0.062 0.166 0.000 0.000 0.177 0.020 0.025 0.146 0.000 0.098 0.000 0.070 0.000 0.062 0.037 0.000 0.000 0.080 0.000 0.066 0.000 0.039 0.000 0.026 0.063 0.000 0.001 0.119 0.000 0.212 0.000 0.056 0.000 0.069 0.071 0.000 0.014 0.022 0.036 0.065 0.000 0.065 0.079 0.064 0.000 0.000 0.000 0.012 0.095 0.065 0.000 0.049 0.168 0.085 0.000 0.000 0.000 0.001 0.084 0.065 0.000 0.088 0.119 0.053 0.000 0.000 0.000 0.005)  0.109 0.126 0.258 0.076 0.135 0.266 0.167 0.219 0.103 0.174 0.076 0.091 0.226 0.144 0.153 0.222 0.121 0.141 0.074 0.126 0.057 0.102 0.237 0.102 0.186 0.211 0.142 0.122 0.089 0.137 0.072 0.111 0.089 0.238 0.140 0.258 0.102 0.212 0.103 0.218 0.289 0.084 0.094 0.175 0.185 0.165 0.160 0.138 0.112 0.189 0.279 0.107 0.097 0.177 0.149 0.147 0.123 0.148 0.106 0.138 0.201 0.064 0.088 0.245 0.106 0.072 0.121 0.233 0.221 0.222 0.149 0.147 0.077 0.233 0.078 0.076 0.128 0.427 0.131 0.165 0.146 0.143 0.063 0.295 0.102 0.113 0.142 0.329 0.165 0.170 0.160 0.147 0.103 0.101 0.140 0.141 0.139 0.112 0.240 0.302 0.172 0.152 0.424 0.097 0.098 0.128 0.093 0.142 0.208 0.233 0.189 0.162 0.234 0.120 0.121 0.158 0.112 0.127 0.226 0.108 0.213 0.094 0.111 0.303 0.050 0.130 0.110 0.167 0.204 0.151 0.248 0.117 0.127 0.299 0.105 0.193 0.122 0.270 0.256 0.179 0.165 0.086 0.136 0.486 0.113 0.042 0.306 0.072 0.211 0.057 0.075 0.101 0.114 0.097 0.032 0.058 0.212 0.060 0.500 0.039 0.053 0.078 0.050 0.064 0.078 0.033 0.187 0.091 0.281 0.078 0.061 0.045 0.129 0.055 0.107 0.063 0.031 0.117 0.087 0.092 0.075 0.174 0.196 0.082 0.059 0.040 0.097 0.128 0.101 0.070 0.084 0.191 0.146 0.048 0.062 0.049 0.029 0.095 0.094 0.052 0.119 0.089 0.052 0.058 0.059 0.044 0.032)  0.148 0.121 0.268 0.171 0.145 0.000 0.131 0.000 0.141 0.263 0.179 0.173 0.327 0.127 0.159 0.000 0.162 0.000 0.163 0.222 0.115 0.140 0.268 0.280 0.142 0.000 0.109 0.000 0.108 0.380 0.233 0.099 0.111 0.000 0.000 0.127 0.119 0.104 0.081 0.141 0.256 0.120 0.139 0.000 0.000 0.104 0.073 0.090 0.119 0.114 0.211 0.072 0.089 0.000 0.000 0.153 0.138 0.148 0.094 0.117 0.203 0.067 0.116 0.000 0.080 0.081 0.121 0.166 0.061 0.140 0.054 0.000 0.116 0.000 0.073 0.113 0.083 0.147 0.145 0.116 0.097 0.000 0.093 0.000 0.104 0.085 0.088 0.190 0.047 0.115 0.057 0.000 0.107 0.113 0.078 0.000 0.172 0.110 0.138 0.000 0.107 0.090 0.159 0.068 0.088 0.000 0.125 0.065 0.131 0.000 0.138 0.076 0.256 0.054 0.095 0.000 0.139 0.113 0.148 0.100 0.000 0.065 0.092 0.109 0.060 0.000 0.097 0.131 0.061 0.078 0.000 0.059 0.082 0.209 0.064 0.000 0.099 0.104 0.050 0.052 0.000 0.056 0.057 0.087 0.046 0.159 0.181 0.191 0.000 0.182 0.137 0.000 0.395 0.139 0.370 0.070 0.299 0.073 0.000 0.153 0.084 0.000 0.713 0.266 0.142 0.282 0.437 0.307 0.000 0.334 0.301 0.000 0.684 0.423 0.123 0.342 0.185 0.113 0.313 0.000 0.182 0.000 0.272 0.151 0.175 0.419 0.155 0.404 0.183 0.000 0.283 0.000 0.385 0.266 0.171 0.214 0.245 0.303 0.152 0.000 0.215 0.000 0.545 0.248 0.280 0.328 0.356)  0.112 0.095 0.000 0.000 0.134 0.195 0.000 0.000 0.127 0.141 0.120 0.113 0.000 0.000 0.116 0.227 0.000 0.000 0.140 0.167 0.065 0.087 0.000 0.000 0.064 0.258 0.000 0.000 0.105 0.148 0.085 0.139 0.128 0.170 0.000 0.142 0.000 0.000 0.161 0.084 0.000 0.113 0.104 0.285 0.000 0.146 0.000 0.000 0.104 0.117 0.000 0.079 0.083 0.140 0.000 0.173 0.000 0.000 0.108 0.097 0.000 0.089 0.140 0.225 0.120 0.133 0.000 0.000 0.112 0.170 0.000 0.000 0.116 0.335 0.085 0.123 0.000 0.000 0.096 0.170 0.000 0.000 0.074 0.322 0.115 0.098 0.000 0.000 0.109 0.239 0.000 0.000 0.111 0.086 0.105 0.000 0.000 0.116 0.063 0.220 0.144 0.000 0.000 0.099 0.132 0.000 0.000 0.084 0.125 0.316 0.167 0.000 0.000 0.081 0.073 0.000 0.128 0.170 0.107 0.000 0.265 0.155 0.000 0.000 0.097 0.000 0.079 0.221 0.072 0.000 0.323 0.071 0.000 0.000 0.116 0.000 0.104 0.254 0.098 0.000 0.399 0.083 0.000 0.000 0.115 0.074 0.000 0.121 0.188 0.085 0.000 0.000 0.066 0.086 0.000 0.041 0.000 0.043 0.122 0.027 0.000 0.000 0.035 0.090 0.000 0.034 0.000 0.092 0.252 0.058 0.000 0.000 0.013 0.061 0.000 0.061 0.048 0.023 0.109 0.000 0.000 0.130 0.000 0.066 0.048 0.000 0.061 0.045 0.080 0.000 0.000 0.221 0.000 0.069 0.073 0.000 0.032 0.044 0.126 0.000 0.000 0.253 0.000 0.146 0.092 0.000 0.190)  0.220 0.239 0.000 0.299 0.304 0.000 0.297 0.374 0.315 0.000 0.305 0.297 0.000 0.336 0.378 0.000 0.314 0.356 0.322 0.000 0.263 0.311 0.000 0.296 0.377 0.000 0.373 0.310 0.293 0.000 0.262 0.260 0.273 0.000 0.302 0.000 0.167 0.316 0.310 0.251 0.000 0.309 0.261 0.000 0.490 0.000 0.415 0.320 0.364 0.239 0.000 0.303 0.252 0.000 0.382 0.000 0.277 0.336 0.294 0.322 0.000 0.295 0.316 0.000 0.355 0.343 0.371 0.000 0.415 0.000 0.300 0.396 0.369 0.000 0.447 0.385 0.373 0.000 0.416 0.000 0.325 0.355 0.251 0.000 0.384 0.453 0.455 0.000 0.538 0.000 0.446 0.429 0.377 0.356 0.185 0.297 0.246 0.206 0.167 0.000 0.000 0.345 0.000 0.382 0.313 0.418 0.441 0.352 0.288 0.000 0.000 0.358 0.000 0.407 0.126 0.231 0.258 0.000 0.231 0.197 0.000 0.329 0.308 0.000 0.490 0.405 0.378 0.000 0.503 0.385 0.000 0.430 0.403 0.000 0.491 0.592 0.456 0.000 0.406 0.442 0.000 0.510 0.550 0.000 0.482 0.167 0.000 0.190 0.000 0.129 0.113 0.229 0.135 0.000 0.083 0.244 0.000 0.145 0.000 0.250 0.205 0.284 0.063 0.000 0.242 0.071 0.000 0.094 0.000 0.091 0.098 0.115 0.020 0.000 0.057 0.087 0.376 0.617 0.000 0.191 0.143 0.000 0.000 0.089 0.077 0.057 0.158 0.090 0.000 0.130 0.116 0.000 0.000 0.073 0.119 0.148 0.082 0.081 0.000 0.058 0.091 0.000 0.000 0.097 0.050 0.044 0.098)  
Brain region: CA1: 69744 neurons  
Training on 6531 trials, testing on 1656 trials
Using device: cuda
Using balanced loss with class weights:
  Output 0: [0.10944297 0.14404634 0.09335932 0.10981515 0.1886966  0.07670905
 0.08077569 0.14210266 0.05505222]
Session 0: Using 50000 of 55800 timepoints for SVD initialization
Session 1: Using 50000 of 55800 timepoints for SVD initialization
Session 2: Using 50000 of 55800 timepoints for SVD initialization
Session 3: Using 50000 of 55800 timepoints for SVD initialization
Session 4: Using 50000 of 55800 timepoints for SVD initialization
Session 5: Using 50000 of 55800 timepoints for SVD initialization
Session 6: Using 50000 of 55800 timepoints for SVD initialization
Session 7: Using 50000 of 55800 timepoints for SVD initialization
Session 8: Using 50000 of 55800 timepoints for SVD initialization
Session 9: Using 50000 of 55800 timepoints for SVD initialization
Session 10: Using 50000 of 55800 timepoints for SVD initialization
Session 11: Using 50000 of 55800 timepoints for SVD initialization
Session 12: Using 50000 of 55800 timepoints for SVD initialization
Session 13: Using 50000 of 55800 timepoints for SVD initialization
Session 14: Using 50000 of 55800 timepoints for SVD initialization
Session 15: Using 50000 of 55800 timepoints for SVD initialization
Session 16: Using 50000 of 55800 timepoints for SVD initialization
Session 17: Using 50000 of 55800 timepoints for SVD initialization
Session 18: Using 50000 of 55800 timepoints for SVD initialization
Session 19: Using 50000 of 55800 timepoints for SVD initialization
Session 20: Using 50000 of 55800 timepoints for SVD initialization
Session 21: Using 50000 of 55800 timepoints for SVD initialization
Session 22: Using 50000 of 55800 timepoints for SVD initialization
Session 23: Using 50000 of 55800 timepoints for SVD initialization
Session 24: Using 50000 of 55800 timepoints for SVD initialization
Session 25: Using 50000 of 55800 timepoints for SVD initialization
Session 26: Using 50000 of 55800 timepoints for SVD initialization
Session 27: Using 50000 of 55800 timepoints for SVD initialization
Session 28: Using 50000 of 55800 timepoints for SVD initialization
Session 29: Using 50000 of 55800 timepoints for SVD initialization
Session 30: Using 50000 of 55800 timepoints for SVD initialization
Session 31: Using 50000 of 55800 timepoints for SVD initialization
Session 32: Using 50000 of 55800 timepoints for SVD initialization
Session 33: Using 50000 of 55800 timepoints for SVD initialization
Session 34: Using 50000 of 55800 timepoints for SVD initialization
Session 35: Using 50000 of 55800 timepoints for SVD initialization
Session 36: Using 50000 of 55800 timepoints for SVD initialization
Session 37: Using 50000 of 55800 timepoints for SVD initialization
Session 38: Using 50000 of 55800 timepoints for SVD initialization
Session 39: Using 50000 of 55800 timepoints for SVD initialization
Session 40: Using 50000 of 55800 timepoints for SVD initialization
Session 41: Using 50000 of 55800 timepoints for SVD initialization
Session 42: Using 50000 of 55800 timepoints for SVD initialization
Session 43: Using 50000 of 55800 timepoints for SVD initialization
Session 44: Using 50000 of 55800 timepoints for SVD initialization
Session 45: Using 50000 of 55800 timepoints for SVD initialization
Session 46: Using 50000 of 55800 timepoints for SVD initialization
Session 47: Using 50000 of 55800 timepoints for SVD initialization
Session 48: Using 50000 of 55800 timepoints for SVD initialization
Session 49: Using 50000 of 55800 timepoints for SVD initialization
Session 50: Using 50000 of 55800 timepoints for SVD initialization
Session 51: Using 50000 of 55800 timepoints for SVD initialization
Session 52: Using 50000 of 55800 timepoints for SVD initialization
Session 53: Using 50000 of 55800 timepoints for SVD initialization
Session 54: Using 50000 of 55800 timepoints for SVD initialization
Session 55: Using 50000 of 55800 timepoints for SVD initialization
Session 56: Using 50000 of 55800 timepoints for SVD initialization
Session 57: Using 50000 of 55800 timepoints for SVD initialization
Session 58: Using 50000 of 55800 timepoints for SVD initialization
Session 59: Using 50000 of 55800 timepoints for SVD initialization
Session 60: Using 50000 of 55800 timepoints for SVD initialization
Session 61: Using 50000 of 55800 timepoints for SVD initialization
Session 62: Using 50000 of 55800 timepoints for SVD initialization
Session 63: Using 50000 of 55800 timepoints for SVD initialization
Session 64: Using 50000 of 55800 timepoints for SVD initialization
Session 65: Using 50000 of 55800 timepoints for SVD initialization
Session 66: Using 50000 of 55800 timepoints for SVD initialization
Session 67: Using 50000 of 55800 timepoints for SVD initialization
Session 68: Using 50000 of 55800 timepoints for SVD initialization
Session 69: Using 50000 of 55800 timepoints for SVD initialization
Session 70: Using 50000 of 55800 timepoints for SVD initialization
Session 71: Using 50000 of 55800 timepoints for SVD initialization
Session 72: Using 50000 of 55800 timepoints for SVD initialization
Session 73: Using 50000 of 55800 timepoints for SVD initialization
Session 74: Using 50000 of 55800 timepoints for SVD initialization
Session 75: Using 50000 of 55800 timepoints for SVD initialization
Session 76: Using 50000 of 55800 timepoints for SVD initialization
Session 77: Using 50000 of 55800 timepoints for SVD initialization
Session 78: Using 50000 of 55800 timepoints for SVD initialization
Session 79: Using 50000 of 55800 timepoints for SVD initialization
Session 80: Using 50000 of 55800 timepoints for SVD initialization
Session 81: Using 50000 of 55800 timepoints for SVD initialization
Session 82: Using 50000 of 55800 timepoints for SVD initialization
Session 83: Using 50000 of 55800 timepoints for SVD initialization
Session 84: Using 50000 of 55800 timepoints for SVD initialization
Session 85: Using 50000 of 55800 timepoints for SVD initialization
Session 86: Using 50000 of 55800 timepoints for SVD initialization
Session 87: Using 50000 of 55800 timepoints for SVD initialization
Session 88: Using 50000 of 55800 timepoints for SVD initialization
Session 89: Using 50000 of 55800 timepoints for SVD initialization
Session 90: Using 50000 of 55800 timepoints for SVD initialization
Session 91: Using 50000 of 55800 timepoints for SVD initialization
Session 92: Using 50000 of 55800 timepoints for SVD initialization
Session 93: Using 50000 of 57600 timepoints for SVD initialization
Session 94: Using 50000 of 57600 timepoints for SVD initialization
Session 95: Using 50000 of 57600 timepoints for SVD initialization
Session 96: Using 50000 of 57600 timepoints for SVD initialization
Session 97: Using 50000 of 57600 timepoints for SVD initialization
Session 98: Using 50000 of 57600 timepoints for SVD initialization
Session 99: Using 50000 of 57600 timepoints for SVD initialization
Session 100: Using 50000 of 57600 timepoints for SVD initialization
Session 101: Using 50000 of 57600 timepoints for SVD initialization
Session 102: Using 50000 of 57600 timepoints for SVD initialization
Session 103: Using 50000 of 57600 timepoints for SVD initialization
Session 104: Using 50000 of 57600 timepoints for SVD initialization
Session 105: Using 50000 of 57600 timepoints for SVD initialization
Session 106: Using 50000 of 57600 timepoints for SVD initialization
Session 107: Using 50000 of 57600 timepoints for SVD initialization
Session 108: Using 50000 of 57600 timepoints for SVD initialization
Session 109: Using 50000 of 57600 timepoints for SVD initialization
Session 110: Using 50000 of 57600 timepoints for SVD initialization
Session 111: Using 50000 of 57600 timepoints for SVD initialization
Session 112: Using 50000 of 57600 timepoints for SVD initialization
Session 113: Using 50000 of 57600 timepoints for SVD initialization
Session 114: Using 50000 of 57600 timepoints for SVD initialization
Session 115: Using 50000 of 57600 timepoints for SVD initialization
Session 116: Using 50000 of 57600 timepoints for SVD initialization
Session 117: Using 50000 of 57600 timepoints for SVD initialization
Session 118: Using 50000 of 57600 timepoints for SVD initialization
Session 119: Using 50000 of 57600 timepoints for SVD initialization
Session 120: Using 50000 of 57600 timepoints for SVD initialization
Session 121: Using 50000 of 57600 timepoints for SVD initialization
Session 122: Using 50000 of 57600 timepoints for SVD initialization
Session 123: Using 50000 of 57600 timepoints for SVD initialization
Session 124: Using 50000 of 57600 timepoints for SVD initialization
Session 125: Using 50000 of 57600 timepoints for SVD initialization
Session 126: Using 50000 of 57600 timepoints for SVD initialization
Session 127: Using 50000 of 57600 timepoints for SVD initialization
Session 128: Using 50000 of 57600 timepoints for SVD initialization
Session 129: Using 50000 of 57600 timepoints for SVD initialization
Session 130: Using 50000 of 57600 timepoints for SVD initialization
Session 131: Using 50000 of 57600 timepoints for SVD initialization
Session 132: Using 50000 of 57600 timepoints for SVD initialization
Session 133: Using 50000 of 57600 timepoints for SVD initialization
Session 134: Using 50000 of 57600 timepoints for SVD initialization
Session 135: Using 50000 of 57600 timepoints for SVD initialization
Session 136: Using 50000 of 57600 timepoints for SVD initialization
Session 137: Using 50000 of 57600 timepoints for SVD initialization
Session 138: Using 50000 of 57600 timepoints for SVD initialization
Session 139: Using 50000 of 57600 timepoints for SVD initialization
Session 140: Using 50000 of 57600 timepoints for SVD initialization
Session 141: Using 50000 of 57600 timepoints for SVD initialization
Session 142: Using 50000 of 57600 timepoints for SVD initialization
Session 143: Using 50000 of 57600 timepoints for SVD initialization
Session 144: Using 50000 of 57600 timepoints for SVD initialization
Session 145: Using 50000 of 57600 timepoints for SVD initialization
Session 146: Using 50000 of 57600 timepoints for SVD initialization
Session 147: Using 50000 of 57600 timepoints for SVD initialization
Session 148: Using 50000 of 57600 timepoints for SVD initialization
Session 149: Using 50000 of 57600 timepoints for SVD initialization
Session 150: Using 50000 of 57600 timepoints for SVD initialization
Session 151: Using 50000 of 57600 timepoints for SVD initialization
Session 152: Using 50000 of 57600 timepoints for SVD initialization
Session 153: Using 50000 of 57600 timepoints for SVD initialization
Session 154: Using 50000 of 57600 timepoints for SVD initialization
Session 155: Using 50000 of 57600 timepoints for SVD initialization
Session 156: Using 50000 of 57600 timepoints for SVD initialization
Session 157: Using 50000 of 57600 timepoints for SVD initialization
Session 158: Using 50000 of 57600 timepoints for SVD initialization
Session 159: Using 50000 of 57600 timepoints for SVD initialization
Session 160: Using 50000 of 57600 timepoints for SVD initialization
Session 161: Using 50000 of 57600 timepoints for SVD initialization
Session 162: Using 50000 of 57600 timepoints for SVD initialization
Session 163: Using 50000 of 57600 timepoints for SVD initialization
Session 164: Using 50000 of 57600 timepoints for SVD initialization
Session 165: Using 50000 of 57600 timepoints for SVD initialization
Session 166: Using 50000 of 57600 timepoints for SVD initialization
Session 167: Using 50000 of 57600 timepoints for SVD initialization
Session 168: Using 50000 of 57600 timepoints for SVD initialization
Session 169: Using 50000 of 57600 timepoints for SVD initialization
Session 170: Using 50000 of 57600 timepoints for SVD initialization
Session 171: Using 50000 of 57600 timepoints for SVD initialization
Session 172: Using 50000 of 57600 timepoints for SVD initialization
Session 173: Using 50000 of 57600 timepoints for SVD initialization
Session 174: Using 50000 of 57600 timepoints for SVD initialization
Session 175: Using 50000 of 57600 timepoints for SVD initialization
Session 176: Using 50000 of 57600 timepoints for SVD initialization
Session 177: Using 50000 of 57600 timepoints for SVD initialization
Session 178: Using 50000 of 57600 timepoints for SVD initialization
Session 179: Using 50000 of 57600 timepoints for SVD initialization
Session 180: Using 50000 of 57600 timepoints for SVD initialization
Session 181: Using 50000 of 57600 timepoints for SVD initialization
Session 182: Using 50000 of 57600 timepoints for SVD initialization
Session 183: Using 50000 of 57600 timepoints for SVD initialization
Session 184: Using 50000 of 57600 timepoints for SVD initialization
Session 185: Using 50000 of 57600 timepoints for SVD initialization
Session 186: Using 50000 of 57600 timepoints for SVD initialization
Session 187: Using 50000 of 57600 timepoints for SVD initialization
Session 188: Using 50000 of 57600 timepoints for SVD initialization
Session 189: Using 50000 of 57600 timepoints for SVD initialization
Session 190: Using 50000 of 57600 timepoints for SVD initialization
Session 191: Using 50000 of 57600 timepoints for SVD initialization
Session 192: Using 50000 of 57600 timepoints for SVD initialization
Session 193: Using 50000 of 57600 timepoints for SVD initialization
Session 194: Using 50000 of 57600 timepoints for SVD initialization
Session 195: Using 50000 of 57600 timepoints for SVD initialization
Session 196: Using 50000 of 57600 timepoints for SVD initialization
Session 197: Using 50000 of 57600 timepoints for SVD initialization
Session 198: Using 50000 of 57600 timepoints for SVD initialization
Session 199: Using 50000 of 57600 timepoints for SVD initialization
Session 200: Using 50000 of 57600 timepoints for SVD initialization
Session 201: Using 50000 of 57600 timepoints for SVD initialization
Session 202: Using 50000 of 57600 timepoints for SVD initialization
Session 203: Using 50000 of 57600 timepoints for SVD initialization
Session 204: Using 50000 of 57600 timepoints for SVD initialization
Session 205: Using 50000 of 57600 timepoints for SVD initialization
Session 206: Using 50000 of 57600 timepoints for SVD initialization
Epoch [1/200], Loss: 2.336275
Epoch [2/200], Loss: 2.326871
Epoch [3/200], Loss: 2.317687
Epoch [4/200], Loss: 2.308623
Epoch [5/200], Loss: 2.299621
Epoch [6/200], Loss: 2.290636
Epoch [7/200], Loss: 2.281631
Epoch [8/200], Loss: 2.272587
Epoch [9/200], Loss: 2.263493
Epoch [10/200], Loss: 2.254332
Epoch [20/200], Loss: 2.157244
Epoch [30/200], Loss: 2.048783
Epoch [40/200], Loss: 1.933501
Epoch [50/200], Loss: 1.820503
Epoch [60/200], Loss: 1.718297
Epoch [70/200], Loss: 1.631528
Epoch [80/200], Loss: 1.560750
Epoch [90/200], Loss: 1.504047
Epoch [100/200], Loss: 1.458682
Epoch [110/200], Loss: 1.422062
Epoch [120/200], Loss: 1.392070
Epoch [130/200], Loss: 1.367103
Epoch [140/200], Loss: 1.345981
Epoch [150/200], Loss: 1.327834
Epoch [160/200], Loss: 1.312026
Epoch [170/200], Loss: 1.298086
Epoch [180/200], Loss: 1.285660
Epoch [190/200], Loss: 1.274478
Epoch [200/200], Loss: 1.264328
Test Loss: 1.243421

Training Balanced Accuracy Scores (chance = 1/num_classes):
  0 (position_bin): 0.6191  (chance: 0.1111)

Validation Balanced Accuracy Scores (chance = 1/num_classes):
  0 (position_bin): 0.5451  (chance: 0.1111)
