Data format warnings:
  - Session 135, trial 462: all neural data is zero
  - Session 135, trial 463: all neural data is zero
  - Session 135, trial 464: all neural data is zero
  - Session 135, trial 465: all neural data is zero
  - Session 135, trial 466: all neural data is zero
  - Session 135, trial 467: all neural data is zero
Number of sessions: 159
Total number of trials: 108235
Number of trials per session: [556, 423, 539, 580, 585, 513, 1006, 807, 1019, 698, 420, 842, 640, 554, 502, 893, 1010, 907, 812, 907, 675, 505, 469, 855, 749, 621, 644, 385, 501, 629, 750, 449, 629, 540, 965, 662, 629, 594, 772, 748, 759, 711, 568, 609, 649, 724, 634, 785, 387, 467, 395, 497, 1002, 748, 469, 567, 456, 610, 544, 531, 686, 653, 445, 553, 744, 826, 651, 708, 800, 641, 599, 470, 400, 400, 398, 401, 393, 424, 455, 479, 514, 424, 483, 538, 415, 501, 646, 442, 540, 612, 396, 396, 387, 431, 396, 605, 584, 925, 625, 551, 636, 561, 453, 848, 1007, 589, 836, 454, 650, 1001, 1065, 801, 596, 426, 646, 1075, 629, 872, 476, 509, 993, 787, 872, 688, 548, 610, 866, 1024, 538, 675, 713, 484, 444, 426, 875, 468, 908, 1106, 1118, 1438, 1253, 570, 651, 670, 827, 968, 743, 636, 401, 780, 882, 1051, 1022, 1193, 1278, 1139, 1090, 1524, 1213]
Number of subjects: 55
Number of brain regions: 407
Number of sessions per subject:
  Subject NYU-11: 2 sessions
  Subject NYU-12: 2 sessions
  Subject CSHL045: 5 sessions
  Subject CSHL047: 2 sessions
  Subject CSHL049: 3 sessions
  Subject CSHL051: 1 sessions
  Subject CSHL052: 4 sessions
  Subject CSHL053: 4 sessions
  Subject CSHL054: 1 sessions
  Subject CSHL055: 1 sessions
  Subject CSHL058: 3 sessions
  Subject CSHL059: 5 sessions
  Subject CSHL060: 5 sessions
  Subject UCLA005: 1 sessions
  Subject UCLA006: 1 sessions
  Subject UCLA011: 1 sessions
  Subject UCLA012: 1 sessions
  Subject UCLA014: 1 sessions
  Subject UCLA015: 1 sessions
  Subject UCLA017: 1 sessions
  Subject UCLA033: 3 sessions
  Subject UCLA034: 4 sessions
  Subject UCLA035: 2 sessions
  Subject UCLA036: 1 sessions
  Subject UCLA037: 4 sessions
  Subject KS014: 3 sessions
  Subject KS016: 3 sessions
  Subject KS022: 1 sessions
  Subject KS023: 4 sessions
  Subject KS091: 1 sessions
  Subject DY_008: 2 sessions
  Subject DY_009: 9 sessions
  Subject DY_010: 5 sessions
  Subject DY_011: 4 sessions
  Subject DY_013: 3 sessions
  Subject DY_014: 7 sessions
  Subject SWC_042: 2 sessions
  Subject ZFM-01576: 2 sessions
  Subject ZFM-01577: 3 sessions
  Subject ZFM-01592: 3 sessions
  Subject ZM_1898: 2 sessions
  Subject ZM_2240: 4 sessions
  Subject ZM_2241: 5 sessions
  Subject ZM_2245: 1 sessions
  Subject ZM_3003: 2 sessions
  Subject SWC_038: 2 sessions
  Subject ibl_witten_13: 2 sessions
  Subject ibl_witten_17: 1 sessions
  Subject ibl_witten_19: 3 sessions
  Subject ibl_witten_26: 5 sessions
  Subject ibl_witten_29: 1 sessions
  Subject CSH_ZAD_022: 7 sessions
  Subject CSH_ZAD_024: 1 sessions
  Subject CSH_ZAD_025: 5 sessions
  Subject CSH_ZAD_029: 7 sessions
Input dimension: 2
Output dimension: 4
Summary statistics (across all sessions):
  T: mean: 100.00, median: 100.00, min: 100, max: 100
  n_neurons: mean: 178.47', min: 3, max: 524
  Input range:
    time_since_stim_onset: [-0.5, 1.5]
    trial_number_in_block: [1.0, 99.0]
  Output range:
    choice: [0.0, 1.0]
    prior_left_prob: [0.0, 2.0]
    wheel_speed_bin: [0.0, 2.0]
    whisker_motion_energy_bin: [0.0, 2.0]
  Unique outputs per dimension (fraction of data):
    choice: {left (0.509), right (0.491)}
    prior_left_prob: {0.2 (0.422), 0.5 (0.132), 0.8 (0.446)}
    wheel_speed_bin: {low (0.333), mid (0.333), high (0.333)}
    whisker_motion_energy_bin: {low (0.336), mid (0.332), high (0.332)}
  Brain region distribution:
    549: 176 neurons
    1079: 54 neurons
    496345668: 257 neurons
    496345672: 67 neurons
    496345664: 62 neurons
    463: 369 neurons
    632: 170 neurons
    382: 948 neurons
    986: 44 neurons
    484682520: 86 neurons
    466: 51 neurons
    733: 469 neurons
    423: 15 neurons
    1070: 62 neurons
    1111: 57 neurons
    1086: 18 neurons
    312782554: 28 neurons
    655: 26 neurons
    780: 85 neurons
    703: 29 neurons
    334: 87 neurons
    1105: 18 neurons
    544: 46 neurons
    551: 56 neurons
    559: 24 neurons
    301: 13 neurons
    803: 14 neurons
    1022: 139 neurons
    6: 203 neurons
    1088: 28 neurons
    1020: 713 neurons
    563807435: 53 neurons
    218: 570 neurons
    10704: 205 neurons
    312782570: 10 neurons
    312782566: 92 neurons
    312782562: 187 neurons
    0: 52 neurons
    526: 14 neurons
    543: 26 neurons
    664: 168 neurons
    727: 55 neurons
    502: 202 neurons
    10703: 114 neurons
    874: 2 neurons
    313: 513 neurons
    580: 21 neurons
    482: 3 neurons
    1037: 94 neurons
    971: 99 neurons
    305: 21 neurons
    33: 116 neurons
    778: 181 neurons
    663: 62 neurons
    1009: 39 neurons
    997: 32 neurons
    797: 159 neurons
    484682524: 45 neurons
    312782624: 3 neurons
    312782616: 26 neurons
    312782612: 17 neurons
    312782608: 11 neurons
    312782620: 12 neurons
    102: 2 neurons
    262: 142 neurons
    629: 157 neurons
    255: 153 neurons
    155: 270 neurons
    603: 19 neurons
    403: 64 neurons
    477: 310 neurons
    342: 108 neurons
    1031: 17 neurons
    128: 819 neurons
    26: 64 neurons
    17: 288 neurons
    10: 323 neurons
    851: 28 neurons
    842: 62 neurons
    542: 13 neurons
    430: 37 neurons
    687: 58 neurons
    590: 92 neurons
    906: 88 neurons
    774: 83 neurons
    965: 12 neurons
    671: 6 neurons
    7: 32 neurons
    771: 142 neurons
    78: 12 neurons
    612: 87 neurons
    271: 35 neurons
    828: 80 neurons
    1048: 134 neurons
    354: 85 neurons
    62: 20 neurons
    169: 27 neurons
    145: 5 neurons
    108: 8 neurons
    968: 109 neurons
    728: 504 neurons
    744: 17 neurons
    1091: 674 neurons
    136: 301 neurons
    203: 11 neurons
    852: 223 neurons
    651: 62 neurons
    225: 163 neurons
    153: 2 neurons
    512: 72 neurons
    372: 31 neurons
    91: 259 neurons
    215: 650 neurons
    916: 8 neurons
    257: 32 neurons
    565: 108 neurons
    433: 53 neurons
    401: 22 neurons
    1066: 29 neurons
    281: 9 neurons
    362: 348 neurons
    484682516: 42 neurons
    940: 69 neurons
    510: 2 neurons
    478: 47 neurons
    9: 45 neurons
    1092: 36 neurons
    718: 215 neurons
    639: 17 neurons
    1029: 65 neurons
    1046: 47 neurons
    698: 143 neurons
    788: 82 neurons
    327: 43 neurons
    998: 20 neurons
    672: 1184 neurons
    697: 93 neurons
    422: 33 neurons
    560581551: 188 neurons
    312782558: 37 neurons
    266: 64 neurons
    258: 680 neurons
    250: 23 neurons
    1085: 2 neurons
    1021: 177 neurons
    767: 392 neurons
    962: 93 neurons
    311: 10 neurons
    312782550: 4 neurons
    441: 11 neurons
    182305709: 15 neurons
    182305705: 24 neurons
    182305701: 9 neurons
    125: 31 neurons
    685: 60 neurons
    484682470: 146 neurons
    589508447: 25 neurons
    1044: 4 neurons
    560581563: 3 neurons
    325: 36 neurons
    443: 50 neurons
    622: 4 neurons
    274: 65 neurons
    609: 23 neurons
    595: 17 neurons
    186: 37 neurons
    575: 20 neurons
    984: 221 neurons
    437: 81 neurons
    765: 35 neurons
    96: 34 neurons
    1007: 562 neurons
    209: 78 neurons
    506: 8 neurons
    217: 135 neurons
    326: 44 neurons
    811: 39 neurons
    1043: 2 neurons
    146: 52 neurons
    610: 65 neurons
    484682508: 5 neurons
    1062: 8 neurons
    1038: 70 neurons
    966: 50 neurons
    131: 5 neurons
    827: 63 neurons
    1054: 110 neurons
    84: 151 neurons
    919: 111 neurons
    597: 182 neurons
    814: 200 neurons
    484682512: 18 neurons
    945: 43 neurons
    625: 74 neurons
    556: 10 neurons
    707: 8 neurons
    171: 6 neurons
    304: 7 neurons
    211: 27 neurons
    844: 146 neurons
    648: 397 neurons
    943: 137 neurons
    882: 6 neurons
    129: 13 neurons
    81: 21 neurons
    23: 22 neurons
    298: 8 neurons
    501: 14 neurons
    41: 5 neurons
    159: 174 neurons
    288: 41 neurons
    412: 22 neurons
    630: 86 neurons
    526157192: 18 neurons
    656: 7 neurons
    202: 347 neurons
    989: 42 neurons
    582: 17 neurons
    620: 32 neurons
    1125: 150 neurons
    608: 145 neurons
    526157196: 15 neurons
    773: 8 neurons
    839: 2 neurons
    957: 9 neurons
    222: 1 neurons
    1107: 9 neurons
    263: 13 neurons
    523: 33 neurons
    72: 5 neurons
    564: 106 neurons
    1108: 12 neurons
    621: 94 neurons
    534: 29 neurons
    867: 75 neurons
    658: 53 neurons
    1084: 52 neurons
    819: 21 neurons
    725: 59 neurons
    804: 33 neurons
    741: 10 neurons
    930: 30 neurons
    374: 5 neurons
    721: 56 neurons
    1089: 17 neurons
    214: 161 neurons
    1061: 15 neurons
    628: 40 neurons
    810: 44 neurons
    850: 1 neurons
    616: 2 neurons
    381: 42 neurons
    98: 11 neurons
    596: 27 neurons
    956: 39 neurons
    866: 25 neurons
    178: 97 neurons
    1047: 33 neurons
    201: 10 neurons
    27: 1 neurons
    434: 7 neurons
    442: 4 neurons
    320: 2 neurons
    88: 4 neurons
    38: 1 neurons
    149: 35 neurons
    181: 1 neurons
    902: 39 neurons
    869: 6 neurons
    821: 43 neurons
    795: 217 neurons
    42: 20 neurons
    834: 2 neurons
    593: 2 neurons
    607344858: 1 neurons
    607344842: 2 neurons
    607344854: 6 neurons
    12: 18 neurons
    591: 65 neurons
    197: 12 neurons
    681: 3 neurons
    35: 3 neurons
    679: 189 neurons
    614454277: 9 neurons
    863: 3 neurons
    246: 8 neurons
    574: 109 neurons
    772: 51 neurons
    1015: 74 neurons
    924: 22 neurons
    19: 9 neurons
    588: 4 neurons
    296: 12 neurons
    363: 34 neurons
    581: 26 neurons
    310: 28 neurons
    461: 2 neurons
    1097: 83 neurons
    549009203: 24 neurons
    634: 54 neurons
    706: 22 neurons
    330: 3 neurons
    121: 7 neurons
    74: 44 neurons
    613: 23 neurons
    794: 14 neurons
    843: 68 neurons
    743: 2 neurons
    579: 27 neurons
    377: 10 neurons
    1052: 2 neurons
    413: 13 neurons
    101: 21 neurons
    846: 1 neurons
    670: 3 neurons
    279: 4 neurons
    312782604: 1 neurons
    351: 46 neurons
    1128: 49 neurons
    1094: 8 neurons
    113: 3 neurons
    599: 31 neurons
    59: 1 neurons
    1026: 1 neurons
    577: 13 neurons
    484: 3 neurons
    226: 1 neurons
    56: 158 neurons
    333: 3 neurons
    854: 9 neurons
    754: 31 neurons
    908: 1 neurons
    900: 37 neurons
    366: 83 neurons
    907: 47 neurons
    483: 1 neurons
    321: 7 neurons
    1072: 23 neurons
    469: 3 neurons
    15: 4 neurons
    927: 1 neurons
    549009227: 29 neurons
    604: 16 neurons
    898: 25 neurons
    599626927: 11 neurons
    976: 81 neurons
    52: 13 neurons
    139: 42 neurons
    28: 32 neurons
    312782598: 3 neurons
    312782594: 9 neurons
    880: 19 neurons
    820: 1 neurons
    307: 3 neurons
    566: 9 neurons
    451: 4 neurons
    303: 10 neurons
    910: 53 neurons
    194: 82 neurons
    470: 4 neurons
    189: 4 neurons
    414: 2 neurons
    50: 1 neurons
    132: 7 neurons
    1104: 2 neurons
    1096: 34 neurons
    961: 25 neurons
    614: 8 neurons
    576073704: 12 neurons
    982: 1 neurons
    587: 28 neurons
    158: 7 neurons
    67: 7 neurons
    140: 1 neurons
    749: 2 neurons
    440: 6 neurons
    429: 4 neurons
    589508451: 4 neurons
    1033: 41 neurons
    1025: 42 neurons
    1064: 69 neurons
    1006: 1 neurons
    1056: 5 neurons
    123: 16 neurons
    1049: 7 neurons
    589508455: 33 neurons
    784: 9 neurons
    1093: 83 neurons
    812: 43 neurons
    210: 8 neurons
    969: 4 neurons
    955: 7 neurons
    978: 10 neurons
    143: 8 neurons
    893: 1 neurons
    862: 1 neurons
    20: 9 neurons
    729: 7 neurons
    786: 2 neurons
    312782590: 9 neurons
    573: 3 neurons
    456: 4 neurons
    249: 1 neurons
    931: 3 neurons
    981: 1 neurons
    661: 14 neurons
    576: 2 neurons

Per-session statistics:
  Mean T: 100.0, 100.0, 100.0, 100.0, 100.0, 100.0, 100.0, 100.0, 100.0, 100.0, 100.0, 100.0, 100.0, 100.0, 100.0, 100.0, 100.0, 100.0, 100.0, 100.0, 100.0, 100.0, 100.0, 100.0, 100.0, 100.0, 100.0, 100.0, 100.0, 100.0, 100.0, 100.0, 100.0, 100.0, 100.0, 100.0, 100.0, 100.0, 100.0, 100.0, 100.0, 100.0, 100.0, 100.0, 100.0, 100.0, 100.0, 100.0, 100.0, 100.0, 100.0, 100.0, 100.0, 100.0, 100.0, 100.0, 100.0, 100.0, 100.0, 100.0, 100.0, 100.0, 100.0, 100.0, 100.0, 100.0, 100.0, 100.0, 100.0, 100.0, 100.0, 100.0, 100.0, 100.0, 100.0, 100.0, 100.0, 100.0, 100.0, 100.0, 100.0, 100.0, 100.0, 100.0, 100.0, 100.0, 100.0, 100.0, 100.0, 100.0, 100.0, 100.0, 100.0, 100.0, 100.0, 100.0, 100.0, 100.0, 100.0, 100.0, 100.0, 100.0, 100.0, 100.0, 100.0, 100.0, 100.0, 100.0, 100.0, 100.0, 100.0, 100.0, 100.0, 100.0, 100.0, 100.0, 100.0, 100.0, 100.0, 100.0, 100.0, 100.0, 100.0, 100.0, 100.0, 100.0, 100.0, 100.0, 100.0, 100.0, 100.0, 100.0, 100.0, 100.0, 100.0, 100.0, 100.0, 100.0, 100.0, 100.0, 100.0, 100.0, 100.0, 100.0, 100.0, 100.0, 100.0, 100.0, 100.0, 100.0, 100.0, 100.0, 100.0, 100.0, 100.0, 100.0, 100.0, 100.0, 100.0
  Min T: 100, 100, 100, 100, 100, 100, 100, 100, 100, 100, 100, 100, 100, 100, 100, 100, 100, 100, 100, 100, 100, 100, 100, 100, 100, 100, 100, 100, 100, 100, 100, 100, 100, 100, 100, 100, 100, 100, 100, 100, 100, 100, 100, 100, 100, 100, 100, 100, 100, 100, 100, 100, 100, 100, 100, 100, 100, 100, 100, 100, 100, 100, 100, 100, 100, 100, 100, 100, 100, 100, 100, 100, 100, 100, 100, 100, 100, 100, 100, 100, 100, 100, 100, 100, 100, 100, 100, 100, 100, 100, 100, 100, 100, 100, 100, 100, 100, 100, 100, 100, 100, 100, 100, 100, 100, 100, 100, 100, 100, 100, 100, 100, 100, 100, 100, 100, 100, 100, 100, 100, 100, 100, 100, 100, 100, 100, 100, 100, 100, 100, 100, 100, 100, 100, 100, 100, 100, 100, 100, 100, 100, 100, 100, 100, 100, 100, 100, 100, 100, 100, 100, 100, 100, 100, 100, 100, 100, 100, 100
  Max T: 100, 100, 100, 100, 100, 100, 100, 100, 100, 100, 100, 100, 100, 100, 100, 100, 100, 100, 100, 100, 100, 100, 100, 100, 100, 100, 100, 100, 100, 100, 100, 100, 100, 100, 100, 100, 100, 100, 100, 100, 100, 100, 100, 100, 100, 100, 100, 100, 100, 100, 100, 100, 100, 100, 100, 100, 100, 100, 100, 100, 100, 100, 100, 100, 100, 100, 100, 100, 100, 100, 100, 100, 100, 100, 100, 100, 100, 100, 100, 100, 100, 100, 100, 100, 100, 100, 100, 100, 100, 100, 100, 100, 100, 100, 100, 100, 100, 100, 100, 100, 100, 100, 100, 100, 100, 100, 100, 100, 100, 100, 100, 100, 100, 100, 100, 100, 100, 100, 100, 100, 100, 100, 100, 100, 100, 100, 100, 100, 100, 100, 100, 100, 100, 100, 100, 100, 100, 100, 100, 100, 100, 100, 100, 100, 100, 100, 100, 100, 100, 100, 100, 100, 100, 100, 100, 100, 100, 100, 100
  n_neurons: 76, 264, 126, 132, 140, 91, 136, 131, 233, 159, 145, 183, 67, 113, 133, 179, 59, 100, 109, 32, 75, 146, 411, 119, 171, 183, 267, 119, 163, 100, 187, 3, 193, 164, 252, 426, 123, 189, 53, 314, 62, 98, 99, 133, 257, 358, 67, 159, 373, 281, 293, 246, 140, 312, 304, 376, 8, 229, 192, 270, 171, 97, 94, 107, 148, 89, 210, 221, 122, 270, 105, 172, 78, 120, 131, 67, 105, 110, 52, 80, 176, 346, 103, 103, 89, 126, 96, 83, 59, 84, 41, 34, 134, 107, 135, 171, 42, 148, 228, 220, 147, 70, 164, 421, 116, 315, 236, 90, 456, 181, 298, 132, 71, 524, 328, 232, 69, 518, 254, 59, 466, 253, 201, 128, 143, 184, 151, 220, 108, 13, 137, 16, 142, 233, 144, 121, 367, 35, 90, 136, 140, 289, 214, 219, 268, 85, 380, 276, 210, 376, 112, 325, 198, 259, 304, 265, 347, 306, 237
  Input range:
    0: [-0.5, 1.5] [-0.5, 1.5] [-0.5, 1.5] [-0.5, 1.5] [-0.5, 1.5] [-0.5, 1.5] [-0.5, 1.5] [-0.5, 1.5] [-0.5, 1.5] [-0.5, 1.5] [-0.5, 1.5] [-0.5, 1.5] [-0.5, 1.5] [-0.5, 1.5] [-0.5, 1.5] [-0.5, 1.5] [-0.5, 1.5] [-0.5, 1.5] [-0.5, 1.5] [-0.5, 1.5] [-0.5, 1.5] [-0.5, 1.5] [-0.5, 1.5] [-0.5, 1.5] [-0.5, 1.5] [-0.5, 1.5] [-0.5, 1.5] [-0.5, 1.5] [-0.5, 1.5] [-0.5, 1.5] [-0.5, 1.5] [-0.5, 1.5] [-0.5, 1.5] [-0.5, 1.5] [-0.5, 1.5] [-0.5, 1.5] [-0.5, 1.5] [-0.5, 1.5] [-0.5, 1.5] [-0.5, 1.5] [-0.5, 1.5] [-0.5, 1.5] [-0.5, 1.5] [-0.5, 1.5] [-0.5, 1.5] [-0.5, 1.5] [-0.5, 1.5] [-0.5, 1.5] [-0.5, 1.5] [-0.5, 1.5] [-0.5, 1.5] [-0.5, 1.5] [-0.5, 1.5] [-0.5, 1.5] [-0.5, 1.5] [-0.5, 1.5] [-0.5, 1.5] [-0.5, 1.5] [-0.5, 1.5] [-0.5, 1.5] [-0.5, 1.5] [-0.5, 1.5] [-0.5, 1.5] [-0.5, 1.5] [-0.5, 1.5] [-0.5, 1.5] [-0.5, 1.5] [-0.5, 1.5] [-0.5, 1.5] [-0.5, 1.5] [-0.5, 1.5] [-0.5, 1.5] [-0.5, 1.5] [-0.5, 1.5] [-0.5, 1.5] [-0.5, 1.5] [-0.5, 1.5] [-0.5, 1.5] [-0.5, 1.5] [-0.5, 1.5] [-0.5, 1.5] [-0.5, 1.5] [-0.5, 1.5] [-0.5, 1.5] [-0.5, 1.5] [-0.5, 1.5] [-0.5, 1.5] [-0.5, 1.5] [-0.5, 1.5] [-0.5, 1.5] [-0.5, 1.5] [-0.5, 1.5] [-0.5, 1.5] [-0.5, 1.5] [-0.5, 1.5] [-0.5, 1.5] [-0.5, 1.5] [-0.5, 1.5] [-0.5, 1.5] [-0.5, 1.5] [-0.5, 1.5] [-0.5, 1.5] [-0.5, 1.5] [-0.5, 1.5] [-0.5, 1.5] [-0.5, 1.5] [-0.5, 1.5] [-0.5, 1.5] [-0.5, 1.5] [-0.5, 1.5] [-0.5, 1.5] [-0.5, 1.5] [-0.5, 1.5] [-0.5, 1.5] [-0.5, 1.5] [-0.5, 1.5] [-0.5, 1.5] [-0.5, 1.5] [-0.5, 1.5] [-0.5, 1.5] [-0.5, 1.5] [-0.5, 1.5] [-0.5, 1.5] [-0.5, 1.5] [-0.5, 1.5] [-0.5, 1.5] [-0.5, 1.5] [-0.5, 1.5] [-0.5, 1.5] [-0.5, 1.5] [-0.5, 1.5] [-0.5, 1.5] [-0.5, 1.5] [-0.5, 1.5] [-0.5, 1.5] [-0.5, 1.5] [-0.5, 1.5] [-0.5, 1.5] [-0.5, 1.5] [-0.5, 1.5] [-0.5, 1.5] [-0.5, 1.5] [-0.5, 1.5] [-0.5, 1.5] [-0.5, 1.5] [-0.5, 1.5] [-0.5, 1.5] [-0.5, 1.5] [-0.5, 1.5] [-0.5, 1.5] [-0.5, 1.5] [-0.5, 1.5] [-0.5, 1.5] [-0.5, 1.5] [-0.5, 1.5] [-0.5, 1.5] [-0.5, 1.5] [-0.5, 1.5] [-0.5, 1.5] 
    1: [1.0, 90.0] [1.0, 90.0] [1.0, 93.0] [1.0, 96.0] [1.0, 96.0] [1.0, 90.0] [1.0, 93.0] [1.0, 90.0] [1.0, 90.0] [1.0, 90.0] [1.0, 90.0] [1.0, 96.0] [1.0, 93.0] [1.0, 90.0] [1.0, 90.0] [1.0, 96.0] [1.0, 99.0] [1.0, 95.0] [1.0, 90.0] [1.0, 96.0] [1.0, 93.0] [1.0, 90.0] [1.0, 90.0] [1.0, 93.0] [1.0, 99.0] [1.0, 90.0] [1.0, 99.0] [1.0, 96.0] [1.0, 96.0] [1.0, 90.0] [1.0, 90.0] [1.0, 90.0] [1.0, 90.0] [1.0, 90.0] [1.0, 99.0] [1.0, 96.0] [1.0, 90.0] [1.0, 95.0] [1.0, 99.0] [1.0, 93.0] [1.0, 96.0] [1.0, 99.0] [1.0, 90.0] [1.0, 96.0] [1.0, 96.0] [1.0, 96.0] [1.0, 99.0] [1.0, 93.0] [1.0, 91.0] [1.0, 90.0] [1.0, 90.0] [1.0, 93.0] [1.0, 90.0] [1.0, 99.0] [1.0, 93.0] [1.0, 90.0] [1.0, 90.0] [1.0, 96.0] [1.0, 90.0] [1.0, 90.0] [1.0, 96.0] [1.0, 90.0] [1.0, 93.0] [1.0, 90.0] [1.0, 95.0] [1.0, 90.0] [1.0, 93.0] [1.0, 96.0] [1.0, 99.0] [1.0, 90.0] [1.0, 90.0] [1.0, 90.0] [1.0, 96.0] [1.0, 90.0] [1.0, 96.0] [1.0, 90.0] [1.0, 90.0] [1.0, 90.0] [1.0, 92.0] [1.0, 90.0] [1.0, 90.0] [1.0, 90.0] [1.0, 93.0] [1.0, 96.0] [1.0, 90.0] [1.0, 90.0] [1.0, 96.0] [1.0, 90.0] [1.0, 95.0] [1.0, 90.0] [1.0, 90.0] [1.0, 93.0] [1.0, 96.0] [1.0, 90.0] [1.0, 96.0] [1.0, 93.0] [1.0, 90.0] [1.0, 99.0] [1.0, 95.0] [1.0, 90.0] [1.0, 90.0] [1.0, 90.0] [1.0, 90.0] [1.0, 93.0] [1.0, 96.0] [1.0, 96.0] [1.0, 93.0] [1.0, 90.0] [1.0, 93.0] [1.0, 90.0] [1.0, 96.0] [1.0, 99.0] [1.0, 93.0] [1.0, 90.0] [1.0, 93.0] [1.0, 99.0] [1.0, 96.0] [1.0, 99.0] [1.0, 90.0] [1.0, 96.0] [1.0, 93.0] [1.0, 90.0] [1.0, 99.0] [1.0, 93.0] [1.0, 90.0] [1.0, 90.0] [1.0, 90.0] [1.0, 96.0] [1.0, 93.0] [1.0, 93.0] [1.0, 93.0] [1.0, 96.0] [1.0, 90.0] [1.0, 93.0] [1.0, 90.0] [1.0, 96.0] [1.0, 90.0] [1.0, 90.0] [1.0, 90.0] [1.0, 90.0] [1.0, 99.0] [1.0, 93.0] [1.0, 90.0] [1.0, 96.0] [1.0, 95.0] [1.0, 90.0] [1.0, 93.0] [1.0, 99.0] [1.0, 93.0] [1.0, 96.0] [1.0, 96.0] [1.0, 93.0] [1.0, 93.0] [1.0, 90.0] [1.0, 96.0] [1.0, 95.0] [1.0, 90.0] [1.0, 90.0] [1.0, 90.0] 
  Output range:
    0: [0.0, 1.0] [0.0, 1.0] [0.0, 1.0] [0.0, 1.0] [0.0, 1.0] [0.0, 1.0] [0.0, 1.0] [0.0, 1.0] [0.0, 1.0] [0.0, 1.0] [0.0, 1.0] [0.0, 1.0] [0.0, 1.0] [0.0, 1.0] [0.0, 1.0] [0.0, 1.0] [0.0, 1.0] [0.0, 1.0] [0.0, 1.0] [0.0, 1.0] [0.0, 1.0] [0.0, 1.0] [0.0, 1.0] [0.0, 1.0] [0.0, 1.0] [0.0, 1.0] [0.0, 1.0] [0.0, 1.0] [0.0, 1.0] [0.0, 1.0] [0.0, 1.0] [0.0, 1.0] [0.0, 1.0] [0.0, 1.0] [0.0, 1.0] [0.0, 1.0] [0.0, 1.0] [0.0, 1.0] [0.0, 1.0] [0.0, 1.0] [0.0, 1.0] [0.0, 1.0] [0.0, 1.0] [0.0, 1.0] [0.0, 1.0] [0.0, 1.0] [0.0, 1.0] [0.0, 1.0] [0.0, 1.0] [0.0, 1.0] [0.0, 1.0] [0.0, 1.0] [0.0, 1.0] [0.0, 1.0] [0.0, 1.0] [0.0, 1.0] [0.0, 1.0] [0.0, 1.0] [0.0, 1.0] [0.0, 1.0] [0.0, 1.0] [0.0, 1.0] [0.0, 1.0] [0.0, 1.0] [0.0, 1.0] [0.0, 1.0] [0.0, 1.0] [0.0, 1.0] [0.0, 1.0] [0.0, 1.0] [0.0, 1.0] [0.0, 1.0] [0.0, 1.0] [0.0, 1.0] [0.0, 1.0] [0.0, 1.0] [0.0, 1.0] [0.0, 1.0] [0.0, 1.0] [0.0, 1.0] [0.0, 1.0] [0.0, 1.0] [0.0, 1.0] [0.0, 1.0] [0.0, 1.0] [0.0, 1.0] [0.0, 1.0] [0.0, 1.0] [0.0, 1.0] [0.0, 1.0] [0.0, 1.0] [0.0, 1.0] [0.0, 1.0] [0.0, 1.0] [0.0, 1.0] [0.0, 1.0] [0.0, 1.0] [0.0, 1.0] [0.0, 1.0] [0.0, 1.0] [0.0, 1.0] [0.0, 1.0] [0.0, 1.0] [0.0, 1.0] [0.0, 1.0] [0.0, 1.0] [0.0, 1.0] [0.0, 1.0] [0.0, 1.0] [0.0, 1.0] [0.0, 1.0] [0.0, 1.0] [0.0, 1.0] [0.0, 1.0] [0.0, 1.0] [0.0, 1.0] [0.0, 1.0] [0.0, 1.0] [0.0, 1.0] [0.0, 1.0] [0.0, 1.0] [0.0, 1.0] [0.0, 1.0] [0.0, 1.0] [0.0, 1.0] [0.0, 1.0] [0.0, 1.0] [0.0, 1.0] [0.0, 1.0] [0.0, 1.0] [0.0, 1.0] [0.0, 1.0] [0.0, 1.0] [0.0, 1.0] [0.0, 1.0] [0.0, 1.0] [0.0, 1.0] [0.0, 1.0] [0.0, 1.0] [0.0, 1.0] [0.0, 1.0] [0.0, 1.0] [0.0, 1.0] [0.0, 1.0] [0.0, 1.0] [0.0, 1.0] [0.0, 1.0] [0.0, 1.0] [0.0, 1.0] [0.0, 1.0] [0.0, 1.0] [0.0, 1.0] [0.0, 1.0] [0.0, 1.0] [0.0, 1.0] [0.0, 1.0] [0.0, 1.0] [0.0, 1.0] [0.0, 1.0] 
    1: [0.0, 2.0] [0.0, 2.0] [0.0, 2.0] [0.0, 2.0] [0.0, 2.0] [0.0, 2.0] [0.0, 2.0] [0.0, 2.0] [0.0, 2.0] [0.0, 2.0] [0.0, 2.0] [0.0, 2.0] [0.0, 2.0] [0.0, 2.0] [0.0, 2.0] [0.0, 2.0] [0.0, 2.0] [0.0, 2.0] [0.0, 2.0] [0.0, 2.0] [0.0, 2.0] [0.0, 2.0] [0.0, 2.0] [0.0, 2.0] [0.0, 2.0] [0.0, 2.0] [0.0, 2.0] [0.0, 2.0] [0.0, 2.0] [0.0, 2.0] [0.0, 2.0] [0.0, 2.0] [0.0, 2.0] [0.0, 2.0] [0.0, 2.0] [0.0, 2.0] [0.0, 2.0] [0.0, 2.0] [0.0, 2.0] [0.0, 2.0] [0.0, 2.0] [0.0, 2.0] [0.0, 2.0] [0.0, 2.0] [0.0, 2.0] [0.0, 2.0] [0.0, 2.0] [0.0, 2.0] [0.0, 2.0] [0.0, 2.0] [0.0, 2.0] [0.0, 2.0] [0.0, 2.0] [0.0, 2.0] [0.0, 2.0] [0.0, 2.0] [0.0, 2.0] [0.0, 2.0] [0.0, 2.0] [0.0, 2.0] [0.0, 2.0] [0.0, 2.0] [0.0, 2.0] [0.0, 2.0] [0.0, 2.0] [0.0, 2.0] [0.0, 2.0] [0.0, 2.0] [0.0, 2.0] [0.0, 2.0] [0.0, 2.0] [0.0, 2.0] [0.0, 2.0] [0.0, 2.0] [0.0, 2.0] [0.0, 2.0] [0.0, 2.0] [0.0, 2.0] [0.0, 2.0] [0.0, 2.0] [0.0, 2.0] [0.0, 2.0] [0.0, 2.0] [0.0, 2.0] [0.0, 2.0] [0.0, 2.0] [0.0, 2.0] [0.0, 2.0] [0.0, 2.0] [0.0, 2.0] [0.0, 2.0] [0.0, 2.0] [0.0, 2.0] [0.0, 2.0] [0.0, 2.0] [0.0, 2.0] [0.0, 2.0] [0.0, 2.0] [0.0, 2.0] [0.0, 2.0] [0.0, 2.0] [0.0, 2.0] [0.0, 2.0] [0.0, 2.0] [0.0, 2.0] [0.0, 2.0] [0.0, 2.0] [0.0, 2.0] [0.0, 2.0] [0.0, 2.0] [0.0, 2.0] [0.0, 2.0] [0.0, 2.0] [0.0, 2.0] [0.0, 2.0] [0.0, 2.0] [0.0, 2.0] [0.0, 2.0] [0.0, 2.0] [0.0, 2.0] [0.0, 2.0] [0.0, 2.0] [0.0, 2.0] [0.0, 2.0] [0.0, 2.0] [0.0, 2.0] [0.0, 2.0] [0.0, 2.0] [0.0, 2.0] [0.0, 2.0] [0.0, 2.0] [0.0, 2.0] [0.0, 2.0] [0.0, 2.0] [0.0, 2.0] [0.0, 2.0] [0.0, 2.0] [0.0, 2.0] [0.0, 2.0] [0.0, 2.0] [0.0, 2.0] [0.0, 2.0] [0.0, 2.0] [0.0, 2.0] [0.0, 2.0] [0.0, 2.0] [0.0, 2.0] [0.0, 2.0] [0.0, 2.0] [0.0, 2.0] [0.0, 2.0] [0.0, 2.0] [0.0, 2.0] [0.0, 2.0] [0.0, 2.0] [0.0, 2.0] [0.0, 2.0] [0.0, 2.0] [0.0, 2.0] 
    2: [0.0, 2.0] [0.0, 2.0] [0.0, 2.0] [0.0, 2.0] [0.0, 2.0] [0.0, 2.0] [0.0, 2.0] [0.0, 2.0] [0.0, 2.0] [0.0, 2.0] [0.0, 2.0] [0.0, 2.0] [0.0, 2.0] [0.0, 2.0] [0.0, 2.0] [0.0, 2.0] [0.0, 2.0] [0.0, 2.0] [0.0, 2.0] [0.0, 2.0] [0.0, 2.0] [0.0, 2.0] [0.0, 2.0] [0.0, 2.0] [0.0, 2.0] [0.0, 2.0] [0.0, 2.0] [0.0, 2.0] [0.0, 2.0] [0.0, 2.0] [0.0, 2.0] [0.0, 2.0] [0.0, 2.0] [0.0, 2.0] [0.0, 2.0] [0.0, 2.0] [0.0, 2.0] [0.0, 2.0] [0.0, 2.0] [0.0, 2.0] [0.0, 2.0] [0.0, 2.0] [0.0, 2.0] [0.0, 2.0] [0.0, 2.0] [0.0, 2.0] [0.0, 2.0] [0.0, 2.0] [0.0, 2.0] [0.0, 2.0] [0.0, 2.0] [0.0, 2.0] [0.0, 2.0] [0.0, 2.0] [0.0, 2.0] [0.0, 2.0] [0.0, 2.0] [0.0, 2.0] [0.0, 2.0] [0.0, 2.0] [0.0, 2.0] [0.0, 2.0] [0.0, 2.0] [0.0, 2.0] [0.0, 2.0] [0.0, 2.0] [0.0, 2.0] [0.0, 2.0] [0.0, 2.0] [0.0, 2.0] [0.0, 2.0] [0.0, 2.0] [0.0, 2.0] [0.0, 2.0] [0.0, 2.0] [0.0, 2.0] [0.0, 2.0] [0.0, 2.0] [0.0, 2.0] [0.0, 2.0] [0.0, 2.0] [0.0, 2.0] [0.0, 2.0] [0.0, 2.0] [0.0, 2.0] [0.0, 2.0] [0.0, 2.0] [0.0, 2.0] [0.0, 2.0] [0.0, 2.0] [0.0, 2.0] [0.0, 2.0] [0.0, 2.0] [0.0, 2.0] [0.0, 2.0] [0.0, 2.0] [0.0, 2.0] [0.0, 2.0] [0.0, 2.0] [0.0, 2.0] [0.0, 2.0] [0.0, 2.0] [0.0, 2.0] [0.0, 2.0] [0.0, 2.0] [0.0, 2.0] [0.0, 2.0] [0.0, 2.0] [0.0, 2.0] [0.0, 2.0] [0.0, 2.0] [0.0, 2.0] [0.0, 2.0] [0.0, 2.0] [0.0, 2.0] [0.0, 2.0] [0.0, 2.0] [0.0, 2.0] [0.0, 2.0] [0.0, 2.0] [0.0, 2.0] [0.0, 2.0] [0.0, 2.0] [0.0, 2.0] [0.0, 2.0] [0.0, 2.0] [0.0, 2.0] [0.0, 2.0] [0.0, 2.0] [0.0, 2.0] [0.0, 2.0] [0.0, 2.0] [0.0, 2.0] [0.0, 2.0] [0.0, 2.0] [0.0, 2.0] [0.0, 2.0] [0.0, 2.0] [0.0, 2.0] [0.0, 2.0] [0.0, 2.0] [0.0, 2.0] [0.0, 2.0] [0.0, 2.0] [0.0, 2.0] [0.0, 2.0] [0.0, 2.0] [0.0, 2.0] [0.0, 2.0] [0.0, 2.0] [0.0, 2.0] [0.0, 2.0] [0.0, 2.0] [0.0, 2.0] [0.0, 2.0] [0.0, 2.0] [0.0, 2.0] [0.0, 2.0] [0.0, 2.0] 
    3: [0.0, 2.0] [0.0, 2.0] [0.0, 2.0] [0.0, 2.0] [0.0, 2.0] [0.0, 2.0] [0.0, 2.0] [0.0, 2.0] [0.0, 2.0] [0.0, 2.0] [0.0, 2.0] [0.0, 2.0] [0.0, 2.0] [0.0, 2.0] [0.0, 2.0] [0.0, 2.0] [0.0, 2.0] [0.0, 2.0] [0.0, 2.0] [0.0, 2.0] [0.0, 2.0] [0.0, 2.0] [0.0, 2.0] [0.0, 2.0] [0.0, 2.0] [0.0, 2.0] [0.0, 2.0] [0.0, 2.0] [0.0, 2.0] [0.0, 2.0] [0.0, 2.0] [0.0, 2.0] [0.0, 2.0] [0.0, 2.0] [0.0, 2.0] [0.0, 2.0] [0.0, 2.0] [0.0, 2.0] [0.0, 2.0] [0.0, 2.0] [0.0, 2.0] [0.0, 2.0] [0.0, 2.0] [0.0, 2.0] [0.0, 2.0] [0.0, 2.0] [0.0, 2.0] [0.0, 2.0] [0.0, 2.0] [0.0, 2.0] [0.0, 2.0] [0.0, 2.0] [0.0, 2.0] [0.0, 2.0] [0.0, 2.0] [0.0, 2.0] [0.0, 2.0] [0.0, 2.0] [0.0, 2.0] [0.0, 2.0] [0.0, 2.0] [0.0, 2.0] [0.0, 2.0] [0.0, 2.0] [0.0, 2.0] [0.0, 2.0] [0.0, 2.0] [0.0, 2.0] [0.0, 2.0] [0.0, 2.0] [0.0, 2.0] [0.0, 2.0] [0.0, 2.0] [0.0, 2.0] [0.0, 2.0] [0.0, 2.0] [0.0, 2.0] [0.0, 2.0] [0.0, 2.0] [0.0, 2.0] [0.0, 2.0] [0.0, 2.0] [0.0, 2.0] [0.0, 2.0] [0.0, 2.0] [0.0, 2.0] [0.0, 2.0] [0.0, 2.0] [0.0, 2.0] [0.0, 2.0] [0.0, 2.0] [0.0, 2.0] [0.0, 2.0] [0.0, 2.0] [0.0, 2.0] [0.0, 2.0] [0.0, 2.0] [0.0, 2.0] [0.0, 2.0] [0.0, 2.0] [0.0, 2.0] [0.0, 2.0] [0.0, 2.0] [0.0, 2.0] [0.0, 2.0] [0.0, 2.0] [0.0, 2.0] [0.0, 2.0] [0.0, 2.0] [0.0, 2.0] [0.0, 2.0] [0.0, 2.0] [0.0, 2.0] [0.0, 2.0] [0.0, 2.0] [0.0, 2.0] [0.0, 2.0] [0.0, 2.0] [0.0, 2.0] [0.0, 2.0] [0.0, 2.0] [0.0, 2.0] [0.0, 2.0] [0.0, 2.0] [0.0, 2.0] [0.0, 2.0] [0.0, 2.0] [0.0, 2.0] [0.0, 2.0] [0.0, 2.0] [0.0, 2.0] [0.0, 2.0] [0.0, 2.0] [0.0, 2.0] [0.0, 2.0] [0.0, 2.0] [0.0, 2.0] [0.0, 2.0] [0.0, 2.0] [0.0, 2.0] [0.0, 2.0] [0.0, 2.0] [0.0, 2.0] [0.0, 2.0] [0.0, 2.0] [0.0, 2.0] [0.0, 2.0] [0.0, 2.0] [0.0, 2.0] [0.0, 2.0] [0.0, 2.0] [0.0, 2.0] [0.0, 2.0] [0.0, 2.0] [0.0, 2.0] [0.0, 2.0] [0.0, 2.0] [0.0, 2.0] [0.0, 2.0] 
  Output fraction of data:
choice: (0.579 0.452 0.558 0.500 0.516 0.608 0.544 0.416 0.405 0.466 0.290 0.717 0.559 0.482 0.506 0.670 0.601 0.539 0.517 0.568 0.499 0.455 0.458 0.601 0.641 0.499 0.519 0.579 0.681 0.626 0.617 0.557 0.560 0.489 0.484 0.420 0.347 0.325 0.482 0.507 0.660 0.641 0.445 0.493 0.626 0.733 0.607 0.531 0.499 0.381 0.354 0.380 0.526 0.515 0.529 0.446 0.436 0.605 0.513 0.443 0.605 0.464 0.436 0.541 0.470 0.586 0.401 0.442 0.448 0.476 0.584 0.504 0.635 0.502 0.520 0.474 0.415 0.535 0.451 0.432 0.566 0.639 0.443 0.574 0.451 0.549 0.550 0.466 0.396 0.415 0.429 0.338 0.525 0.548 0.434 0.359 0.298 0.429 0.315 0.485 0.434 0.588 0.678 0.577 0.668 0.474 0.472 0.434 0.392 0.500 0.555 0.591 0.592 0.549 0.492 0.582 0.515 0.490 0.521 0.550 0.581 0.395 0.532 0.433 0.380 0.603 0.685 0.587 0.480 0.333 0.443 0.486 0.426 0.631 0.528 0.600 0.491 0.423 0.577 0.659 0.572 0.423 0.404 0.487 0.455 0.387 0.529 0.305 0.369 0.581 0.426 0.398 0.522 0.482 0.515 0.493 0.470 0.522 0.486)  0.421 0.548 0.442 0.500 0.484 0.392 0.456 0.584 0.595 0.534 0.710 0.283 0.441 0.518 0.494 0.330 0.399 0.461 0.483 0.432 0.501 0.545 0.542 0.399 0.359 0.501 0.481 0.421 0.319 0.374 0.383 0.443 0.440 0.511 0.516 0.580 0.653 0.675 0.518 0.493 0.340 0.359 0.555 0.507 0.374 0.267 0.393 0.469 0.501 0.619 0.646 0.620 0.474 0.485 0.471 0.554 0.564 0.395 0.487 0.557 0.395 0.536 0.564 0.459 0.530 0.414 0.599 0.558 0.552 0.524 0.416 0.496 0.365 0.497 0.480 0.526 0.585 0.465 0.549 0.568 0.434 0.361 0.557 0.426 0.549 0.451 0.450 0.534 0.604 0.585 0.571 0.662 0.475 0.452 0.566 0.641 0.702 0.571 0.685 0.515 0.566 0.412 0.322 0.423 0.332 0.526 0.528 0.566 0.608 0.500 0.445 0.409 0.408 0.451 0.508 0.418 0.485 0.510 0.479 0.450 0.419 0.605 0.468 0.567 0.620 0.397 0.315 0.413 0.520 0.667 0.557 0.514 0.574 0.369 0.472 0.400 0.509 0.577 0.423 0.341 0.428 0.577 0.596 0.513 0.545 0.613 0.471 0.695 0.631 0.419 0.574 0.602 0.478 0.518 0.485 0.507 0.530 0.478 0.514)  
prior_left_prob: (0.448 0.511 0.375 0.322 0.320 0.372 0.424 0.473 0.525 0.428 0.390 0.330 0.447 0.440 0.470 0.336 0.424 0.465 0.472 0.346 0.441 0.469 0.394 0.432 0.435 0.452 0.443 0.286 0.303 0.502 0.473 0.410 0.459 0.441 0.401 0.313 0.502 0.507 0.433 0.426 0.304 0.450 0.454 0.307 0.304 0.287 0.453 0.418 0.284 0.482 0.405 0.412 0.415 0.447 0.437 0.462 0.412 0.307 0.377 0.446 0.303 0.525 0.400 0.434 0.480 0.390 0.456 0.292 0.417 0.465 0.464 0.449 0.282 0.435 0.299 0.449 0.489 0.375 0.418 0.386 0.368 0.413 0.424 0.322 0.388 0.407 0.389 0.457 0.496 0.497 0.374 0.444 0.284 0.411 0.301 0.417 0.466 0.419 0.523 0.372 0.487 0.447 0.435 0.427 0.362 0.317 0.423 0.441 0.443 0.416 0.365 0.417 0.406 0.472 0.452 0.400 0.297 0.416 0.456 0.299 0.430 0.503 0.416 0.433 0.403 0.451 0.411 0.375 0.381 0.440 0.418 0.304 0.408 0.418 0.417 0.325 0.534 0.467 0.469 0.460 0.409 0.379 0.472 0.410 0.474 0.552 0.427 0.451 0.439 0.323 0.413 0.509 0.418 0.503 0.440 0.474 0.525 0.428 0.517)  0.158 0.213 0.167 0.155 0.154 0.175 0.089 0.112 0.088 0.129 0.214 0.107 0.141 0.162 0.179 0.101 0.089 0.099 0.111 0.099 0.133 0.178 0.192 0.105 0.120 0.145 0.140 0.234 0.180 0.143 0.120 0.200 0.143 0.167 0.093 0.136 0.143 0.152 0.117 0.120 0.119 0.127 0.158 0.148 0.139 0.124 0.142 0.115 0.233 0.193 0.228 0.181 0.090 0.120 0.192 0.159 0.197 0.148 0.165 0.169 0.131 0.138 0.202 0.163 0.121 0.109 0.138 0.126 0.113 0.140 0.149 0.191 0.225 0.225 0.226 0.224 0.229 0.212 0.198 0.188 0.175 0.212 0.186 0.167 0.217 0.180 0.139 0.204 0.167 0.147 0.227 0.227 0.233 0.209 0.227 0.149 0.154 0.097 0.144 0.163 0.142 0.157 0.199 0.106 0.089 0.153 0.108 0.198 0.138 0.090 0.085 0.112 0.151 0.211 0.139 0.084 0.143 0.103 0.189 0.177 0.091 0.114 0.103 0.131 0.164 0.148 0.104 0.088 0.164 0.133 0.126 0.186 0.203 0.211 0.103 0.192 0.099 0.081 0.081 0.063 0.072 0.158 0.138 0.134 0.109 0.093 0.118 0.142 0.222 0.115 0.102 0.086 0.088 0.075 0.070 0.079 0.083 0.059 0.074)  0.394 0.277 0.458 0.522 0.526 0.452 0.486 0.415 0.387 0.443 0.395 0.563 0.412 0.397 0.351 0.563 0.487 0.436 0.417 0.555 0.425 0.352 0.414 0.463 0.445 0.403 0.418 0.481 0.517 0.355 0.407 0.390 0.397 0.393 0.506 0.551 0.355 0.342 0.451 0.453 0.577 0.423 0.387 0.545 0.558 0.588 0.405 0.468 0.483 0.325 0.367 0.406 0.495 0.433 0.371 0.379 0.390 0.546 0.458 0.384 0.566 0.337 0.398 0.403 0.399 0.501 0.406 0.582 0.470 0.395 0.387 0.360 0.492 0.340 0.475 0.327 0.282 0.413 0.385 0.426 0.457 0.375 0.389 0.511 0.395 0.413 0.472 0.339 0.337 0.356 0.399 0.328 0.483 0.381 0.472 0.435 0.380 0.483 0.333 0.465 0.371 0.396 0.366 0.467 0.548 0.530 0.469 0.361 0.418 0.495 0.550 0.471 0.443 0.317 0.409 0.516 0.560 0.481 0.355 0.525 0.479 0.382 0.481 0.436 0.432 0.402 0.485 0.537 0.455 0.427 0.456 0.510 0.390 0.371 0.480 0.483 0.367 0.451 0.451 0.478 0.519 0.463 0.390 0.455 0.417 0.355 0.455 0.407 0.339 0.562 0.485 0.405 0.494 0.422 0.490 0.447 0.393 0.512 0.409)  
wheel_speed_bin: (0.333 0.333 0.333 0.333 0.333 0.333 0.333 0.333 0.333 0.333 0.333 0.333 0.333 0.333 0.333 0.333 0.333 0.333 0.333 0.333 0.333 0.333 0.333 0.333 0.333 0.333 0.333 0.333 0.333 0.333 0.333 0.333 0.333 0.333 0.333 0.333 0.333 0.333 0.333 0.333 0.333 0.333 0.333 0.333 0.333 0.333 0.333 0.333 0.333 0.333 0.333 0.333 0.333 0.333 0.333 0.333 0.333 0.333 0.333 0.333 0.333 0.333 0.333 0.333 0.333 0.333 0.333 0.333 0.333 0.333 0.333 0.333 0.333 0.333 0.333 0.333 0.333 0.333 0.333 0.333 0.333 0.333 0.333 0.333 0.333 0.333 0.333 0.333 0.333 0.333 0.334 0.333 0.333 0.333 0.333 0.333 0.333 0.333 0.333 0.333 0.333 0.333 0.333 0.333 0.333 0.333 0.333 0.333 0.333 0.333 0.333 0.333 0.333 0.333 0.333 0.333 0.333 0.333 0.335 0.333 0.333 0.333 0.333 0.333 0.333 0.333 0.333 0.333 0.333 0.333 0.333 0.333 0.333 0.333 0.333 0.333 0.333 0.333 0.333 0.333 0.333 0.333 0.333 0.333 0.333 0.333 0.333 0.333 0.333 0.333 0.333 0.333 0.333 0.333 0.333 0.333 0.333 0.333 0.333)  0.333 0.333 0.333 0.333 0.333 0.333 0.333 0.333 0.333 0.333 0.333 0.333 0.333 0.333 0.333 0.333 0.333 0.333 0.333 0.333 0.333 0.333 0.333 0.333 0.333 0.333 0.333 0.333 0.333 0.333 0.333 0.333 0.333 0.333 0.333 0.333 0.333 0.333 0.333 0.333 0.333 0.333 0.333 0.333 0.333 0.333 0.333 0.333 0.333 0.333 0.333 0.333 0.333 0.333 0.333 0.333 0.333 0.333 0.333 0.333 0.333 0.333 0.333 0.333 0.333 0.333 0.333 0.333 0.333 0.333 0.333 0.333 0.333 0.333 0.333 0.333 0.333 0.333 0.333 0.333 0.333 0.333 0.333 0.333 0.333 0.333 0.333 0.333 0.333 0.333 0.333 0.333 0.333 0.333 0.333 0.333 0.333 0.333 0.333 0.333 0.333 0.333 0.333 0.333 0.333 0.333 0.333 0.333 0.333 0.333 0.333 0.333 0.333 0.333 0.333 0.333 0.333 0.333 0.333 0.333 0.333 0.333 0.333 0.333 0.333 0.333 0.333 0.333 0.333 0.333 0.333 0.333 0.333 0.333 0.333 0.333 0.333 0.333 0.333 0.333 0.333 0.333 0.333 0.333 0.333 0.333 0.333 0.333 0.333 0.333 0.333 0.333 0.333 0.333 0.333 0.333 0.333 0.333 0.333)  0.333 0.333 0.333 0.333 0.333 0.333 0.333 0.333 0.333 0.333 0.333 0.333 0.333 0.333 0.333 0.333 0.333 0.333 0.333 0.333 0.333 0.333 0.333 0.333 0.333 0.333 0.333 0.333 0.333 0.333 0.333 0.333 0.333 0.333 0.333 0.333 0.333 0.333 0.333 0.333 0.333 0.333 0.333 0.333 0.333 0.333 0.333 0.333 0.333 0.333 0.333 0.333 0.333 0.333 0.333 0.333 0.333 0.333 0.333 0.333 0.333 0.333 0.333 0.333 0.333 0.333 0.333 0.333 0.333 0.333 0.333 0.333 0.333 0.333 0.333 0.333 0.333 0.333 0.333 0.333 0.333 0.333 0.333 0.333 0.333 0.333 0.333 0.333 0.333 0.333 0.333 0.333 0.333 0.333 0.333 0.333 0.333 0.333 0.333 0.333 0.333 0.333 0.333 0.333 0.333 0.333 0.333 0.333 0.333 0.333 0.333 0.333 0.333 0.333 0.333 0.333 0.333 0.333 0.333 0.333 0.333 0.333 0.333 0.333 0.333 0.333 0.333 0.333 0.333 0.333 0.333 0.333 0.333 0.333 0.333 0.333 0.333 0.333 0.333 0.333 0.333 0.333 0.333 0.333 0.333 0.333 0.333 0.333 0.333 0.333 0.333 0.333 0.333 0.333 0.333 0.333 0.333 0.333 0.333)  
whisker_motion_energy_bin: (0.333 0.333 0.333 0.333 0.333 0.333 0.333 0.333 0.333 0.333 0.333 0.333 0.333 0.333 0.333 0.333 0.333 0.333 0.333 0.333 0.333 0.333 0.333 0.333 0.333 0.333 0.333 0.333 0.333 0.333 0.333 0.333 0.333 0.333 0.333 0.333 0.333 0.333 0.333 0.333 0.333 0.333 0.333 0.333 0.333 0.333 0.333 0.333 0.333 0.333 0.333 0.333 0.333 0.333 0.333 0.333 0.333 0.333 0.333 0.333 0.333 0.333 0.333 0.333 0.333 0.333 0.333 0.333 0.333 0.333 0.333 0.333 0.333 0.333 0.333 0.333 0.333 0.333 0.333 0.333 0.333 0.333 0.333 0.333 0.333 0.333 0.333 0.333 0.333 0.333 0.333 0.333 0.333 0.333 0.333 0.333 0.333 0.333 0.333 0.333 0.333 0.333 0.333 0.333 0.333 0.333 0.333 0.333 0.333 0.333 0.333 0.333 0.333 0.335 0.335 0.334 0.333 0.333 0.333 0.336 0.333 0.334 0.333 0.333 0.333 0.333 0.333 0.333 0.333 0.333 0.333 0.814 0.333 0.333 0.333 0.333 0.333 0.333 0.333 0.333 0.333 0.333 0.333 0.333 0.333 0.333 0.333 0.333 0.333 0.333 0.333 0.333 0.333 0.333 0.333 0.333 0.333 0.333 0.333)  0.333 0.333 0.333 0.333 0.333 0.333 0.333 0.333 0.333 0.333 0.333 0.333 0.333 0.333 0.333 0.333 0.333 0.333 0.333 0.333 0.333 0.333 0.333 0.333 0.333 0.333 0.333 0.333 0.333 0.333 0.333 0.333 0.333 0.333 0.333 0.333 0.333 0.333 0.333 0.333 0.333 0.333 0.333 0.333 0.333 0.333 0.333 0.333 0.333 0.333 0.333 0.333 0.333 0.333 0.333 0.333 0.333 0.333 0.333 0.333 0.333 0.333 0.333 0.333 0.333 0.333 0.333 0.333 0.333 0.333 0.333 0.333 0.333 0.333 0.333 0.333 0.333 0.333 0.333 0.333 0.333 0.333 0.333 0.333 0.333 0.333 0.333 0.333 0.333 0.333 0.333 0.333 0.333 0.333 0.333 0.333 0.333 0.333 0.333 0.333 0.333 0.333 0.333 0.333 0.333 0.333 0.333 0.333 0.333 0.333 0.333 0.333 0.333 0.333 0.332 0.333 0.333 0.333 0.333 0.332 0.333 0.333 0.333 0.333 0.333 0.333 0.333 0.333 0.333 0.333 0.333 0.093 0.333 0.333 0.333 0.333 0.333 0.333 0.333 0.333 0.333 0.333 0.333 0.333 0.333 0.333 0.333 0.333 0.333 0.333 0.333 0.333 0.333 0.333 0.333 0.333 0.333 0.333 0.333)  0.333 0.333 0.333 0.333 0.333 0.333 0.333 0.333 0.333 0.333 0.333 0.333 0.333 0.333 0.333 0.333 0.333 0.333 0.333 0.333 0.333 0.333 0.333 0.333 0.333 0.333 0.333 0.333 0.333 0.333 0.333 0.333 0.333 0.333 0.333 0.333 0.333 0.333 0.333 0.333 0.333 0.333 0.333 0.333 0.333 0.333 0.333 0.333 0.333 0.333 0.333 0.333 0.333 0.333 0.333 0.333 0.333 0.333 0.333 0.333 0.333 0.333 0.333 0.333 0.333 0.333 0.333 0.333 0.333 0.333 0.333 0.333 0.333 0.333 0.333 0.333 0.333 0.333 0.333 0.333 0.333 0.333 0.333 0.333 0.333 0.333 0.333 0.333 0.333 0.333 0.333 0.333 0.333 0.333 0.333 0.333 0.333 0.333 0.333 0.333 0.333 0.333 0.333 0.333 0.333 0.333 0.333 0.333 0.333 0.333 0.333 0.333 0.333 0.333 0.332 0.333 0.333 0.333 0.333 0.332 0.333 0.333 0.333 0.333 0.333 0.333 0.333 0.333 0.333 0.333 0.333 0.093 0.333 0.333 0.333 0.333 0.333 0.333 0.333 0.333 0.333 0.333 0.333 0.333 0.333 0.333 0.333 0.333 0.333 0.333 0.333 0.333 0.333 0.333 0.333 0.333 0.333 0.333 0.333)  
Brain region: 549: 176 neurons, 1079: 54 neurons, 496345668: 257 neurons, 496345672: 67 neurons, 496345664: 62 neurons, 463: 369 neurons, 632: 170 neurons, 382: 948 neurons, 986: 44 neurons, 484682520: 86 neurons, 466: 51 neurons, 733: 469 neurons, 423: 15 neurons, 1070: 62 neurons, 1111: 57 neurons, 1086: 18 neurons, 312782554: 28 neurons, 655: 26 neurons, 780: 85 neurons, 703: 29 neurons, 334: 87 neurons, 1105: 18 neurons, 544: 46 neurons, 551: 56 neurons, 559: 24 neurons, 301: 13 neurons, 803: 14 neurons, 1022: 139 neurons, 6: 203 neurons, 1088: 28 neurons, 1020: 713 neurons, 563807435: 53 neurons, 218: 570 neurons, 10704: 205 neurons, 312782570: 10 neurons, 312782566: 92 neurons, 312782562: 187 neurons, 0: 52 neurons, 526: 14 neurons, 543: 26 neurons, 664: 168 neurons, 727: 55 neurons, 502: 202 neurons, 10703: 114 neurons, 874: 2 neurons, 313: 513 neurons, 580: 21 neurons, 482: 3 neurons, 1037: 94 neurons, 971: 99 neurons, 305: 21 neurons, 33: 116 neurons, 778: 181 neurons, 663: 62 neurons, 1009: 39 neurons, 997: 32 neurons, 797: 159 neurons, 484682524: 45 neurons, 312782624: 3 neurons, 312782616: 26 neurons, 312782612: 17 neurons, 312782608: 11 neurons, 312782620: 12 neurons, 102: 2 neurons, 262: 142 neurons, 629: 157 neurons, 255: 153 neurons, 155: 270 neurons, 603: 19 neurons, 403: 64 neurons, 477: 310 neurons, 342: 108 neurons, 1031: 17 neurons, 128: 819 neurons, 26: 64 neurons, 17: 288 neurons, 10: 323 neurons, 851: 28 neurons, 842: 62 neurons, 542: 13 neurons, 430: 37 neurons, 687: 58 neurons, 590: 92 neurons, 906: 88 neurons, 774: 83 neurons, 965: 12 neurons, 671: 6 neurons, 7: 32 neurons, 771: 142 neurons, 78: 12 neurons, 612: 87 neurons, 271: 35 neurons, 828: 80 neurons, 1048: 134 neurons, 354: 85 neurons, 62: 20 neurons, 169: 27 neurons, 145: 5 neurons, 108: 8 neurons, 968: 109 neurons, 728: 504 neurons, 744: 17 neurons, 1091: 674 neurons, 136: 301 neurons, 203: 11 neurons, 852: 223 neurons, 651: 62 neurons, 225: 163 neurons, 153: 2 neurons, 512: 72 neurons, 372: 31 neurons, 91: 259 neurons, 215: 650 neurons, 916: 8 neurons, 257: 32 neurons, 565: 108 neurons, 433: 53 neurons, 401: 22 neurons, 1066: 29 neurons, 281: 9 neurons, 362: 348 neurons, 484682516: 42 neurons, 940: 69 neurons, 510: 2 neurons, 478: 47 neurons, 9: 45 neurons, 1092: 36 neurons, 718: 215 neurons, 639: 17 neurons, 1029: 65 neurons, 1046: 47 neurons, 698: 143 neurons, 788: 82 neurons, 327: 43 neurons, 998: 20 neurons, 672: 1184 neurons, 697: 93 neurons, 422: 33 neurons, 560581551: 188 neurons, 312782558: 37 neurons, 266: 64 neurons, 258: 680 neurons, 250: 23 neurons, 1085: 2 neurons, 1021: 177 neurons, 767: 392 neurons, 962: 93 neurons, 311: 10 neurons, 312782550: 4 neurons, 441: 11 neurons, 182305709: 15 neurons, 182305705: 24 neurons, 182305701: 9 neurons, 125: 31 neurons, 685: 60 neurons, 484682470: 146 neurons, 589508447: 25 neurons, 1044: 4 neurons, 560581563: 3 neurons, 325: 36 neurons, 443: 50 neurons, 622: 4 neurons, 274: 65 neurons, 609: 23 neurons, 595: 17 neurons, 186: 37 neurons, 575: 20 neurons, 984: 221 neurons, 437: 81 neurons, 765: 35 neurons, 96: 34 neurons, 1007: 562 neurons, 209: 78 neurons, 506: 8 neurons, 217: 135 neurons, 326: 44 neurons, 811: 39 neurons, 1043: 2 neurons, 146: 52 neurons, 610: 65 neurons, 484682508: 5 neurons, 1062: 8 neurons, 1038: 70 neurons, 966: 50 neurons, 131: 5 neurons, 827: 63 neurons, 1054: 110 neurons, 84: 151 neurons, 919: 111 neurons, 597: 182 neurons, 814: 200 neurons, 484682512: 18 neurons, 945: 43 neurons, 625: 74 neurons, 556: 10 neurons, 707: 8 neurons, 171: 6 neurons, 304: 7 neurons, 211: 27 neurons, 844: 146 neurons, 648: 397 neurons, 943: 137 neurons, 882: 6 neurons, 129: 13 neurons, 81: 21 neurons, 23: 22 neurons, 298: 8 neurons, 501: 14 neurons, 41: 5 neurons, 159: 174 neurons, 288: 41 neurons, 412: 22 neurons, 630: 86 neurons, 526157192: 18 neurons, 656: 7 neurons, 202: 347 neurons, 989: 42 neurons, 582: 17 neurons, 620: 32 neurons, 1125: 150 neurons, 608: 145 neurons, 526157196: 15 neurons, 773: 8 neurons, 839: 2 neurons, 957: 9 neurons, 222: 1 neurons, 1107: 9 neurons, 263: 13 neurons, 523: 33 neurons, 72: 5 neurons, 564: 106 neurons, 1108: 12 neurons, 621: 94 neurons, 534: 29 neurons, 867: 75 neurons, 658: 53 neurons, 1084: 52 neurons, 819: 21 neurons, 725: 59 neurons, 804: 33 neurons, 741: 10 neurons, 930: 30 neurons, 374: 5 neurons, 721: 56 neurons, 1089: 17 neurons, 214: 161 neurons, 1061: 15 neurons, 628: 40 neurons, 810: 44 neurons, 850: 1 neurons, 616: 2 neurons, 381: 42 neurons, 98: 11 neurons, 596: 27 neurons, 956: 39 neurons, 866: 25 neurons, 178: 97 neurons, 1047: 33 neurons, 201: 10 neurons, 27: 1 neurons, 434: 7 neurons, 442: 4 neurons, 320: 2 neurons, 88: 4 neurons, 38: 1 neurons, 149: 35 neurons, 181: 1 neurons, 902: 39 neurons, 869: 6 neurons, 821: 43 neurons, 795: 217 neurons, 42: 20 neurons, 834: 2 neurons, 593: 2 neurons, 607344858: 1 neurons, 607344842: 2 neurons, 607344854: 6 neurons, 12: 18 neurons, 591: 65 neurons, 197: 12 neurons, 681: 3 neurons, 35: 3 neurons, 679: 189 neurons, 614454277: 9 neurons, 863: 3 neurons, 246: 8 neurons, 574: 109 neurons, 772: 51 neurons, 1015: 74 neurons, 924: 22 neurons, 19: 9 neurons, 588: 4 neurons, 296: 12 neurons, 363: 34 neurons, 581: 26 neurons, 310: 28 neurons, 461: 2 neurons, 1097: 83 neurons, 549009203: 24 neurons, 634: 54 neurons, 706: 22 neurons, 330: 3 neurons, 121: 7 neurons, 74: 44 neurons, 613: 23 neurons, 794: 14 neurons, 843: 68 neurons, 743: 2 neurons, 579: 27 neurons, 377: 10 neurons, 1052: 2 neurons, 413: 13 neurons, 101: 21 neurons, 846: 1 neurons, 670: 3 neurons, 279: 4 neurons, 312782604: 1 neurons, 351: 46 neurons, 1128: 49 neurons, 1094: 8 neurons, 113: 3 neurons, 599: 31 neurons, 59: 1 neurons, 1026: 1 neurons, 577: 13 neurons, 484: 3 neurons, 226: 1 neurons, 56: 158 neurons, 333: 3 neurons, 854: 9 neurons, 754: 31 neurons, 908: 1 neurons, 900: 37 neurons, 366: 83 neurons, 907: 47 neurons, 483: 1 neurons, 321: 7 neurons, 1072: 23 neurons, 469: 3 neurons, 15: 4 neurons, 927: 1 neurons, 549009227: 29 neurons, 604: 16 neurons, 898: 25 neurons, 599626927: 11 neurons, 976: 81 neurons, 52: 13 neurons, 139: 42 neurons, 28: 32 neurons, 312782598: 3 neurons, 312782594: 9 neurons, 880: 19 neurons, 820: 1 neurons, 307: 3 neurons, 566: 9 neurons, 451: 4 neurons, 303: 10 neurons, 910: 53 neurons, 194: 82 neurons, 470: 4 neurons, 189: 4 neurons, 414: 2 neurons, 50: 1 neurons, 132: 7 neurons, 1104: 2 neurons, 1096: 34 neurons, 961: 25 neurons, 614: 8 neurons, 576073704: 12 neurons, 982: 1 neurons, 587: 28 neurons, 158: 7 neurons, 67: 7 neurons, 140: 1 neurons, 749: 2 neurons, 440: 6 neurons, 429: 4 neurons, 589508451: 4 neurons, 1033: 41 neurons, 1025: 42 neurons, 1064: 69 neurons, 1006: 1 neurons, 1056: 5 neurons, 123: 16 neurons, 1049: 7 neurons, 589508455: 33 neurons, 784: 9 neurons, 1093: 83 neurons, 812: 43 neurons, 210: 8 neurons, 969: 4 neurons, 955: 7 neurons, 978: 10 neurons, 143: 8 neurons, 893: 1 neurons, 862: 1 neurons, 20: 9 neurons, 729: 7 neurons, 786: 2 neurons, 312782590: 9 neurons, 573: 3 neurons, 456: 4 neurons, 249: 1 neurons, 931: 3 neurons, 981: 1 neurons, 661: 14 neurons, 576: 2 neurons  
Data verification complete.
