Data format is valid, no errors or warnings.
Number of sessions: 62
Total number of trials: 2418
Number of trials per session: [39, 39, 39, 39, 39, 39, 39, 39, 39, 39, 39, 39, 39, 39, 39, 39, 39, 39, 39, 39, 39, 39, 39, 39, 39, 39, 39, 39, 39, 39, 39, 39, 39, 39, 39, 39, 39, 39, 39, 39, 39, 39, 39, 39, 39, 39, 39, 39, 39, 39, 39, 39, 39, 39, 39, 39, 39, 39, 39, 39, 39, 39]
Number of subjects: 2
Number of brain regions: 1
Number of sessions per subject:
  Subject QLAK-CA1-08: 31 sessions
  Subject QLAK-CA1-30: 31 sessions
Input dimension: 9
Output dimension: 1
Summary statistics (across all sessions):
  T: mean: 600.00, median: 600.00, min: 600, max: 600
  n_neurons: mean: 297.47', min: 153, max: 422
  Input range:
    blocked_row0_col0: [0.0, 1.0]
    blocked_row0_col1: [0.0, 1.0]
    blocked_row0_col2: [0.0, 1.0]
    blocked_row1_col0: [0.0, 1.0]
    blocked_row1_col1: [0.0, 1.0]
    blocked_row1_col2: [0.0, 1.0]
    blocked_row2_col0: [0.0, 1.0]
    blocked_row2_col1: [0.0, 0.0]
    blocked_row2_col2: [0.0, 1.0]
  Output range:
    position_3x3: [0.0, 8.0]
  Unique outputs per dimension (fraction of data):
    position_3x3: {row0_col0 (0.085), row0_col1 (0.102), row0_col2 (0.125), row1_col0 (0.069), row1_col1 (0.065), row1_col2 (0.080), row2_col0 (0.105), row2_col1 (0.149), row2_col2 (0.219)}
  Brain region distribution:
    CA1: 18443 neurons

Per-session statistics:
  Mean T: 600.0, 600.0, 600.0, 600.0, 600.0, 600.0, 600.0, 600.0, 600.0, 600.0, 600.0, 600.0, 600.0, 600.0, 600.0, 600.0, 600.0, 600.0, 600.0, 600.0, 600.0, 600.0, 600.0, 600.0, 600.0, 600.0, 600.0, 600.0, 600.0, 600.0, 600.0, 600.0, 600.0, 600.0, 600.0, 600.0, 600.0, 600.0, 600.0, 600.0, 600.0, 600.0, 600.0, 600.0, 600.0, 600.0, 600.0, 600.0, 600.0, 600.0, 600.0, 600.0, 600.0, 600.0, 600.0, 600.0, 600.0, 600.0, 600.0, 600.0, 600.0, 600.0
  Min T: 600, 600, 600, 600, 600, 600, 600, 600, 600, 600, 600, 600, 600, 600, 600, 600, 600, 600, 600, 600, 600, 600, 600, 600, 600, 600, 600, 600, 600, 600, 600, 600, 600, 600, 600, 600, 600, 600, 600, 600, 600, 600, 600, 600, 600, 600, 600, 600, 600, 600, 600, 600, 600, 600, 600, 600, 600, 600, 600, 600, 600, 600
  Max T: 600, 600, 600, 600, 600, 600, 600, 600, 600, 600, 600, 600, 600, 600, 600, 600, 600, 600, 600, 600, 600, 600, 600, 600, 600, 600, 600, 600, 600, 600, 600, 600, 600, 600, 600, 600, 600, 600, 600, 600, 600, 600, 600, 600, 600, 600, 600, 600, 600, 600, 600, 600, 600, 600, 600, 600, 600, 600, 600, 600, 600, 600
  n_neurons: 185, 153, 156, 187, 185, 186, 194, 204, 189, 200, 222, 196, 216, 211, 206, 199, 227, 233, 240, 236, 226, 247, 224, 227, 239, 235, 237, 230, 236, 254, 251, 398, 404, 350, 356, 350, 380, 347, 352, 336, 382, 367, 411, 405, 350, 378, 340, 400, 390, 378, 375, 392, 405, 370, 395, 388, 417, 421, 422, 360, 397, 396
  Input range:
    0: [0.0, 0.0] [0.0, 0.0] [0.0, 0.0] [0.0, 0.0] [1.0, 1.0] [1.0, 1.0] [0.0, 0.0] [0.0, 0.0] [1.0, 1.0] [1.0, 1.0] [0.0, 0.0] [0.0, 0.0] [0.0, 0.0] [0.0, 0.0] [1.0, 1.0] [1.0, 1.0] [0.0, 0.0] [0.0, 0.0] [1.0, 1.0] [1.0, 1.0] [0.0, 0.0] [0.0, 0.0] [0.0, 0.0] [0.0, 0.0] [1.0, 1.0] [1.0, 1.0] [0.0, 0.0] [0.0, 0.0] [1.0, 1.0] [1.0, 1.0] [0.0, 0.0] [0.0, 0.0] [0.0, 0.0] [1.0, 1.0] [0.0, 0.0] [1.0, 1.0] [0.0, 0.0] [0.0, 0.0] [1.0, 1.0] [1.0, 1.0] [0.0, 0.0] [0.0, 0.0] [0.0, 0.0] [1.0, 1.0] [0.0, 0.0] [1.0, 1.0] [0.0, 0.0] [0.0, 0.0] [1.0, 1.0] [1.0, 1.0] [0.0, 0.0] [0.0, 0.0] [0.0, 0.0] [1.0, 1.0] [0.0, 0.0] [1.0, 1.0] [0.0, 0.0] [0.0, 0.0] [1.0, 1.0] [1.0, 1.0] [0.0, 0.0] [0.0, 0.0] 
    1: [0.0, 0.0] [0.0, 0.0] [0.0, 0.0] [0.0, 0.0] [0.0, 0.0] [0.0, 0.0] [0.0, 0.0] [1.0, 1.0] [0.0, 0.0] [0.0, 0.0] [0.0, 0.0] [0.0, 0.0] [0.0, 0.0] [0.0, 0.0] [0.0, 0.0] [0.0, 0.0] [0.0, 0.0] [1.0, 1.0] [0.0, 0.0] [0.0, 0.0] [0.0, 0.0] [0.0, 0.0] [0.0, 0.0] [0.0, 0.0] [0.0, 0.0] [0.0, 0.0] [0.0, 0.0] [1.0, 1.0] [0.0, 0.0] [0.0, 0.0] [0.0, 0.0] [0.0, 0.0] [0.0, 0.0] [0.0, 0.0] [1.0, 1.0] [0.0, 0.0] [0.0, 0.0] [0.0, 0.0] [0.0, 0.0] [0.0, 0.0] [0.0, 0.0] [0.0, 0.0] [0.0, 0.0] [0.0, 0.0] [1.0, 1.0] [0.0, 0.0] [0.0, 0.0] [0.0, 0.0] [0.0, 0.0] [0.0, 0.0] [0.0, 0.0] [0.0, 0.0] [0.0, 0.0] [0.0, 0.0] [1.0, 1.0] [0.0, 0.0] [0.0, 0.0] [0.0, 0.0] [0.0, 0.0] [0.0, 0.0] [0.0, 0.0] [0.0, 0.0] 
    2: [0.0, 0.0] [0.0, 0.0] [0.0, 0.0] [0.0, 0.0] [0.0, 0.0] [1.0, 1.0] [0.0, 0.0] [1.0, 1.0] [0.0, 0.0] [0.0, 0.0] [0.0, 0.0] [0.0, 0.0] [0.0, 0.0] [0.0, 0.0] [0.0, 0.0] [1.0, 1.0] [0.0, 0.0] [1.0, 1.0] [0.0, 0.0] [0.0, 0.0] [0.0, 0.0] [0.0, 0.0] [0.0, 0.0] [0.0, 0.0] [0.0, 0.0] [1.0, 1.0] [0.0, 0.0] [1.0, 1.0] [0.0, 0.0] [0.0, 0.0] [0.0, 0.0] [0.0, 0.0] [0.0, 0.0] [1.0, 1.0] [1.0, 1.0] [0.0, 0.0] [0.0, 0.0] [0.0, 0.0] [0.0, 0.0] [0.0, 0.0] [0.0, 0.0] [0.0, 0.0] [0.0, 0.0] [1.0, 1.0] [1.0, 1.0] [0.0, 0.0] [0.0, 0.0] [0.0, 0.0] [0.0, 0.0] [0.0, 0.0] [0.0, 0.0] [0.0, 0.0] [0.0, 0.0] [1.0, 1.0] [1.0, 1.0] [0.0, 0.0] [0.0, 0.0] [0.0, 0.0] [0.0, 0.0] [0.0, 0.0] [0.0, 0.0] [0.0, 0.0] 
    3: [0.0, 0.0] [0.0, 0.0] [1.0, 1.0] [0.0, 0.0] [1.0, 1.0] [0.0, 0.0] [1.0, 1.0] [0.0, 0.0] [0.0, 0.0] [0.0, 0.0] [0.0, 0.0] [0.0, 0.0] [1.0, 1.0] [0.0, 0.0] [1.0, 1.0] [0.0, 0.0] [1.0, 1.0] [0.0, 0.0] [0.0, 0.0] [0.0, 0.0] [0.0, 0.0] [0.0, 0.0] [1.0, 1.0] [0.0, 0.0] [1.0, 1.0] [0.0, 0.0] [1.0, 1.0] [0.0, 0.0] [0.0, 0.0] [0.0, 0.0] [0.0, 0.0] [0.0, 0.0] [0.0, 0.0] [0.0, 0.0] [0.0, 0.0] [0.0, 0.0] [1.0, 1.0] [0.0, 0.0] [0.0, 0.0] [1.0, 1.0] [1.0, 1.0] [0.0, 0.0] [0.0, 0.0] [0.0, 0.0] [0.0, 0.0] [0.0, 0.0] [1.0, 1.0] [0.0, 0.0] [0.0, 0.0] [1.0, 1.0] [1.0, 1.0] [0.0, 0.0] [0.0, 0.0] [0.0, 0.0] [0.0, 0.0] [0.0, 0.0] [1.0, 1.0] [0.0, 0.0] [0.0, 0.0] [1.0, 1.0] [1.0, 1.0] [0.0, 0.0] 
    4: [0.0, 0.0] [1.0, 1.0] [0.0, 0.0] [1.0, 1.0] [0.0, 0.0] [0.0, 0.0] [0.0, 0.0] [1.0, 1.0] [1.0, 1.0] [0.0, 0.0] [0.0, 0.0] [1.0, 1.0] [0.0, 0.0] [1.0, 1.0] [0.0, 0.0] [0.0, 0.0] [0.0, 0.0] [1.0, 1.0] [1.0, 1.0] [0.0, 0.0] [0.0, 0.0] [1.0, 1.0] [0.0, 0.0] [1.0, 1.0] [0.0, 0.0] [0.0, 0.0] [0.0, 0.0] [1.0, 1.0] [1.0, 1.0] [0.0, 0.0] [0.0, 0.0] [0.0, 0.0] [1.0, 1.0] [0.0, 0.0] [1.0, 1.0] [0.0, 0.0] [0.0, 0.0] [1.0, 1.0] [1.0, 1.0] [0.0, 0.0] [0.0, 0.0] [0.0, 0.0] [1.0, 1.0] [0.0, 0.0] [1.0, 1.0] [0.0, 0.0] [0.0, 0.0] [1.0, 1.0] [1.0, 1.0] [0.0, 0.0] [0.0, 0.0] [0.0, 0.0] [1.0, 1.0] [0.0, 0.0] [1.0, 1.0] [0.0, 0.0] [0.0, 0.0] [1.0, 1.0] [1.0, 1.0] [0.0, 0.0] [0.0, 0.0] [0.0, 0.0] 
    5: [0.0, 0.0] [0.0, 0.0] [1.0, 1.0] [1.0, 1.0] [0.0, 0.0] [0.0, 0.0] [1.0, 1.0] [1.0, 1.0] [0.0, 0.0] [0.0, 0.0] [0.0, 0.0] [0.0, 0.0] [1.0, 1.0] [1.0, 1.0] [0.0, 0.0] [0.0, 0.0] [1.0, 1.0] [1.0, 1.0] [0.0, 0.0] [0.0, 0.0] [0.0, 0.0] [0.0, 0.0] [1.0, 1.0] [1.0, 1.0] [0.0, 0.0] [0.0, 0.0] [1.0, 1.0] [1.0, 1.0] [0.0, 0.0] [0.0, 0.0] [0.0, 0.0] [0.0, 0.0] [0.0, 0.0] [0.0, 0.0] [1.0, 1.0] [0.0, 0.0] [1.0, 1.0] [1.0, 1.0] [0.0, 0.0] [0.0, 0.0] [1.0, 1.0] [0.0, 0.0] [0.0, 0.0] [0.0, 0.0] [1.0, 1.0] [0.0, 0.0] [1.0, 1.0] [1.0, 1.0] [0.0, 0.0] [0.0, 0.0] [1.0, 1.0] [0.0, 0.0] [0.0, 0.0] [0.0, 0.0] [1.0, 1.0] [0.0, 0.0] [1.0, 1.0] [1.0, 1.0] [0.0, 0.0] [0.0, 0.0] [1.0, 1.0] [0.0, 0.0] 
    6: [0.0, 0.0] [0.0, 0.0] [1.0, 1.0] [0.0, 0.0] [1.0, 1.0] [1.0, 1.0] [0.0, 0.0] [0.0, 0.0] [0.0, 0.0] [0.0, 0.0] [0.0, 0.0] [0.0, 0.0] [1.0, 1.0] [0.0, 0.0] [1.0, 1.0] [1.0, 1.0] [0.0, 0.0] [0.0, 0.0] [0.0, 0.0] [0.0, 0.0] [0.0, 0.0] [0.0, 0.0] [1.0, 1.0] [0.0, 0.0] [1.0, 1.0] [1.0, 1.0] [0.0, 0.0] [0.0, 0.0] [0.0, 0.0] [0.0, 0.0] [0.0, 0.0] [0.0, 0.0] [0.0, 0.0] [1.0, 1.0] [0.0, 0.0] [0.0, 0.0] [0.0, 0.0] [0.0, 0.0] [0.0, 0.0] [1.0, 1.0] [1.0, 1.0] [0.0, 0.0] [0.0, 0.0] [1.0, 1.0] [0.0, 0.0] [0.0, 0.0] [0.0, 0.0] [0.0, 0.0] [0.0, 0.0] [1.0, 1.0] [1.0, 1.0] [0.0, 0.0] [0.0, 0.0] [1.0, 1.0] [0.0, 0.0] [0.0, 0.0] [0.0, 0.0] [0.0, 0.0] [0.0, 0.0] [1.0, 1.0] [1.0, 1.0] [0.0, 0.0] 
    7: [0.0, 0.0] [0.0, 0.0] [0.0, 0.0] [0.0, 0.0] [0.0, 0.0] [0.0, 0.0] [0.0, 0.0] [0.0, 0.0] [0.0, 0.0] [0.0, 0.0] [0.0, 0.0] [0.0, 0.0] [0.0, 0.0] [0.0, 0.0] [0.0, 0.0] [0.0, 0.0] [0.0, 0.0] [0.0, 0.0] [0.0, 0.0] [0.0, 0.0] [0.0, 0.0] [0.0, 0.0] [0.0, 0.0] [0.0, 0.0] [0.0, 0.0] [0.0, 0.0] [0.0, 0.0] [0.0, 0.0] [0.0, 0.0] [0.0, 0.0] [0.0, 0.0] [0.0, 0.0] [0.0, 0.0] [0.0, 0.0] [0.0, 0.0] [0.0, 0.0] [0.0, 0.0] [0.0, 0.0] [0.0, 0.0] [0.0, 0.0] [0.0, 0.0] [0.0, 0.0] [0.0, 0.0] [0.0, 0.0] [0.0, 0.0] [0.0, 0.0] [0.0, 0.0] [0.0, 0.0] [0.0, 0.0] [0.0, 0.0] [0.0, 0.0] [0.0, 0.0] [0.0, 0.0] [0.0, 0.0] [0.0, 0.0] [0.0, 0.0] [0.0, 0.0] [0.0, 0.0] [0.0, 0.0] [0.0, 0.0] [0.0, 0.0] [0.0, 0.0] 
    8: [0.0, 0.0] [0.0, 0.0] [1.0, 1.0] [0.0, 0.0] [0.0, 0.0] [1.0, 1.0] [0.0, 0.0] [0.0, 0.0] [0.0, 0.0] [1.0, 1.0] [0.0, 0.0] [0.0, 0.0] [1.0, 1.0] [0.0, 0.0] [0.0, 0.0] [1.0, 1.0] [0.0, 0.0] [0.0, 0.0] [0.0, 0.0] [1.0, 1.0] [0.0, 0.0] [0.0, 0.0] [1.0, 1.0] [0.0, 0.0] [0.0, 0.0] [1.0, 1.0] [0.0, 0.0] [0.0, 0.0] [0.0, 0.0] [1.0, 1.0] [0.0, 0.0] [0.0, 0.0] [0.0, 0.0] [1.0, 1.0] [0.0, 0.0] [1.0, 1.0] [0.0, 0.0] [0.0, 0.0] [0.0, 0.0] [0.0, 0.0] [1.0, 1.0] [0.0, 0.0] [0.0, 0.0] [1.0, 1.0] [0.0, 0.0] [1.0, 1.0] [0.0, 0.0] [0.0, 0.0] [0.0, 0.0] [0.0, 0.0] [1.0, 1.0] [0.0, 0.0] [0.0, 0.0] [1.0, 1.0] [0.0, 0.0] [1.0, 1.0] [0.0, 0.0] [0.0, 0.0] [0.0, 0.0] [0.0, 0.0] [1.0, 1.0] [0.0, 0.0] 
  Output range:
    0: [0.0, 8.0] [0.0, 8.0] [0.0, 7.0] [0.0, 8.0] [1.0, 8.0] [1.0, 7.0] [0.0, 8.0] [0.0, 8.0] [1.0, 8.0] [1.0, 7.0] [0.0, 8.0] [0.0, 8.0] [0.0, 7.0] [0.0, 8.0] [1.0, 8.0] [1.0, 7.0] [0.0, 8.0] [0.0, 8.0] [1.0, 8.0] [1.0, 7.0] [0.0, 8.0] [0.0, 8.0] [0.0, 7.0] [0.0, 8.0] [1.0, 8.0] [1.0, 7.0] [0.0, 8.0] [0.0, 8.0] [1.0, 8.0] [1.0, 7.0] [0.0, 8.0] [0.0, 8.0] [0.0, 8.0] [1.0, 7.0] [0.0, 8.0] [1.0, 7.0] [0.0, 8.0] [0.0, 8.0] [1.0, 8.0] [1.0, 8.0] [0.0, 7.0] [0.0, 8.0] [0.0, 8.0] [1.0, 7.0] [0.0, 8.0] [1.0, 7.0] [0.0, 8.0] [0.0, 8.0] [1.0, 8.0] [1.0, 8.0] [0.0, 7.0] [0.0, 8.0] [0.0, 8.0] [1.0, 7.0] [0.0, 8.0] [1.0, 7.0] [0.0, 8.0] [0.0, 8.0] [1.0, 8.0] [1.0, 8.0] [0.0, 7.0] [0.0, 8.0] 
  Output fraction of data:
position_3x3: (0.085 0.122 0.161 0.129 0.000 0.000 0.106 0.198 0.000 0.000 0.115 0.105 0.169 0.057 0.000 0.000 0.151 0.248 0.000 0.000 0.204 0.139 0.153 0.094 0.000 0.000 0.084 0.248 0.000 0.000 0.179 0.075 0.096 0.000 0.281 0.000 0.136 0.080 0.000 0.000 0.176 0.061 0.106 0.000 0.089 0.000 0.069 0.093 0.000 0.000 0.210 0.091 0.087 0.000 0.185 0.000 0.166 0.076 0.000 0.000 0.294 0.158)  0.054 0.069 0.134 0.086 0.164 0.209 0.070 0.000 0.099 0.117 0.031 0.058 0.146 0.066 0.114 0.307 0.073 0.000 0.117 0.152 0.059 0.058 0.151 0.069 0.125 0.198 0.043 0.000 0.119 0.133 0.029 0.035 0.089 0.280 0.000 0.115 0.070 0.084 0.065 0.187 0.134 0.032 0.072 0.178 0.000 0.116 0.072 0.092 0.106 0.246 0.127 0.044 0.087 0.163 0.000 0.138 0.079 0.071 0.161 0.239 0.183 0.032)  0.148 0.122 0.268 0.171 0.145 0.000 0.130 0.000 0.142 0.263 0.180 0.173 0.327 0.127 0.159 0.000 0.162 0.000 0.163 0.221 0.115 0.140 0.267 0.280 0.142 0.000 0.109 0.000 0.108 0.380 0.233 0.099 0.111 0.000 0.000 0.127 0.119 0.104 0.081 0.141 0.256 0.120 0.139 0.000 0.000 0.104 0.073 0.091 0.119 0.114 0.211 0.072 0.088 0.000 0.000 0.153 0.138 0.148 0.094 0.117 0.203 0.066)  0.100 0.104 0.000 0.068 0.000 0.140 0.000 0.107 0.071 0.072 0.033 0.051 0.000 0.062 0.000 0.090 0.000 0.091 0.089 0.089 0.099 0.053 0.000 0.064 0.000 0.167 0.000 0.132 0.185 0.047 0.025 0.040 0.090 0.158 0.089 0.090 0.000 0.088 0.114 0.000 0.000 0.058 0.075 0.169 0.074 0.104 0.000 0.099 0.058 0.000 0.000 0.071 0.087 0.371 0.108 0.147 0.000 0.095 0.124 0.000 0.000 0.052)  0.088 0.000 0.179 0.000 0.118 0.190 0.086 0.000 0.000 0.089 0.046 0.000 0.132 0.000 0.080 0.154 0.081 0.000 0.000 0.123 0.040 0.000 0.192 0.000 0.106 0.167 0.082 0.000 0.000 0.061 0.019 0.080 0.000 0.154 0.000 0.092 0.076 0.000 0.000 0.119 0.144 0.045 0.000 0.193 0.000 0.105 0.104 0.000 0.000 0.095 0.172 0.049 0.000 0.148 0.000 0.090 0.096 0.000 0.000 0.088 0.118 0.031)  0.112 0.095 0.000 0.000 0.134 0.195 0.000 0.000 0.127 0.141 0.120 0.114 0.000 0.000 0.116 0.228 0.000 0.000 0.139 0.168 0.065 0.087 0.000 0.000 0.064 0.258 0.000 0.000 0.105 0.148 0.085 0.139 0.128 0.170 0.000 0.142 0.000 0.000 0.161 0.083 0.000 0.113 0.104 0.285 0.000 0.146 0.000 0.000 0.104 0.117 0.000 0.079 0.083 0.140 0.000 0.173 0.000 0.000 0.108 0.096 0.000 0.089)  0.084 0.123 0.000 0.171 0.000 0.000 0.145 0.103 0.144 0.144 0.095 0.112 0.000 0.209 0.000 0.000 0.097 0.164 0.095 0.122 0.097 0.111 0.000 0.094 0.000 0.000 0.168 0.187 0.101 0.095 0.098 0.162 0.123 0.000 0.189 0.177 0.330 0.115 0.166 0.000 0.000 0.178 0.149 0.000 0.162 0.259 0.107 0.168 0.138 0.000 0.000 0.183 0.218 0.000 0.176 0.151 0.122 0.126 0.112 0.000 0.000 0.213)  0.109 0.126 0.258 0.076 0.135 0.266 0.166 0.219 0.103 0.174 0.076 0.091 0.226 0.144 0.153 0.222 0.121 0.141 0.075 0.126 0.057 0.102 0.236 0.102 0.186 0.211 0.141 0.122 0.089 0.136 0.072 0.111 0.089 0.238 0.140 0.258 0.102 0.212 0.103 0.217 0.289 0.084 0.094 0.175 0.185 0.165 0.160 0.138 0.112 0.189 0.279 0.107 0.097 0.177 0.149 0.147 0.123 0.147 0.106 0.138 0.202 0.064)  0.220 0.239 0.000 0.299 0.304 0.000 0.297 0.374 0.315 0.000 0.305 0.297 0.000 0.337 0.378 0.000 0.314 0.356 0.322 0.000 0.263 0.311 0.000 0.296 0.377 0.000 0.373 0.310 0.294 0.000 0.262 0.260 0.273 0.000 0.302 0.000 0.167 0.317 0.310 0.252 0.000 0.309 0.261 0.000 0.490 0.000 0.415 0.320 0.364 0.239 0.000 0.304 0.252 0.000 0.382 0.000 0.277 0.337 0.294 0.322 0.000 0.295)  
Brain region: CA1: 18443 neurons  
Training on 1922 trials, testing on 496 trials
Using device: cuda
Using balanced loss with class weights:
  Output 0: [0.13012916 0.10516236 0.08459061 0.15446989 0.16583446 0.1363861
 0.10211682 0.07232574 0.04898487]
Epoch [1/200], Loss: 2.305421
Epoch [2/200], Loss: 2.298414
Epoch [3/200], Loss: 2.291543
Epoch [4/200], Loss: 2.284767
Epoch [5/200], Loss: 2.278051
Epoch [6/200], Loss: 2.271364
Epoch [7/200], Loss: 2.264674
Epoch [8/200], Loss: 2.257965
Epoch [9/200], Loss: 2.251225
Epoch [10/200], Loss: 2.244439
Epoch [20/200], Loss: 2.172160
Epoch [30/200], Loss: 2.088847
Epoch [40/200], Loss: 1.994670
Epoch [50/200], Loss: 1.894665
Epoch [60/200], Loss: 1.796390
Epoch [70/200], Loss: 1.706502
Epoch [80/200], Loss: 1.628552
Epoch [90/200], Loss: 1.563098
Epoch [100/200], Loss: 1.508911
Epoch [110/200], Loss: 1.464102
Epoch [120/200], Loss: 1.426793
Epoch [130/200], Loss: 1.395389
Epoch [140/200], Loss: 1.368616
Epoch [150/200], Loss: 1.345507
Epoch [160/200], Loss: 1.325312
Epoch [170/200], Loss: 1.307475
Epoch [180/200], Loss: 1.291564
Epoch [190/200], Loss: 1.277248
Epoch [200/200], Loss: 1.264269
Test Loss: 1.269767

Training Balanced Accuracy Scores (chance = 1/num_classes):
  0 (position_3x3): 0.6465  (chance: 0.1111)

Validation Balanced Accuracy Scores (chance = 1/num_classes):
  0 (position_3x3): 0.5549  (chance: 0.1111)
train_decoder.py finished successfully.
