Data format is valid, no errors or warnings.
Number of sessions: 76
Total number of trials: 31443
Number of trials per session: [503, 431, 518, 455, 629, 218, 259, 305, 248, 306, 457, 453, 400, 407, 492, 419, 335, 426, 145, 269, 201, 259, 251, 309, 455, 453, 210, 300, 423, 402, 457, 418, 84, 320, 370, 267, 405, 568, 379, 429, 452, 473, 511, 789, 345, 475, 459, 520, 658, 578, 368, 369, 398, 237, 303, 485, 471, 479, 408, 454, 435, 400, 238, 402, 402, 403, 282, 605, 636, 600, 450, 348, 470, 719, 506, 680]
Number of subjects: 19
Number of brain regions: 3
Number of sessions per subject:
  Subject DR10: 5 sessions
  Subject DR15: 5 sessions
  Subject LZ13: 4 sessions
  Subject LZ16: 4 sessions
  Subject TX104: 2 sessions
  Subject TX105: 5 sessions
  Subject TX108: 6 sessions
  Subject TX109: 6 sessions
  Subject TX119: 6 sessions
  Subject TX123: 6 sessions
  Subject TX124: 1 sessions
  Subject TX139: 2 sessions
  Subject TX140: 1 sessions
  Subject TX60: 5 sessions
  Subject TX61: 3 sessions
  Subject TX83: 3 sessions
  Subject TX85: 2 sessions
  Subject TX88: 5 sessions
  Subject VR2: 5 sessions
Input dimension: 4
Output dimension: 4
Summary statistics (across all sessions):
  T: mean: 41.72, median: 33.39, min: 11, max: 5607
  n_neurons: mean: 53252.22', min: 24383, max: 89577
  Input range:
    time_to_sound_cue: [-5601.0, 1281.0]
    day_of_training: [1.0, 6.0]
    time_since_trial_start: [0.0, 5606.0]
    reward_availability: [0.0, 1.0]
  Output range:
    visual_stimulus_category: [0.0, 8.0]
    licking: [0.0, 1.0]
    corridor_position_bin: [0.0, 2.0]
    running_speed_bin: [0.0, 3.0]
  Unique outputs per dimension (fraction of data):
    visual_stimulus_category: {circle1 (0.351), circle2 (0.065), circle3 (0.008), leaf1 (0.360), leaf1_swap1 (0.002), leaf1_swap2 (0.003), leaf2 (0.156), leaf3 (0.047), wood5 (0.007)}
    licking: {no_lick (0.966), lick (0.034)}
    corridor_position_bin: {0-1m (0.409), 1-2m (0.344), 2-3m (0.247)}
    running_speed_bin: {q1 (0.549), q2 (0.152), q3 (0.150), q4 (0.149)}
  Brain region distribution:
    unknown_group0: 1349030 neurons
    unknown_group1: 1349030 neurons
    unknown_group2: 1349109 neurons

Per-session statistics:
  Mean T: 37.9, 34.8, 31.1, 31.5, 31.8, 111.2, 73.2, 58.7, 90.4, 66.2, 24.7, 28.2, 29.2, 28.4, 34.0, 27.4, 27.6, 28.5, 92.8, 40.3, 86.4, 43.0, 79.2, 81.4, 40.1, 32.1, 76.8, 42.6, 41.2, 30.3, 30.4, 46.8, 110.5, 49.6, 33.4, 48.6, 34.6, 22.0, 26.0, 27.2, 22.4, 25.6, 32.7, 29.9, 30.7, 47.0, 31.6, 21.3, 18.0, 23.1, 38.9, 37.8, 39.4, 44.4, 34.9, 30.9, 27.4, 27.6, 42.7, 28.4, 31.1, 31.0, 72.9, 60.9, 35.9, 50.8, 47.1, 30.6, 33.4, 32.3, 50.6, 45.1, 27.3, 26.0, 25.4, 25.8
  Min T: 12, 20, 20, 20, 20, 20, 21, 20, 21, 21, 20, 19, 20, 20, 20, 19, 20, 19, 21, 20, 20, 20, 21, 21, 20, 20, 22, 20, 21, 20, 20, 20, 27, 20, 20, 21, 21, 15, 18, 15, 15, 15, 16, 15, 15, 16, 15, 15, 15, 15, 20, 20, 20, 12, 11, 20, 20, 20, 20, 20, 20, 20, 20, 20, 20, 20, 20, 20, 20, 20, 20, 15, 14, 14, 14, 14
  Max T: 312, 159, 176, 304, 116, 1286, 1089, 653, 1287, 813, 162, 545, 173, 329, 337, 748, 224, 960, 1272, 413, 979, 222, 648, 1287, 406, 366, 650, 675, 523, 89, 191, 1271, 1285, 1285, 905, 1281, 798, 235, 237, 421, 127, 1278, 801, 1277, 358, 1278, 479, 84, 83, 579, 551, 594, 432, 1075, 649, 362, 103, 156, 249, 111, 157, 138, 650, 650, 221, 635, 265, 261, 480, 310, 5607, 969, 71, 105, 178, 94
  n_neurons: 58224, 54741, 50347, 50195, 56106, 55746, 58930, 64130, 57540, 59251, 34658, 34575, 38489, 39358, 33577, 31859, 35918, 35291, 43834, 42565, 58941, 55653, 61115, 45207, 55457, 68553, 85481, 75480, 79417, 68045, 76530, 85468, 63625, 89577, 83309, 71687, 76296, 28907, 31672, 36935, 27281, 29587, 32547, 52044, 28696, 43103, 30931, 30252, 26756, 24383, 35126, 34522, 49311, 48732, 57368, 47785, 60924, 48742, 62256, 67669, 72193, 44059, 52954, 50689, 59560, 55163, 62606, 48824, 58099, 53028, 61456, 81473, 71069, 76108, 63897, 65287
  Input range:
    0: [-213.0, 297.0] [-93.0, 149.0] [-163.0, 123.0] [-244.0, 117.0] [-67.0, 110.0] [-1269.0, 1280.0] [-806.0, 860.0] [-608.0, 647.0] [-291.0, 1281.0] [-799.0, 477.0] [-156.0, 133.0] [-169.0, 540.0] [-166.0, 136.0] [-323.0, 106.0] [-257.0, 333.0] [-708.0, 89.0] [-220.0, 47.0] [-953.0, 330.0] [-1255.0, 739.0] [-330.0, 377.0] [-971.0, 873.0] [-144.0, 131.0] [-461.0, 635.0] [-1157.0, 1280.0] [-215.0, 402.0] [-262.0, 242.0] [-622.0, 635.0] [-665.0, 243.0] [-115.0, 475.0] [-69.0, 50.0] [-188.0, 63.0] [-1233.0, 757.0] [-207.0, 1272.0] [-1265.0, 1271.0] [-897.0, 125.0] [-1273.0, 867.0] [-793.0, 74.0] [-228.0, 96.0] [-123.0, 233.0] [-411.0, 191.0] [-119.0, 112.0] [-507.0, 1274.0] [-739.0, 795.0] [-1041.0, 1270.0] [-353.0, 251.0] [-768.0, 1271.0] [-249.0, 476.0] [-34.0, 81.0] [-52.0, 79.0] [-568.0, 498.0] [-413.0, 548.0] [-208.0, 584.0] [-427.0, 399.0] [-1060.0, 700.0] [-189.0, 642.0] [-225.0, 136.0] [-57.0, 93.0] [-106.0, 143.0] [-239.0, 159.0] [-63.0, 79.0] [-67.0, 127.0] [-94.0, 124.0] [-351.0, 647.0] [-584.0, 645.0] [-156.0, 208.0] [-581.0, 364.0] [-254.0, 206.0] [-169.0, 218.0] [-400.0, 460.0] [-154.0, 243.0] [-5601.0, 296.0] [-957.0, 264.0] [-62.0, 48.0] [-73.0, 91.0] [-81.0, 112.0] [-72.0, 87.0] 
    1: [1.0, 1.0] [2.0, 2.0] [3.0, 3.0] [4.0, 4.0] [5.0, 5.0] [1.0, 1.0] [2.0, 2.0] [3.0, 3.0] [4.0, 4.0] [5.0, 5.0] [1.0, 1.0] [2.0, 2.0] [3.0, 3.0] [4.0, 4.0] [1.0, 1.0] [2.0, 2.0] [3.0, 3.0] [4.0, 4.0] [1.0, 1.0] [2.0, 2.0] [1.0, 1.0] [2.0, 2.0] [3.0, 3.0] [4.0, 4.0] [5.0, 5.0] [1.0, 1.0] [2.0, 2.0] [3.0, 3.0] [4.0, 4.0] [5.0, 5.0] [6.0, 6.0] [1.0, 1.0] [2.0, 2.0] [3.0, 3.0] [4.0, 4.0] [5.0, 5.0] [6.0, 6.0] [1.0, 1.0] [2.0, 2.0] [3.0, 3.0] [4.0, 4.0] [5.0, 5.0] [6.0, 6.0] [1.0, 1.0] [2.0, 2.0] [3.0, 3.0] [4.0, 4.0] [5.0, 5.0] [6.0, 6.0] [1.0, 1.0] [1.0, 1.0] [2.0, 2.0] [1.0, 1.0] [1.0, 1.0] [2.0, 2.0] [3.0, 3.0] [4.0, 4.0] [5.0, 5.0] [1.0, 1.0] [2.0, 2.0] [3.0, 3.0] [1.0, 1.0] [2.0, 2.0] [3.0, 3.0] [1.0, 1.0] [2.0, 2.0] [1.0, 1.0] [2.0, 2.0] [3.0, 3.0] [4.0, 4.0] [5.0, 5.0] [1.0, 1.0] [2.0, 2.0] [3.0, 3.0] [4.0, 4.0] [5.0, 5.0] 
    2: [0.0, 311.0] [0.0, 158.0] [0.0, 175.0] [0.0, 303.0] [0.0, 115.0] [0.0, 1285.0] [0.0, 1088.0] [0.0, 652.0] [0.0, 1286.0] [0.0, 812.0] [0.0, 161.0] [0.0, 544.0] [0.0, 172.0] [0.0, 328.0] [0.0, 336.0] [0.0, 747.0] [0.0, 223.0] [0.0, 959.0] [0.0, 1271.0] [0.0, 412.0] [0.0, 978.0] [0.0, 221.0] [0.0, 647.0] [0.0, 1286.0] [0.0, 405.0] [0.0, 365.0] [0.0, 649.0] [0.0, 674.0] [0.0, 522.0] [0.0, 88.0] [0.0, 190.0] [0.0, 1270.0] [0.0, 1284.0] [0.0, 1284.0] [0.0, 904.0] [0.0, 1280.0] [0.0, 797.0] [0.0, 234.0] [0.0, 236.0] [0.0, 420.0] [0.0, 126.0] [0.0, 1277.0] [0.0, 800.0] [0.0, 1276.0] [0.0, 357.0] [0.0, 1277.0] [0.0, 478.0] [0.0, 83.0] [0.0, 82.0] [0.0, 578.0] [0.0, 550.0] [0.0, 593.0] [0.0, 431.0] [0.0, 1074.0] [0.0, 648.0] [0.0, 361.0] [0.0, 102.0] [0.0, 155.0] [0.0, 248.0] [0.0, 110.0] [0.0, 156.0] [0.0, 137.0] [0.0, 649.0] [0.0, 649.0] [0.0, 220.0] [0.0, 634.0] [0.0, 264.0] [0.0, 260.0] [0.0, 479.0] [0.0, 309.0] [0.0, 5606.0] [0.0, 968.0] [0.0, 70.0] [0.0, 104.0] [0.0, 177.0] [0.0, 93.0] 
    3: [0.0, 0.0] [0.0, 0.0] [0.0, 0.0] [0.0, 0.0] [0.0, 0.0] [0.0, 0.0] [0.0, 0.0] [0.0, 0.0] [0.0, 0.0] [0.0, 0.0] [0.0, 0.0] [0.0, 0.0] [0.0, 0.0] [0.0, 0.0] [0.0, 0.0] [0.0, 0.0] [0.0, 0.0] [0.0, 0.0] [0.0, 0.0] [0.0, 0.0] [0.0, 0.0] [0.0, 0.0] [0.0, 0.0] [0.0, 0.0] [0.0, 0.0] [0.0, 0.0] [0.0, 1.0] [0.0, 1.0] [0.0, 1.0] [0.0, 1.0] [0.0, 1.0] [0.0, 0.0] [0.0, 1.0] [0.0, 1.0] [0.0, 1.0] [0.0, 1.0] [0.0, 1.0] [0.0, 0.0] [0.0, 0.0] [0.0, 0.0] [0.0, 0.0] [0.0, 0.0] [0.0, 0.0] [0.0, 0.0] [0.0, 0.0] [0.0, 0.0] [0.0, 0.0] [0.0, 0.0] [0.0, 0.0] [0.0, 0.0] [0.0, 0.0] [0.0, 0.0] [0.0, 0.0] [0.0, 1.0] [0.0, 1.0] [0.0, 1.0] [0.0, 1.0] [0.0, 1.0] [0.0, 1.0] [0.0, 1.0] [0.0, 1.0] [0.0, 0.0] [0.0, 0.0] [0.0, 0.0] [0.0, 0.0] [0.0, 0.0] [0.0, 0.0] [0.0, 0.0] [0.0, 0.0] [0.0, 0.0] [0.0, 0.0] [0.0, 1.0] [0.0, 1.0] [0.0, 1.0] [0.0, 1.0] [0.0, 1.0] 
  Output range:
    0: [0.0, 3.0] [0.0, 3.0] [0.0, 6.0] [0.0, 6.0] [0.0, 7.0] [0.0, 3.0] [0.0, 3.0] [0.0, 6.0] [0.0, 6.0] [0.0, 7.0] [0.0, 7.0] [0.0, 8.0] [0.0, 7.0] [0.0, 8.0] [0.0, 7.0] [0.0, 8.0] [0.0, 7.0] [0.0, 8.0] [0.0, 3.0] [0.0, 3.0] [0.0, 3.0] [0.0, 3.0] [0.0, 6.0] [0.0, 6.0] [0.0, 7.0] [0.0, 6.0] [0.0, 3.0] [0.0, 3.0] [0.0, 6.0] [0.0, 6.0] [0.0, 7.0] [0.0, 6.0] [0.0, 3.0] [0.0, 3.0] [0.0, 6.0] [0.0, 6.0] [0.0, 7.0] [0.0, 8.0] [0.0, 3.0] [0.0, 3.0] [0.0, 6.0] [0.0, 6.0] [0.0, 7.0] [0.0, 7.0] [0.0, 3.0] [0.0, 3.0] [0.0, 6.0] [0.0, 6.0] [0.0, 7.0] [0.0, 7.0] [0.0, 7.0] [0.0, 7.0] [0.0, 7.0] [0.0, 3.0] [0.0, 3.0] [0.0, 6.0] [0.0, 6.0] [0.0, 7.0] [0.0, 6.0] [0.0, 6.0] [0.0, 7.0] [0.0, 3.0] [0.0, 3.0] [0.0, 6.0] [0.0, 3.0] [0.0, 3.0] [0.0, 3.0] [0.0, 3.0] [0.0, 7.0] [0.0, 6.0] [0.0, 7.0] [0.0, 3.0] [0.0, 3.0] [0.0, 6.0] [0.0, 6.0] [0.0, 7.0] 
    1: [0.0, 0.0] [0.0, 0.0] [0.0, 0.0] [0.0, 0.0] [0.0, 0.0] [0.0, 0.0] [0.0, 0.0] [0.0, 0.0] [0.0, 0.0] [0.0, 0.0] [0.0, 0.0] [0.0, 0.0] [0.0, 0.0] [0.0, 0.0] [0.0, 0.0] [0.0, 0.0] [0.0, 0.0] [0.0, 0.0] [0.0, 0.0] [0.0, 0.0] [0.0, 0.0] [0.0, 0.0] [0.0, 0.0] [0.0, 0.0] [0.0, 0.0] [0.0, 0.0] [0.0, 1.0] [0.0, 1.0] [0.0, 1.0] [0.0, 1.0] [0.0, 1.0] [0.0, 0.0] [0.0, 1.0] [0.0, 1.0] [0.0, 1.0] [0.0, 1.0] [0.0, 1.0] [0.0, 0.0] [0.0, 0.0] [0.0, 0.0] [0.0, 0.0] [0.0, 0.0] [0.0, 0.0] [0.0, 0.0] [0.0, 0.0] [0.0, 0.0] [0.0, 0.0] [0.0, 0.0] [0.0, 0.0] [0.0, 0.0] [0.0, 0.0] [0.0, 0.0] [0.0, 0.0] [0.0, 1.0] [0.0, 1.0] [0.0, 1.0] [0.0, 1.0] [0.0, 1.0] [0.0, 1.0] [0.0, 1.0] [0.0, 1.0] [0.0, 0.0] [0.0, 0.0] [0.0, 0.0] [0.0, 0.0] [0.0, 0.0] [0.0, 0.0] [0.0, 0.0] [0.0, 0.0] [0.0, 0.0] [0.0, 0.0] [0.0, 1.0] [0.0, 1.0] [0.0, 1.0] [0.0, 1.0] [0.0, 1.0] 
    2: [0.0, 2.0] [0.0, 2.0] [0.0, 2.0] [0.0, 2.0] [0.0, 2.0] [0.0, 2.0] [0.0, 2.0] [0.0, 2.0] [0.0, 2.0] [0.0, 2.0] [0.0, 2.0] [0.0, 2.0] [0.0, 2.0] [0.0, 2.0] [0.0, 2.0] [0.0, 2.0] [0.0, 2.0] [0.0, 2.0] [0.0, 2.0] [0.0, 2.0] [0.0, 2.0] [0.0, 2.0] [0.0, 2.0] [0.0, 2.0] [0.0, 2.0] [0.0, 2.0] [0.0, 2.0] [0.0, 2.0] [0.0, 2.0] [0.0, 2.0] [0.0, 2.0] [0.0, 2.0] [0.0, 2.0] [0.0, 2.0] [0.0, 2.0] [0.0, 2.0] [0.0, 2.0] [0.0, 2.0] [0.0, 2.0] [0.0, 2.0] [0.0, 2.0] [0.0, 2.0] [0.0, 2.0] [0.0, 2.0] [0.0, 2.0] [0.0, 2.0] [0.0, 2.0] [0.0, 2.0] [0.0, 2.0] [0.0, 2.0] [0.0, 2.0] [0.0, 2.0] [0.0, 2.0] [0.0, 2.0] [0.0, 2.0] [0.0, 2.0] [0.0, 2.0] [0.0, 2.0] [0.0, 2.0] [0.0, 2.0] [0.0, 2.0] [0.0, 2.0] [0.0, 2.0] [0.0, 2.0] [0.0, 2.0] [0.0, 2.0] [0.0, 2.0] [0.0, 2.0] [0.0, 2.0] [0.0, 2.0] [0.0, 2.0] [0.0, 2.0] [0.0, 2.0] [0.0, 2.0] [0.0, 2.0] [0.0, 2.0] 
    3: [0.0, 3.0] [0.0, 3.0] [0.0, 3.0] [0.0, 3.0] [0.0, 3.0] [0.0, 3.0] [0.0, 3.0] [0.0, 3.0] [0.0, 3.0] [0.0, 3.0] [0.0, 3.0] [0.0, 3.0] [0.0, 3.0] [0.0, 3.0] [0.0, 3.0] [0.0, 3.0] [0.0, 3.0] [0.0, 3.0] [0.0, 3.0] [0.0, 3.0] [0.0, 3.0] [0.0, 3.0] [0.0, 3.0] [0.0, 3.0] [0.0, 3.0] [0.0, 3.0] [0.0, 3.0] [0.0, 3.0] [0.0, 3.0] [0.0, 3.0] [0.0, 3.0] [0.0, 3.0] [0.0, 2.0] [0.0, 3.0] [0.0, 3.0] [0.0, 3.0] [0.0, 3.0] [0.0, 3.0] [0.0, 3.0] [0.0, 3.0] [0.0, 3.0] [0.0, 3.0] [0.0, 3.0] [0.0, 3.0] [0.0, 3.0] [0.0, 3.0] [0.0, 3.0] [0.0, 3.0] [0.0, 3.0] [0.0, 3.0] [0.0, 3.0] [0.0, 3.0] [0.0, 3.0] [0.0, 3.0] [0.0, 3.0] [0.0, 3.0] [0.0, 3.0] [0.0, 3.0] [0.0, 3.0] [0.0, 3.0] [0.0, 3.0] [0.0, 3.0] [0.0, 3.0] [0.0, 3.0] [0.0, 3.0] [0.0, 3.0] [0.0, 3.0] [0.0, 3.0] [0.0, 3.0] [0.0, 3.0] [0.0, 3.0] [0.0, 3.0] [0.0, 3.0] [0.0, 3.0] [0.0, 3.0] [0.0, 3.0] 
  Output fraction of data:
visual_stimulus_category: (0.481 0.509 0.216 0.311 0.247 0.541 0.524 0.238 0.313 0.246 0.227 0.206 0.277 0.239 0.203 0.254 0.177 0.239 0.331 0.576 0.517 0.484 0.311 0.320 0.181 0.277 0.516 0.551 0.362 0.337 0.235 0.307 0.599 0.458 0.351 0.476 0.171 0.205 0.497 0.596 0.275 0.325 0.271 0.110 0.505 0.606 0.221 0.291 0.235 0.135 0.196 0.228 0.254 0.630 0.456 0.327 0.373 0.308 0.428 0.363 0.274 0.519 0.516 0.253 0.507 0.490 0.523 0.550 0.324 0.319 0.191 0.489 0.388 0.386 0.342 0.190)  0.000 0.000 0.255 0.000 0.000 0.000 0.000 0.195 0.000 0.000 0.185 0.172 0.136 0.112 0.168 0.164 0.155 0.147 0.000 0.000 0.000 0.000 0.210 0.000 0.000 0.248 0.000 0.000 0.160 0.000 0.000 0.269 0.000 0.000 0.117 0.000 0.096 0.201 0.000 0.000 0.271 0.000 0.000 0.161 0.000 0.000 0.242 0.000 0.000 0.130 0.190 0.104 0.154 0.000 0.000 0.107 0.000 0.000 0.142 0.000 0.000 0.000 0.000 0.224 0.000 0.000 0.000 0.000 0.103 0.000 0.000 0.000 0.000 0.098 0.000 0.000)  0.000 0.000 0.000 0.000 0.000 0.000 0.000 0.000 0.000 0.000 0.000 0.000 0.000 0.000 0.125 0.000 0.163 0.000 0.000 0.000 0.000 0.000 0.000 0.000 0.000 0.000 0.000 0.000 0.000 0.000 0.000 0.000 0.000 0.000 0.000 0.000 0.000 0.000 0.000 0.000 0.000 0.000 0.000 0.126 0.000 0.000 0.000 0.000 0.000 0.194 0.000 0.000 0.000 0.000 0.000 0.000 0.000 0.000 0.000 0.000 0.000 0.000 0.000 0.000 0.000 0.000 0.000 0.000 0.000 0.000 0.000 0.000 0.000 0.000 0.000 0.000)  0.519 0.491 0.277 0.392 0.252 0.459 0.476 0.287 0.246 0.263 0.170 0.191 0.202 0.262 0.212 0.273 0.165 0.203 0.669 0.424 0.483 0.516 0.216 0.306 0.278 0.217 0.484 0.449 0.357 0.399 0.456 0.223 0.401 0.542 0.423 0.197 0.359 0.203 0.503 0.404 0.233 0.354 0.314 0.146 0.495 0.394 0.277 0.373 0.259 0.212 0.300 0.270 0.237 0.370 0.544 0.455 0.372 0.404 0.333 0.340 0.437 0.481 0.484 0.220 0.493 0.510 0.477 0.450 0.348 0.346 0.437 0.511 0.612 0.423 0.370 0.436)  0.000 0.000 0.000 0.000 0.000 0.000 0.000 0.000 0.000 0.000 0.000 0.000 0.000 0.000 0.000 0.000 0.000 0.000 0.000 0.000 0.000 0.000 0.000 0.000 0.000 0.000 0.000 0.000 0.000 0.000 0.000 0.000 0.000 0.000 0.000 0.000 0.000 0.000 0.000 0.000 0.000 0.000 0.000 0.097 0.000 0.000 0.000 0.000 0.000 0.000 0.000 0.000 0.000 0.000 0.000 0.000 0.000 0.000 0.000 0.000 0.000 0.000 0.000 0.000 0.000 0.000 0.000 0.000 0.000 0.000 0.000 0.000 0.000 0.000 0.000 0.000)  0.000 0.000 0.000 0.000 0.000 0.000 0.000 0.000 0.000 0.000 0.000 0.000 0.000 0.000 0.000 0.000 0.000 0.000 0.000 0.000 0.000 0.000 0.000 0.000 0.000 0.000 0.000 0.000 0.000 0.000 0.000 0.000 0.000 0.000 0.000 0.000 0.000 0.000 0.000 0.000 0.000 0.000 0.000 0.141 0.000 0.000 0.000 0.000 0.000 0.000 0.000 0.000 0.000 0.000 0.000 0.000 0.000 0.000 0.000 0.000 0.000 0.000 0.000 0.000 0.000 0.000 0.000 0.000 0.000 0.000 0.000 0.000 0.000 0.000 0.000 0.000)  0.000 0.000 0.252 0.297 0.251 0.000 0.000 0.280 0.441 0.286 0.227 0.259 0.249 0.255 0.205 0.202 0.193 0.303 0.000 0.000 0.000 0.000 0.263 0.375 0.263 0.258 0.000 0.000 0.120 0.264 0.179 0.201 0.000 0.000 0.110 0.327 0.218 0.194 0.000 0.000 0.221 0.320 0.216 0.111 0.000 0.000 0.260 0.336 0.260 0.159 0.118 0.277 0.218 0.000 0.000 0.110 0.256 0.128 0.098 0.297 0.159 0.000 0.000 0.304 0.000 0.000 0.000 0.000 0.104 0.335 0.228 0.000 0.000 0.093 0.288 0.194)  0.000 0.000 0.000 0.000 0.249 0.000 0.000 0.000 0.000 0.205 0.192 0.000 0.136 0.000 0.086 0.000 0.147 0.000 0.000 0.000 0.000 0.000 0.000 0.000 0.279 0.000 0.000 0.000 0.000 0.000 0.131 0.000 0.000 0.000 0.000 0.000 0.156 0.000 0.000 0.000 0.000 0.000 0.198 0.108 0.000 0.000 0.000 0.000 0.246 0.170 0.195 0.121 0.137 0.000 0.000 0.000 0.000 0.161 0.000 0.000 0.130 0.000 0.000 0.000 0.000 0.000 0.000 0.000 0.121 0.000 0.144 0.000 0.000 0.000 0.000 0.180)  0.000 0.000 0.000 0.000 0.000 0.000 0.000 0.000 0.000 0.000 0.000 0.172 0.000 0.132 0.000 0.107 0.000 0.108 0.000 0.000 0.000 0.000 0.000 0.000 0.000 0.000 0.000 0.000 0.000 0.000 0.000 0.000 0.000 0.000 0.000 0.000 0.000 0.196 0.000 0.000 0.000 0.000 0.000 0.000 0.000 0.000 0.000 0.000 0.000 0.000 0.000 0.000 0.000 0.000 0.000 0.000 0.000 0.000 0.000 0.000 0.000 0.000 0.000 0.000 0.000 0.000 0.000 0.000 0.000 0.000 0.000 0.000 0.000 0.000 0.000 0.000)  
licking: (1.000 1.000 1.000 1.000 1.000 1.000 1.000 1.000 1.000 1.000 1.000 1.000 1.000 1.000 1.000 1.000 1.000 1.000 1.000 1.000 1.000 1.000 1.000 1.000 1.000 1.000 0.809 0.823 0.899 0.859 0.840 1.000 0.865 0.811 0.745 0.930 0.907 1.000 1.000 1.000 1.000 1.000 1.000 1.000 1.000 1.000 1.000 1.000 1.000 1.000 1.000 1.000 1.000 0.924 0.873 0.834 0.907 0.870 0.902 0.871 0.825 1.000 1.000 1.000 1.000 1.000 1.000 1.000 1.000 1.000 1.000 0.951 0.903 0.913 0.905 0.928)  0.000 0.000 0.000 0.000 0.000 0.000 0.000 0.000 0.000 0.000 0.000 0.000 0.000 0.000 0.000 0.000 0.000 0.000 0.000 0.000 0.000 0.000 0.000 0.000 0.000 0.000 0.191 0.177 0.101 0.141 0.160 0.000 0.135 0.189 0.255 0.070 0.093 0.000 0.000 0.000 0.000 0.000 0.000 0.000 0.000 0.000 0.000 0.000 0.000 0.000 0.000 0.000 0.000 0.076 0.127 0.166 0.093 0.130 0.098 0.129 0.175 0.000 0.000 0.000 0.000 0.000 0.000 0.000 0.000 0.000 0.000 0.049 0.097 0.087 0.095 0.072)  
corridor_position_bin: (0.371 0.378 0.387 0.394 0.423 0.633 0.423 0.619 0.629 0.326 0.388 0.435 0.339 0.335 0.413 0.352 0.347 0.353 0.292 0.362 0.252 0.422 0.582 0.649 0.428 0.351 0.420 0.320 0.284 0.320 0.302 0.332 0.561 0.358 0.291 0.420 0.259 0.350 0.358 0.311 0.379 0.439 0.306 0.509 0.323 0.432 0.341 0.362 0.373 0.339 0.455 0.478 0.438 0.336 0.377 0.362 0.353 0.349 0.410 0.342 0.341 0.419 0.648 0.609 0.383 0.422 0.417 0.457 0.410 0.393 0.494 0.299 0.302 0.344 0.379 0.344)  0.355 0.374 0.384 0.371 0.365 0.252 0.369 0.193 0.224 0.440 0.367 0.344 0.309 0.315 0.358 0.382 0.299 0.380 0.296 0.373 0.424 0.366 0.271 0.220 0.325 0.360 0.323 0.392 0.371 0.407 0.412 0.371 0.289 0.354 0.345 0.341 0.292 0.361 0.359 0.468 0.383 0.320 0.430 0.288 0.386 0.231 0.331 0.362 0.391 0.446 0.367 0.304 0.360 0.342 0.387 0.381 0.347 0.353 0.361 0.406 0.390 0.343 0.213 0.253 0.392 0.324 0.409 0.361 0.365 0.346 0.289 0.345 0.489 0.397 0.376 0.381)  0.274 0.248 0.228 0.234 0.213 0.115 0.207 0.188 0.148 0.234 0.244 0.220 0.352 0.349 0.229 0.265 0.354 0.267 0.413 0.265 0.323 0.212 0.147 0.131 0.247 0.289 0.258 0.288 0.345 0.273 0.286 0.297 0.151 0.288 0.364 0.239 0.448 0.289 0.283 0.221 0.238 0.241 0.264 0.203 0.290 0.338 0.329 0.276 0.235 0.215 0.178 0.218 0.202 0.321 0.236 0.257 0.300 0.298 0.229 0.252 0.269 0.239 0.138 0.138 0.225 0.254 0.174 0.181 0.225 0.261 0.217 0.356 0.208 0.259 0.244 0.275)  
running_speed_bin: (0.577 0.557 0.428 0.495 0.453 0.897 0.814 0.733 0.852 0.782 0.227 0.357 0.334 0.317 0.422 0.290 0.298 0.317 0.861 0.520 0.893 0.655 0.831 0.809 0.612 0.437 0.843 0.638 0.615 0.401 0.440 0.669 0.938 0.696 0.481 0.714 0.576 0.316 0.298 0.459 0.325 0.418 0.567 0.512 0.518 0.710 0.544 0.286 0.135 0.408 0.493 0.511 0.531 0.587 0.657 0.502 0.332 0.351 0.626 0.341 0.424 0.380 0.843 0.763 0.399 0.635 0.553 0.373 0.433 0.413 0.634 0.596 0.293 0.293 0.322 0.325)  0.260 0.193 0.214 0.256 0.234 0.063 0.138 0.180 0.093 0.130 0.153 0.179 0.117 0.097 0.060 0.052 0.175 0.075 0.121 0.103 0.087 0.211 0.109 0.095 0.186 0.178 0.144 0.237 0.217 0.270 0.329 0.164 0.060 0.192 0.351 0.223 0.302 0.103 0.111 0.067 0.088 0.089 0.148 0.067 0.057 0.139 0.246 0.235 0.097 0.153 0.072 0.181 0.135 0.171 0.189 0.230 0.157 0.156 0.221 0.222 0.211 0.180 0.126 0.136 0.228 0.103 0.158 0.107 0.123 0.132 0.095 0.075 0.090 0.067 0.185 0.169)  0.139 0.149 0.238 0.166 0.171 0.039 0.048 0.086 0.041 0.067 0.225 0.248 0.259 0.177 0.095 0.099 0.251 0.213 0.018 0.230 0.019 0.130 0.054 0.074 0.158 0.325 0.011 0.115 0.140 0.242 0.179 0.120 0.002 0.097 0.154 0.060 0.107 0.153 0.154 0.081 0.139 0.111 0.145 0.167 0.076 0.082 0.134 0.222 0.187 0.193 0.109 0.194 0.211 0.145 0.101 0.183 0.258 0.237 0.143 0.322 0.306 0.395 0.029 0.080 0.239 0.210 0.183 0.237 0.222 0.220 0.112 0.075 0.155 0.146 0.284 0.298)  0.024 0.101 0.120 0.082 0.143 0.001 0.000 0.001 0.014 0.021 0.395 0.216 0.290 0.409 0.423 0.560 0.275 0.394 0.000 0.147 0.001 0.004 0.007 0.022 0.043 0.060 0.002 0.010 0.027 0.087 0.052 0.047 0.000 0.016 0.014 0.003 0.015 0.428 0.437 0.393 0.448 0.382 0.141 0.254 0.350 0.068 0.076 0.257 0.581 0.246 0.326 0.113 0.123 0.097 0.052 0.086 0.253 0.255 0.011 0.115 0.059 0.045 0.002 0.020 0.134 0.052 0.106 0.282 0.221 0.235 0.159 0.254 0.461 0.494 0.209 0.209)  
Brain region: unknown_group0: 1349030 neurons, unknown_group1: 1349030 neurons, unknown_group2: 1349109 neurons  
Data verification complete.
