Data format is valid, no errors or warnings.
Number of sessions: 152
Total number of trials: 11983
Number of trials per session: [79, 79, 79, 78, 79, 79, 78, 79, 79, 78, 79, 79, 79, 79, 79, 79, 79, 79, 79, 79, 79, 78, 79, 79, 79, 79, 79, 79, 79, 79, 79, 79, 79, 79, 79, 79, 79, 79, 59, 79, 79, 72, 79, 79, 79, 79, 79, 79, 79, 79, 79, 79, 79, 79, 79, 79, 79, 79, 73, 79, 79, 79, 79, 79, 79, 79, 78, 77, 78, 79, 78, 79, 79, 78, 79, 79, 78, 79, 79, 79, 79, 79, 79, 79, 75, 79, 79, 79, 79, 79, 79, 79, 79, 79, 79, 79, 79, 79, 79, 79, 79, 79, 79, 79, 79, 79, 79, 79, 79, 79, 79, 79, 79, 79, 79, 79, 79, 79, 79, 88, 79, 79, 79, 99, 79, 78, 74, 39, 79, 78, 70, 79, 49, 78, 79, 79, 78, 44, 98, 79, 99, 78, 79, 79, 99, 98, 79, 79, 79, 99, 79, 99]
Number of subjects: 11
Number of brain regions: 1
Number of sessions per subject:
  Subject m3: 14 sessions
  Subject m4: 14 sessions
  Subject m7: 14 sessions
  Subject m11: 12 sessions
  Subject m12: 14 sessions
  Subject m13: 14 sessions
  Subject m14: 14 sessions
  Subject m15: 14 sessions
  Subject m17: 14 sessions
  Subject m18: 14 sessions
  Subject m19: 14 sessions
Input dimension: 4
Output dimension: 6
Summary statistics (across all sessions):
  T: mean: 214.77, median: 194.23, min: 96, max: 3359
  n_neurons: mean: 909.50', min: 154, max: 2319
  Input range:
    time_from_trial_start: [-0.1, 216.5]
    environment: [0.0, 1.0]
    trial_number: [1.0, 99.0]
    previous_trial_outcome: [0.0, 1.0]
  Output range:
    reward_zone_distance: [0.0, 6.0]
    position: [0.0, 4.0]
    speed: [0.0, 4.0]
    lick: [0.0, 1.0]
    reward_zone_location: [0.0, 2.0]
    reward_outcome: [0.0, 1.0]
  Unique outputs per dimension (fraction of data):
    reward_zone_distance: {< -50 cm (0.255), -50 to -10 cm (0.102), -10 to 0 cm (0.074), in reward zone (0 cm) (0.239), 0 to +10 cm (0.021), +10 to +50 cm (0.072), > +50 cm (0.238)}
    position: {< 90 cm (0.216), 90-180 cm (0.176), 180-270 cm (0.232), 270-360 cm (0.227), > 360 cm (0.149)}
    speed: {< 2 cm/s (0.117), 2-10 cm/s (0.087), 10-20 cm/s (0.133), 20-40 cm/s (0.316), > 40 cm/s (0.347)}
    lick: {no lick (0.778), lick (0.222)}
    reward_zone_location: {zone A (80-130 cm) (0.331), zone B (200-250 cm) (0.336), zone C (320-370 cm) (0.332)}
    reward_outcome: {omitted (0.157), rewarded (0.843)}
  Brain region distribution:
    CA1: 138244 neurons

Per-session statistics:
  Mean T: 177.1, 181.6, 184.1, 190.1, 178.1, 173.6, 161.6, 174.8, 172.3, 195.4, 200.3, 184.7, 146.1, 142.4, 144.5, 149.7, 162.3, 136.8, 151.6, 145.4, 125.7, 140.0, 189.5, 144.0, 148.7, 130.2, 184.7, 192.9, 183.4, 174.0, 163.4, 155.4, 165.5, 159.2, 155.8, 191.4, 226.9, 192.8, 164.1, 174.9, 202.3, 211.4, 202.9, 158.9, 159.9, 152.2, 145.1, 144.7, 128.1, 137.2, 133.8, 128.4, 117.1, 151.1, 218.3, 181.3, 190.8, 244.6, 205.4, 161.2, 153.8, 161.4, 138.2, 167.9, 156.6, 124.1, 134.4, 165.6, 201.7, 173.6, 191.7, 201.3, 267.8, 311.1, 271.4, 201.8, 296.4, 231.1, 176.5, 173.9, 193.2, 169.1, 205.5, 211.8, 270.9, 252.4, 300.1, 239.5, 223.0, 225.5, 214.8, 196.6, 211.6, 199.7, 175.1, 201.9, 248.5, 231.2, 292.3, 319.1, 295.0, 233.5, 278.6, 293.0, 230.1, 318.4, 252.0, 259.3, 212.6, 213.0, 345.0, 283.5, 255.9, 283.4, 336.8, 243.0, 235.9, 281.7, 257.3, 201.1, 240.1, 217.8, 154.8, 157.0, 382.4, 341.4, 427.3, 608.4, 392.1, 299.8, 283.3, 348.3, 425.3, 370.5, 296.2, 396.9, 381.1, 528.3, 195.3, 212.2, 207.8, 171.2, 205.1, 201.5, 145.2, 148.2, 155.3, 178.9, 155.6, 163.1, 163.3, 210.2
  Min T: 137, 147, 146, 161, 138, 144, 139, 138, 139, 168, 167, 159, 111, 116, 108, 116, 121, 118, 116, 107, 96, 103, 139, 115, 115, 107, 97, 115, 142, 131, 127, 117, 120, 113, 122, 132, 130, 143, 119, 137, 150, 154, 152, 120, 126, 126, 111, 113, 112, 112, 105, 101, 101, 102, 147, 137, 136, 160, 133, 124, 112, 111, 108, 110, 102, 101, 111, 107, 142, 129, 144, 144, 211, 243, 164, 141, 218, 167, 135, 133, 150, 124, 158, 159, 179, 171, 200, 173, 171, 157, 173, 151, 163, 146, 146, 154, 168, 172, 202, 196, 209, 165, 161, 177, 164, 216, 201, 127, 166, 164, 191, 162, 188, 184, 184, 170, 153, 179, 168, 135, 172, 131, 113, 114, 214, 235, 268, 334, 171, 193, 182, 176, 244, 190, 208, 262, 250, 288, 139, 135, 120, 104, 109, 109, 96, 96, 99, 109, 102, 110, 111, 113
  Max T: 325, 476, 416, 304, 420, 322, 227, 368, 617, 289, 452, 377, 304, 524, 315, 344, 303, 170, 376, 320, 426, 282, 409, 412, 412, 214, 355, 387, 444, 296, 323, 334, 263, 466, 231, 348, 457, 420, 276, 317, 352, 434, 346, 353, 383, 415, 345, 279, 281, 268, 210, 330, 294, 261, 847, 317, 265, 749, 665, 376, 238, 299, 220, 365, 568, 276, 256, 292, 471, 570, 699, 514, 445, 469, 344, 338, 528, 529, 557, 605, 337, 387, 348, 360, 479, 459, 820, 491, 419, 471, 414, 436, 402, 354, 315, 385, 490, 450, 477, 536, 574, 485, 529, 530, 318, 659, 604, 513, 355, 327, 1546, 774, 1088, 933, 1552, 501, 366, 1055, 829, 739, 680, 324, 504, 216, 916, 829, 1643, 3359, 1907, 544, 448, 1104, 2713, 1062, 472, 598, 561, 892, 692, 422, 346, 289, 321, 587, 332, 321, 379, 257, 257, 365, 415, 463
  n_neurons: 154, 167, 189, 175, 173, 180, 190, 195, 203, 208, 243, 216, 1780, 1112, 1143, 1017, 1306, 1079, 1478, 1494, 1121, 1327, 1323, 1184, 1118, 1354, 686, 550, 616, 503, 704, 519, 834, 707, 557, 603, 657, 595, 479, 749, 981, 591, 753, 647, 603, 614, 927, 989, 499, 727, 554, 609, 468, 875, 1133, 1041, 1426, 1167, 1483, 1041, 1308, 1307, 1070, 1282, 754, 1127, 875, 1195, 589, 440, 676, 502, 838, 491, 689, 587, 539, 679, 620, 739, 464, 766, 2278, 1634, 2319, 1631, 2107, 1367, 1724, 2312, 1684, 1890, 1373, 1909, 1427, 1943, 526, 405, 463, 549, 470, 503, 595, 566, 427, 464, 369, 555, 421, 587, 1014, 883, 1053, 811, 1019, 810, 782, 778, 764, 928, 997, 1030, 980, 1050, 980, 909, 1023, 1016, 1066, 1067, 1003, 1285, 1014, 1100, 990, 1038, 876, 1061, 1297, 1186, 1155, 1013, 1111, 1142, 1020, 1034, 900, 886, 973, 969, 988, 1192
  Input range:
    0: [-0.1, 20.8] [-0.1, 30.6] [-0.1, 26.7] [-0.1, 19.5] [-0.1, 27.0] [-0.1, 20.6] [-0.1, 14.5] [-0.1, 23.6] [-0.1, 39.7] [-0.1, 18.5] [-0.1, 29.0] [-0.1, 24.2] [-0.1, 19.5] [-0.1, 33.7] [-0.1, 20.2] [-0.1, 22.1] [-0.1, 19.4] [-0.1, 10.8] [-0.1, 24.1] [-0.1, 20.5] [-0.1, 27.3] [-0.1, 18.1] [-0.1, 26.2] [-0.1, 26.4] [-0.1, 26.4] [-0.1, 13.7] [-0.1, 22.8] [-0.1, 24.8] [-0.1, 28.5] [-0.1, 19.0] [-0.1, 20.7] [-0.1, 21.4] [-0.1, 16.8] [-0.1, 29.9] [-0.1, 14.8] [-0.1, 22.3] [-0.1, 29.3] [-0.1, 27.0] [-0.1, 17.7] [-0.1, 20.3] [-0.1, 22.6] [-0.1, 27.9] [-0.1, 22.2] [-0.1, 22.6] [-0.1, 24.6] [-0.1, 26.6] [-0.1, 22.1] [-0.1, 17.9] [-0.1, 18.0] [-0.1, 17.2] [-0.1, 13.4] [-0.1, 21.2] [-0.1, 18.8] [-0.1, 16.7] [-0.1, 54.5] [-0.1, 20.3] [-0.1, 17.0] [-0.1, 48.2] [-0.1, 42.8] [-0.1, 24.1] [-0.1, 15.2] [-0.1, 19.2] [-0.1, 14.1] [-0.1, 23.4] [-0.1, 36.5] [-0.1, 17.7] [-0.1, 16.4] [-0.1, 18.7] [-0.1, 30.2] [-0.1, 36.6] [-0.1, 44.9] [-0.1, 33.0] [-0.1, 28.6] [-0.1, 30.1] [-0.1, 22.1] [-0.1, 21.7] [-0.1, 33.9] [-0.1, 34.0] [-0.1, 35.8] [-0.1, 38.9] [-0.1, 21.6] [-0.1, 24.8] [-0.1, 22.3] [-0.1, 23.1] [-0.1, 30.8] [-0.1, 29.5] [-0.1, 52.7] [-0.1, 31.5] [-0.1, 26.9] [-0.1, 30.2] [-0.1, 26.6] [-0.1, 28.0] [-0.1, 25.8] [-0.1, 22.7] [-0.1, 20.2] [-0.1, 24.7] [-0.1, 31.5] [-0.1, 28.9] [-0.1, 30.6] [-0.1, 34.4] [-0.1, 36.9] [-0.1, 31.1] [-0.1, 34.0] [-0.1, 34.0] [-0.1, 20.4] [-0.1, 42.4] [-0.1, 38.8] [-0.1, 33.0] [-0.1, 22.8] [-0.1, 21.0] [-0.1, 99.6] [-0.1, 49.8] [-0.1, 70.0] [-0.1, 60.0] [-0.1, 99.9] [-0.1, 32.2] [-0.1, 23.5] [-0.1, 67.9] [-0.1, 53.3] [-0.1, 47.5] [-0.1, 43.7] [-0.1, 20.8] [-0.1, 32.4] [-0.1, 13.8] [-0.1, 58.9] [-0.1, 53.3] [-0.1, 105.8] [-0.1, 216.5] [-0.1, 122.8] [-0.1, 35.0] [-0.1, 28.8] [-0.1, 71.1] [-0.1, 174.8] [-0.1, 68.4] [-0.1, 30.3] [-0.1, 38.4] [-0.1, 36.0] [-0.1, 57.4] [-0.1, 44.5] [-0.1, 27.1] [-0.1, 22.2] [-0.1, 18.5] [-0.1, 20.6] [-0.1, 37.7] [-0.1, 21.3] [-0.1, 20.6] [-0.1, 24.3] [-0.1, 16.4] [-0.1, 16.4] [-0.1, 23.4] [-0.1, 26.6] [-0.1, 29.7] 
    1: [0.0, 0.0] [0.0, 0.0] [0.0, 0.0] [0.0, 0.0] [0.0, 0.0] [0.0, 1.0] [1.0, 1.0] [1.0, 1.0] [1.0, 1.0] [1.0, 1.0] [1.0, 1.0] [1.0, 1.0] [0.0, 0.0] [0.0, 0.0] [0.0, 0.0] [0.0, 0.0] [0.0, 0.0] [0.0, 0.0] [0.0, 0.0] [0.0, 1.0] [1.0, 1.0] [1.0, 1.0] [1.0, 1.0] [1.0, 1.0] [1.0, 1.0] [1.0, 1.0] [0.0, 0.0] [0.0, 0.0] [0.0, 0.0] [0.0, 0.0] [0.0, 0.0] [0.0, 0.0] [0.0, 0.0] [0.0, 1.0] [1.0, 1.0] [1.0, 1.0] [1.0, 1.0] [1.0, 1.0] [1.0, 1.0] [1.0, 1.0] [0.0, 0.0] [0.0, 0.0] [0.0, 0.0] [0.0, 0.0] [0.0, 0.0] [0.0, 0.0] [0.0, 0.0] [0.0, 1.0] [1.0, 1.0] [1.0, 1.0] [1.0, 1.0] [1.0, 1.0] [1.0, 1.0] [1.0, 1.0] [0.0, 0.0] [0.0, 0.0] [0.0, 0.0] [0.0, 0.0] [0.0, 0.0] [0.0, 0.0] [0.0, 0.0] [0.0, 1.0] [1.0, 1.0] [1.0, 1.0] [1.0, 1.0] [1.0, 1.0] [1.0, 1.0] [1.0, 1.0] [1.0, 1.0] [1.0, 1.0] [1.0, 1.0] [1.0, 1.0] [1.0, 1.0] [1.0, 1.0] [1.0, 1.0] [0.0, 1.0] [0.0, 0.0] [0.0, 0.0] [0.0, 0.0] [0.0, 0.0] [0.0, 0.0] [0.0, 0.0] [1.0, 1.0] [1.0, 1.0] [1.0, 1.0] [1.0, 1.0] [1.0, 1.0] [1.0, 1.0] [1.0, 1.0] [0.0, 1.0] [0.0, 0.0] [0.0, 0.0] [0.0, 0.0] [0.0, 0.0] [0.0, 0.0] [0.0, 0.0] [0.0, 0.0] [0.0, 0.0] [0.0, 0.0] [0.0, 0.0] [0.0, 0.0] [0.0, 0.0] [0.0, 0.0] [0.0, 1.0] [1.0, 1.0] [1.0, 1.0] [1.0, 1.0] [1.0, 1.0] [1.0, 1.0] [1.0, 1.0] [0.0, 0.0] [0.0, 0.0] [0.0, 0.0] [0.0, 0.0] [0.0, 0.0] [0.0, 0.0] [0.0, 0.0] [0.0, 1.0] [1.0, 1.0] [1.0, 1.0] [1.0, 1.0] [1.0, 1.0] [1.0, 1.0] [1.0, 1.0] [0.0, 0.0] [0.0, 0.0] [0.0, 0.0] [0.0, 0.0] [0.0, 0.0] [0.0, 0.0] [0.0, 0.0] [0.0, 1.0] [1.0, 1.0] [1.0, 1.0] [1.0, 1.0] [1.0, 1.0] [1.0, 1.0] [1.0, 1.0] [0.0, 0.0] [0.0, 0.0] [0.0, 0.0] [0.0, 0.0] [0.0, 0.0] [0.0, 0.0] [0.0, 0.0] [0.0, 1.0] [1.0, 1.0] [1.0, 1.0] [1.0, 1.0] [1.0, 1.0] [1.0, 1.0] [1.0, 1.0] 
    2: [1.0, 79.0] [1.0, 79.0] [1.0, 79.0] [1.0, 79.0] [1.0, 79.0] [1.0, 79.0] [1.0, 79.0] [1.0, 79.0] [1.0, 79.0] [1.0, 79.0] [1.0, 79.0] [1.0, 79.0] [1.0, 79.0] [1.0, 79.0] [1.0, 79.0] [1.0, 79.0] [1.0, 79.0] [1.0, 79.0] [1.0, 79.0] [1.0, 79.0] [1.0, 79.0] [1.0, 79.0] [1.0, 79.0] [1.0, 79.0] [1.0, 79.0] [1.0, 79.0] [1.0, 79.0] [1.0, 79.0] [1.0, 79.0] [1.0, 79.0] [1.0, 79.0] [1.0, 79.0] [1.0, 79.0] [1.0, 79.0] [1.0, 79.0] [1.0, 79.0] [1.0, 79.0] [1.0, 79.0] [1.0, 59.0] [1.0, 79.0] [1.0, 79.0] [1.0, 79.0] [1.0, 79.0] [1.0, 79.0] [1.0, 79.0] [1.0, 79.0] [1.0, 79.0] [1.0, 79.0] [1.0, 79.0] [1.0, 79.0] [1.0, 79.0] [1.0, 79.0] [1.0, 79.0] [1.0, 79.0] [1.0, 79.0] [1.0, 79.0] [1.0, 79.0] [1.0, 79.0] [1.0, 73.0] [1.0, 79.0] [1.0, 79.0] [1.0, 79.0] [1.0, 79.0] [1.0, 79.0] [1.0, 79.0] [1.0, 79.0] [1.0, 79.0] [2.0, 79.0] [1.0, 79.0] [1.0, 79.0] [1.0, 79.0] [1.0, 79.0] [1.0, 79.0] [1.0, 79.0] [1.0, 79.0] [1.0, 79.0] [1.0, 79.0] [1.0, 79.0] [1.0, 79.0] [1.0, 79.0] [1.0, 79.0] [1.0, 79.0] [1.0, 79.0] [1.0, 79.0] [1.0, 79.0] [1.0, 79.0] [1.0, 79.0] [1.0, 79.0] [1.0, 79.0] [1.0, 79.0] [1.0, 79.0] [1.0, 79.0] [1.0, 79.0] [1.0, 79.0] [1.0, 79.0] [1.0, 79.0] [1.0, 79.0] [1.0, 79.0] [1.0, 79.0] [1.0, 79.0] [1.0, 79.0] [1.0, 79.0] [1.0, 79.0] [1.0, 79.0] [1.0, 79.0] [1.0, 79.0] [1.0, 79.0] [1.0, 79.0] [1.0, 79.0] [1.0, 79.0] [1.0, 79.0] [1.0, 79.0] [1.0, 79.0] [1.0, 79.0] [1.0, 79.0] [1.0, 79.0] [1.0, 79.0] [1.0, 79.0] [1.0, 79.0] [2.0, 89.0] [1.0, 79.0] [1.0, 79.0] [1.0, 79.0] [1.0, 99.0] [1.0, 79.0] [1.0, 79.0] [1.0, 74.0] [1.0, 40.0] [1.0, 79.0] [1.0, 79.0] [1.0, 79.0] [1.0, 79.0] [1.0, 49.0] [1.0, 79.0] [1.0, 79.0] [1.0, 79.0] [1.0, 79.0] [1.0, 74.0] [1.0, 99.0] [1.0, 79.0] [1.0, 99.0] [1.0, 79.0] [1.0, 79.0] [1.0, 79.0] [1.0, 99.0] [1.0, 99.0] [1.0, 79.0] [1.0, 79.0] [1.0, 79.0] [1.0, 99.0] [1.0, 79.0] [1.0, 99.0] 
    3: [0.0, 1.0] [0.0, 1.0] [0.0, 1.0] [0.0, 1.0] [0.0, 1.0] [0.0, 1.0] [0.0, 1.0] [0.0, 1.0] [0.0, 1.0] [0.0, 1.0] [0.0, 1.0] [0.0, 1.0] [0.0, 1.0] [0.0, 1.0] [0.0, 1.0] [0.0, 1.0] [0.0, 1.0] [0.0, 1.0] [0.0, 1.0] [0.0, 1.0] [0.0, 1.0] [0.0, 1.0] [0.0, 1.0] [0.0, 1.0] [0.0, 1.0] [0.0, 1.0] [0.0, 1.0] [0.0, 1.0] [0.0, 1.0] [0.0, 1.0] [0.0, 1.0] [0.0, 1.0] [0.0, 1.0] [0.0, 1.0] [0.0, 1.0] [0.0, 1.0] [0.0, 1.0] [0.0, 1.0] [0.0, 1.0] [0.0, 1.0] [0.0, 1.0] [0.0, 1.0] [0.0, 1.0] [0.0, 1.0] [0.0, 1.0] [0.0, 1.0] [0.0, 1.0] [0.0, 1.0] [0.0, 1.0] [0.0, 1.0] [0.0, 1.0] [0.0, 1.0] [0.0, 1.0] [0.0, 1.0] [0.0, 1.0] [0.0, 1.0] [0.0, 1.0] [0.0, 1.0] [0.0, 1.0] [0.0, 1.0] [0.0, 1.0] [0.0, 1.0] [0.0, 1.0] [0.0, 1.0] [0.0, 1.0] [0.0, 1.0] [0.0, 1.0] [0.0, 1.0] [0.0, 1.0] [0.0, 1.0] [0.0, 1.0] [0.0, 1.0] [0.0, 1.0] [0.0, 1.0] [0.0, 1.0] [0.0, 1.0] [0.0, 1.0] [0.0, 1.0] [0.0, 1.0] [0.0, 1.0] [0.0, 1.0] [0.0, 1.0] [0.0, 1.0] [0.0, 1.0] [0.0, 1.0] [0.0, 1.0] [0.0, 1.0] [0.0, 1.0] [0.0, 1.0] [0.0, 1.0] [0.0, 1.0] [0.0, 1.0] [0.0, 1.0] [0.0, 1.0] [0.0, 1.0] [0.0, 1.0] [0.0, 1.0] [0.0, 1.0] [0.0, 1.0] [0.0, 1.0] [0.0, 1.0] [0.0, 1.0] [0.0, 1.0] [0.0, 1.0] [0.0, 1.0] [0.0, 1.0] [0.0, 1.0] [0.0, 1.0] [0.0, 1.0] [0.0, 1.0] [0.0, 1.0] [0.0, 1.0] [0.0, 1.0] [0.0, 1.0] [0.0, 1.0] [0.0, 1.0] [0.0, 1.0] [0.0, 1.0] [0.0, 1.0] [0.0, 1.0] [0.0, 1.0] [0.0, 1.0] [0.0, 1.0] [0.0, 1.0] [0.0, 1.0] [0.0, 1.0] [0.0, 1.0] [0.0, 1.0] [0.0, 1.0] [0.0, 1.0] [0.0, 1.0] [0.0, 1.0] [0.0, 1.0] [0.0, 1.0] [0.0, 1.0] [0.0, 1.0] [0.0, 1.0] [0.0, 1.0] [0.0, 1.0] [0.0, 1.0] [0.0, 1.0] [0.0, 1.0] [0.0, 1.0] [0.0, 1.0] [0.0, 1.0] [0.0, 1.0] [0.0, 1.0] [0.0, 1.0] [0.0, 1.0] [0.0, 1.0] [0.0, 1.0] [0.0, 1.0] 
  Output range:
    0: [0.0, 6.0] [0.0, 6.0] [0.0, 6.0] [0.0, 6.0] [0.0, 6.0] [0.0, 6.0] [0.0, 6.0] [0.0, 6.0] [0.0, 6.0] [0.0, 6.0] [0.0, 6.0] [0.0, 6.0] [0.0, 6.0] [0.0, 6.0] [0.0, 6.0] [0.0, 6.0] [0.0, 6.0] [0.0, 6.0] [0.0, 6.0] [0.0, 6.0] [0.0, 6.0] [0.0, 6.0] [0.0, 6.0] [0.0, 6.0] [0.0, 6.0] [0.0, 6.0] [0.0, 6.0] [0.0, 6.0] [0.0, 6.0] [0.0, 6.0] [0.0, 6.0] [0.0, 6.0] [0.0, 6.0] [0.0, 6.0] [0.0, 6.0] [0.0, 6.0] [0.0, 6.0] [0.0, 6.0] [0.0, 6.0] [0.0, 6.0] [0.0, 6.0] [0.0, 6.0] [0.0, 6.0] [0.0, 6.0] [0.0, 6.0] [0.0, 6.0] [0.0, 6.0] [0.0, 6.0] [0.0, 6.0] [0.0, 6.0] [0.0, 6.0] [0.0, 6.0] [0.0, 6.0] [0.0, 6.0] [0.0, 6.0] [0.0, 6.0] [0.0, 6.0] [0.0, 6.0] [0.0, 6.0] [0.0, 6.0] [0.0, 6.0] [0.0, 6.0] [0.0, 6.0] [0.0, 6.0] [0.0, 6.0] [0.0, 6.0] [0.0, 6.0] [0.0, 6.0] [0.0, 6.0] [0.0, 6.0] [0.0, 6.0] [0.0, 6.0] [0.0, 6.0] [0.0, 6.0] [0.0, 6.0] [0.0, 6.0] [0.0, 6.0] [0.0, 6.0] [0.0, 6.0] [0.0, 6.0] [0.0, 6.0] [0.0, 6.0] [0.0, 6.0] [0.0, 6.0] [0.0, 6.0] [0.0, 6.0] [0.0, 6.0] [0.0, 6.0] [0.0, 6.0] [0.0, 6.0] [0.0, 6.0] [0.0, 6.0] [0.0, 6.0] [0.0, 6.0] [0.0, 6.0] [0.0, 6.0] [0.0, 6.0] [0.0, 6.0] [0.0, 6.0] [0.0, 6.0] [0.0, 6.0] [0.0, 6.0] [0.0, 6.0] [0.0, 6.0] [0.0, 6.0] [0.0, 6.0] [0.0, 6.0] [0.0, 6.0] [0.0, 6.0] [0.0, 6.0] [0.0, 6.0] [0.0, 6.0] [0.0, 6.0] [0.0, 6.0] [0.0, 6.0] [0.0, 6.0] [0.0, 6.0] [0.0, 6.0] [0.0, 6.0] [0.0, 6.0] [0.0, 6.0] [0.0, 6.0] [0.0, 6.0] [0.0, 6.0] [0.0, 6.0] [0.0, 6.0] [0.0, 6.0] [0.0, 6.0] [0.0, 6.0] [0.0, 6.0] [0.0, 6.0] [0.0, 6.0] [0.0, 6.0] [0.0, 6.0] [0.0, 6.0] [0.0, 6.0] [0.0, 6.0] [0.0, 6.0] [0.0, 6.0] [0.0, 6.0] [0.0, 6.0] [0.0, 6.0] [0.0, 6.0] [0.0, 6.0] [0.0, 6.0] [0.0, 6.0] [0.0, 6.0] [0.0, 6.0] [0.0, 6.0] [0.0, 6.0] [0.0, 6.0] [0.0, 6.0] 
    1: [0.0, 4.0] [0.0, 4.0] [0.0, 4.0] [0.0, 4.0] [0.0, 4.0] [0.0, 4.0] [0.0, 4.0] [0.0, 4.0] [0.0, 4.0] [0.0, 4.0] [0.0, 4.0] [0.0, 4.0] [0.0, 4.0] [0.0, 4.0] [0.0, 4.0] [0.0, 4.0] [0.0, 4.0] [0.0, 4.0] [0.0, 4.0] [0.0, 4.0] [0.0, 4.0] [0.0, 4.0] [0.0, 4.0] [0.0, 4.0] [0.0, 4.0] [0.0, 4.0] [0.0, 4.0] [0.0, 4.0] [0.0, 4.0] [0.0, 4.0] [0.0, 4.0] [0.0, 4.0] [0.0, 4.0] [0.0, 4.0] [0.0, 4.0] [0.0, 4.0] [0.0, 4.0] [0.0, 4.0] [0.0, 4.0] [0.0, 4.0] [0.0, 4.0] [0.0, 4.0] [0.0, 4.0] [0.0, 4.0] [0.0, 4.0] [0.0, 4.0] [0.0, 4.0] [0.0, 4.0] [0.0, 4.0] [0.0, 4.0] [0.0, 4.0] [0.0, 4.0] [0.0, 4.0] [0.0, 4.0] [0.0, 4.0] [0.0, 4.0] [0.0, 4.0] [0.0, 4.0] [0.0, 4.0] [0.0, 4.0] [0.0, 4.0] [0.0, 4.0] [0.0, 4.0] [0.0, 4.0] [0.0, 4.0] [0.0, 4.0] [0.0, 4.0] [0.0, 4.0] [0.0, 4.0] [0.0, 4.0] [0.0, 4.0] [0.0, 4.0] [0.0, 4.0] [0.0, 4.0] [0.0, 4.0] [0.0, 4.0] [0.0, 4.0] [0.0, 4.0] [0.0, 4.0] [0.0, 4.0] [0.0, 4.0] [0.0, 4.0] [0.0, 4.0] [0.0, 4.0] [0.0, 4.0] [0.0, 4.0] [0.0, 4.0] [0.0, 4.0] [0.0, 4.0] [0.0, 4.0] [0.0, 4.0] [0.0, 4.0] [0.0, 4.0] [0.0, 4.0] [0.0, 4.0] [0.0, 4.0] [0.0, 4.0] [0.0, 4.0] [0.0, 4.0] [0.0, 4.0] [0.0, 4.0] [0.0, 4.0] [0.0, 4.0] [0.0, 4.0] [0.0, 4.0] [0.0, 4.0] [0.0, 4.0] [0.0, 4.0] [0.0, 4.0] [0.0, 4.0] [0.0, 4.0] [0.0, 4.0] [0.0, 4.0] [0.0, 4.0] [0.0, 4.0] [0.0, 4.0] [0.0, 4.0] [0.0, 4.0] [0.0, 4.0] [0.0, 4.0] [0.0, 4.0] [0.0, 4.0] [0.0, 4.0] [0.0, 4.0] [0.0, 4.0] [0.0, 4.0] [0.0, 4.0] [0.0, 4.0] [0.0, 4.0] [0.0, 4.0] [0.0, 4.0] [0.0, 4.0] [0.0, 4.0] [0.0, 4.0] [0.0, 4.0] [0.0, 4.0] [0.0, 4.0] [0.0, 4.0] [0.0, 4.0] [0.0, 4.0] [0.0, 4.0] [0.0, 4.0] [0.0, 4.0] [0.0, 4.0] [0.0, 4.0] [0.0, 4.0] [0.0, 4.0] [0.0, 4.0] [0.0, 4.0] [0.0, 4.0] [0.0, 4.0] [0.0, 4.0] 
    2: [0.0, 4.0] [0.0, 4.0] [0.0, 4.0] [0.0, 4.0] [0.0, 4.0] [0.0, 4.0] [0.0, 4.0] [0.0, 4.0] [0.0, 4.0] [0.0, 4.0] [0.0, 4.0] [0.0, 4.0] [0.0, 4.0] [0.0, 4.0] [0.0, 4.0] [0.0, 4.0] [0.0, 4.0] [0.0, 4.0] [0.0, 4.0] [0.0, 4.0] [0.0, 4.0] [0.0, 4.0] [0.0, 4.0] [0.0, 4.0] [0.0, 4.0] [0.0, 4.0] [0.0, 4.0] [0.0, 4.0] [0.0, 4.0] [0.0, 4.0] [0.0, 4.0] [0.0, 4.0] [0.0, 4.0] [0.0, 4.0] [0.0, 4.0] [0.0, 4.0] [0.0, 4.0] [0.0, 4.0] [0.0, 4.0] [0.0, 4.0] [0.0, 4.0] [0.0, 4.0] [0.0, 4.0] [0.0, 4.0] [0.0, 4.0] [0.0, 4.0] [0.0, 4.0] [0.0, 4.0] [0.0, 4.0] [0.0, 4.0] [0.0, 4.0] [0.0, 4.0] [0.0, 4.0] [0.0, 4.0] [0.0, 4.0] [0.0, 4.0] [0.0, 4.0] [0.0, 4.0] [0.0, 4.0] [0.0, 4.0] [0.0, 4.0] [0.0, 4.0] [0.0, 4.0] [0.0, 4.0] [0.0, 4.0] [0.0, 4.0] [0.0, 4.0] [0.0, 4.0] [0.0, 4.0] [0.0, 4.0] [0.0, 4.0] [0.0, 4.0] [0.0, 4.0] [0.0, 4.0] [0.0, 4.0] [0.0, 4.0] [0.0, 4.0] [0.0, 4.0] [0.0, 4.0] [0.0, 4.0] [0.0, 4.0] [0.0, 4.0] [0.0, 4.0] [0.0, 4.0] [0.0, 4.0] [0.0, 4.0] [0.0, 4.0] [0.0, 4.0] [0.0, 4.0] [0.0, 4.0] [0.0, 4.0] [0.0, 4.0] [0.0, 4.0] [0.0, 4.0] [0.0, 4.0] [0.0, 4.0] [0.0, 4.0] [0.0, 4.0] [0.0, 4.0] [0.0, 4.0] [0.0, 4.0] [0.0, 4.0] [0.0, 4.0] [0.0, 4.0] [0.0, 4.0] [0.0, 4.0] [0.0, 4.0] [0.0, 4.0] [0.0, 4.0] [0.0, 4.0] [0.0, 4.0] [0.0, 4.0] [0.0, 4.0] [0.0, 4.0] [0.0, 4.0] [0.0, 4.0] [0.0, 4.0] [0.0, 4.0] [0.0, 4.0] [0.0, 4.0] [0.0, 4.0] [0.0, 4.0] [0.0, 4.0] [0.0, 4.0] [0.0, 4.0] [0.0, 4.0] [0.0, 4.0] [0.0, 4.0] [0.0, 4.0] [0.0, 4.0] [0.0, 4.0] [0.0, 4.0] [0.0, 4.0] [0.0, 4.0] [0.0, 4.0] [0.0, 4.0] [0.0, 4.0] [0.0, 4.0] [0.0, 4.0] [0.0, 4.0] [0.0, 4.0] [0.0, 4.0] [0.0, 4.0] [0.0, 4.0] [0.0, 4.0] [0.0, 4.0] [0.0, 4.0] [0.0, 4.0] [0.0, 4.0] [0.0, 4.0] [0.0, 4.0] [0.0, 4.0] 
    3: [0.0, 1.0] [0.0, 1.0] [0.0, 1.0] [0.0, 1.0] [0.0, 1.0] [0.0, 1.0] [0.0, 1.0] [0.0, 1.0] [0.0, 1.0] [0.0, 1.0] [0.0, 1.0] [0.0, 1.0] [0.0, 1.0] [0.0, 1.0] [0.0, 1.0] [0.0, 1.0] [0.0, 1.0] [0.0, 1.0] [0.0, 1.0] [0.0, 1.0] [0.0, 1.0] [0.0, 1.0] [0.0, 1.0] [0.0, 1.0] [0.0, 1.0] [0.0, 1.0] [0.0, 1.0] [0.0, 1.0] [0.0, 1.0] [0.0, 1.0] [0.0, 1.0] [0.0, 1.0] [0.0, 1.0] [0.0, 1.0] [0.0, 1.0] [0.0, 1.0] [0.0, 1.0] [0.0, 1.0] [0.0, 1.0] [0.0, 1.0] [0.0, 1.0] [0.0, 1.0] [0.0, 1.0] [0.0, 1.0] [0.0, 1.0] [0.0, 1.0] [0.0, 1.0] [0.0, 1.0] [0.0, 1.0] [0.0, 1.0] [0.0, 1.0] [0.0, 1.0] [0.0, 1.0] [0.0, 1.0] [0.0, 1.0] [0.0, 1.0] [0.0, 1.0] [0.0, 1.0] [0.0, 1.0] [0.0, 1.0] [0.0, 1.0] [0.0, 1.0] [0.0, 1.0] [0.0, 1.0] [0.0, 1.0] [0.0, 1.0] [0.0, 1.0] [0.0, 1.0] [0.0, 1.0] [0.0, 1.0] [0.0, 1.0] [0.0, 1.0] [0.0, 1.0] [0.0, 1.0] [0.0, 1.0] [0.0, 1.0] [0.0, 1.0] [0.0, 1.0] [0.0, 1.0] [0.0, 1.0] [0.0, 1.0] [0.0, 1.0] [0.0, 1.0] [0.0, 1.0] [0.0, 1.0] [0.0, 1.0] [0.0, 1.0] [0.0, 1.0] [0.0, 1.0] [0.0, 1.0] [0.0, 1.0] [0.0, 1.0] [0.0, 1.0] [0.0, 1.0] [0.0, 1.0] [0.0, 1.0] [0.0, 1.0] [0.0, 1.0] [0.0, 1.0] [0.0, 1.0] [0.0, 1.0] [0.0, 1.0] [0.0, 1.0] [0.0, 1.0] [0.0, 1.0] [0.0, 1.0] [0.0, 1.0] [0.0, 1.0] [0.0, 1.0] [0.0, 1.0] [0.0, 1.0] [0.0, 1.0] [0.0, 1.0] [0.0, 1.0] [0.0, 1.0] [0.0, 1.0] [0.0, 1.0] [0.0, 1.0] [0.0, 1.0] [0.0, 1.0] [0.0, 1.0] [0.0, 1.0] [0.0, 1.0] [0.0, 1.0] [0.0, 1.0] [0.0, 1.0] [0.0, 1.0] [0.0, 1.0] [0.0, 1.0] [0.0, 1.0] [0.0, 1.0] [0.0, 1.0] [0.0, 1.0] [0.0, 1.0] [0.0, 1.0] [0.0, 1.0] [0.0, 1.0] [0.0, 1.0] [0.0, 1.0] [0.0, 1.0] [0.0, 1.0] [0.0, 1.0] [0.0, 1.0] [0.0, 1.0] [0.0, 1.0] [0.0, 1.0] [0.0, 1.0] [0.0, 1.0] [0.0, 1.0] [0.0, 1.0] [0.0, 1.0] [0.0, 1.0] 
    4: [0.0, 1.0] [0.0, 0.0] [0.0, 2.0] [2.0, 2.0] [1.0, 2.0] [1.0, 2.0] [2.0, 2.0] [0.0, 2.0] [0.0, 0.0] [0.0, 1.0] [1.0, 1.0] [1.0, 2.0] [1.0, 1.0] [1.0, 1.0] [1.0, 2.0] [2.0, 2.0] [0.0, 2.0] [0.0, 0.0] [0.0, 1.0] [0.0, 1.0] [0.0, 0.0] [0.0, 2.0] [2.0, 2.0] [1.0, 2.0] [1.0, 1.0] [0.0, 1.0] [2.0, 2.0] [2.0, 2.0] [1.0, 2.0] [1.0, 1.0] [0.0, 1.0] [0.0, 0.0] [0.0, 2.0] [0.0, 2.0] [0.0, 0.0] [0.0, 1.0] [1.0, 1.0] [1.0, 2.0] [2.0, 2.0] [0.0, 2.0] [0.0, 0.0] [0.0, 0.0] [0.0, 1.0] [1.0, 1.0] [1.0, 2.0] [2.0, 2.0] [0.0, 2.0] [0.0, 2.0] [2.0, 2.0] [1.0, 2.0] [1.0, 1.0] [0.0, 1.0] [0.0, 0.0] [0.0, 2.0] [0.0, 0.0] [0.0, 0.0] [0.0, 2.0] [2.0, 2.0] [1.0, 2.0] [1.0, 1.0] [0.0, 1.0] [0.0, 1.0] [1.0, 1.0] [1.0, 2.0] [2.0, 2.0] [0.0, 2.0] [0.0, 0.0] [0.0, 1.0] [1.0, 1.0] [1.0, 1.0] [1.0, 2.0] [2.0, 2.0] [0.0, 2.0] [0.0, 0.0] [0.0, 1.0] [0.0, 1.0] [0.0, 0.0] [0.0, 2.0] [2.0, 2.0] [1.0, 2.0] [1.0, 1.0] [0.0, 1.0] [0.0, 0.0] [0.0, 0.0] [0.0, 1.0] [1.0, 1.0] [1.0, 2.0] [2.0, 2.0] [0.0, 2.0] [0.0, 2.0] [2.0, 2.0] [1.0, 2.0] [1.0, 1.0] [0.0, 1.0] [0.0, 0.0] [0.0, 2.0] [2.0, 2.0] [2.0, 2.0] [1.0, 2.0] [1.0, 1.0] [0.0, 1.0] [0.0, 0.0] [0.0, 2.0] [0.0, 2.0] [0.0, 0.0] [0.0, 1.0] [1.0, 1.0] [1.0, 2.0] [2.0, 2.0] [0.0, 2.0] [2.0, 2.0] [2.0, 2.0] [0.0, 2.0] [0.0, 0.0] [0.0, 1.0] [1.0, 1.0] [1.0, 2.0] [1.0, 2.0] [1.0, 1.0] [0.0, 1.0] [0.0, 0.0] [0.0, 2.0] [2.0, 2.0] [1.0, 2.0] [1.0, 1.0] [1.0, 1.0] [0.0, 1.0] [0.0, 0.0] [0.0, 2.0] [2.0, 2.0] [1.0, 2.0] [1.0, 2.0] [2.0, 2.0] [0.0, 2.0] [0.0, 0.0] [0.0, 1.0] [1.0, 1.0] [1.0, 2.0] [0.0, 0.0] [0.0, 0.0] [0.0, 2.0] [2.0, 2.0] [1.0, 2.0] [1.0, 1.0] [0.0, 1.0] [0.0, 1.0] [1.0, 1.0] [1.0, 2.0] [2.0, 2.0] [0.0, 2.0] [0.0, 0.0] [0.0, 1.0] 
    5: [0.0, 1.0] [0.0, 1.0] [0.0, 1.0] [0.0, 1.0] [0.0, 1.0] [0.0, 1.0] [0.0, 1.0] [0.0, 1.0] [0.0, 1.0] [0.0, 1.0] [0.0, 1.0] [0.0, 1.0] [0.0, 1.0] [0.0, 1.0] [0.0, 1.0] [0.0, 1.0] [0.0, 1.0] [0.0, 1.0] [0.0, 1.0] [0.0, 1.0] [0.0, 1.0] [0.0, 1.0] [0.0, 1.0] [0.0, 1.0] [0.0, 1.0] [0.0, 1.0] [0.0, 1.0] [0.0, 1.0] [0.0, 1.0] [0.0, 1.0] [0.0, 1.0] [0.0, 1.0] [0.0, 1.0] [0.0, 1.0] [0.0, 1.0] [0.0, 1.0] [0.0, 1.0] [0.0, 1.0] [0.0, 1.0] [0.0, 1.0] [0.0, 1.0] [0.0, 1.0] [0.0, 1.0] [0.0, 1.0] [0.0, 1.0] [0.0, 1.0] [0.0, 1.0] [0.0, 1.0] [0.0, 1.0] [0.0, 1.0] [0.0, 1.0] [0.0, 1.0] [0.0, 1.0] [0.0, 1.0] [0.0, 1.0] [0.0, 1.0] [0.0, 1.0] [0.0, 1.0] [0.0, 1.0] [0.0, 1.0] [0.0, 1.0] [0.0, 1.0] [0.0, 1.0] [0.0, 1.0] [0.0, 1.0] [0.0, 1.0] [0.0, 1.0] [0.0, 1.0] [0.0, 1.0] [0.0, 1.0] [0.0, 1.0] [0.0, 1.0] [0.0, 1.0] [0.0, 1.0] [0.0, 1.0] [0.0, 1.0] [0.0, 1.0] [0.0, 1.0] [0.0, 1.0] [0.0, 1.0] [0.0, 1.0] [0.0, 1.0] [0.0, 1.0] [0.0, 1.0] [0.0, 1.0] [0.0, 1.0] [0.0, 1.0] [0.0, 1.0] [0.0, 1.0] [0.0, 1.0] [0.0, 1.0] [0.0, 1.0] [0.0, 1.0] [0.0, 1.0] [0.0, 1.0] [0.0, 1.0] [0.0, 1.0] [0.0, 1.0] [0.0, 1.0] [0.0, 1.0] [0.0, 1.0] [0.0, 1.0] [0.0, 1.0] [0.0, 1.0] [0.0, 1.0] [0.0, 1.0] [0.0, 1.0] [0.0, 1.0] [0.0, 1.0] [0.0, 1.0] [0.0, 1.0] [0.0, 1.0] [0.0, 1.0] [0.0, 1.0] [0.0, 1.0] [0.0, 1.0] [0.0, 1.0] [0.0, 1.0] [0.0, 1.0] [0.0, 1.0] [0.0, 1.0] [0.0, 1.0] [0.0, 1.0] [0.0, 1.0] [0.0, 1.0] [0.0, 1.0] [0.0, 1.0] [0.0, 1.0] [0.0, 1.0] [0.0, 1.0] [0.0, 1.0] [0.0, 1.0] [0.0, 1.0] [0.0, 1.0] [0.0, 1.0] [0.0, 1.0] [0.0, 1.0] [0.0, 1.0] [0.0, 1.0] [0.0, 1.0] [0.0, 1.0] [0.0, 1.0] [0.0, 1.0] [0.0, 1.0] [0.0, 1.0] [0.0, 1.0] [0.0, 1.0] [0.0, 1.0] [0.0, 1.0] [0.0, 1.0] [0.0, 1.0] [0.0, 1.0] 
  Output fraction of data:
reward_zone_distance: (0.126 0.057 0.351 0.448 0.312 0.374 0.410 0.181 0.066 0.219 0.246 0.350 0.328 0.309 0.387 0.515 0.201 0.067 0.221 0.170 0.060 0.357 0.495 0.330 0.262 0.124 0.525 0.551 0.379 0.286 0.151 0.052 0.352 0.199 0.062 0.220 0.290 0.453 0.469 0.228 0.075 0.068 0.247 0.280 0.403 0.413 0.192 0.339 0.430 0.313 0.254 0.124 0.063 0.406 0.062 0.100 0.389 0.484 0.372 0.253 0.126 0.200 0.236 0.356 0.465 0.206 0.054 0.209 0.302 0.316 0.451 0.515 0.225 0.058 0.169 0.150 0.043 0.403 0.488 0.289 0.239 0.131 0.082 0.081 0.220 0.295 0.431 0.398 0.182 0.371 0.388 0.298 0.236 0.115 0.073 0.332 0.430 0.418 0.270 0.268 0.136 0.077 0.368 0.206 0.061 0.220 0.183 0.392 0.313 0.150 0.225 0.217 0.117 0.027 0.152 0.136 0.216 0.159 0.105 0.059 0.021 0.256 0.507 0.206 0.300 0.236 0.121 0.126 0.337 0.465 0.311 0.390 0.529 0.245 0.062 0.255 0.258 0.346 0.077 0.080 0.486 0.478 0.381 0.324 0.125 0.228 0.272 0.395 0.428 0.182 0.047 0.248)  0.090 0.094 0.095 0.102 0.100 0.113 0.104 0.094 0.115 0.112 0.113 0.115 0.107 0.088 0.100 0.097 0.085 0.142 0.120 0.107 0.102 0.089 0.109 0.114 0.132 0.118 0.124 0.107 0.098 0.098 0.096 0.130 0.096 0.094 0.122 0.117 0.094 0.107 0.106 0.107 0.127 0.135 0.099 0.116 0.109 0.086 0.100 0.110 0.094 0.107 0.123 0.108 0.116 0.101 0.103 0.142 0.094 0.091 0.096 0.092 0.099 0.122 0.098 0.115 0.108 0.090 0.092 0.098 0.101 0.106 0.092 0.092 0.078 0.091 0.081 0.098 0.064 0.088 0.084 0.080 0.090 0.097 0.107 0.119 0.092 0.102 0.103 0.097 0.094 0.098 0.103 0.101 0.111 0.102 0.111 0.097 0.104 0.115 0.105 0.087 0.089 0.107 0.076 0.082 0.088 0.078 0.085 0.104 0.089 0.065 0.060 0.048 0.062 0.051 0.063 0.081 0.067 0.051 0.060 0.053 0.031 0.060 0.123 0.091 0.098 0.088 0.067 0.084 0.075 0.116 0.107 0.114 0.138 0.119 0.138 0.149 0.159 0.153 0.135 0.190 0.135 0.158 0.141 0.168 0.134 0.151 0.138 0.166 0.165 0.114 0.136 0.155)  0.053 0.064 0.042 0.097 0.063 0.070 0.072 0.055 0.114 0.100 0.082 0.058 0.028 0.024 0.028 0.028 0.029 0.062 0.072 0.064 0.088 0.046 0.035 0.031 0.059 0.085 0.029 0.027 0.024 0.026 0.029 0.058 0.038 0.044 0.082 0.049 0.028 0.030 0.034 0.036 0.047 0.060 0.036 0.044 0.042 0.057 0.057 0.046 0.044 0.058 0.051 0.045 0.080 0.042 0.031 0.049 0.032 0.033 0.044 0.033 0.058 0.060 0.043 0.039 0.035 0.041 0.105 0.080 0.029 0.028 0.024 0.027 0.024 0.039 0.023 0.033 0.043 0.036 0.025 0.026 0.028 0.039 0.032 0.032 0.050 0.040 0.038 0.065 0.047 0.054 0.182 0.118 0.190 0.186 0.209 0.126 0.058 0.106 0.104 0.069 0.129 0.149 0.079 0.108 0.280 0.134 0.204 0.113 0.173 0.076 0.104 0.253 0.035 0.173 0.107 0.136 0.228 0.172 0.070 0.116 0.084 0.095 0.053 0.071 0.029 0.043 0.060 0.155 0.119 0.059 0.073 0.054 0.042 0.033 0.102 0.090 0.122 0.074 0.040 0.066 0.043 0.064 0.057 0.070 0.059 0.066 0.051 0.060 0.063 0.040 0.091 0.075)  0.285 0.287 0.268 0.218 0.237 0.246 0.283 0.277 0.237 0.248 0.274 0.297 0.201 0.249 0.247 0.219 0.197 0.250 0.228 0.222 0.266 0.220 0.210 0.249 0.248 0.256 0.165 0.182 0.204 0.240 0.228 0.240 0.232 0.238 0.203 0.202 0.247 0.201 0.214 0.208 0.251 0.249 0.220 0.258 0.264 0.320 0.227 0.264 0.294 0.257 0.277 0.278 0.288 0.229 0.190 0.240 0.205 0.217 0.189 0.234 0.244 0.241 0.240 0.245 0.224 0.248 0.252 0.252 0.174 0.213 0.197 0.201 0.177 0.209 0.228 0.241 0.238 0.207 0.253 0.252 0.251 0.291 0.230 0.278 0.270 0.265 0.265 0.301 0.239 0.257 0.206 0.256 0.223 0.212 0.208 0.257 0.229 0.226 0.230 0.230 0.266 0.232 0.231 0.239 0.218 0.269 0.271 0.225 0.292 0.315 0.426 0.359 0.310 0.280 0.227 0.331 0.295 0.329 0.334 0.236 0.284 0.240 0.180 0.340 0.190 0.265 0.277 0.236 0.160 0.204 0.221 0.218 0.183 0.244 0.218 0.197 0.210 0.212 0.168 0.209 0.164 0.182 0.160 0.180 0.195 0.220 0.229 0.209 0.213 0.184 0.218 0.189)  0.023 0.020 0.021 0.025 0.024 0.014 0.018 0.019 0.014 0.015 0.016 0.017 0.018 0.021 0.022 0.018 0.021 0.020 0.029 0.022 0.023 0.022 0.020 0.019 0.019 0.020 0.022 0.019 0.020 0.022 0.018 0.020 0.023 0.026 0.020 0.019 0.024 0.022 0.021 0.019 0.016 0.020 0.021 0.022 0.021 0.020 0.015 0.022 0.022 0.027 0.021 0.022 0.015 0.026 0.023 0.021 0.021 0.024 0.022 0.021 0.026 0.021 0.026 0.028 0.023 0.022 0.018 0.023 0.020 0.023 0.023 0.026 0.024 0.025 0.026 0.022 0.026 0.023 0.019 0.028 0.021 0.019 0.023 0.018 0.022 0.019 0.019 0.025 0.020 0.017 0.016 0.020 0.016 0.025 0.017 0.016 0.019 0.021 0.022 0.016 0.018 0.016 0.020 0.014 0.015 0.027 0.015 0.018 0.019 0.020 0.045 0.028 0.021 0.025 0.021 0.026 0.018 0.020 0.041 0.027 0.015 0.020 0.018 0.021 0.017 0.018 0.026 0.014 0.026 0.020 0.020 0.018 0.014 0.016 0.020 0.014 0.014 0.019 0.017 0.020 0.014 0.015 0.015 0.016 0.022 0.018 0.019 0.020 0.019 0.024 0.022 0.018)  0.074 0.069 0.068 0.069 0.073 0.060 0.067 0.067 0.080 0.055 0.059 0.063 0.073 0.075 0.085 0.079 0.082 0.062 0.073 0.074 0.070 0.082 0.077 0.071 0.069 0.070 0.075 0.065 0.080 0.068 0.072 0.073 0.077 0.075 0.072 0.078 0.070 0.070 0.081 0.072 0.058 0.055 0.073 0.064 0.071 0.066 0.064 0.068 0.078 0.085 0.070 0.070 0.058 0.067 0.109 0.067 0.079 0.085 0.084 0.078 0.082 0.070 0.094 0.090 0.085 0.090 0.067 0.071 0.097 0.083 0.088 0.083 0.091 0.084 0.096 0.090 0.084 0.089 0.077 0.111 0.086 0.070 0.067 0.067 0.075 0.074 0.059 0.074 0.076 0.065 0.070 0.061 0.054 0.070 0.056 0.056 0.097 0.071 0.070 0.064 0.059 0.055 0.067 0.061 0.055 0.061 0.059 0.063 0.072 0.076 0.078 0.050 0.108 0.088 0.061 0.084 0.063 0.088 0.096 0.094 0.059 0.086 0.059 0.084 0.074 0.073 0.068 0.042 0.058 0.081 0.072 0.088 0.045 0.060 0.067 0.056 0.053 0.062 0.061 0.068 0.053 0.060 0.058 0.058 0.077 0.060 0.072 0.062 0.069 0.069 0.073 0.063)  0.349 0.409 0.155 0.042 0.191 0.122 0.046 0.307 0.373 0.252 0.210 0.100 0.246 0.235 0.131 0.044 0.386 0.396 0.257 0.341 0.390 0.184 0.054 0.187 0.211 0.327 0.059 0.049 0.195 0.261 0.406 0.427 0.183 0.324 0.438 0.315 0.246 0.117 0.075 0.330 0.427 0.413 0.303 0.216 0.090 0.037 0.346 0.151 0.038 0.154 0.204 0.353 0.380 0.130 0.482 0.382 0.181 0.067 0.194 0.288 0.365 0.286 0.263 0.129 0.060 0.303 0.411 0.268 0.277 0.230 0.124 0.056 0.380 0.493 0.377 0.364 0.502 0.155 0.054 0.213 0.286 0.353 0.459 0.406 0.272 0.206 0.086 0.039 0.343 0.139 0.033 0.145 0.170 0.292 0.327 0.117 0.063 0.044 0.199 0.266 0.303 0.364 0.158 0.290 0.283 0.211 0.183 0.085 0.042 0.297 0.061 0.044 0.348 0.356 0.369 0.206 0.114 0.181 0.294 0.414 0.504 0.243 0.060 0.186 0.294 0.277 0.379 0.342 0.225 0.055 0.194 0.119 0.048 0.282 0.393 0.240 0.184 0.134 0.503 0.367 0.105 0.044 0.188 0.183 0.388 0.258 0.218 0.088 0.042 0.387 0.412 0.253)  
position: (0.267 0.367 0.252 0.124 0.129 0.127 0.128 0.243 0.436 0.283 0.131 0.120 0.192 0.193 0.161 0.189 0.187 0.425 0.248 0.297 0.385 0.222 0.114 0.123 0.128 0.303 0.181 0.161 0.167 0.158 0.230 0.361 0.200 0.215 0.361 0.223 0.163 0.160 0.129 0.227 0.384 0.407 0.242 0.161 0.153 0.151 0.240 0.237 0.143 0.138 0.148 0.260 0.435 0.215 0.283 0.416 0.236 0.168 0.153 0.149 0.243 0.216 0.148 0.137 0.190 0.266 0.379 0.228 0.173 0.193 0.196 0.175 0.183 0.281 0.178 0.260 0.271 0.256 0.160 0.121 0.137 0.269 0.338 0.387 0.235 0.161 0.136 0.089 0.233 0.235 0.098 0.114 0.123 0.305 0.483 0.273 0.131 0.126 0.106 0.155 0.331 0.470 0.249 0.270 0.546 0.295 0.105 0.124 0.098 0.244 0.071 0.085 0.162 0.440 0.212 0.080 0.076 0.075 0.061 0.171 0.316 0.171 0.142 0.094 0.189 0.137 0.303 0.515 0.290 0.146 0.132 0.148 0.218 0.205 0.414 0.296 0.129 0.122 0.333 0.442 0.270 0.126 0.126 0.152 0.280 0.207 0.138 0.113 0.122 0.214 0.374 0.208)  0.188 0.224 0.175 0.147 0.170 0.165 0.133 0.176 0.191 0.196 0.198 0.158 0.213 0.182 0.148 0.162 0.214 0.180 0.211 0.210 0.224 0.199 0.175 0.191 0.231 0.199 0.160 0.175 0.181 0.200 0.227 0.212 0.192 0.187 0.202 0.225 0.196 0.197 0.152 0.187 0.190 0.180 0.222 0.200 0.148 0.122 0.166 0.162 0.136 0.163 0.191 0.200 0.185 0.196 0.234 0.202 0.203 0.143 0.186 0.170 0.215 0.231 0.155 0.125 0.122 0.183 0.210 0.221 0.203 0.200 0.163 0.158 0.212 0.225 0.203 0.197 0.228 0.186 0.153 0.146 0.167 0.205 0.203 0.207 0.220 0.208 0.190 0.123 0.160 0.193 0.117 0.156 0.192 0.196 0.190 0.163 0.133 0.134 0.160 0.177 0.161 0.166 0.175 0.174 0.171 0.167 0.138 0.149 0.092 0.187 0.067 0.061 0.172 0.205 0.179 0.111 0.075 0.076 0.081 0.187 0.179 0.159 0.155 0.125 0.183 0.162 0.165 0.143 0.138 0.144 0.170 0.173 0.110 0.166 0.193 0.251 0.234 0.156 0.164 0.191 0.194 0.133 0.230 0.294 0.218 0.253 0.230 0.164 0.122 0.172 0.214 0.260)  0.263 0.143 0.159 0.176 0.282 0.262 0.149 0.133 0.119 0.286 0.417 0.261 0.292 0.336 0.231 0.164 0.180 0.131 0.286 0.218 0.128 0.165 0.205 0.294 0.378 0.239 0.184 0.215 0.252 0.331 0.234 0.140 0.180 0.169 0.149 0.244 0.342 0.232 0.188 0.174 0.126 0.122 0.236 0.377 0.283 0.140 0.164 0.166 0.151 0.306 0.405 0.257 0.132 0.194 0.153 0.125 0.171 0.172 0.234 0.336 0.246 0.283 0.365 0.243 0.153 0.148 0.134 0.285 0.272 0.315 0.224 0.181 0.180 0.182 0.271 0.240 0.177 0.167 0.176 0.277 0.347 0.255 0.151 0.147 0.287 0.369 0.259 0.186 0.170 0.181 0.174 0.325 0.476 0.279 0.107 0.147 0.166 0.158 0.298 0.354 0.277 0.114 0.158 0.148 0.102 0.330 0.531 0.306 0.123 0.130 0.087 0.071 0.103 0.138 0.261 0.546 0.345 0.307 0.491 0.338 0.210 0.164 0.210 0.377 0.279 0.367 0.230 0.091 0.185 0.174 0.243 0.267 0.201 0.166 0.135 0.227 0.414 0.307 0.132 0.122 0.199 0.219 0.262 0.328 0.214 0.294 0.361 0.299 0.184 0.189 0.145 0.272)  0.146 0.144 0.270 0.397 0.269 0.299 0.439 0.273 0.122 0.122 0.129 0.323 0.153 0.150 0.282 0.325 0.257 0.131 0.134 0.144 0.129 0.238 0.335 0.223 0.137 0.133 0.302 0.298 0.239 0.148 0.157 0.136 0.262 0.254 0.142 0.152 0.152 0.259 0.333 0.240 0.149 0.174 0.154 0.131 0.276 0.442 0.291 0.288 0.410 0.260 0.134 0.143 0.125 0.259 0.167 0.125 0.235 0.318 0.252 0.167 0.153 0.130 0.174 0.309 0.342 0.228 0.130 0.139 0.201 0.161 0.234 0.294 0.218 0.174 0.192 0.173 0.168 0.222 0.342 0.283 0.189 0.148 0.160 0.141 0.133 0.146 0.290 0.439 0.268 0.272 0.471 0.287 0.111 0.115 0.112 0.304 0.372 0.424 0.271 0.148 0.128 0.122 0.254 0.271 0.095 0.117 0.118 0.294 0.533 0.273 0.577 0.638 0.338 0.107 0.102 0.137 0.353 0.383 0.169 0.155 0.167 0.264 0.336 0.247 0.158 0.156 0.157 0.111 0.222 0.356 0.291 0.259 0.351 0.310 0.126 0.116 0.108 0.268 0.190 0.122 0.227 0.385 0.237 0.123 0.160 0.119 0.137 0.301 0.422 0.254 0.125 0.129)  0.135 0.121 0.144 0.155 0.149 0.148 0.151 0.175 0.132 0.114 0.125 0.139 0.149 0.140 0.178 0.160 0.161 0.134 0.121 0.131 0.133 0.176 0.170 0.170 0.126 0.126 0.174 0.151 0.162 0.163 0.152 0.151 0.167 0.176 0.147 0.156 0.146 0.152 0.198 0.172 0.152 0.116 0.146 0.131 0.141 0.144 0.139 0.147 0.161 0.132 0.122 0.139 0.123 0.136 0.162 0.132 0.155 0.198 0.175 0.178 0.144 0.139 0.157 0.187 0.193 0.175 0.147 0.127 0.151 0.131 0.183 0.191 0.206 0.138 0.156 0.131 0.156 0.170 0.169 0.173 0.161 0.123 0.148 0.117 0.126 0.116 0.125 0.163 0.169 0.119 0.141 0.119 0.099 0.106 0.107 0.113 0.198 0.159 0.165 0.165 0.103 0.128 0.164 0.137 0.086 0.090 0.108 0.127 0.154 0.166 0.198 0.145 0.225 0.111 0.246 0.125 0.152 0.160 0.199 0.150 0.128 0.242 0.158 0.157 0.191 0.178 0.145 0.140 0.165 0.179 0.163 0.152 0.120 0.152 0.131 0.111 0.115 0.147 0.181 0.122 0.110 0.137 0.145 0.103 0.127 0.127 0.134 0.122 0.150 0.172 0.143 0.131)  
speed: (0.117 0.127 0.104 0.115 0.110 0.114 0.112 0.128 0.153 0.142 0.148 0.151 0.012 0.030 0.029 0.027 0.023 0.044 0.055 0.042 0.059 0.037 0.061 0.070 0.076 0.076 0.011 0.026 0.023 0.035 0.025 0.023 0.011 0.023 0.012 0.023 0.069 0.028 0.029 0.028 0.058 0.070 0.038 0.040 0.035 0.079 0.057 0.025 0.047 0.040 0.035 0.045 0.049 0.029 0.062 0.036 0.008 0.086 0.029 0.034 0.016 0.016 0.005 0.036 0.029 0.011 0.035 0.041 0.005 0.033 0.038 0.043 0.012 0.040 0.028 0.026 0.067 0.058 0.085 0.073 0.049 0.071 0.054 0.095 0.128 0.134 0.187 0.164 0.125 0.122 0.178 0.159 0.179 0.185 0.161 0.162 0.096 0.096 0.154 0.153 0.261 0.187 0.143 0.192 0.294 0.276 0.276 0.168 0.261 0.198 0.435 0.441 0.155 0.301 0.288 0.253 0.313 0.315 0.254 0.187 0.211 0.198 0.058 0.160 0.136 0.156 0.250 0.390 0.235 0.065 0.087 0.138 0.182 0.151 0.102 0.131 0.139 0.195 0.036 0.029 0.010 0.014 0.025 0.046 0.008 0.011 0.027 0.021 0.011 0.016 0.039 0.058)  0.061 0.064 0.054 0.048 0.051 0.050 0.054 0.060 0.062 0.050 0.051 0.057 0.039 0.074 0.070 0.066 0.055 0.063 0.061 0.058 0.062 0.056 0.051 0.059 0.048 0.062 0.050 0.059 0.055 0.069 0.060 0.074 0.069 0.077 0.069 0.060 0.061 0.059 0.057 0.063 0.087 0.074 0.066 0.071 0.072 0.079 0.082 0.076 0.076 0.078 0.077 0.081 0.088 0.066 0.058 0.068 0.060 0.067 0.057 0.058 0.101 0.094 0.081 0.070 0.070 0.068 0.109 0.132 0.056 0.072 0.059 0.061 0.059 0.100 0.079 0.078 0.080 0.073 0.073 0.083 0.069 0.080 0.065 0.070 0.072 0.066 0.070 0.073 0.057 0.071 0.070 0.064 0.064 0.066 0.074 0.070 0.067 0.086 0.067 0.068 0.058 0.058 0.045 0.061 0.055 0.053 0.072 0.066 0.050 0.050 0.097 0.078 0.129 0.078 0.077 0.066 0.068 0.086 0.102 0.076 0.096 0.080 0.056 0.073 0.163 0.099 0.105 0.133 0.091 0.155 0.133 0.193 0.222 0.198 0.175 0.287 0.321 0.320 0.053 0.135 0.074 0.100 0.057 0.089 0.049 0.073 0.068 0.089 0.090 0.047 0.120 0.096)  0.058 0.070 0.059 0.051 0.056 0.056 0.076 0.065 0.077 0.066 0.079 0.068 0.053 0.059 0.064 0.060 0.064 0.067 0.082 0.063 0.070 0.062 0.051 0.040 0.041 0.068 0.073 0.067 0.061 0.064 0.060 0.127 0.086 0.087 0.121 0.119 0.100 0.071 0.056 0.063 0.143 0.185 0.097 0.100 0.119 0.092 0.077 0.084 0.070 0.080 0.084 0.076 0.105 0.067 0.088 0.137 0.067 0.100 0.103 0.076 0.111 0.136 0.089 0.139 0.104 0.082 0.115 0.149 0.108 0.075 0.068 0.082 0.182 0.235 0.161 0.115 0.194 0.131 0.058 0.071 0.078 0.081 0.086 0.098 0.198 0.123 0.269 0.119 0.083 0.114 0.101 0.106 0.135 0.106 0.095 0.088 0.213 0.231 0.247 0.246 0.127 0.105 0.122 0.168 0.081 0.173 0.160 0.237 0.098 0.087 0.088 0.066 0.097 0.080 0.158 0.140 0.106 0.119 0.125 0.099 0.091 0.101 0.064 0.088 0.272 0.227 0.222 0.182 0.193 0.164 0.202 0.199 0.220 0.148 0.148 0.208 0.171 0.211 0.135 0.282 0.278 0.213 0.288 0.326 0.140 0.171 0.148 0.225 0.161 0.156 0.187 0.291)  0.236 0.216 0.298 0.291 0.297 0.292 0.226 0.220 0.228 0.332 0.306 0.260 0.251 0.133 0.222 0.220 0.326 0.219 0.261 0.246 0.177 0.161 0.453 0.234 0.308 0.201 0.438 0.470 0.396 0.369 0.319 0.198 0.348 0.268 0.164 0.383 0.492 0.443 0.366 0.412 0.294 0.287 0.415 0.242 0.240 0.138 0.154 0.257 0.145 0.214 0.191 0.196 0.114 0.365 0.508 0.332 0.496 0.526 0.461 0.227 0.186 0.263 0.191 0.274 0.267 0.154 0.093 0.188 0.489 0.297 0.394 0.407 0.681 0.582 0.616 0.392 0.590 0.480 0.220 0.249 0.370 0.215 0.435 0.349 0.407 0.438 0.277 0.371 0.426 0.401 0.282 0.273 0.262 0.234 0.216 0.293 0.319 0.226 0.343 0.401 0.321 0.309 0.555 0.390 0.210 0.324 0.182 0.257 0.236 0.261 0.163 0.105 0.370 0.273 0.313 0.219 0.196 0.223 0.275 0.235 0.303 0.325 0.257 0.183 0.376 0.428 0.385 0.292 0.442 0.544 0.378 0.353 0.318 0.481 0.391 0.274 0.200 0.249 0.358 0.172 0.337 0.179 0.281 0.162 0.265 0.223 0.263 0.235 0.224 0.291 0.121 0.179)  0.528 0.524 0.485 0.494 0.487 0.488 0.533 0.528 0.480 0.410 0.415 0.465 0.646 0.704 0.615 0.627 0.532 0.607 0.542 0.591 0.631 0.684 0.384 0.597 0.527 0.594 0.429 0.378 0.465 0.464 0.536 0.577 0.485 0.545 0.634 0.415 0.278 0.399 0.492 0.434 0.418 0.383 0.385 0.548 0.533 0.612 0.630 0.557 0.663 0.588 0.612 0.603 0.645 0.474 0.284 0.427 0.369 0.220 0.349 0.605 0.587 0.492 0.634 0.481 0.530 0.685 0.649 0.490 0.342 0.523 0.442 0.408 0.067 0.043 0.116 0.388 0.070 0.259 0.563 0.524 0.434 0.553 0.359 0.387 0.195 0.239 0.198 0.274 0.309 0.293 0.369 0.398 0.361 0.409 0.455 0.387 0.305 0.361 0.189 0.131 0.233 0.341 0.136 0.189 0.359 0.174 0.311 0.273 0.356 0.404 0.218 0.310 0.249 0.268 0.164 0.322 0.317 0.257 0.244 0.402 0.299 0.296 0.565 0.496 0.054 0.090 0.038 0.002 0.038 0.073 0.199 0.116 0.058 0.022 0.184 0.100 0.169 0.025 0.418 0.381 0.300 0.494 0.349 0.377 0.539 0.522 0.493 0.430 0.514 0.491 0.531 0.375)  
lick: (0.822 0.816 0.787 0.818 0.811 0.789 0.772 0.757 0.763 0.722 0.770 0.761 0.836 0.829 0.844 0.839 0.841 0.844 0.823 0.827 0.800 0.751 0.800 0.742 0.778 0.733 0.866 0.812 0.803 0.811 0.825 0.845 0.788 0.811 0.835 0.798 0.821 0.742 0.832 0.785 0.845 0.823 0.815 0.847 0.832 0.861 0.830 0.822 0.825 0.827 0.821 0.787 0.793 0.724 0.816 0.821 0.799 0.784 0.761 0.792 0.813 0.761 0.772 0.736 0.746 0.759 0.786 0.715 0.802 0.778 0.804 0.796 0.784 0.865 0.824 0.822 0.890 0.781 0.733 0.746 0.795 0.781 0.796 0.833 0.770 0.844 0.795 0.792 0.797 0.782 0.781 0.749 0.749 0.752 0.746 0.738 0.800 0.817 0.801 0.800 0.764 0.754 0.763 0.756 0.687 0.692 0.691 0.726 0.651 0.665 0.805 0.723 0.710 0.771 0.797 0.778 0.741 0.740 0.756 0.784 0.787 0.710 0.870 0.712 0.813 0.824 0.838 0.874 0.913 0.796 0.753 0.779 0.768 0.738 0.742 0.757 0.703 0.675 0.707 0.745 0.701 0.678 0.696 0.687 0.682 0.669 0.687 0.662 0.709 0.688 0.774 0.728)  0.178 0.184 0.213 0.182 0.189 0.211 0.228 0.243 0.237 0.278 0.230 0.239 0.164 0.171 0.156 0.161 0.159 0.156 0.177 0.173 0.200 0.249 0.200 0.258 0.222 0.267 0.134 0.188 0.197 0.189 0.175 0.155 0.212 0.189 0.165 0.202 0.179 0.258 0.168 0.215 0.155 0.177 0.185 0.153 0.168 0.139 0.170 0.178 0.175 0.173 0.179 0.213 0.207 0.276 0.184 0.179 0.201 0.216 0.239 0.208 0.187 0.239 0.228 0.264 0.254 0.241 0.214 0.285 0.198 0.222 0.196 0.204 0.216 0.135 0.176 0.178 0.110 0.219 0.267 0.254 0.205 0.219 0.204 0.167 0.230 0.156 0.205 0.208 0.203 0.218 0.219 0.251 0.251 0.248 0.254 0.262 0.200 0.183 0.199 0.200 0.236 0.246 0.237 0.244 0.313 0.308 0.309 0.274 0.349 0.335 0.195 0.277 0.290 0.229 0.203 0.222 0.259 0.260 0.244 0.216 0.213 0.290 0.130 0.288 0.187 0.176 0.162 0.126 0.087 0.204 0.247 0.221 0.232 0.262 0.258 0.243 0.297 0.325 0.293 0.255 0.299 0.322 0.304 0.313 0.318 0.331 0.313 0.338 0.291 0.312 0.226 0.272)  
reward_zone_location: (0.591 1.000 0.345 0.000 0.000 0.000 0.000 0.619 1.000 0.358 0.000 0.000 0.000 0.000 0.000 0.000 0.659 1.000 0.319 0.611 1.000 0.338 0.000 0.000 0.000 0.626 0.000 0.000 0.000 0.000 0.638 1.000 0.332 0.610 1.000 0.337 0.000 0.000 0.000 0.617 1.000 1.000 0.324 0.000 0.000 0.000 0.647 0.327 0.000 0.000 0.000 0.610 1.000 0.287 1.000 1.000 0.349 0.000 0.000 0.000 0.612 0.336 0.000 0.000 0.000 0.617 1.000 0.327 0.000 0.000 0.000 0.000 0.625 1.000 0.393 0.578 1.000 0.299 0.000 0.000 0.000 0.618 1.000 1.000 0.333 0.000 0.000 0.000 0.644 0.328 0.000 0.000 0.000 0.617 1.000 0.338 0.000 0.000 0.000 0.000 0.607 1.000 0.323 0.620 1.000 0.306 0.000 0.000 0.000 0.639 0.000 0.000 0.591 1.000 0.327 0.000 0.000 0.000 0.000 0.656 1.000 0.338 0.000 0.000 0.000 0.000 0.692 1.000 0.434 0.000 0.000 0.000 0.000 0.504 1.000 0.358 0.000 0.000 1.000 1.000 0.254 0.000 0.000 0.000 0.718 0.276 0.000 0.000 0.000 0.687 1.000 0.224)  0.409 0.000 0.000 0.000 0.630 0.365 0.000 0.000 0.000 0.642 1.000 0.361 1.000 1.000 0.371 0.000 0.000 0.000 0.681 0.389 0.000 0.000 0.000 0.614 1.000 0.374 0.000 0.000 0.640 1.000 0.362 0.000 0.000 0.000 0.000 0.663 1.000 0.358 0.000 0.000 0.000 0.000 0.676 1.000 0.345 0.000 0.000 0.000 0.000 0.628 1.000 0.390 0.000 0.000 0.000 0.000 0.000 0.000 0.587 1.000 0.388 0.664 1.000 0.323 0.000 0.000 0.000 0.673 1.000 1.000 0.329 0.000 0.000 0.000 0.607 0.422 0.000 0.000 0.000 0.650 1.000 0.382 0.000 0.000 0.667 1.000 0.327 0.000 0.000 0.000 0.000 0.607 1.000 0.383 0.000 0.000 0.000 0.000 0.650 1.000 0.393 0.000 0.000 0.000 0.000 0.694 1.000 0.318 0.000 0.000 0.000 0.000 0.000 0.000 0.673 1.000 0.416 0.585 1.000 0.344 0.000 0.000 0.000 0.710 1.000 1.000 0.308 0.000 0.000 0.000 0.610 0.431 0.000 0.000 0.000 0.642 1.000 0.444 0.000 0.000 0.000 0.000 0.635 1.000 0.282 0.724 1.000 0.347 0.000 0.000 0.000 0.776)  0.000 0.000 0.655 1.000 0.370 0.635 1.000 0.381 0.000 0.000 0.000 0.639 0.000 0.000 0.629 1.000 0.341 0.000 0.000 0.000 0.000 0.662 1.000 0.386 0.000 0.000 1.000 1.000 0.360 0.000 0.000 0.000 0.668 0.390 0.000 0.000 0.000 0.642 1.000 0.383 0.000 0.000 0.000 0.000 0.655 1.000 0.353 0.673 1.000 0.372 0.000 0.000 0.000 0.713 0.000 0.000 0.651 1.000 0.413 0.000 0.000 0.000 0.000 0.677 1.000 0.383 0.000 0.000 0.000 0.000 0.671 1.000 0.375 0.000 0.000 0.000 0.000 0.701 1.000 0.350 0.000 0.000 0.000 0.000 0.000 0.000 0.673 1.000 0.356 0.672 1.000 0.393 0.000 0.000 0.000 0.662 1.000 1.000 0.350 0.000 0.000 0.000 0.677 0.380 0.000 0.000 0.000 0.682 1.000 0.361 1.000 1.000 0.409 0.000 0.000 0.000 0.584 0.415 0.000 0.000 0.000 0.662 1.000 0.290 0.000 0.000 0.000 0.000 0.566 1.000 0.390 0.569 1.000 0.496 0.000 0.000 0.000 0.556 0.000 0.000 0.746 1.000 0.365 0.000 0.000 0.000 0.000 0.653 1.000 0.313 0.000 0.000)  
reward_outcome: (0.082 0.244 0.117 0.115 0.180 0.150 0.181 0.105 0.212 0.117 0.185 0.123 0.167 0.112 0.156 0.147 0.123 0.139 0.143 0.231 0.226 0.227 0.157 0.155 0.250 0.175 0.251 0.196 0.143 0.118 0.189 0.151 0.171 0.149 0.256 0.183 0.162 0.233 0.186 0.114 0.172 0.168 0.229 0.195 0.202 0.180 0.125 0.122 0.159 0.231 0.203 0.119 0.158 0.195 0.161 0.203 0.122 0.086 0.148 0.221 0.180 0.167 0.230 0.151 0.211 0.119 0.148 0.212 0.178 0.131 0.142 0.211 0.153 0.187 0.147 0.150 0.149 0.087 0.078 0.173 0.207 0.044 0.158 0.147 0.154 0.205 0.144 0.134 0.111 0.121 0.145 0.191 0.262 0.175 0.147 0.056 0.164 0.188 0.095 0.182 0.130 0.119 0.223 0.117 0.171 0.129 0.120 0.195 0.140 0.195 0.095 0.139 0.106 0.152 0.123 0.148 0.088 0.176 0.163 0.201 0.117 0.168 0.217 0.119 0.173 0.092 0.166 0.115 0.223 0.157 0.138 0.133 0.042 0.161 0.222 0.121 0.123 0.202 0.124 0.182 0.179 0.115 0.154 0.136 0.160 0.095 0.173 0.236 0.132 0.229 0.246 0.169)  0.918 0.756 0.883 0.885 0.820 0.850 0.819 0.895 0.788 0.883 0.815 0.877 0.833 0.888 0.844 0.853 0.877 0.861 0.857 0.769 0.774 0.773 0.843 0.845 0.750 0.825 0.749 0.804 0.857 0.882 0.811 0.849 0.829 0.851 0.744 0.817 0.838 0.767 0.814 0.886 0.828 0.832 0.771 0.805 0.798 0.820 0.875 0.878 0.841 0.769 0.797 0.881 0.842 0.805 0.839 0.797 0.878 0.914 0.852 0.779 0.820 0.833 0.770 0.849 0.789 0.881 0.852 0.788 0.822 0.869 0.858 0.789 0.847 0.813 0.853 0.850 0.851 0.913 0.922 0.827 0.793 0.956 0.842 0.853 0.846 0.795 0.856 0.866 0.889 0.879 0.855 0.809 0.738 0.825 0.853 0.944 0.836 0.812 0.905 0.818 0.870 0.881 0.777 0.883 0.829 0.871 0.880 0.805 0.860 0.805 0.905 0.861 0.894 0.848 0.877 0.852 0.912 0.824 0.837 0.799 0.883 0.832 0.783 0.881 0.827 0.908 0.834 0.885 0.777 0.843 0.862 0.867 0.958 0.839 0.778 0.879 0.877 0.798 0.876 0.818 0.821 0.885 0.846 0.864 0.840 0.905 0.827 0.764 0.868 0.771 0.754 0.831)  
Brain region: CA1: 138244 neurons  
Training on 9552 trials, testing on 2431 trials
Using device: cuda
Using balanced loss with class weights:
  Output 0: [0.03993771 0.09936966 0.13846909 0.04240013 0.49371848 0.14344794
 0.04265701]
  Output 1: [0.17908344 0.22032928 0.16793922 0.17144856 0.2611995 ]
  Output 2: [0.25314686 0.3408655  0.22517453 0.09448455 0.08632857]
  Output 3: [0.22223353 0.77776647]
  Output 4: [0.3327729  0.33259904 0.33462805]
  Output 5: [0.84148973 0.15851025]
Session 82: Using random projection to 2000 of 2278 neurons for SVD initialization
Session 84: Using random projection to 2000 of 2319 neurons for SVD initialization
Session 86: Using random projection to 2000 of 2107 neurons for SVD initialization
Session 89: Using random projection to 2000 of 2312 neurons for SVD initialization
Epoch [1/200], Loss: 2.827605
Epoch [2/200], Loss: 2.774194
Epoch [3/200], Loss: 2.721930
Epoch [4/200], Loss: 2.670386
Epoch [5/200], Loss: 2.619431
Epoch [6/200], Loss: 2.569172
Epoch [7/200], Loss: 2.519729
Epoch [8/200], Loss: 2.471188
Epoch [9/200], Loss: 2.423604
Epoch [10/200], Loss: 2.377013
Epoch [20/200], Loss: 1.978155
Epoch [30/200], Loss: 1.703363
Epoch [40/200], Loss: 1.531160
Epoch [50/200], Loss: 1.428674
Epoch [60/200], Loss: 1.359665
Epoch [70/200], Loss: 1.305572
Epoch [80/200], Loss: 1.260119
Epoch [90/200], Loss: 1.220735
Epoch [100/200], Loss: 1.185230
Epoch [110/200], Loss: 1.152592
Epoch [120/200], Loss: 1.122328
Epoch [130/200], Loss: 1.094085
Epoch [140/200], Loss: 1.067573
Epoch [150/200], Loss: 1.042551
Epoch [160/200], Loss: 1.018846
Epoch [170/200], Loss: 0.996337
Epoch [180/200], Loss: 0.974940
Epoch [190/200], Loss: 0.954600
Epoch [200/200], Loss: 0.935268
Test Loss: 0.798921

Training Balanced Accuracy Scores (chance = 1/num_classes):
  0 (reward_zone_distance): 0.6106  (chance: 0.1429)
  1 (position): 0.6980  (chance: 0.2000)
  2 (speed): 0.6304  (chance: 0.2000)
  3 (lick): 0.7795  (chance: 0.5000)
  4 (reward_zone_location): 0.8913  (chance: 0.3333)
  5 (reward_outcome): 0.7982  (chance: 0.5000)

Validation Balanced Accuracy Scores (chance = 1/num_classes):
  0 (reward_zone_distance): 0.5344  (chance: 0.1429)
  1 (position): 0.6451  (chance: 0.2000)
  2 (speed): 0.5833  (chance: 0.2000)
  3 (lick): 0.7582  (chance: 0.5000)
  4 (reward_zone_location): 0.8542  (chance: 0.3333)
  5 (reward_outcome): 0.5903  (chance: 0.5000)
train_decoder.py finished successfully.
