Data format is valid, no errors or warnings.
Number of sessions: 171
Total number of trials: 43975
Number of trials per session: [39, 190, 151, 188, 155, 166, 112, 172, 225, 242, 180, 234, 176, 230, 129, 251, 267, 195, 293, 315, 285, 260, 307, 293, 312, 228, 338, 396, 397, 293, 409, 271, 302, 270, 381, 293, 146, 213, 145, 185, 254, 263, 268, 286, 274, 263, 228, 279, 265, 279, 231, 290, 251, 327, 329, 246, 184, 280, 270, 189, 387, 378, 267, 189, 334, 200, 215, 279, 324, 372, 343, 200, 304, 252, 291, 230, 307, 291, 347, 206, 288, 149, 250, 186, 323, 339, 220, 380, 232, 356, 362, 205, 330, 368, 307, 300, 263, 79, 348, 257, 117, 334, 173, 379, 363, 81, 373, 105, 338, 117, 378, 248, 286, 209, 370, 279, 257, 92, 309, 265, 138, 287, 216, 239, 196, 394, 217, 181, 107, 269, 189, 224, 258, 365, 291, 305, 215, 229, 205, 147, 338, 162, 336, 230, 334, 317, 349, 314, 354, 319, 319, 318, 95, 180, 286, 288, 249, 218, 259, 211, 271, 262, 227, 266, 225, 269, 318, 251, 255, 131, 131]
Number of subjects: 38
Number of brain regions: 2
Number of sessions per subject:
  Subject 403491: 2 sessions
  Subject 412036: 3 sessions
  Subject 412366: 4 sessions
  Subject 421136: 3 sessions
  Subject 423606: 4 sessions
  Subject 425493: 3 sessions
  Subject 425496: 4 sessions
  Subject 429952: 4 sessions
  Subject 431023: 4 sessions
  Subject 431252: 5 sessions
  Subject 436662: 4 sessions
  Subject 440298: 3 sessions
  Subject 442709: 4 sessions
  Subject 445002: 4 sessions
  Subject 445270: 6 sessions
  Subject 447663: 5 sessions
  Subject 448900: 5 sessions
  Subject 449441: 4 sessions
  Subject 450471: 7 sessions
  Subject 453913: 3 sessions
  Subject 456564: 6 sessions
  Subject 456916: 4 sessions
  Subject 456917: 4 sessions
  Subject 457766: 9 sessions
  Subject 457841: 6 sessions
  Subject 459773: 4 sessions
  Subject 459777: 4 sessions
  Subject 467302: 4 sessions
  Subject 468866: 7 sessions
  Subject 479426: 4 sessions
  Subject 495789: 4 sessions
  Subject 523927: 4 sessions
  Subject 524274: 5 sessions
  Subject 533527: 5 sessions
  Subject 538219: 5 sessions
  Subject 544261: 5 sessions
  Subject 546819: 5 sessions
  Subject 549976: 5 sessions
Input dimension: 0
Output dimension: 5
Summary statistics (across all sessions):
  T: mean: 60.00, median: 60.00, min: 60, max: 60
  n_neurons: mean: 170.57', min: 6, max: 666
  Input range:
  Output range:
    image_identity: [0.0, 16.0]
    image_change: [0.0, 1.0]
    running_speed_bin: [0.0, 4.0]
    pupil_diameter_bin: [0.0, 4.0]
    trial_outcome: [0.0, 3.0]
  Unique outputs per dimension (fraction of data):
    image_identity: {im000 (0.058), im031 (0.059), im035 (0.058), im045 (0.058), im054 (0.058), im061 (0.063), im062 (0.063), im063 (0.063), im065 (0.062), im066 (0.063), im069 (0.063), im073 (0.058), im075 (0.059), im077 (0.062), im085 (0.063), im106 (0.058), omitted (0.032)}
    image_change: {no_change (0.883), change (0.117)}
    running_speed_bin: {speed_quintile_1 (0.200), speed_quintile_2 (0.200), speed_quintile_3 (0.200), speed_quintile_4 (0.200), speed_quintile_5 (0.200)}
    pupil_diameter_bin: {pupil_quintile_1 (0.200), pupil_quintile_2 (0.200), pupil_quintile_3 (0.200), pupil_quintile_4 (0.200), pupil_quintile_5 (0.200)}
    trial_outcome: {hit (0.317), miss (0.558), false_alarm (0.019), correct_reject (0.106)}
  Brain region distribution:
    VISl: 162 neurons
    VISp: 29006 neurons

Per-session statistics:
  Mean T: 60.0, 60.0, 60.0, 60.0, 60.0, 60.0, 60.0, 60.0, 60.0, 60.0, 60.0, 60.0, 60.0, 60.0, 60.0, 60.0, 60.0, 60.0, 60.0, 60.0, 60.0, 60.0, 60.0, 60.0, 60.0, 60.0, 60.0, 60.0, 60.0, 60.0, 60.0, 60.0, 60.0, 60.0, 60.0, 60.0, 60.0, 60.0, 60.0, 60.0, 60.0, 60.0, 60.0, 60.0, 60.0, 60.0, 60.0, 60.0, 60.0, 60.0, 60.0, 60.0, 60.0, 60.0, 60.0, 60.0, 60.0, 60.0, 60.0, 60.0, 60.0, 60.0, 60.0, 60.0, 60.0, 60.0, 60.0, 60.0, 60.0, 60.0, 60.0, 60.0, 60.0, 60.0, 60.0, 60.0, 60.0, 60.0, 60.0, 60.0, 60.0, 60.0, 60.0, 60.0, 60.0, 60.0, 60.0, 60.0, 60.0, 60.0, 60.0, 60.0, 60.0, 60.0, 60.0, 60.0, 60.0, 60.0, 60.0, 60.0, 60.0, 60.0, 60.0, 60.0, 60.0, 60.0, 60.0, 60.0, 60.0, 60.0, 60.0, 60.0, 60.0, 60.0, 60.0, 60.0, 60.0, 60.0, 60.0, 60.0, 60.0, 60.0, 60.0, 60.0, 60.0, 60.0, 60.0, 60.0, 60.0, 60.0, 60.0, 60.0, 60.0, 60.0, 60.0, 60.0, 60.0, 60.0, 60.0, 60.0, 60.0, 60.0, 60.0, 60.0, 60.0, 60.0, 60.0, 60.0, 60.0, 60.0, 60.0, 60.0, 60.0, 60.0, 60.0, 60.0, 60.0, 60.0, 60.0, 60.0, 60.0, 60.0, 60.0, 60.0, 60.0, 60.0, 60.0, 60.0, 60.0, 60.0, 60.0
  Min T: 60, 60, 60, 60, 60, 60, 60, 60, 60, 60, 60, 60, 60, 60, 60, 60, 60, 60, 60, 60, 60, 60, 60, 60, 60, 60, 60, 60, 60, 60, 60, 60, 60, 60, 60, 60, 60, 60, 60, 60, 60, 60, 60, 60, 60, 60, 60, 60, 60, 60, 60, 60, 60, 60, 60, 60, 60, 60, 60, 60, 60, 60, 60, 60, 60, 60, 60, 60, 60, 60, 60, 60, 60, 60, 60, 60, 60, 60, 60, 60, 60, 60, 60, 60, 60, 60, 60, 60, 60, 60, 60, 60, 60, 60, 60, 60, 60, 60, 60, 60, 60, 60, 60, 60, 60, 60, 60, 60, 60, 60, 60, 60, 60, 60, 60, 60, 60, 60, 60, 60, 60, 60, 60, 60, 60, 60, 60, 60, 60, 60, 60, 60, 60, 60, 60, 60, 60, 60, 60, 60, 60, 60, 60, 60, 60, 60, 60, 60, 60, 60, 60, 60, 60, 60, 60, 60, 60, 60, 60, 60, 60, 60, 60, 60, 60, 60, 60, 60, 60, 60, 60
  Max T: 60, 60, 60, 60, 60, 60, 60, 60, 60, 60, 60, 60, 60, 60, 60, 60, 60, 60, 60, 60, 60, 60, 60, 60, 60, 60, 60, 60, 60, 60, 60, 60, 60, 60, 60, 60, 60, 60, 60, 60, 60, 60, 60, 60, 60, 60, 60, 60, 60, 60, 60, 60, 60, 60, 60, 60, 60, 60, 60, 60, 60, 60, 60, 60, 60, 60, 60, 60, 60, 60, 60, 60, 60, 60, 60, 60, 60, 60, 60, 60, 60, 60, 60, 60, 60, 60, 60, 60, 60, 60, 60, 60, 60, 60, 60, 60, 60, 60, 60, 60, 60, 60, 60, 60, 60, 60, 60, 60, 60, 60, 60, 60, 60, 60, 60, 60, 60, 60, 60, 60, 60, 60, 60, 60, 60, 60, 60, 60, 60, 60, 60, 60, 60, 60, 60, 60, 60, 60, 60, 60, 60, 60, 60, 60, 60, 60, 60, 60, 60, 60, 60, 60, 60, 60, 60, 60, 60, 60, 60, 60, 60, 60, 60, 60, 60, 60, 60, 60, 60, 60, 60
  n_neurons: 89, 142, 208, 27, 199, 221, 45, 190, 49, 39, 22, 251, 194, 286, 46, 196, 302, 200, 212, 164, 122, 436, 167, 410, 504, 110, 483, 29, 22, 157, 20, 161, 162, 146, 13, 143, 136, 429, 426, 556, 48, 537, 151, 188, 209, 123, 120, 242, 125, 233, 127, 64, 209, 49, 62, 151, 184, 63, 171, 108, 156, 175, 65, 98, 557, 77, 85, 604, 666, 469, 556, 52, 415, 83, 511, 98, 457, 463, 516, 81, 490, 85, 242, 83, 482, 164, 230, 115, 254, 134, 560, 245, 158, 504, 558, 197, 194, 18, 95, 180, 23, 69, 120, 88, 39, 9, 381, 12, 354, 14, 451, 17, 392, 88, 363, 14, 360, 340, 67, 34, 549, 78, 422, 43, 37, 13, 11, 15, 18, 511, 438, 517, 555, 13, 9, 9, 6, 22, 20, 18, 18, 16, 10, 8, 7, 7, 10, 18, 36, 13, 37, 30, 20, 21, 29, 18, 18, 25, 23, 26, 23, 20, 22, 21, 18, 10, 15, 10, 13, 17, 20
  Input range:
  Output range:
    0: [5.0, 16.0] [0.0, 16.0] [5.0, 16.0] [5.0, 16.0] [5.0, 16.0] [0.0, 16.0] [5.0, 16.0] [0.0, 16.0] [0.0, 16.0] [5.0, 16.0] [0.0, 16.0] [5.0, 16.0] [5.0, 16.0] [5.0, 16.0] [0.0, 16.0] [0.0, 16.0] [0.0, 16.0] [0.0, 16.0] [0.0, 16.0] [0.0, 16.0] [0.0, 16.0] [5.0, 16.0] [5.0, 16.0] [5.0, 16.0] [0.0, 16.0] [5.0, 16.0] [0.0, 16.0] [5.0, 16.0] [0.0, 16.0] [5.0, 16.0] [0.0, 16.0] [5.0, 16.0] [0.0, 16.0] [0.0, 16.0] [5.0, 16.0] [0.0, 16.0] [5.0, 16.0] [5.0, 16.0] [5.0, 16.0] [0.0, 16.0] [0.0, 16.0] [0.0, 16.0] [0.0, 16.0] [5.0, 16.0] [5.0, 16.0] [5.0, 16.0] [5.0, 16.0] [5.0, 16.0] [0.0, 16.0] [0.0, 16.0] [0.0, 16.0] [5.0, 16.0] [0.0, 16.0] [0.0, 16.0] [0.0, 16.0] [0.0, 16.0] [5.0, 16.0] [5.0, 16.0] [0.0, 16.0] [5.0, 16.0] [0.0, 16.0] [5.0, 16.0] [5.0, 16.0] [5.0, 16.0] [5.0, 16.0] [5.0, 16.0] [5.0, 16.0] [5.0, 16.0] [5.0, 16.0] [0.0, 16.0] [0.0, 16.0] [5.0, 16.0] [5.0, 16.0] [0.0, 16.0] [0.0, 16.0] [0.0, 16.0] [0.0, 16.0] [0.0, 16.0] [5.0, 16.0] [5.0, 16.0] [5.0, 16.0] [5.0, 16.0] [5.0, 16.0] [0.0, 16.0] [0.0, 16.0] [5.0, 16.0] [5.0, 16.0] [5.0, 16.0] [0.0, 16.0] [0.0, 16.0] [0.0, 16.0] [0.0, 16.0] [0.0, 16.0] [0.0, 16.0] [0.0, 16.0] [5.0, 16.0] [5.0, 16.0] [5.0, 16.0] [5.0, 16.0] [0.0, 16.0] [5.0, 16.0] [5.0, 16.0] [0.0, 16.0] [0.0, 16.0] [0.0, 16.0] [5.0, 16.0] [5.0, 16.0] [5.0, 16.0] [5.0, 16.0] [5.0, 16.0] [5.0, 16.0] [0.0, 16.0] [5.0, 16.0] [5.0, 16.0] [5.0, 16.0] [0.0, 16.0] [5.0, 16.0] [5.0, 16.0] [5.0, 16.0] [5.0, 16.0] [0.0, 16.0] [0.0, 16.0] [0.0, 16.0] [5.0, 16.0] [0.0, 16.0] [5.0, 16.0] [5.0, 16.0] [0.0, 16.0] [0.0, 16.0] [5.0, 16.0] [5.0, 16.0] [0.0, 16.0] [0.0, 16.0] [5.0, 16.0] [5.0, 16.0] [0.0, 16.0] [0.0, 16.0] [5.0, 16.0] [5.0, 16.0] [5.0, 16.0] [0.0, 16.0] [0.0, 16.0] [5.0, 16.0] [5.0, 16.0] [5.0, 16.0] [0.0, 16.0] [0.0, 16.0] [5.0, 16.0] [5.0, 16.0] [0.0, 16.0] [0.0, 16.0] [5.0, 16.0] [5.0, 16.0] [5.0, 16.0] [5.0, 16.0] [5.0, 16.0] [0.0, 16.0] [0.0, 16.0] [0.0, 16.0] [0.0, 16.0] [0.0, 16.0] [5.0, 16.0] [5.0, 16.0] [5.0, 16.0] [0.0, 16.0] [5.0, 16.0] [0.0, 16.0] [5.0, 16.0] [0.0, 16.0] [0.0, 16.0] [0.0, 16.0] 
    1: [0.0, 1.0] [0.0, 1.0] [0.0, 1.0] [0.0, 1.0] [0.0, 1.0] [0.0, 1.0] [0.0, 1.0] [0.0, 1.0] [0.0, 1.0] [0.0, 1.0] [0.0, 1.0] [0.0, 1.0] [0.0, 1.0] [0.0, 1.0] [0.0, 1.0] [0.0, 1.0] [0.0, 1.0] [0.0, 1.0] [0.0, 1.0] [0.0, 1.0] [0.0, 1.0] [0.0, 1.0] [0.0, 1.0] [0.0, 1.0] [0.0, 1.0] [0.0, 1.0] [0.0, 1.0] [0.0, 1.0] [0.0, 1.0] [0.0, 1.0] [0.0, 1.0] [0.0, 1.0] [0.0, 1.0] [0.0, 1.0] [0.0, 1.0] [0.0, 1.0] [0.0, 1.0] [0.0, 1.0] [0.0, 1.0] [0.0, 1.0] [0.0, 1.0] [0.0, 1.0] [0.0, 1.0] [0.0, 1.0] [0.0, 1.0] [0.0, 1.0] [0.0, 1.0] [0.0, 1.0] [0.0, 1.0] [0.0, 1.0] [0.0, 1.0] [0.0, 1.0] [0.0, 1.0] [0.0, 1.0] [0.0, 1.0] [0.0, 1.0] [0.0, 1.0] [0.0, 1.0] [0.0, 1.0] [0.0, 1.0] [0.0, 1.0] [0.0, 1.0] [0.0, 1.0] [0.0, 1.0] [0.0, 1.0] [0.0, 1.0] [0.0, 1.0] [0.0, 1.0] [0.0, 1.0] [0.0, 1.0] [0.0, 1.0] [0.0, 1.0] [0.0, 1.0] [0.0, 1.0] [0.0, 1.0] [0.0, 1.0] [0.0, 1.0] [0.0, 1.0] [0.0, 1.0] [0.0, 1.0] [0.0, 1.0] [0.0, 1.0] [0.0, 1.0] [0.0, 1.0] [0.0, 1.0] [0.0, 1.0] [0.0, 1.0] [0.0, 1.0] [0.0, 1.0] [0.0, 1.0] [0.0, 1.0] [0.0, 1.0] [0.0, 1.0] [0.0, 1.0] [0.0, 1.0] [0.0, 1.0] [0.0, 1.0] [0.0, 1.0] [0.0, 1.0] [0.0, 1.0] [0.0, 1.0] [0.0, 1.0] [0.0, 1.0] [0.0, 1.0] [0.0, 1.0] [0.0, 1.0] [0.0, 1.0] [0.0, 1.0] [0.0, 1.0] [0.0, 1.0] [0.0, 1.0] [0.0, 1.0] [0.0, 1.0] [0.0, 1.0] [0.0, 1.0] [0.0, 1.0] [0.0, 1.0] [0.0, 1.0] [0.0, 1.0] [0.0, 1.0] [0.0, 1.0] [0.0, 1.0] [0.0, 1.0] [0.0, 1.0] [0.0, 1.0] [0.0, 1.0] [0.0, 1.0] [0.0, 1.0] [0.0, 1.0] [0.0, 1.0] [0.0, 1.0] [0.0, 1.0] [0.0, 1.0] [0.0, 1.0] [0.0, 1.0] [0.0, 1.0] [0.0, 1.0] [0.0, 1.0] [0.0, 1.0] [0.0, 1.0] [0.0, 1.0] [0.0, 1.0] [0.0, 1.0] [0.0, 1.0] [0.0, 1.0] [0.0, 1.0] [0.0, 1.0] [0.0, 1.0] [0.0, 1.0] [0.0, 1.0] [0.0, 1.0] [0.0, 1.0] [0.0, 1.0] [0.0, 1.0] [0.0, 1.0] [0.0, 1.0] [0.0, 1.0] [0.0, 1.0] [0.0, 1.0] [0.0, 1.0] [0.0, 1.0] [0.0, 1.0] [0.0, 1.0] [0.0, 1.0] [0.0, 1.0] [0.0, 1.0] [0.0, 1.0] [0.0, 1.0] [0.0, 1.0] [0.0, 1.0] [0.0, 1.0] 
    2: [0.0, 4.0] [0.0, 4.0] [0.0, 4.0] [0.0, 4.0] [0.0, 4.0] [0.0, 4.0] [0.0, 4.0] [0.0, 4.0] [0.0, 4.0] [0.0, 4.0] [0.0, 4.0] [0.0, 4.0] [0.0, 4.0] [0.0, 4.0] [0.0, 4.0] [0.0, 4.0] [0.0, 4.0] [0.0, 4.0] [0.0, 4.0] [0.0, 4.0] [0.0, 4.0] [0.0, 4.0] [0.0, 4.0] [0.0, 4.0] [0.0, 4.0] [0.0, 4.0] [0.0, 4.0] [0.0, 4.0] [0.0, 4.0] [0.0, 4.0] [0.0, 4.0] [0.0, 4.0] [0.0, 4.0] [0.0, 4.0] [0.0, 4.0] [0.0, 4.0] [0.0, 4.0] [0.0, 4.0] [0.0, 4.0] [0.0, 4.0] [0.0, 4.0] [0.0, 4.0] [0.0, 4.0] [0.0, 4.0] [0.0, 4.0] [0.0, 4.0] [0.0, 4.0] [0.0, 4.0] [0.0, 4.0] [0.0, 4.0] [0.0, 4.0] [0.0, 4.0] [0.0, 4.0] [0.0, 4.0] [0.0, 4.0] [0.0, 4.0] [0.0, 4.0] [0.0, 4.0] [0.0, 4.0] [0.0, 4.0] [0.0, 4.0] [0.0, 4.0] [0.0, 4.0] [0.0, 4.0] [0.0, 4.0] [0.0, 4.0] [0.0, 4.0] [0.0, 4.0] [0.0, 4.0] [0.0, 4.0] [0.0, 4.0] [0.0, 4.0] [0.0, 4.0] [0.0, 4.0] [0.0, 4.0] [0.0, 4.0] [0.0, 4.0] [0.0, 4.0] [0.0, 4.0] [0.0, 4.0] [0.0, 4.0] [0.0, 4.0] [0.0, 4.0] [0.0, 4.0] [0.0, 4.0] [0.0, 4.0] [0.0, 4.0] [0.0, 4.0] [0.0, 4.0] [0.0, 4.0] [0.0, 4.0] [0.0, 4.0] [0.0, 4.0] [0.0, 4.0] [0.0, 4.0] [0.0, 4.0] [0.0, 4.0] [0.0, 4.0] [0.0, 4.0] [0.0, 4.0] [0.0, 4.0] [0.0, 4.0] [0.0, 4.0] [0.0, 4.0] [0.0, 4.0] [0.0, 4.0] [0.0, 4.0] [0.0, 4.0] [0.0, 4.0] [0.0, 4.0] [0.0, 4.0] [0.0, 4.0] [0.0, 4.0] [0.0, 4.0] [0.0, 4.0] [0.0, 4.0] [0.0, 4.0] [0.0, 4.0] [0.0, 4.0] [0.0, 4.0] [0.0, 4.0] [0.0, 4.0] [0.0, 4.0] [0.0, 4.0] [0.0, 4.0] [0.0, 4.0] [0.0, 4.0] [0.0, 4.0] [0.0, 4.0] [0.0, 4.0] [0.0, 4.0] [0.0, 4.0] [0.0, 4.0] [0.0, 4.0] [0.0, 4.0] [0.0, 4.0] [0.0, 4.0] [0.0, 4.0] [0.0, 4.0] [0.0, 4.0] [0.0, 4.0] [0.0, 4.0] [0.0, 4.0] [0.0, 4.0] [0.0, 4.0] [0.0, 4.0] [0.0, 4.0] [0.0, 4.0] [0.0, 4.0] [0.0, 4.0] [0.0, 4.0] [0.0, 4.0] [0.0, 4.0] [0.0, 4.0] [0.0, 4.0] [0.0, 4.0] [0.0, 4.0] [0.0, 4.0] [0.0, 4.0] [0.0, 4.0] [0.0, 4.0] [0.0, 4.0] [0.0, 4.0] [0.0, 4.0] [0.0, 4.0] [0.0, 4.0] [0.0, 4.0] [0.0, 4.0] [0.0, 4.0] [0.0, 4.0] [0.0, 4.0] 
    3: [0.0, 4.0] [0.0, 4.0] [0.0, 4.0] [0.0, 4.0] [0.0, 4.0] [0.0, 4.0] [0.0, 4.0] [0.0, 4.0] [0.0, 4.0] [0.0, 4.0] [0.0, 4.0] [0.0, 4.0] [0.0, 4.0] [0.0, 4.0] [0.0, 4.0] [0.0, 4.0] [0.0, 4.0] [0.0, 4.0] [0.0, 4.0] [0.0, 4.0] [0.0, 4.0] [0.0, 4.0] [0.0, 4.0] [0.0, 4.0] [0.0, 4.0] [0.0, 4.0] [0.0, 4.0] [0.0, 4.0] [0.0, 4.0] [0.0, 4.0] [0.0, 4.0] [0.0, 4.0] [0.0, 4.0] [0.0, 4.0] [0.0, 4.0] [0.0, 4.0] [0.0, 4.0] [0.0, 4.0] [0.0, 4.0] [0.0, 4.0] [0.0, 4.0] [0.0, 4.0] [0.0, 4.0] [0.0, 4.0] [0.0, 4.0] [0.0, 4.0] [0.0, 4.0] [0.0, 4.0] [0.0, 4.0] [0.0, 4.0] [0.0, 4.0] [0.0, 4.0] [0.0, 4.0] [0.0, 4.0] [0.0, 4.0] [0.0, 4.0] [0.0, 4.0] [0.0, 4.0] [0.0, 4.0] [0.0, 4.0] [0.0, 4.0] [0.0, 4.0] [0.0, 4.0] [0.0, 4.0] [0.0, 4.0] [0.0, 4.0] [0.0, 4.0] [0.0, 4.0] [0.0, 4.0] [0.0, 4.0] [0.0, 4.0] [0.0, 4.0] [0.0, 4.0] [0.0, 4.0] [0.0, 4.0] [0.0, 4.0] [0.0, 4.0] [0.0, 4.0] [0.0, 4.0] [0.0, 4.0] [0.0, 4.0] [0.0, 4.0] [0.0, 4.0] [0.0, 4.0] [0.0, 4.0] [0.0, 4.0] [0.0, 4.0] [0.0, 4.0] [0.0, 4.0] [0.0, 4.0] [0.0, 4.0] [0.0, 4.0] [0.0, 4.0] [0.0, 4.0] [0.0, 4.0] [0.0, 4.0] [0.0, 4.0] [0.0, 4.0] [0.0, 4.0] [0.0, 4.0] [0.0, 4.0] [0.0, 4.0] [0.0, 4.0] [0.0, 4.0] [0.0, 4.0] [0.0, 4.0] [0.0, 4.0] [0.0, 4.0] [0.0, 4.0] [0.0, 4.0] [0.0, 4.0] [0.0, 4.0] [0.0, 4.0] [0.0, 4.0] [0.0, 4.0] [0.0, 4.0] [0.0, 4.0] [0.0, 4.0] [0.0, 4.0] [0.0, 4.0] [0.0, 4.0] [0.0, 4.0] [0.0, 4.0] [0.0, 4.0] [0.0, 4.0] [0.0, 4.0] [0.0, 4.0] [0.0, 4.0] [0.0, 4.0] [0.0, 4.0] [0.0, 4.0] [0.0, 4.0] [0.0, 4.0] [0.0, 4.0] [0.0, 4.0] [0.0, 4.0] [0.0, 4.0] [0.0, 4.0] [0.0, 4.0] [0.0, 4.0] [0.0, 4.0] [0.0, 4.0] [0.0, 4.0] [0.0, 4.0] [0.0, 4.0] [0.0, 4.0] [0.0, 4.0] [0.0, 4.0] [0.0, 4.0] [0.0, 4.0] [0.0, 4.0] [0.0, 4.0] [0.0, 4.0] [0.0, 4.0] [0.0, 4.0] [0.0, 4.0] [0.0, 4.0] [0.0, 4.0] [0.0, 4.0] [0.0, 4.0] [0.0, 4.0] [0.0, 4.0] [0.0, 4.0] [0.0, 4.0] [0.0, 4.0] [0.0, 4.0] [0.0, 4.0] [0.0, 4.0] [0.0, 4.0] [0.0, 4.0] [0.0, 4.0] 
    4: [0.0, 2.0] [0.0, 3.0] [0.0, 3.0] [0.0, 3.0] [0.0, 3.0] [0.0, 3.0] [0.0, 3.0] [0.0, 3.0] [0.0, 3.0] [0.0, 3.0] [0.0, 3.0] [0.0, 3.0] [0.0, 3.0] [0.0, 3.0] [0.0, 3.0] [0.0, 3.0] [0.0, 3.0] [0.0, 3.0] [0.0, 3.0] [0.0, 3.0] [0.0, 3.0] [0.0, 3.0] [0.0, 3.0] [0.0, 3.0] [0.0, 3.0] [0.0, 3.0] [0.0, 3.0] [0.0, 3.0] [0.0, 3.0] [0.0, 3.0] [1.0, 3.0] [0.0, 3.0] [0.0, 3.0] [0.0, 3.0] [0.0, 3.0] [0.0, 3.0] [0.0, 3.0] [0.0, 3.0] [0.0, 3.0] [0.0, 3.0] [0.0, 3.0] [0.0, 3.0] [0.0, 3.0] [0.0, 3.0] [0.0, 3.0] [0.0, 3.0] [0.0, 3.0] [0.0, 3.0] [0.0, 3.0] [0.0, 3.0] [0.0, 3.0] [0.0, 3.0] [0.0, 3.0] [0.0, 3.0] [0.0, 3.0] [0.0, 3.0] [0.0, 3.0] [0.0, 3.0] [0.0, 3.0] [0.0, 3.0] [0.0, 3.0] [0.0, 3.0] [0.0, 3.0] [0.0, 3.0] [0.0, 3.0] [0.0, 3.0] [0.0, 3.0] [0.0, 3.0] [0.0, 3.0] [0.0, 3.0] [0.0, 3.0] [0.0, 3.0] [0.0, 3.0] [0.0, 3.0] [0.0, 3.0] [0.0, 3.0] [0.0, 3.0] [0.0, 3.0] [0.0, 3.0] [0.0, 3.0] [0.0, 3.0] [0.0, 3.0] [0.0, 3.0] [0.0, 3.0] [0.0, 3.0] [0.0, 3.0] [0.0, 3.0] [0.0, 3.0] [0.0, 3.0] [0.0, 3.0] [0.0, 3.0] [0.0, 3.0] [0.0, 3.0] [0.0, 3.0] [0.0, 3.0] [0.0, 3.0] [0.0, 3.0] [0.0, 3.0] [0.0, 3.0] [0.0, 3.0] [0.0, 3.0] [0.0, 3.0] [0.0, 3.0] [0.0, 3.0] [0.0, 3.0] [0.0, 3.0] [0.0, 3.0] [0.0, 3.0] [0.0, 3.0] [0.0, 3.0] [0.0, 3.0] [0.0, 3.0] [0.0, 3.0] [0.0, 3.0] [0.0, 3.0] [0.0, 3.0] [0.0, 3.0] [0.0, 3.0] [0.0, 3.0] [0.0, 3.0] [0.0, 3.0] [0.0, 3.0] [0.0, 3.0] [0.0, 3.0] [0.0, 3.0] [1.0, 3.0] [0.0, 3.0] [0.0, 3.0] [0.0, 3.0] [0.0, 3.0] [0.0, 3.0] [0.0, 3.0] [0.0, 3.0] [0.0, 3.0] [0.0, 3.0] [0.0, 3.0] [0.0, 3.0] [0.0, 3.0] [0.0, 3.0] [0.0, 3.0] [0.0, 3.0] [0.0, 3.0] [0.0, 3.0] [0.0, 3.0] [0.0, 3.0] [0.0, 3.0] [0.0, 3.0] [0.0, 3.0] [0.0, 3.0] [0.0, 3.0] [0.0, 3.0] [0.0, 3.0] [0.0, 3.0] [0.0, 3.0] [0.0, 3.0] [0.0, 3.0] [0.0, 3.0] [0.0, 3.0] [0.0, 3.0] [0.0, 3.0] [0.0, 3.0] [0.0, 3.0] [0.0, 3.0] [0.0, 3.0] [0.0, 3.0] [0.0, 3.0] [0.0, 3.0] [0.0, 3.0] [0.0, 3.0] [0.0, 3.0] [0.0, 3.0] 
  Output fraction of data:
image_identity: (0.000 0.119 0.000 0.000 0.000 0.120 0.000 0.120 0.122 0.000 0.116 0.000 0.000 0.000 0.120 0.116 0.128 0.121 0.126 0.118 0.126 0.000 0.000 0.000 0.122 0.000 0.119 0.000 0.119 0.000 0.121 0.000 0.120 0.125 0.000 0.128 0.000 0.000 0.000 0.124 0.123 0.125 0.123 0.000 0.000 0.000 0.000 0.000 0.130 0.113 0.114 0.000 0.120 0.114 0.122 0.116 0.000 0.000 0.121 0.000 0.122 0.000 0.000 0.000 0.000 0.000 0.000 0.000 0.000 0.110 0.115 0.000 0.000 0.123 0.120 0.117 0.119 0.106 0.000 0.000 0.000 0.000 0.000 0.124 0.118 0.000 0.000 0.000 0.119 0.114 0.122 0.124 0.123 0.118 0.120 0.000 0.000 0.000 0.000 0.124 0.000 0.000 0.106 0.120 0.116 0.000 0.000 0.000 0.000 0.000 0.000 0.116 0.000 0.000 0.000 0.123 0.000 0.000 0.000 0.000 0.136 0.108 0.117 0.000 0.124 0.000 0.000 0.113 0.100 0.000 0.000 0.122 0.120 0.000 0.000 0.121 0.100 0.000 0.000 0.000 0.121 0.120 0.000 0.000 0.000 0.122 0.116 0.000 0.000 0.121 0.119 0.000 0.000 0.000 0.000 0.000 0.121 0.119 0.122 0.109 0.124 0.000 0.000 0.000 0.122 0.000 0.119 0.000 0.123 0.134 0.111)  0.000 0.123 0.000 0.000 0.000 0.120 0.000 0.118 0.126 0.000 0.115 0.000 0.000 0.000 0.125 0.124 0.119 0.124 0.120 0.120 0.133 0.000 0.000 0.000 0.124 0.000 0.124 0.000 0.122 0.000 0.122 0.000 0.123 0.114 0.000 0.123 0.000 0.000 0.000 0.120 0.119 0.132 0.124 0.000 0.000 0.000 0.000 0.000 0.112 0.127 0.126 0.000 0.125 0.121 0.124 0.126 0.000 0.000 0.122 0.000 0.126 0.000 0.000 0.000 0.000 0.000 0.000 0.000 0.000 0.124 0.126 0.000 0.000 0.123 0.121 0.127 0.121 0.122 0.000 0.000 0.000 0.000 0.000 0.122 0.118 0.000 0.000 0.000 0.123 0.123 0.114 0.120 0.115 0.120 0.119 0.000 0.000 0.000 0.000 0.130 0.000 0.000 0.125 0.118 0.123 0.000 0.000 0.000 0.000 0.000 0.000 0.125 0.000 0.000 0.000 0.116 0.000 0.000 0.000 0.000 0.114 0.123 0.131 0.000 0.118 0.000 0.000 0.130 0.133 0.000 0.000 0.130 0.129 0.000 0.000 0.118 0.118 0.000 0.000 0.000 0.130 0.113 0.000 0.000 0.000 0.118 0.125 0.000 0.000 0.119 0.119 0.000 0.000 0.000 0.000 0.000 0.115 0.119 0.117 0.125 0.126 0.000 0.000 0.000 0.119 0.000 0.122 0.000 0.128 0.126 0.139)  0.000 0.122 0.000 0.000 0.000 0.129 0.000 0.109 0.122 0.000 0.120 0.000 0.000 0.000 0.121 0.118 0.117 0.126 0.122 0.123 0.113 0.000 0.000 0.000 0.115 0.000 0.118 0.000 0.117 0.000 0.116 0.000 0.120 0.124 0.000 0.119 0.000 0.000 0.000 0.120 0.125 0.124 0.115 0.000 0.000 0.000 0.000 0.000 0.126 0.117 0.116 0.000 0.121 0.123 0.125 0.124 0.000 0.000 0.121 0.000 0.120 0.000 0.000 0.000 0.000 0.000 0.000 0.000 0.000 0.121 0.118 0.000 0.000 0.122 0.120 0.120 0.122 0.125 0.000 0.000 0.000 0.000 0.000 0.121 0.120 0.000 0.000 0.000 0.131 0.118 0.119 0.130 0.122 0.120 0.116 0.000 0.000 0.000 0.000 0.125 0.000 0.000 0.127 0.120 0.127 0.000 0.000 0.000 0.000 0.000 0.000 0.122 0.000 0.000 0.000 0.122 0.000 0.000 0.000 0.000 0.104 0.127 0.114 0.000 0.119 0.000 0.000 0.113 0.136 0.000 0.000 0.112 0.120 0.000 0.000 0.121 0.129 0.000 0.000 0.000 0.119 0.125 0.000 0.000 0.000 0.121 0.124 0.000 0.000 0.118 0.124 0.000 0.000 0.000 0.000 0.000 0.124 0.120 0.124 0.113 0.112 0.000 0.000 0.000 0.106 0.000 0.125 0.000 0.119 0.120 0.110)  0.000 0.122 0.000 0.000 0.000 0.116 0.000 0.116 0.130 0.000 0.121 0.000 0.000 0.000 0.119 0.124 0.122 0.121 0.124 0.122 0.115 0.000 0.000 0.000 0.122 0.000 0.117 0.000 0.123 0.000 0.125 0.000 0.130 0.117 0.000 0.115 0.000 0.000 0.000 0.114 0.123 0.114 0.118 0.000 0.000 0.000 0.000 0.000 0.122 0.124 0.126 0.000 0.121 0.120 0.121 0.117 0.000 0.000 0.129 0.000 0.115 0.000 0.000 0.000 0.000 0.000 0.000 0.000 0.000 0.124 0.113 0.000 0.000 0.120 0.115 0.116 0.126 0.126 0.000 0.000 0.000 0.000 0.000 0.120 0.123 0.000 0.000 0.000 0.119 0.121 0.128 0.108 0.123 0.122 0.119 0.000 0.000 0.000 0.000 0.125 0.000 0.000 0.121 0.121 0.122 0.000 0.000 0.000 0.000 0.000 0.000 0.117 0.000 0.000 0.000 0.121 0.000 0.000 0.000 0.000 0.114 0.129 0.104 0.000 0.117 0.000 0.000 0.116 0.121 0.000 0.000 0.132 0.116 0.000 0.000 0.126 0.123 0.000 0.000 0.000 0.122 0.126 0.000 0.000 0.000 0.123 0.120 0.000 0.000 0.124 0.119 0.000 0.000 0.000 0.000 0.000 0.121 0.107 0.126 0.118 0.122 0.000 0.000 0.000 0.123 0.000 0.122 0.000 0.120 0.119 0.126)  0.000 0.126 0.000 0.000 0.000 0.124 0.000 0.131 0.116 0.000 0.123 0.000 0.000 0.000 0.120 0.125 0.125 0.120 0.111 0.123 0.119 0.000 0.000 0.000 0.119 0.000 0.122 0.000 0.119 0.000 0.121 0.000 0.114 0.115 0.000 0.121 0.000 0.000 0.000 0.117 0.120 0.114 0.134 0.000 0.000 0.000 0.000 0.000 0.117 0.124 0.127 0.000 0.119 0.127 0.122 0.122 0.000 0.000 0.127 0.000 0.123 0.000 0.000 0.000 0.000 0.000 0.000 0.000 0.000 0.118 0.124 0.000 0.000 0.121 0.129 0.126 0.114 0.131 0.000 0.000 0.000 0.000 0.000 0.125 0.123 0.000 0.000 0.000 0.122 0.125 0.114 0.124 0.120 0.121 0.117 0.000 0.000 0.000 0.000 0.122 0.000 0.000 0.135 0.121 0.117 0.000 0.000 0.000 0.000 0.000 0.000 0.125 0.000 0.000 0.000 0.118 0.000 0.000 0.000 0.000 0.121 0.117 0.123 0.000 0.120 0.000 0.000 0.125 0.109 0.000 0.000 0.123 0.134 0.000 0.000 0.116 0.119 0.000 0.000 0.000 0.117 0.110 0.000 0.000 0.000 0.122 0.129 0.000 0.000 0.121 0.122 0.000 0.000 0.000 0.000 0.000 0.124 0.116 0.120 0.124 0.121 0.000 0.000 0.000 0.125 0.000 0.117 0.000 0.120 0.126 0.112)  0.120 0.000 0.122 0.124 0.132 0.000 0.105 0.000 0.000 0.113 0.000 0.121 0.109 0.123 0.000 0.000 0.000 0.000 0.000 0.000 0.000 0.123 0.117 0.120 0.000 0.114 0.000 0.119 0.000 0.121 0.000 0.119 0.000 0.000 0.120 0.000 0.147 0.126 0.129 0.000 0.000 0.000 0.000 0.130 0.122 0.124 0.124 0.118 0.000 0.000 0.000 0.124 0.000 0.000 0.000 0.000 0.118 0.128 0.000 0.116 0.000 0.122 0.117 0.120 0.115 0.121 0.110 0.119 0.115 0.000 0.000 0.113 0.120 0.000 0.000 0.000 0.000 0.000 0.115 0.108 0.124 0.111 0.116 0.000 0.000 0.122 0.117 0.122 0.000 0.000 0.000 0.000 0.000 0.000 0.000 0.117 0.114 0.111 0.116 0.000 0.134 0.122 0.000 0.000 0.000 0.110 0.121 0.120 0.129 0.132 0.120 0.000 0.116 0.130 0.122 0.000 0.122 0.139 0.121 0.120 0.000 0.000 0.000 0.116 0.000 0.123 0.115 0.000 0.000 0.128 0.129 0.000 0.000 0.124 0.121 0.000 0.000 0.125 0.121 0.121 0.000 0.000 0.122 0.133 0.124 0.000 0.000 0.120 0.125 0.000 0.000 0.122 0.111 0.124 0.121 0.124 0.000 0.000 0.000 0.000 0.000 0.123 0.122 0.112 0.000 0.122 0.000 0.122 0.000 0.000 0.000)  0.176 0.000 0.111 0.117 0.121 0.000 0.118 0.000 0.000 0.114 0.000 0.124 0.119 0.130 0.000 0.000 0.000 0.000 0.000 0.000 0.000 0.119 0.119 0.121 0.000 0.114 0.000 0.116 0.000 0.116 0.000 0.123 0.000 0.000 0.121 0.000 0.133 0.123 0.118 0.000 0.000 0.000 0.000 0.119 0.122 0.126 0.134 0.130 0.000 0.000 0.000 0.126 0.000 0.000 0.000 0.000 0.115 0.127 0.000 0.125 0.000 0.124 0.124 0.115 0.117 0.122 0.117 0.118 0.118 0.000 0.000 0.128 0.118 0.000 0.000 0.000 0.000 0.000 0.121 0.122 0.121 0.126 0.122 0.000 0.000 0.115 0.117 0.120 0.000 0.000 0.000 0.000 0.000 0.000 0.000 0.128 0.116 0.134 0.124 0.000 0.126 0.121 0.000 0.000 0.000 0.126 0.118 0.126 0.117 0.126 0.118 0.000 0.121 0.111 0.121 0.000 0.125 0.097 0.118 0.125 0.000 0.000 0.000 0.124 0.000 0.114 0.131 0.000 0.000 0.127 0.127 0.000 0.000 0.121 0.124 0.000 0.000 0.111 0.122 0.125 0.000 0.000 0.119 0.127 0.120 0.000 0.000 0.123 0.121 0.000 0.000 0.118 0.143 0.119 0.125 0.121 0.000 0.000 0.000 0.000 0.000 0.127 0.127 0.124 0.000 0.111 0.000 0.117 0.000 0.000 0.000)  0.151 0.000 0.121 0.122 0.142 0.000 0.136 0.000 0.000 0.126 0.000 0.125 0.132 0.116 0.000 0.000 0.000 0.000 0.000 0.000 0.000 0.125 0.119 0.124 0.000 0.118 0.000 0.123 0.000 0.116 0.000 0.119 0.000 0.000 0.121 0.000 0.111 0.127 0.134 0.000 0.000 0.000 0.000 0.116 0.109 0.126 0.109 0.112 0.000 0.000 0.000 0.117 0.000 0.000 0.000 0.000 0.122 0.119 0.000 0.124 0.000 0.124 0.121 0.116 0.122 0.124 0.131 0.115 0.122 0.000 0.000 0.134 0.114 0.000 0.000 0.000 0.000 0.000 0.119 0.120 0.123 0.122 0.124 0.000 0.000 0.111 0.129 0.122 0.000 0.000 0.000 0.000 0.000 0.000 0.000 0.122 0.122 0.159 0.116 0.000 0.122 0.117 0.000 0.000 0.000 0.137 0.123 0.114 0.127 0.135 0.117 0.000 0.123 0.123 0.123 0.000 0.125 0.136 0.120 0.116 0.000 0.000 0.000 0.123 0.000 0.127 0.119 0.000 0.000 0.119 0.122 0.000 0.000 0.120 0.120 0.000 0.000 0.123 0.118 0.116 0.000 0.000 0.117 0.129 0.128 0.000 0.000 0.121 0.118 0.000 0.000 0.118 0.098 0.125 0.117 0.118 0.000 0.000 0.000 0.000 0.000 0.113 0.126 0.124 0.000 0.125 0.000 0.123 0.000 0.000 0.000)  0.053 0.000 0.144 0.113 0.111 0.000 0.117 0.000 0.000 0.114 0.000 0.122 0.111 0.118 0.000 0.000 0.000 0.000 0.000 0.000 0.000 0.121 0.124 0.117 0.000 0.124 0.000 0.119 0.000 0.120 0.000 0.121 0.000 0.000 0.119 0.000 0.129 0.114 0.121 0.000 0.000 0.000 0.000 0.125 0.121 0.116 0.124 0.122 0.000 0.000 0.000 0.119 0.000 0.000 0.000 0.000 0.125 0.115 0.000 0.121 0.000 0.119 0.117 0.124 0.126 0.125 0.122 0.126 0.116 0.000 0.000 0.115 0.121 0.000 0.000 0.000 0.000 0.000 0.123 0.121 0.125 0.136 0.124 0.000 0.000 0.124 0.113 0.118 0.000 0.000 0.000 0.000 0.000 0.000 0.000 0.112 0.116 0.139 0.129 0.000 0.099 0.124 0.000 0.000 0.000 0.095 0.117 0.119 0.121 0.124 0.121 0.000 0.124 0.113 0.116 0.000 0.127 0.125 0.119 0.124 0.000 0.000 0.000 0.125 0.000 0.124 0.124 0.000 0.000 0.129 0.124 0.000 0.000 0.113 0.121 0.000 0.000 0.121 0.125 0.112 0.000 0.000 0.124 0.108 0.122 0.000 0.000 0.118 0.118 0.000 0.000 0.125 0.129 0.117 0.129 0.124 0.000 0.000 0.000 0.000 0.000 0.117 0.107 0.120 0.000 0.115 0.000 0.124 0.000 0.000 0.000)  0.153 0.000 0.110 0.123 0.130 0.000 0.121 0.000 0.000 0.124 0.000 0.123 0.130 0.118 0.000 0.000 0.000 0.000 0.000 0.000 0.000 0.119 0.121 0.115 0.000 0.124 0.000 0.120 0.000 0.127 0.000 0.127 0.000 0.000 0.124 0.000 0.105 0.108 0.113 0.000 0.000 0.000 0.000 0.120 0.131 0.112 0.128 0.121 0.000 0.000 0.000 0.123 0.000 0.000 0.000 0.000 0.127 0.117 0.000 0.124 0.000 0.121 0.129 0.120 0.123 0.118 0.130 0.122 0.122 0.000 0.000 0.117 0.122 0.000 0.000 0.000 0.000 0.000 0.125 0.136 0.112 0.123 0.120 0.000 0.000 0.123 0.126 0.121 0.000 0.000 0.000 0.000 0.000 0.000 0.000 0.121 0.120 0.112 0.115 0.000 0.128 0.133 0.000 0.000 0.000 0.126 0.124 0.108 0.124 0.115 0.125 0.000 0.121 0.115 0.117 0.000 0.117 0.092 0.123 0.115 0.000 0.000 0.000 0.124 0.000 0.122 0.112 0.000 0.000 0.113 0.119 0.000 0.000 0.118 0.111 0.000 0.000 0.122 0.128 0.128 0.000 0.000 0.123 0.119 0.114 0.000 0.000 0.121 0.123 0.000 0.000 0.123 0.093 0.107 0.123 0.122 0.000 0.000 0.000 0.000 0.000 0.119 0.120 0.117 0.000 0.121 0.000 0.118 0.000 0.000 0.000)  0.077 0.000 0.122 0.124 0.115 0.000 0.123 0.000 0.000 0.125 0.000 0.109 0.115 0.113 0.000 0.000 0.000 0.000 0.000 0.000 0.000 0.120 0.126 0.123 0.000 0.125 0.000 0.124 0.000 0.113 0.000 0.119 0.000 0.000 0.120 0.000 0.124 0.121 0.109 0.000 0.000 0.000 0.000 0.122 0.122 0.124 0.115 0.114 0.000 0.000 0.000 0.125 0.000 0.000 0.000 0.000 0.124 0.111 0.000 0.121 0.000 0.115 0.121 0.131 0.118 0.117 0.117 0.126 0.124 0.000 0.000 0.130 0.129 0.000 0.000 0.000 0.000 0.000 0.120 0.119 0.117 0.138 0.118 0.000 0.000 0.120 0.113 0.121 0.000 0.000 0.000 0.000 0.000 0.000 0.000 0.124 0.132 0.123 0.123 0.000 0.116 0.120 0.000 0.000 0.000 0.132 0.119 0.115 0.118 0.126 0.123 0.000 0.116 0.120 0.118 0.000 0.115 0.104 0.119 0.123 0.000 0.000 0.000 0.117 0.000 0.124 0.128 0.000 0.000 0.124 0.119 0.000 0.000 0.122 0.125 0.000 0.000 0.115 0.111 0.132 0.000 0.000 0.117 0.122 0.118 0.000 0.000 0.119 0.126 0.000 0.000 0.119 0.129 0.126 0.128 0.119 0.000 0.000 0.000 0.000 0.000 0.126 0.128 0.120 0.000 0.126 0.000 0.120 0.000 0.000 0.000)  0.000 0.124 0.000 0.000 0.000 0.124 0.000 0.122 0.119 0.000 0.125 0.000 0.000 0.000 0.121 0.123 0.124 0.120 0.125 0.117 0.118 0.000 0.000 0.000 0.122 0.000 0.125 0.000 0.121 0.000 0.122 0.000 0.127 0.120 0.000 0.112 0.000 0.000 0.000 0.124 0.114 0.118 0.120 0.000 0.000 0.000 0.000 0.000 0.121 0.132 0.122 0.000 0.119 0.118 0.118 0.127 0.000 0.000 0.120 0.000 0.118 0.000 0.000 0.000 0.000 0.000 0.000 0.000 0.000 0.123 0.124 0.000 0.000 0.122 0.122 0.118 0.123 0.121 0.000 0.000 0.000 0.000 0.000 0.121 0.124 0.000 0.000 0.000 0.118 0.118 0.120 0.120 0.125 0.125 0.122 0.000 0.000 0.000 0.000 0.120 0.000 0.000 0.121 0.124 0.123 0.000 0.000 0.000 0.000 0.000 0.000 0.118 0.000 0.000 0.000 0.126 0.000 0.000 0.000 0.000 0.113 0.112 0.130 0.000 0.118 0.000 0.000 0.129 0.132 0.000 0.000 0.107 0.116 0.000 0.000 0.119 0.126 0.000 0.000 0.000 0.116 0.117 0.000 0.000 0.000 0.123 0.112 0.000 0.000 0.119 0.123 0.000 0.000 0.000 0.000 0.000 0.126 0.127 0.119 0.125 0.121 0.000 0.000 0.000 0.130 0.000 0.118 0.000 0.122 0.117 0.126)  0.000 0.116 0.000 0.000 0.000 0.125 0.000 0.126 0.116 0.000 0.123 0.000 0.000 0.000 0.118 0.122 0.118 0.120 0.124 0.123 0.120 0.000 0.000 0.000 0.125 0.000 0.126 0.000 0.122 0.000 0.120 0.000 0.123 0.117 0.000 0.123 0.000 0.000 0.000 0.128 0.127 0.120 0.120 0.000 0.000 0.000 0.000 0.000 0.126 0.116 0.119 0.000 0.123 0.124 0.117 0.116 0.000 0.000 0.118 0.000 0.116 0.000 0.000 0.000 0.000 0.000 0.000 0.000 0.000 0.124 0.123 0.000 0.000 0.127 0.124 0.118 0.125 0.118 0.000 0.000 0.000 0.000 0.000 0.126 0.122 0.000 0.000 0.000 0.131 0.125 0.127 0.123 0.113 0.121 0.127 0.000 0.000 0.000 0.000 0.115 0.000 0.000 0.120 0.120 0.121 0.000 0.000 0.000 0.000 0.000 0.000 0.123 0.000 0.000 0.000 0.123 0.000 0.000 0.000 0.000 0.148 0.128 0.133 0.000 0.123 0.000 0.000 0.127 0.137 0.000 0.000 0.122 0.117 0.000 0.000 0.123 0.135 0.000 0.000 0.000 0.122 0.126 0.000 0.000 0.000 0.117 0.122 0.000 0.000 0.122 0.125 0.000 0.000 0.000 0.000 0.000 0.122 0.134 0.121 0.134 0.120 0.000 0.000 0.000 0.117 0.000 0.124 0.000 0.124 0.124 0.110)  0.099 0.000 0.122 0.119 0.118 0.000 0.117 0.000 0.000 0.123 0.000 0.117 0.118 0.118 0.000 0.000 0.000 0.000 0.000 0.000 0.000 0.124 0.121 0.119 0.000 0.114 0.000 0.123 0.000 0.120 0.000 0.121 0.000 0.000 0.121 0.000 0.106 0.129 0.124 0.000 0.000 0.000 0.000 0.125 0.119 0.113 0.117 0.123 0.000 0.000 0.000 0.117 0.000 0.000 0.000 0.000 0.115 0.132 0.000 0.122 0.000 0.122 0.117 0.119 0.120 0.113 0.116 0.122 0.119 0.000 0.000 0.115 0.121 0.000 0.000 0.000 0.000 0.000 0.121 0.128 0.126 0.103 0.120 0.000 0.000 0.125 0.124 0.120 0.000 0.000 0.000 0.000 0.000 0.000 0.000 0.121 0.124 0.105 0.124 0.000 0.116 0.119 0.000 0.000 0.000 0.108 0.120 0.129 0.114 0.091 0.124 0.000 0.119 0.116 0.124 0.000 0.118 0.144 0.124 0.120 0.000 0.000 0.000 0.124 0.000 0.114 0.107 0.000 0.000 0.111 0.125 0.000 0.000 0.122 0.121 0.000 0.000 0.123 0.118 0.107 0.000 0.000 0.124 0.113 0.123 0.000 0.000 0.118 0.113 0.000 0.000 0.119 0.122 0.125 0.113 0.116 0.000 0.000 0.000 0.000 0.000 0.122 0.123 0.121 0.000 0.116 0.000 0.123 0.000 0.000 0.000)  0.150 0.000 0.122 0.126 0.106 0.000 0.130 0.000 0.000 0.123 0.000 0.119 0.125 0.129 0.000 0.000 0.000 0.000 0.000 0.000 0.000 0.118 0.120 0.126 0.000 0.129 0.000 0.120 0.000 0.124 0.000 0.118 0.000 0.000 0.119 0.000 0.116 0.113 0.121 0.000 0.000 0.000 0.000 0.115 0.127 0.126 0.123 0.125 0.000 0.000 0.000 0.122 0.000 0.000 0.000 0.000 0.126 0.112 0.000 0.124 0.000 0.118 0.128 0.124 0.128 0.133 0.126 0.118 0.129 0.000 0.000 0.112 0.125 0.000 0.000 0.000 0.000 0.000 0.122 0.115 0.123 0.113 0.125 0.000 0.000 0.124 0.127 0.119 0.000 0.000 0.000 0.000 0.000 0.000 0.000 0.126 0.123 0.085 0.123 0.000 0.132 0.114 0.000 0.000 0.000 0.132 0.126 0.140 0.113 0.123 0.123 0.000 0.123 0.141 0.124 0.000 0.123 0.130 0.124 0.120 0.000 0.000 0.000 0.114 0.000 0.120 0.126 0.000 0.000 0.122 0.105 0.000 0.000 0.123 0.127 0.000 0.000 0.120 0.128 0.135 0.000 0.000 0.120 0.117 0.119 0.000 0.000 0.122 0.122 0.000 0.000 0.122 0.142 0.122 0.108 0.122 0.000 0.000 0.000 0.000 0.000 0.118 0.114 0.134 0.000 0.126 0.000 0.117 0.000 0.000 0.000)  0.000 0.120 0.000 0.000 0.000 0.118 0.000 0.125 0.120 0.000 0.129 0.000 0.000 0.000 0.122 0.122 0.119 0.117 0.115 0.121 0.122 0.000 0.000 0.000 0.119 0.000 0.118 0.000 0.118 0.000 0.117 0.000 0.114 0.122 0.000 0.128 0.000 0.000 0.000 0.125 0.117 0.121 0.117 0.000 0.000 0.000 0.000 0.000 0.120 0.117 0.126 0.000 0.124 0.122 0.117 0.116 0.000 0.000 0.113 0.000 0.123 0.000 0.000 0.000 0.000 0.000 0.000 0.000 0.000 0.118 0.123 0.000 0.000 0.112 0.124 0.127 0.116 0.118 0.000 0.000 0.000 0.000 0.000 0.115 0.117 0.000 0.000 0.000 0.109 0.119 0.122 0.119 0.122 0.121 0.125 0.000 0.000 0.000 0.000 0.114 0.000 0.000 0.115 0.121 0.120 0.000 0.000 0.000 0.000 0.000 0.000 0.121 0.000 0.000 0.000 0.117 0.000 0.000 0.000 0.000 0.125 0.124 0.121 0.000 0.127 0.000 0.000 0.118 0.100 0.000 0.000 0.125 0.123 0.000 0.000 0.122 0.121 0.000 0.000 0.000 0.117 0.130 0.000 0.000 0.000 0.121 0.118 0.000 0.000 0.121 0.118 0.000 0.000 0.000 0.000 0.000 0.121 0.126 0.120 0.118 0.126 0.000 0.000 0.000 0.132 0.000 0.119 0.000 0.115 0.103 0.132)  0.021 0.028 0.024 0.033 0.026 0.024 0.032 0.034 0.028 0.038 0.028 0.039 0.040 0.037 0.034 0.026 0.029 0.033 0.031 0.032 0.034 0.032 0.033 0.035 0.032 0.037 0.031 0.036 0.039 0.042 0.037 0.034 0.028 0.046 0.035 0.032 0.029 0.040 0.031 0.028 0.033 0.032 0.028 0.029 0.027 0.033 0.025 0.035 0.027 0.031 0.025 0.026 0.028 0.030 0.034 0.035 0.027 0.038 0.029 0.024 0.039 0.035 0.027 0.031 0.030 0.028 0.032 0.034 0.035 0.038 0.034 0.036 0.030 0.029 0.025 0.032 0.032 0.033 0.034 0.032 0.027 0.030 0.032 0.027 0.035 0.036 0.034 0.038 0.027 0.036 0.032 0.030 0.037 0.032 0.034 0.029 0.034 0.030 0.031 0.025 0.026 0.031 0.030 0.035 0.030 0.033 0.032 0.028 0.038 0.028 0.028 0.034 0.037 0.031 0.035 0.034 0.028 0.034 0.033 0.037 0.026 0.031 0.028 0.034 0.035 0.034 0.036 0.028 0.032 0.026 0.030 0.027 0.025 0.037 0.030 0.033 0.029 0.040 0.030 0.024 0.038 0.034 0.033 0.032 0.033 0.033 0.032 0.038 0.034 0.035 0.032 0.034 0.032 0.033 0.036 0.034 0.026 0.032 0.031 0.034 0.028 0.034 0.032 0.028 0.027 0.036 0.034 0.034 0.029 0.030 0.034)  
image_change: (0.884 0.884 0.882 0.884 0.884 0.884 0.881 0.884 0.883 0.883 0.883 0.885 0.883 0.882 0.883 0.883 0.884 0.883 0.884 0.884 0.884 0.884 0.883 0.884 0.883 0.884 0.884 0.884 0.884 0.884 0.883 0.883 0.883 0.884 0.883 0.884 0.883 0.883 0.885 0.883 0.883 0.883 0.882 0.884 0.884 0.884 0.883 0.882 0.884 0.883 0.884 0.883 0.884 0.883 0.883 0.884 0.883 0.884 0.883 0.884 0.883 0.883 0.884 0.884 0.883 0.883 0.883 0.882 0.884 0.883 0.883 0.883 0.884 0.883 0.884 0.883 0.883 0.883 0.883 0.883 0.883 0.884 0.883 0.883 0.884 0.884 0.884 0.884 0.883 0.884 0.883 0.882 0.883 0.884 0.883 0.884 0.884 0.882 0.884 0.883 0.883 0.883 0.882 0.884 0.883 0.883 0.884 0.884 0.884 0.883 0.883 0.883 0.884 0.885 0.884 0.883 0.884 0.881 0.883 0.883 0.885 0.883 0.883 0.883 0.883 0.883 0.884 0.884 0.884 0.884 0.883 0.883 0.884 0.882 0.884 0.884 0.884 0.884 0.884 0.882 0.884 0.882 0.884 0.883 0.883 0.883 0.883 0.883 0.883 0.883 0.883 0.884 0.882 0.883 0.884 0.883 0.884 0.883 0.884 0.884 0.883 0.884 0.884 0.883 0.884 0.885 0.883 0.884 0.883 0.883 0.883)  0.116 0.116 0.118 0.116 0.116 0.116 0.119 0.116 0.117 0.117 0.117 0.115 0.117 0.118 0.117 0.117 0.116 0.117 0.116 0.116 0.116 0.116 0.117 0.116 0.117 0.116 0.116 0.116 0.116 0.116 0.117 0.117 0.117 0.116 0.117 0.116 0.117 0.117 0.115 0.117 0.117 0.117 0.118 0.116 0.116 0.116 0.117 0.118 0.116 0.117 0.116 0.117 0.116 0.117 0.117 0.116 0.117 0.116 0.117 0.116 0.117 0.117 0.116 0.116 0.117 0.117 0.117 0.118 0.116 0.117 0.117 0.117 0.116 0.117 0.116 0.117 0.117 0.117 0.117 0.117 0.117 0.116 0.117 0.117 0.116 0.116 0.116 0.116 0.117 0.116 0.117 0.118 0.117 0.116 0.117 0.116 0.116 0.118 0.116 0.117 0.117 0.117 0.118 0.116 0.117 0.117 0.116 0.116 0.116 0.117 0.117 0.117 0.116 0.115 0.116 0.117 0.116 0.119 0.117 0.117 0.115 0.117 0.117 0.117 0.117 0.117 0.116 0.116 0.116 0.116 0.117 0.117 0.116 0.118 0.116 0.116 0.116 0.116 0.116 0.118 0.116 0.118 0.116 0.117 0.117 0.117 0.117 0.117 0.117 0.117 0.117 0.116 0.118 0.117 0.116 0.117 0.116 0.117 0.116 0.116 0.117 0.116 0.116 0.117 0.116 0.115 0.117 0.116 0.117 0.117 0.117)  
running_speed_bin: (0.200 0.200 0.200 0.200 0.200 0.200 0.200 0.200 0.200 0.200 0.200 0.200 0.200 0.200 0.200 0.200 0.200 0.200 0.200 0.200 0.200 0.200 0.200 0.200 0.200 0.200 0.200 0.200 0.200 0.200 0.200 0.200 0.200 0.200 0.200 0.200 0.200 0.200 0.200 0.200 0.200 0.200 0.200 0.200 0.200 0.200 0.200 0.200 0.200 0.200 0.200 0.200 0.200 0.200 0.200 0.200 0.200 0.200 0.200 0.200 0.200 0.200 0.200 0.200 0.200 0.200 0.200 0.200 0.200 0.200 0.200 0.200 0.200 0.200 0.200 0.200 0.200 0.200 0.200 0.200 0.200 0.200 0.200 0.200 0.200 0.200 0.200 0.200 0.200 0.200 0.200 0.200 0.200 0.200 0.200 0.200 0.200 0.200 0.200 0.200 0.200 0.200 0.200 0.200 0.200 0.200 0.200 0.200 0.200 0.200 0.200 0.200 0.200 0.200 0.200 0.200 0.200 0.200 0.200 0.200 0.200 0.200 0.200 0.200 0.200 0.200 0.200 0.200 0.200 0.200 0.200 0.200 0.200 0.200 0.200 0.200 0.200 0.200 0.200 0.200 0.200 0.200 0.200 0.200 0.200 0.200 0.200 0.200 0.200 0.200 0.200 0.200 0.200 0.200 0.200 0.200 0.200 0.200 0.200 0.200 0.200 0.200 0.200 0.200 0.200 0.200 0.200 0.200 0.200 0.200 0.200)  0.200 0.200 0.200 0.200 0.200 0.200 0.200 0.200 0.200 0.200 0.200 0.200 0.200 0.200 0.200 0.200 0.200 0.200 0.200 0.200 0.200 0.200 0.200 0.200 0.200 0.200 0.200 0.200 0.200 0.200 0.200 0.200 0.200 0.200 0.200 0.200 0.200 0.200 0.200 0.200 0.200 0.200 0.200 0.200 0.200 0.200 0.200 0.200 0.200 0.200 0.200 0.200 0.200 0.200 0.200 0.200 0.200 0.200 0.200 0.200 0.200 0.200 0.200 0.200 0.200 0.200 0.200 0.200 0.200 0.200 0.200 0.200 0.200 0.200 0.200 0.200 0.200 0.200 0.200 0.200 0.200 0.200 0.200 0.200 0.200 0.200 0.200 0.200 0.200 0.200 0.200 0.200 0.200 0.200 0.200 0.200 0.200 0.200 0.200 0.200 0.200 0.200 0.200 0.200 0.200 0.200 0.200 0.200 0.200 0.200 0.200 0.200 0.200 0.200 0.200 0.200 0.200 0.200 0.200 0.200 0.200 0.200 0.200 0.200 0.200 0.200 0.200 0.200 0.200 0.200 0.200 0.200 0.200 0.200 0.200 0.200 0.200 0.200 0.200 0.200 0.200 0.200 0.200 0.200 0.200 0.200 0.200 0.200 0.200 0.200 0.200 0.200 0.200 0.200 0.200 0.200 0.200 0.200 0.200 0.200 0.200 0.200 0.200 0.200 0.200 0.200 0.200 0.200 0.200 0.200 0.200)  0.200 0.200 0.200 0.200 0.200 0.200 0.200 0.200 0.200 0.200 0.200 0.200 0.200 0.200 0.200 0.200 0.200 0.200 0.200 0.200 0.200 0.200 0.200 0.200 0.200 0.200 0.200 0.200 0.200 0.200 0.200 0.200 0.200 0.200 0.200 0.200 0.200 0.200 0.200 0.200 0.200 0.200 0.200 0.200 0.200 0.200 0.200 0.200 0.200 0.200 0.200 0.200 0.200 0.200 0.200 0.200 0.200 0.200 0.200 0.200 0.200 0.200 0.200 0.200 0.200 0.200 0.200 0.200 0.200 0.200 0.200 0.200 0.200 0.200 0.200 0.200 0.200 0.200 0.200 0.200 0.200 0.200 0.200 0.200 0.200 0.200 0.200 0.200 0.200 0.200 0.200 0.200 0.200 0.200 0.200 0.200 0.200 0.200 0.200 0.200 0.200 0.200 0.200 0.200 0.200 0.200 0.200 0.200 0.200 0.200 0.200 0.200 0.200 0.200 0.200 0.200 0.200 0.200 0.200 0.200 0.200 0.200 0.200 0.200 0.200 0.200 0.200 0.200 0.200 0.200 0.200 0.200 0.200 0.200 0.200 0.200 0.200 0.200 0.200 0.200 0.200 0.200 0.200 0.200 0.200 0.200 0.200 0.200 0.200 0.200 0.200 0.200 0.200 0.200 0.200 0.200 0.200 0.200 0.200 0.200 0.200 0.200 0.200 0.200 0.200 0.200 0.200 0.200 0.200 0.200 0.200)  0.200 0.200 0.200 0.200 0.200 0.200 0.200 0.200 0.200 0.200 0.200 0.200 0.200 0.200 0.200 0.200 0.200 0.200 0.200 0.200 0.200 0.200 0.200 0.200 0.200 0.200 0.200 0.200 0.200 0.200 0.200 0.200 0.200 0.200 0.200 0.200 0.200 0.200 0.200 0.200 0.200 0.200 0.200 0.200 0.200 0.200 0.200 0.200 0.200 0.200 0.200 0.200 0.200 0.200 0.200 0.200 0.200 0.200 0.200 0.200 0.200 0.200 0.200 0.200 0.200 0.200 0.200 0.200 0.200 0.200 0.200 0.200 0.200 0.200 0.200 0.200 0.200 0.200 0.200 0.200 0.200 0.200 0.200 0.200 0.200 0.200 0.200 0.200 0.200 0.200 0.200 0.200 0.200 0.200 0.200 0.200 0.200 0.200 0.200 0.200 0.200 0.200 0.200 0.200 0.200 0.200 0.200 0.200 0.200 0.200 0.200 0.200 0.200 0.200 0.200 0.200 0.200 0.200 0.200 0.200 0.200 0.200 0.200 0.200 0.200 0.200 0.200 0.200 0.200 0.200 0.200 0.200 0.200 0.200 0.200 0.200 0.200 0.200 0.200 0.200 0.200 0.200 0.200 0.200 0.200 0.200 0.200 0.200 0.200 0.200 0.200 0.200 0.200 0.200 0.200 0.200 0.200 0.200 0.200 0.200 0.200 0.200 0.200 0.200 0.200 0.200 0.200 0.200 0.200 0.200 0.200)  0.200 0.200 0.200 0.200 0.200 0.200 0.200 0.200 0.200 0.200 0.200 0.200 0.200 0.200 0.200 0.200 0.200 0.200 0.200 0.200 0.200 0.200 0.200 0.200 0.200 0.200 0.200 0.200 0.200 0.200 0.200 0.200 0.200 0.200 0.200 0.200 0.200 0.200 0.200 0.200 0.200 0.200 0.200 0.200 0.200 0.200 0.200 0.200 0.200 0.200 0.200 0.200 0.200 0.200 0.200 0.200 0.200 0.200 0.200 0.200 0.200 0.200 0.200 0.200 0.200 0.200 0.200 0.200 0.200 0.200 0.200 0.200 0.200 0.200 0.200 0.200 0.200 0.200 0.200 0.200 0.200 0.200 0.200 0.200 0.200 0.200 0.200 0.200 0.200 0.200 0.200 0.200 0.200 0.200 0.200 0.200 0.200 0.200 0.200 0.200 0.200 0.200 0.200 0.200 0.200 0.200 0.200 0.200 0.200 0.200 0.200 0.200 0.200 0.200 0.200 0.200 0.200 0.200 0.200 0.200 0.200 0.200 0.200 0.200 0.200 0.200 0.200 0.200 0.200 0.200 0.200 0.200 0.200 0.200 0.200 0.200 0.200 0.200 0.200 0.200 0.200 0.200 0.200 0.200 0.200 0.200 0.200 0.200 0.200 0.200 0.200 0.200 0.200 0.200 0.200 0.200 0.200 0.200 0.200 0.200 0.200 0.200 0.200 0.200 0.200 0.200 0.200 0.200 0.200 0.200 0.200)  
pupil_diameter_bin: (0.200 0.200 0.200 0.200 0.200 0.200 0.200 0.200 0.200 0.200 0.200 0.200 0.200 0.200 0.200 0.200 0.200 0.200 0.200 0.200 0.200 0.200 0.200 0.200 0.200 0.200 0.200 0.200 0.200 0.200 0.200 0.200 0.200 0.200 0.200 0.200 0.200 0.200 0.200 0.200 0.200 0.200 0.200 0.200 0.200 0.200 0.200 0.200 0.200 0.200 0.200 0.200 0.200 0.200 0.200 0.200 0.200 0.200 0.200 0.200 0.200 0.200 0.200 0.200 0.200 0.200 0.200 0.200 0.200 0.200 0.200 0.200 0.200 0.200 0.200 0.200 0.200 0.200 0.200 0.200 0.200 0.200 0.200 0.200 0.200 0.200 0.200 0.200 0.200 0.200 0.200 0.200 0.200 0.200 0.200 0.200 0.200 0.200 0.200 0.200 0.200 0.200 0.200 0.200 0.200 0.200 0.200 0.200 0.200 0.200 0.200 0.200 0.200 0.200 0.200 0.200 0.200 0.200 0.200 0.200 0.200 0.200 0.200 0.200 0.200 0.200 0.200 0.200 0.200 0.200 0.200 0.200 0.200 0.200 0.200 0.200 0.200 0.200 0.200 0.200 0.200 0.200 0.200 0.200 0.200 0.200 0.200 0.200 0.200 0.200 0.200 0.200 0.200 0.200 0.200 0.200 0.200 0.200 0.200 0.200 0.200 0.200 0.200 0.200 0.200 0.200 0.200 0.200 0.200 0.200 0.200)  0.200 0.200 0.200 0.200 0.200 0.200 0.200 0.200 0.200 0.200 0.200 0.200 0.200 0.200 0.200 0.200 0.200 0.200 0.200 0.200 0.200 0.200 0.200 0.200 0.200 0.200 0.200 0.200 0.200 0.200 0.200 0.200 0.200 0.200 0.200 0.200 0.200 0.200 0.200 0.200 0.200 0.200 0.200 0.200 0.200 0.200 0.200 0.200 0.200 0.200 0.200 0.200 0.200 0.200 0.200 0.200 0.200 0.200 0.200 0.200 0.200 0.200 0.200 0.200 0.200 0.200 0.200 0.200 0.200 0.200 0.200 0.200 0.200 0.200 0.200 0.200 0.200 0.200 0.200 0.200 0.200 0.200 0.200 0.200 0.200 0.200 0.200 0.200 0.200 0.200 0.200 0.200 0.200 0.200 0.200 0.200 0.200 0.200 0.200 0.200 0.200 0.200 0.200 0.200 0.200 0.200 0.200 0.200 0.200 0.200 0.200 0.200 0.200 0.200 0.200 0.200 0.200 0.200 0.200 0.200 0.200 0.200 0.200 0.200 0.200 0.200 0.200 0.200 0.200 0.200 0.200 0.200 0.200 0.200 0.200 0.200 0.200 0.200 0.200 0.200 0.200 0.200 0.200 0.200 0.200 0.200 0.200 0.200 0.200 0.200 0.200 0.200 0.200 0.200 0.200 0.200 0.200 0.200 0.200 0.200 0.200 0.200 0.200 0.200 0.200 0.200 0.200 0.200 0.200 0.200 0.200)  0.200 0.200 0.200 0.200 0.200 0.200 0.200 0.200 0.200 0.200 0.200 0.200 0.200 0.200 0.200 0.200 0.200 0.200 0.200 0.200 0.200 0.200 0.200 0.200 0.200 0.200 0.200 0.200 0.200 0.200 0.200 0.200 0.200 0.200 0.200 0.200 0.200 0.200 0.200 0.200 0.200 0.200 0.200 0.200 0.200 0.200 0.200 0.200 0.200 0.200 0.200 0.200 0.200 0.200 0.200 0.200 0.200 0.200 0.200 0.200 0.200 0.200 0.200 0.200 0.200 0.200 0.200 0.200 0.200 0.200 0.200 0.200 0.200 0.200 0.200 0.200 0.200 0.200 0.200 0.200 0.200 0.200 0.200 0.200 0.200 0.200 0.200 0.200 0.200 0.200 0.200 0.200 0.200 0.200 0.200 0.200 0.200 0.200 0.200 0.200 0.200 0.200 0.200 0.200 0.200 0.200 0.200 0.200 0.200 0.200 0.200 0.200 0.200 0.200 0.200 0.200 0.200 0.200 0.200 0.200 0.200 0.200 0.200 0.200 0.200 0.200 0.200 0.200 0.200 0.200 0.200 0.200 0.200 0.200 0.200 0.200 0.200 0.200 0.200 0.200 0.200 0.200 0.200 0.200 0.200 0.200 0.200 0.200 0.200 0.200 0.200 0.200 0.200 0.200 0.200 0.200 0.200 0.200 0.200 0.200 0.200 0.200 0.200 0.200 0.200 0.200 0.200 0.200 0.200 0.200 0.200)  0.200 0.200 0.200 0.200 0.200 0.200 0.200 0.200 0.200 0.200 0.200 0.200 0.200 0.200 0.200 0.200 0.200 0.200 0.200 0.200 0.200 0.200 0.200 0.200 0.200 0.200 0.200 0.200 0.200 0.200 0.200 0.200 0.200 0.200 0.200 0.200 0.200 0.200 0.200 0.200 0.200 0.200 0.200 0.200 0.200 0.200 0.200 0.200 0.200 0.200 0.200 0.200 0.200 0.200 0.200 0.200 0.200 0.200 0.200 0.200 0.200 0.200 0.200 0.200 0.200 0.200 0.200 0.200 0.200 0.200 0.200 0.200 0.200 0.200 0.200 0.200 0.200 0.200 0.200 0.200 0.200 0.200 0.200 0.200 0.200 0.200 0.200 0.200 0.200 0.200 0.200 0.200 0.200 0.200 0.200 0.200 0.200 0.200 0.200 0.200 0.200 0.200 0.200 0.200 0.200 0.200 0.200 0.200 0.200 0.200 0.200 0.200 0.200 0.200 0.200 0.200 0.200 0.200 0.200 0.200 0.200 0.200 0.200 0.200 0.200 0.200 0.200 0.200 0.200 0.200 0.200 0.200 0.200 0.200 0.200 0.200 0.200 0.200 0.200 0.200 0.200 0.200 0.200 0.200 0.200 0.200 0.200 0.200 0.200 0.200 0.200 0.200 0.200 0.200 0.200 0.200 0.200 0.200 0.200 0.200 0.200 0.200 0.200 0.200 0.200 0.200 0.200 0.200 0.200 0.200 0.200)  0.200 0.200 0.200 0.200 0.200 0.200 0.200 0.200 0.200 0.200 0.200 0.200 0.200 0.200 0.200 0.200 0.200 0.200 0.200 0.200 0.200 0.200 0.200 0.200 0.200 0.200 0.200 0.200 0.200 0.200 0.200 0.200 0.200 0.200 0.200 0.200 0.200 0.200 0.200 0.200 0.200 0.200 0.200 0.200 0.200 0.200 0.200 0.200 0.200 0.200 0.200 0.200 0.200 0.200 0.200 0.200 0.200 0.200 0.200 0.200 0.200 0.200 0.200 0.200 0.200 0.200 0.200 0.200 0.200 0.200 0.200 0.200 0.200 0.200 0.200 0.200 0.200 0.200 0.200 0.200 0.200 0.200 0.200 0.200 0.200 0.200 0.200 0.200 0.200 0.200 0.200 0.200 0.200 0.200 0.200 0.200 0.200 0.200 0.200 0.200 0.200 0.200 0.200 0.200 0.200 0.200 0.200 0.200 0.200 0.200 0.200 0.200 0.200 0.200 0.200 0.200 0.200 0.200 0.200 0.200 0.200 0.200 0.200 0.200 0.200 0.200 0.200 0.200 0.200 0.200 0.200 0.200 0.200 0.200 0.200 0.200 0.200 0.200 0.200 0.200 0.200 0.200 0.200 0.200 0.200 0.200 0.200 0.200 0.200 0.200 0.200 0.200 0.200 0.200 0.200 0.200 0.200 0.200 0.200 0.200 0.200 0.200 0.200 0.200 0.200 0.200 0.200 0.200 0.200 0.200 0.200)  
trial_outcome: (0.744 0.574 0.523 0.330 0.439 0.416 0.634 0.453 0.542 0.240 0.356 0.530 0.744 0.696 0.667 0.701 0.551 0.795 0.406 0.213 0.354 0.512 0.274 0.505 0.478 0.377 0.225 0.015 0.003 0.205 0.000 0.347 0.311 0.333 0.005 0.235 0.507 0.587 0.621 0.762 0.555 0.578 0.560 0.322 0.464 0.548 0.513 0.294 0.581 0.305 0.697 0.462 0.323 0.422 0.161 0.252 0.418 0.246 0.252 0.497 0.047 0.138 0.243 0.481 0.099 0.445 0.698 0.197 0.037 0.013 0.044 0.640 0.286 0.579 0.230 0.543 0.235 0.299 0.101 0.655 0.319 0.779 0.460 0.844 0.328 0.286 0.518 0.084 0.573 0.191 0.011 0.527 0.321 0.003 0.068 0.527 0.517 0.709 0.348 0.724 0.590 0.344 0.775 0.029 0.231 0.716 0.029 0.514 0.036 0.607 0.011 0.319 0.101 0.316 0.005 0.229 0.082 0.609 0.172 0.226 0.768 0.244 0.458 0.188 0.393 0.000 0.438 0.398 0.804 0.454 0.608 0.732 0.581 0.044 0.189 0.174 0.428 0.328 0.405 0.599 0.071 0.630 0.158 0.252 0.096 0.151 0.149 0.159 0.082 0.116 0.219 0.283 0.684 0.306 0.126 0.215 0.442 0.505 0.351 0.351 0.347 0.267 0.335 0.158 0.329 0.297 0.154 0.275 0.267 0.634 0.756)  0.128 0.300 0.364 0.543 0.432 0.452 0.259 0.419 0.333 0.640 0.522 0.333 0.136 0.187 0.209 0.179 0.322 0.082 0.464 0.660 0.519 0.362 0.606 0.365 0.397 0.496 0.648 0.859 0.869 0.669 0.878 0.528 0.566 0.537 0.871 0.638 0.370 0.291 0.241 0.119 0.319 0.297 0.325 0.545 0.405 0.319 0.364 0.588 0.291 0.570 0.173 0.414 0.550 0.453 0.717 0.618 0.457 0.625 0.626 0.376 0.829 0.738 0.629 0.392 0.775 0.435 0.181 0.688 0.836 0.863 0.831 0.235 0.586 0.298 0.643 0.330 0.642 0.581 0.775 0.218 0.556 0.094 0.416 0.032 0.545 0.587 0.355 0.789 0.306 0.683 0.865 0.361 0.555 0.867 0.808 0.343 0.354 0.177 0.523 0.152 0.291 0.530 0.110 0.844 0.645 0.160 0.842 0.352 0.837 0.274 0.865 0.556 0.766 0.550 0.865 0.649 0.790 0.283 0.706 0.649 0.094 0.634 0.421 0.686 0.485 0.876 0.433 0.475 0.065 0.420 0.270 0.147 0.287 0.841 0.684 0.695 0.442 0.541 0.468 0.286 0.802 0.253 0.711 0.626 0.778 0.726 0.728 0.717 0.794 0.759 0.658 0.585 0.200 0.572 0.745 0.660 0.430 0.372 0.517 0.521 0.531 0.603 0.533 0.722 0.542 0.569 0.723 0.598 0.608 0.244 0.122)  0.128 0.042 0.099 0.021 0.071 0.048 0.027 0.041 0.022 0.017 0.028 0.030 0.040 0.026 0.023 0.008 0.037 0.026 0.003 0.013 0.007 0.012 0.029 0.027 0.010 0.044 0.006 0.000 0.003 0.010 0.000 0.022 0.023 0.007 0.000 0.020 0.055 0.019 0.062 0.043 0.012 0.019 0.011 0.024 0.007 0.023 0.009 0.022 0.026 0.014 0.030 0.031 0.032 0.003 0.009 0.016 0.054 0.036 0.030 0.053 0.005 0.000 0.041 0.058 0.009 0.040 0.037 0.007 0.000 0.005 0.003 0.035 0.026 0.004 0.010 0.017 0.020 0.014 0.012 0.044 0.014 0.081 0.016 0.048 0.012 0.006 0.027 0.000 0.026 0.008 0.000 0.020 0.006 0.000 0.000 0.020 0.023 0.051 0.003 0.027 0.060 0.009 0.012 0.005 0.000 0.099 0.011 0.048 0.009 0.051 0.000 0.028 0.007 0.019 0.000 0.014 0.008 0.033 0.003 0.015 0.036 0.007 0.023 0.013 0.031 0.000 0.037 0.011 0.065 0.022 0.037 0.004 0.031 0.005 0.010 0.003 0.037 0.061 0.034 0.054 0.003 0.056 0.012 0.035 0.012 0.009 0.006 0.013 0.006 0.006 0.016 0.016 0.084 0.028 0.014 0.017 0.016 0.009 0.050 0.043 0.018 0.023 0.035 0.008 0.018 0.037 0.016 0.024 0.020 0.069 0.038)  0.000 0.084 0.013 0.106 0.058 0.084 0.080 0.087 0.102 0.103 0.094 0.107 0.080 0.091 0.101 0.112 0.090 0.097 0.126 0.114 0.119 0.115 0.091 0.102 0.115 0.083 0.121 0.126 0.126 0.116 0.122 0.103 0.099 0.122 0.123 0.106 0.068 0.103 0.076 0.076 0.114 0.106 0.104 0.108 0.124 0.110 0.114 0.097 0.102 0.111 0.100 0.093 0.096 0.122 0.112 0.114 0.071 0.093 0.093 0.074 0.119 0.124 0.086 0.069 0.117 0.080 0.084 0.108 0.127 0.118 0.122 0.090 0.102 0.119 0.117 0.109 0.104 0.107 0.112 0.083 0.111 0.047 0.108 0.075 0.115 0.121 0.100 0.126 0.095 0.118 0.124 0.093 0.118 0.130 0.124 0.110 0.106 0.063 0.126 0.097 0.060 0.117 0.104 0.121 0.124 0.025 0.118 0.086 0.118 0.068 0.124 0.097 0.126 0.115 0.130 0.108 0.121 0.076 0.120 0.109 0.101 0.115 0.097 0.113 0.092 0.124 0.092 0.116 0.065 0.104 0.085 0.116 0.101 0.110 0.117 0.128 0.093 0.070 0.093 0.061 0.124 0.062 0.119 0.087 0.114 0.114 0.117 0.111 0.119 0.119 0.107 0.116 0.032 0.094 0.115 0.108 0.112 0.115 0.081 0.085 0.103 0.107 0.097 0.113 0.111 0.097 0.107 0.104 0.106 0.053 0.084)  
Brain region: VISl: 162 neurons, VISp: 29006 neurons  
Training on 35116 trials, testing on 8859 trials
Using device: cuda
Using balanced loss with class weights:
  Output 0: [0.05889036 0.05770537 0.05758548 0.05781637 0.05828803 0.05413035
 0.05405601 0.05416534 0.05378866 0.05380531 0.05387286 0.05754315
 0.05751992 0.05452187 0.0535928  0.05840942 0.10430871]
  Output 1: [0.11655229 0.8834477 ]
  Output 2: [0.20009011 0.20056675 0.20005307 0.19968098 0.19960909]
  Output 3: [0.20000191 0.20061894 0.20047529 0.19812866 0.20077522]
  Output 4: [0.0466962  0.02679914 0.7872248  0.13927984]
Epoch [1/200], Loss: 1.644219
Epoch [2/200], Loss: 1.642080
Epoch [3/200], Loss: 1.640041
Epoch [4/200], Loss: 1.638091
Epoch [5/200], Loss: 1.636220
Epoch [6/200], Loss: 1.634418
Epoch [7/200], Loss: 1.632674
Epoch [8/200], Loss: 1.630976
Epoch [9/200], Loss: 1.629313
Epoch [10/200], Loss: 1.627678
Epoch [20/200], Loss: 1.611662
Epoch [30/200], Loss: 1.594122
Epoch [40/200], Loss: 1.574388
Epoch [50/200], Loss: 1.553027
Epoch [60/200], Loss: 1.531040
Epoch [70/200], Loss: 1.509372
Epoch [80/200], Loss: 1.488678
Epoch [90/200], Loss: 1.469324
Epoch [100/200], Loss: 1.451470
Epoch [110/200], Loss: 1.435150
Epoch [120/200], Loss: 1.420318
Epoch [130/200], Loss: 1.406881
Epoch [140/200], Loss: 1.394730
Epoch [150/200], Loss: 1.383751
Epoch [160/200], Loss: 1.373833
Epoch [170/200], Loss: 1.364871
Epoch [180/200], Loss: 1.356769
Epoch [190/200], Loss: 1.349438
Epoch [200/200], Loss: 1.342800
Test Loss: 1.413051

Training Balanced Accuracy Scores (chance = 1/num_classes):
  0 (image_identity): 0.4572  (chance: 0.0588)
  1 (image_change): 0.6640  (chance: 0.5000)
  2 (running_speed_bin): 0.3391  (chance: 0.2000)
  3 (pupil_diameter_bin): 0.3380  (chance: 0.2000)
  4 (trial_outcome): 0.4733  (chance: 0.2500)

Validation Balanced Accuracy Scores (chance = 1/num_classes):
  0 (image_identity): 0.4212  (chance: 0.0588)
  1 (image_change): 0.6199  (chance: 0.5000)
  2 (running_speed_bin): 0.2960  (chance: 0.2000)
  3 (pupil_diameter_bin): 0.2750  (chance: 0.2000)
  4 (trial_outcome): 0.3055  (chance: 0.2500)
train_decoder.py finished successfully.
