Data format is valid, no errors or warnings.
Number of sessions: 173
Total number of trials: 90734
Number of trials per session: [368, 159, 518, 206, 520, 531, 501, 660, 521, 520, 530, 583, 437, 525, 521, 571, 443, 444, 481, 440, 530, 581, 602, 439, 684, 540, 460, 281, 501, 692, 660, 800, 660, 690, 430, 661, 561, 611, 380, 750, 580, 550, 524, 569, 542, 513, 426, 378, 389, 429, 415, 458, 444, 402, 397, 577, 552, 488, 466, 665, 424, 544, 498, 435, 493, 421, 470, 454, 405, 482, 635, 519, 600, 494, 470, 320, 527, 530, 626, 461, 530, 580, 640, 410, 450, 264, 440, 520, 470, 666, 700, 530, 540, 490, 500, 540, 610, 560, 500, 520, 720, 540, 624, 680, 515, 479, 494, 475, 513, 469, 533, 312, 439, 362, 568, 553, 561, 496, 535, 548, 622, 520, 624, 600, 601, 540, 504, 620, 665, 553, 450, 570, 476, 542, 445, 617, 419, 534, 503, 484, 627, 656, 644, 695, 638, 588, 625, 518, 509, 479, 399, 476, 531, 566, 407, 523, 537, 471, 640, 479, 522, 590, 518, 631, 560, 501, 608, 662, 547, 491, 689, 452, 626]
Number of subjects: 28
Number of brain regions: 14
Number of sessions per subject:
  Subject 440956: 4 sessions
  Subject 440957: 4 sessions
  Subject 440958: 4 sessions
  Subject 440959: 8 sessions
  Subject 441666: 5 sessions
  Subject 442571: 5 sessions
  Subject 449141: 6 sessions
  Subject 455219: 4 sessions
  Subject 455220: 6 sessions
  Subject 456772: 10 sessions
  Subject 456773: 4 sessions
  Subject 456774: 3 sessions
  Subject 460432: 4 sessions
  Subject 460434: 4 sessions
  Subject 460436: 4 sessions
  Subject 479121: 6 sessions
  Subject 479149: 7 sessions
  Subject 480133: 9 sessions
  Subject 480134: 7 sessions
  Subject 480135: 7 sessions
  Subject 480927: 10 sessions
  Subject 480928: 9 sessions
  Subject 484672: 6 sessions
  Subject 484673: 9 sessions
  Subject 484674: 9 sessions
  Subject 484675: 6 sessions
  Subject 484676: 7 sessions
  Subject 484677: 6 sessions
Input dimension: 2
Output dimension: 4
Summary statistics (across all sessions):
  T: mean: 80.00, median: 80.00, min: 80, max: 80
  n_neurons: mean: 398.20', min: 90, max: 923
  Input range:
    time from tone onset (s): [-1.5, 11.9]
    photostimulation on: [0.0, 1.0]
  Output range:
    lick direction choice: [0.0, 2.0]
    outcome: [0.0, 2.0]
    early lick: [0.0, 1.0]
    tongue y-position: [0.0, 3.0]
  Unique outputs per dimension (fraction of data):
    lick direction choice: {left (0.428), right (0.422), no lick (0.149)}
    outcome: {ignore (0.149), miss (0.166), hit (0.684)}
    early lick: {no (0.884), yes (0.116)}
    tongue y-position: {below 40th percentile (0.062), 40th to 60th percentile (0.032), above 60th percentile (0.065), not visible (0.841)}
  Brain region distribution:
    left ALM: 12189 neurons
    left BLA: 1344 neurons
    left ECT: 2961 neurons
    left Medulla: 2888 neurons
    left Midbrain: 5232 neurons
    left Striatum: 4801 neurons
    left Thalamus: 7406 neurons
    right ALM: 11057 neurons
    right BLA: 1266 neurons
    right ECT: 1190 neurons
    right Medulla: 1912 neurons
    right Midbrain: 5398 neurons
    right Striatum: 5772 neurons
    right Thalamus: 5472 neurons

Per-session statistics:
  Mean T: 80.0, 80.0, 80.0, 80.0, 80.0, 80.0, 80.0, 80.0, 80.0, 80.0, 80.0, 80.0, 80.0, 80.0, 80.0, 80.0, 80.0, 80.0, 80.0, 80.0, 80.0, 80.0, 80.0, 80.0, 80.0, 80.0, 80.0, 80.0, 80.0, 80.0, 80.0, 80.0, 80.0, 80.0, 80.0, 80.0, 80.0, 80.0, 80.0, 80.0, 80.0, 80.0, 80.0, 80.0, 80.0, 80.0, 80.0, 80.0, 80.0, 80.0, 80.0, 80.0, 80.0, 80.0, 80.0, 80.0, 80.0, 80.0, 80.0, 80.0, 80.0, 80.0, 80.0, 80.0, 80.0, 80.0, 80.0, 80.0, 80.0, 80.0, 80.0, 80.0, 80.0, 80.0, 80.0, 80.0, 80.0, 80.0, 80.0, 80.0, 80.0, 80.0, 80.0, 80.0, 80.0, 80.0, 80.0, 80.0, 80.0, 80.0, 80.0, 80.0, 80.0, 80.0, 80.0, 80.0, 80.0, 80.0, 80.0, 80.0, 80.0, 80.0, 80.0, 80.0, 80.0, 80.0, 80.0, 80.0, 80.0, 80.0, 80.0, 80.0, 80.0, 80.0, 80.0, 80.0, 80.0, 80.0, 80.0, 80.0, 80.0, 80.0, 80.0, 80.0, 80.0, 80.0, 80.0, 80.0, 80.0, 80.0, 80.0, 80.0, 80.0, 80.0, 80.0, 80.0, 80.0, 80.0, 80.0, 80.0, 80.0, 80.0, 80.0, 80.0, 80.0, 80.0, 80.0, 80.0, 80.0, 80.0, 80.0, 80.0, 80.0, 80.0, 80.0, 80.0, 80.0, 80.0, 80.0, 80.0, 80.0, 80.0, 80.0, 80.0, 80.0, 80.0, 80.0, 80.0, 80.0, 80.0, 80.0, 80.0, 80.0
  Min T: 80, 80, 80, 80, 80, 80, 80, 80, 80, 80, 80, 80, 80, 80, 80, 80, 80, 80, 80, 80, 80, 80, 80, 80, 80, 80, 80, 80, 80, 80, 80, 80, 80, 80, 80, 80, 80, 80, 80, 80, 80, 80, 80, 80, 80, 80, 80, 80, 80, 80, 80, 80, 80, 80, 80, 80, 80, 80, 80, 80, 80, 80, 80, 80, 80, 80, 80, 80, 80, 80, 80, 80, 80, 80, 80, 80, 80, 80, 80, 80, 80, 80, 80, 80, 80, 80, 80, 80, 80, 80, 80, 80, 80, 80, 80, 80, 80, 80, 80, 80, 80, 80, 80, 80, 80, 80, 80, 80, 80, 80, 80, 80, 80, 80, 80, 80, 80, 80, 80, 80, 80, 80, 80, 80, 80, 80, 80, 80, 80, 80, 80, 80, 80, 80, 80, 80, 80, 80, 80, 80, 80, 80, 80, 80, 80, 80, 80, 80, 80, 80, 80, 80, 80, 80, 80, 80, 80, 80, 80, 80, 80, 80, 80, 80, 80, 80, 80, 80, 80, 80, 80, 80, 80
  Max T: 80, 80, 80, 80, 80, 80, 80, 80, 80, 80, 80, 80, 80, 80, 80, 80, 80, 80, 80, 80, 80, 80, 80, 80, 80, 80, 80, 80, 80, 80, 80, 80, 80, 80, 80, 80, 80, 80, 80, 80, 80, 80, 80, 80, 80, 80, 80, 80, 80, 80, 80, 80, 80, 80, 80, 80, 80, 80, 80, 80, 80, 80, 80, 80, 80, 80, 80, 80, 80, 80, 80, 80, 80, 80, 80, 80, 80, 80, 80, 80, 80, 80, 80, 80, 80, 80, 80, 80, 80, 80, 80, 80, 80, 80, 80, 80, 80, 80, 80, 80, 80, 80, 80, 80, 80, 80, 80, 80, 80, 80, 80, 80, 80, 80, 80, 80, 80, 80, 80, 80, 80, 80, 80, 80, 80, 80, 80, 80, 80, 80, 80, 80, 80, 80, 80, 80, 80, 80, 80, 80, 80, 80, 80, 80, 80, 80, 80, 80, 80, 80, 80, 80, 80, 80, 80, 80, 80, 80, 80, 80, 80, 80, 80, 80, 80, 80, 80, 80, 80, 80, 80, 80, 80
  n_neurons: 459, 375, 205, 552, 526, 505, 192, 161, 347, 342, 432, 367, 214, 160, 383, 452, 537, 396, 391, 292, 300, 290, 314, 501, 278, 279, 603, 433, 425, 436, 553, 499, 571, 533, 675, 496, 498, 530, 463, 599, 224, 478, 488, 427, 433, 428, 106, 157, 217, 194, 344, 253, 343, 477, 332, 254, 452, 272, 414, 346, 532, 279, 178, 259, 322, 368, 184, 156, 150, 190, 141, 365, 254, 323, 269, 605, 378, 537, 374, 322, 90, 110, 180, 233, 459, 480, 304, 328, 148, 237, 371, 439, 639, 618, 205, 523, 555, 532, 420, 683, 480, 495, 675, 749, 630, 733, 765, 538, 183, 257, 219, 477, 376, 516, 688, 350, 219, 469, 366, 483, 268, 432, 358, 407, 509, 650, 731, 923, 724, 850, 256, 385, 213, 330, 492, 165, 486, 633, 497, 532, 285, 227, 342, 430, 390, 308, 298, 638, 208, 452, 238, 206, 404, 269, 365, 393, 483, 288, 325, 182, 537, 473, 302, 317, 530, 437, 339, 445, 390, 308, 787, 472, 368
  Input range:
    0: [-0.6, 5.7] [-0.6, 5.5] [-0.6, 4.5] [-0.6, 4.1] [-0.6, 5.3] [-0.6, 5.0] [-0.6, 4.7] [-0.6, 5.7] [-0.6, 5.0] [-0.6, 7.1] [-0.6, 7.2] [-0.6, 6.2] [-0.6, 5.9] [-0.6, 9.5] [-0.6, 7.2] [-0.6, 7.4] [-0.6, 6.1] [-0.6, 5.1] [-0.6, 6.0] [-0.6, 5.1] [-0.6, 4.5] [-0.6, 5.9] [-0.6, 5.7] [-0.6, 6.1] [-0.6, 7.1] [-0.6, 4.9] [-0.6, 5.8] [-0.6, 5.1] [-0.6, 5.7] [-0.6, 5.1] [-0.6, 6.2] [-0.6, 7.6] [-0.6, 5.6] [-0.6, 5.6] [-0.6, 5.3] [-0.6, 4.4] [-0.6, 6.2] [-0.6, 6.3] [-0.6, 5.7] [-0.6, 6.7] [-0.6, 6.0] [-0.6, 6.3] [-0.6, 6.3] [-0.6, 6.9] [-0.6, 6.3] [-0.6, 6.9] [-1.5, 5.8] [-1.5, 5.8] [-1.5, 7.4] [-1.5, 5.1] [-1.5, 5.5] [-1.5, 5.8] [-1.5, 4.9] [-1.5, 5.6] [-1.5, 5.8] [-1.5, 6.8] [-1.5, 6.0] [-1.5, 9.4] [-1.5, 5.8] [-1.5, 6.3] [-1.5, 9.7] [-1.5, 4.8] [-1.5, 5.5] [-1.5, 5.3] [-1.5, 5.0] [-1.5, 5.7] [-1.5, 7.0] [-1.5, 5.4] [-1.5, 6.7] [-1.5, 7.9] [-1.5, 6.6] [-1.5, 6.6] [-1.5, 9.1] [-1.5, 7.2] [-1.5, 5.7] [-1.5, 5.8] [-1.5, 5.4] [-1.5, 5.9] [-1.5, 5.7] [-1.5, 4.8] [-1.5, 4.3] [-1.5, 5.8] [-1.5, 8.4] [-1.5, 6.3] [-1.5, 7.5] [-1.5, 8.2] [-1.5, 6.6] [-1.5, 6.6] [-1.5, 5.0] [-1.5, 5.5] [-1.5, 7.1] [-1.5, 7.3] [-1.5, 4.8] [-1.5, 9.2] [-1.5, 6.4] [-1.5, 7.6] [-1.5, 6.9] [-1.5, 5.0] [-1.5, 5.7] [-1.5, 5.8] [-1.5, 6.6] [-1.5, 6.3] [-1.5, 6.5] [-1.5, 6.5] [-1.5, 8.0] [-1.5, 5.6] [-1.5, 5.2] [-1.5, 5.3] [-1.5, 5.9] [-1.5, 6.1] [-1.5, 7.6] [-1.5, 5.3] [-1.5, 5.5] [-1.5, 5.5] [-1.5, 6.6] [-1.5, 6.5] [-1.5, 6.8] [-1.5, 8.4] [-1.5, 7.3] [-1.5, 11.9] [-1.5, 9.3] [-1.5, 5.8] [-1.5, 5.7] [-1.5, 5.5] [-1.5, 5.8] [-1.5, 6.8] [-1.5, 5.9] [-1.5, 4.7] [-1.5, 5.3] [-1.5, 5.1] [-1.5, 6.6] [-1.5, 5.8] [-1.5, 5.5] [-1.5, 6.3] [-1.5, 5.0] [-1.5, 6.2] [-1.5, 3.9] [-1.5, 5.4] [-1.5, 6.0] [-1.5, 5.5] [-1.5, 6.2] [-1.5, 6.7] [-1.5, 6.2] [-1.5, 6.1] [-1.5, 6.7] [-1.5, 7.4] [-1.5, 8.2] [-1.5, 6.9] [-1.5, 8.0] [-1.5, 7.3] [-1.5, 8.8] [-1.5, 5.1] [-1.5, 9.7] [-1.5, 7.2] [-1.5, 7.2] [-1.5, 5.8] [-1.5, 5.7] [-1.5, 5.8] [-1.5, 6.7] [-1.5, 6.2] [-1.5, 5.3] [-1.5, 7.0] [-1.5, 5.6] [-1.5, 6.2] [-1.5, 5.8] [-1.5, 5.9] [-1.5, 6.4] [-1.5, 6.2] [-1.5, 8.2] [-1.5, 5.6] [-1.5, 6.1] [-1.5, 6.8] [-1.5, 7.1] 
    1: [0.0, 1.0] [0.0, 1.0] [0.0, 1.0] [0.0, 1.0] [0.0, 1.0] [0.0, 1.0] [0.0, 1.0] [0.0, 1.0] [0.0, 1.0] [0.0, 1.0] [0.0, 1.0] [0.0, 1.0] [0.0, 1.0] [0.0, 1.0] [0.0, 1.0] [0.0, 0.0] [0.0, 1.0] [0.0, 1.0] [0.0, 1.0] [0.0, 1.0] [0.0, 1.0] [0.0, 1.0] [0.0, 1.0] [0.0, 1.0] [0.0, 1.0] [0.0, 1.0] [0.0, 1.0] [0.0, 1.0] [0.0, 1.0] [0.0, 1.0] [0.0, 1.0] [0.0, 1.0] [0.0, 1.0] [0.0, 1.0] [0.0, 1.0] [0.0, 1.0] [0.0, 1.0] [0.0, 1.0] [0.0, 1.0] [0.0, 1.0] [0.0, 1.0] [0.0, 1.0] [0.0, 1.0] [0.0, 1.0] [0.0, 1.0] [0.0, 1.0] [0.0, 1.0] [0.0, 1.0] [0.0, 1.0] [0.0, 1.0] [0.0, 1.0] [0.0, 1.0] [0.0, 1.0] [0.0, 1.0] [0.0, 1.0] [0.0, 1.0] [0.0, 1.0] [0.0, 1.0] [0.0, 1.0] [0.0, 1.0] [0.0, 1.0] [0.0, 1.0] [0.0, 1.0] [0.0, 1.0] [0.0, 1.0] [0.0, 1.0] [0.0, 1.0] [0.0, 1.0] [0.0, 1.0] [0.0, 1.0] [0.0, 1.0] [0.0, 1.0] [0.0, 1.0] [0.0, 1.0] [0.0, 1.0] [0.0, 1.0] [0.0, 1.0] [0.0, 1.0] [0.0, 1.0] [0.0, 1.0] [0.0, 1.0] [0.0, 0.0] [0.0, 1.0] [0.0, 0.0] [0.0, 0.0] [0.0, 1.0] [0.0, 1.0] [0.0, 1.0] [0.0, 0.0] [0.0, 1.0] [0.0, 1.0] [0.0, 0.0] [0.0, 1.0] [0.0, 1.0] [0.0, 1.0] [0.0, 1.0] [0.0, 1.0] [0.0, 1.0] [0.0, 1.0] [0.0, 1.0] [0.0, 1.0] [0.0, 1.0] [0.0, 1.0] [0.0, 1.0] [0.0, 1.0] [0.0, 1.0] [0.0, 1.0] [0.0, 1.0] [0.0, 1.0] [0.0, 1.0] [0.0, 1.0] [0.0, 1.0] [0.0, 1.0] [0.0, 1.0] [0.0, 1.0] [0.0, 1.0] [0.0, 1.0] [0.0, 1.0] [0.0, 1.0] [0.0, 1.0] [0.0, 1.0] [0.0, 1.0] [0.0, 1.0] [0.0, 1.0] [0.0, 1.0] [0.0, 1.0] [0.0, 1.0] [0.0, 1.0] [0.0, 1.0] [0.0, 1.0] [0.0, 1.0] [0.0, 1.0] [0.0, 1.0] [0.0, 1.0] [0.0, 1.0] [0.0, 1.0] [0.0, 1.0] [0.0, 1.0] [0.0, 1.0] [0.0, 1.0] [0.0, 1.0] [0.0, 1.0] [0.0, 1.0] [0.0, 1.0] [0.0, 1.0] [0.0, 1.0] [0.0, 1.0] [0.0, 1.0] [0.0, 1.0] [0.0, 1.0] [0.0, 1.0] [0.0, 1.0] [0.0, 1.0] [0.0, 1.0] [0.0, 1.0] [0.0, 1.0] [0.0, 1.0] [0.0, 1.0] [0.0, 1.0] [0.0, 1.0] [0.0, 1.0] [0.0, 1.0] [0.0, 1.0] [0.0, 1.0] [0.0, 1.0] [0.0, 1.0] [0.0, 1.0] [0.0, 1.0] [0.0, 1.0] [0.0, 1.0] [0.0, 1.0] [0.0, 1.0] [0.0, 1.0] 
  Output range:
    0: [0.0, 2.0] [0.0, 2.0] [0.0, 2.0] [0.0, 2.0] [0.0, 2.0] [0.0, 2.0] [0.0, 2.0] [0.0, 2.0] [0.0, 2.0] [0.0, 2.0] [0.0, 2.0] [0.0, 1.0] [0.0, 2.0] [0.0, 2.0] [0.0, 2.0] [0.0, 2.0] [0.0, 2.0] [0.0, 2.0] [0.0, 2.0] [0.0, 2.0] [0.0, 2.0] [0.0, 2.0] [0.0, 2.0] [0.0, 2.0] [0.0, 2.0] [0.0, 2.0] [0.0, 2.0] [0.0, 2.0] [0.0, 2.0] [0.0, 2.0] [0.0, 2.0] [0.0, 2.0] [0.0, 2.0] [0.0, 2.0] [0.0, 2.0] [0.0, 2.0] [0.0, 2.0] [0.0, 2.0] [0.0, 2.0] [0.0, 2.0] [0.0, 2.0] [0.0, 2.0] [0.0, 2.0] [0.0, 2.0] [0.0, 2.0] [0.0, 2.0] [0.0, 2.0] [0.0, 2.0] [0.0, 2.0] [0.0, 2.0] [0.0, 2.0] [0.0, 2.0] [0.0, 2.0] [0.0, 2.0] [0.0, 2.0] [0.0, 2.0] [0.0, 2.0] [0.0, 2.0] [0.0, 2.0] [0.0, 2.0] [0.0, 2.0] [0.0, 2.0] [0.0, 2.0] [0.0, 2.0] [0.0, 2.0] [0.0, 2.0] [0.0, 2.0] [0.0, 2.0] [0.0, 2.0] [0.0, 2.0] [0.0, 2.0] [0.0, 2.0] [0.0, 2.0] [0.0, 2.0] [0.0, 2.0] [0.0, 2.0] [0.0, 2.0] [0.0, 2.0] [0.0, 2.0] [0.0, 2.0] [0.0, 2.0] [0.0, 2.0] [0.0, 2.0] [0.0, 2.0] [0.0, 2.0] [0.0, 2.0] [0.0, 2.0] [0.0, 2.0] [0.0, 2.0] [0.0, 2.0] [0.0, 2.0] [0.0, 2.0] [0.0, 2.0] [0.0, 2.0] [0.0, 2.0] [0.0, 2.0] [0.0, 2.0] [0.0, 2.0] [0.0, 2.0] [0.0, 2.0] [0.0, 2.0] [0.0, 2.0] [0.0, 2.0] [0.0, 2.0] [0.0, 2.0] [0.0, 2.0] [0.0, 2.0] [0.0, 2.0] [0.0, 2.0] [0.0, 2.0] [0.0, 2.0] [0.0, 2.0] [0.0, 2.0] [0.0, 2.0] [0.0, 2.0] [0.0, 2.0] [0.0, 2.0] [0.0, 2.0] [0.0, 2.0] [0.0, 2.0] [0.0, 2.0] [0.0, 2.0] [0.0, 2.0] [0.0, 2.0] [0.0, 2.0] [0.0, 2.0] [0.0, 2.0] [0.0, 2.0] [0.0, 2.0] [0.0, 2.0] [0.0, 2.0] [0.0, 2.0] [0.0, 2.0] [0.0, 2.0] [0.0, 2.0] [0.0, 2.0] [0.0, 2.0] [0.0, 2.0] [0.0, 2.0] [0.0, 2.0] [0.0, 2.0] [0.0, 2.0] [0.0, 2.0] [0.0, 2.0] [0.0, 2.0] [0.0, 2.0] [0.0, 2.0] [0.0, 2.0] [0.0, 2.0] [0.0, 2.0] [0.0, 2.0] [0.0, 2.0] [0.0, 2.0] [0.0, 2.0] [0.0, 2.0] [0.0, 2.0] [0.0, 2.0] [0.0, 2.0] [0.0, 2.0] [0.0, 2.0] [0.0, 2.0] [0.0, 2.0] [0.0, 2.0] [0.0, 2.0] [0.0, 2.0] [0.0, 2.0] [0.0, 2.0] [0.0, 2.0] [0.0, 2.0] [0.0, 2.0] [0.0, 2.0] [0.0, 2.0] [0.0, 2.0] 
    1: [0.0, 2.0] [0.0, 2.0] [0.0, 2.0] [0.0, 2.0] [0.0, 2.0] [0.0, 2.0] [0.0, 2.0] [0.0, 2.0] [0.0, 2.0] [0.0, 2.0] [0.0, 2.0] [1.0, 2.0] [0.0, 2.0] [0.0, 2.0] [0.0, 2.0] [0.0, 2.0] [0.0, 2.0] [0.0, 2.0] [0.0, 2.0] [0.0, 2.0] [0.0, 2.0] [0.0, 2.0] [0.0, 2.0] [0.0, 2.0] [0.0, 2.0] [0.0, 2.0] [0.0, 2.0] [0.0, 2.0] [0.0, 2.0] [0.0, 2.0] [0.0, 2.0] [0.0, 2.0] [0.0, 2.0] [0.0, 2.0] [0.0, 2.0] [0.0, 2.0] [0.0, 2.0] [0.0, 2.0] [0.0, 2.0] [0.0, 2.0] [0.0, 2.0] [0.0, 2.0] [0.0, 2.0] [0.0, 2.0] [0.0, 2.0] [0.0, 2.0] [0.0, 2.0] [0.0, 2.0] [0.0, 2.0] [0.0, 2.0] [0.0, 2.0] [0.0, 2.0] [0.0, 2.0] [0.0, 2.0] [0.0, 2.0] [0.0, 2.0] [0.0, 2.0] [0.0, 2.0] [0.0, 2.0] [0.0, 2.0] [0.0, 2.0] [0.0, 2.0] [0.0, 2.0] [0.0, 2.0] [0.0, 2.0] [0.0, 2.0] [0.0, 2.0] [0.0, 2.0] [0.0, 2.0] [0.0, 2.0] [0.0, 2.0] [0.0, 2.0] [0.0, 2.0] [0.0, 2.0] [0.0, 2.0] [0.0, 2.0] [0.0, 2.0] [0.0, 2.0] [0.0, 2.0] [0.0, 2.0] [0.0, 2.0] [0.0, 2.0] [0.0, 2.0] [0.0, 2.0] [0.0, 2.0] [0.0, 2.0] [0.0, 2.0] [0.0, 2.0] [0.0, 2.0] [0.0, 2.0] [0.0, 2.0] [0.0, 2.0] [0.0, 2.0] [0.0, 2.0] [0.0, 2.0] [0.0, 2.0] [0.0, 2.0] [0.0, 2.0] [0.0, 2.0] [0.0, 2.0] [0.0, 2.0] [0.0, 2.0] [0.0, 2.0] [0.0, 2.0] [0.0, 2.0] [0.0, 2.0] [0.0, 2.0] [0.0, 2.0] [0.0, 2.0] [0.0, 2.0] [0.0, 2.0] [0.0, 2.0] [0.0, 2.0] [0.0, 2.0] [0.0, 2.0] [0.0, 2.0] [0.0, 2.0] [0.0, 2.0] [0.0, 2.0] [0.0, 2.0] [0.0, 2.0] [0.0, 2.0] [0.0, 2.0] [0.0, 2.0] [0.0, 2.0] [0.0, 2.0] [0.0, 2.0] [0.0, 2.0] [0.0, 2.0] [0.0, 2.0] [0.0, 2.0] [0.0, 2.0] [0.0, 2.0] [0.0, 2.0] [0.0, 2.0] [0.0, 2.0] [0.0, 2.0] [0.0, 2.0] [0.0, 2.0] [0.0, 2.0] [0.0, 2.0] [0.0, 2.0] [0.0, 2.0] [0.0, 2.0] [0.0, 2.0] [0.0, 2.0] [0.0, 2.0] [0.0, 2.0] [0.0, 2.0] [0.0, 2.0] [0.0, 2.0] [0.0, 2.0] [0.0, 2.0] [0.0, 2.0] [0.0, 2.0] [0.0, 2.0] [0.0, 2.0] [0.0, 2.0] [0.0, 2.0] [0.0, 2.0] [0.0, 2.0] [0.0, 2.0] [0.0, 2.0] [0.0, 2.0] [0.0, 2.0] [0.0, 2.0] [0.0, 2.0] [0.0, 2.0] [0.0, 2.0] [0.0, 2.0] [0.0, 2.0] [0.0, 2.0] [0.0, 2.0] 
    2: [0.0, 1.0] [0.0, 1.0] [0.0, 1.0] [0.0, 1.0] [0.0, 1.0] [0.0, 1.0] [0.0, 1.0] [0.0, 1.0] [0.0, 1.0] [0.0, 1.0] [0.0, 1.0] [0.0, 1.0] [0.0, 1.0] [0.0, 1.0] [0.0, 1.0] [0.0, 0.0] [0.0, 1.0] [0.0, 1.0] [0.0, 1.0] [0.0, 1.0] [0.0, 1.0] [0.0, 1.0] [0.0, 1.0] [0.0, 1.0] [0.0, 1.0] [0.0, 1.0] [0.0, 1.0] [0.0, 1.0] [0.0, 1.0] [0.0, 1.0] [0.0, 1.0] [0.0, 1.0] [0.0, 1.0] [0.0, 1.0] [0.0, 1.0] [0.0, 1.0] [0.0, 1.0] [0.0, 1.0] [0.0, 1.0] [0.0, 1.0] [0.0, 1.0] [0.0, 1.0] [0.0, 1.0] [0.0, 1.0] [0.0, 1.0] [0.0, 1.0] [0.0, 1.0] [0.0, 1.0] [0.0, 1.0] [0.0, 1.0] [0.0, 1.0] [0.0, 1.0] [0.0, 1.0] [0.0, 1.0] [0.0, 1.0] [0.0, 1.0] [0.0, 1.0] [0.0, 1.0] [0.0, 1.0] [0.0, 1.0] [0.0, 1.0] [0.0, 1.0] [0.0, 1.0] [0.0, 1.0] [0.0, 1.0] [0.0, 1.0] [0.0, 1.0] [0.0, 1.0] [0.0, 1.0] [0.0, 1.0] [0.0, 1.0] [0.0, 1.0] [0.0, 1.0] [0.0, 1.0] [0.0, 1.0] [0.0, 1.0] [0.0, 1.0] [0.0, 1.0] [0.0, 1.0] [0.0, 1.0] [0.0, 1.0] [0.0, 0.0] [0.0, 1.0] [0.0, 1.0] [0.0, 1.0] [0.0, 1.0] [0.0, 1.0] [0.0, 1.0] [0.0, 0.0] [0.0, 1.0] [0.0, 1.0] [0.0, 1.0] [0.0, 1.0] [0.0, 1.0] [0.0, 1.0] [0.0, 1.0] [0.0, 1.0] [0.0, 1.0] [0.0, 1.0] [0.0, 1.0] [0.0, 1.0] [0.0, 1.0] [0.0, 1.0] [0.0, 1.0] [0.0, 1.0] [0.0, 1.0] [0.0, 1.0] [0.0, 1.0] [0.0, 1.0] [0.0, 1.0] [0.0, 1.0] [0.0, 1.0] [0.0, 1.0] [0.0, 1.0] [0.0, 1.0] [0.0, 1.0] [0.0, 1.0] [0.0, 1.0] [0.0, 1.0] [0.0, 1.0] [0.0, 1.0] [0.0, 1.0] [0.0, 1.0] [0.0, 1.0] [0.0, 1.0] [0.0, 1.0] [0.0, 1.0] [0.0, 1.0] [0.0, 1.0] [0.0, 1.0] [0.0, 1.0] [0.0, 1.0] [0.0, 1.0] [0.0, 1.0] [0.0, 1.0] [0.0, 1.0] [0.0, 1.0] [0.0, 1.0] [0.0, 1.0] [0.0, 1.0] [0.0, 1.0] [0.0, 1.0] [0.0, 1.0] [0.0, 1.0] [0.0, 1.0] [0.0, 1.0] [0.0, 1.0] [0.0, 1.0] [0.0, 1.0] [0.0, 1.0] [0.0, 1.0] [0.0, 1.0] [0.0, 1.0] [0.0, 1.0] [0.0, 1.0] [0.0, 1.0] [0.0, 1.0] [0.0, 1.0] [0.0, 1.0] [0.0, 1.0] [0.0, 1.0] [0.0, 1.0] [0.0, 1.0] [0.0, 1.0] [0.0, 1.0] [0.0, 1.0] [0.0, 1.0] [0.0, 1.0] [0.0, 1.0] [0.0, 1.0] [0.0, 1.0] [0.0, 1.0] [0.0, 1.0] 
    3: [0.0, 3.0] [0.0, 3.0] [0.0, 3.0] [0.0, 3.0] [0.0, 3.0] [0.0, 3.0] [0.0, 3.0] [0.0, 3.0] [0.0, 3.0] [0.0, 3.0] [0.0, 3.0] [0.0, 3.0] [0.0, 3.0] [0.0, 3.0] [0.0, 3.0] [0.0, 3.0] [0.0, 3.0] [0.0, 3.0] [0.0, 3.0] [0.0, 3.0] [0.0, 3.0] [0.0, 3.0] [0.0, 3.0] [0.0, 3.0] [0.0, 3.0] [0.0, 3.0] [0.0, 3.0] [0.0, 3.0] [0.0, 3.0] [0.0, 3.0] [0.0, 3.0] [0.0, 3.0] [0.0, 3.0] [0.0, 3.0] [0.0, 3.0] [0.0, 3.0] [0.0, 3.0] [0.0, 3.0] [0.0, 3.0] [0.0, 3.0] [0.0, 3.0] [0.0, 3.0] [0.0, 3.0] [0.0, 3.0] [0.0, 3.0] [0.0, 3.0] [0.0, 3.0] [0.0, 3.0] [0.0, 3.0] [0.0, 3.0] [0.0, 3.0] [0.0, 3.0] [0.0, 3.0] [0.0, 3.0] [0.0, 3.0] [0.0, 3.0] [0.0, 3.0] [0.0, 3.0] [0.0, 3.0] [0.0, 3.0] [0.0, 3.0] [0.0, 3.0] [0.0, 3.0] [0.0, 3.0] [0.0, 3.0] [0.0, 3.0] [0.0, 3.0] [0.0, 3.0] [0.0, 3.0] [0.0, 3.0] [0.0, 3.0] [0.0, 3.0] [0.0, 3.0] [0.0, 3.0] [0.0, 3.0] [0.0, 3.0] [0.0, 3.0] [0.0, 3.0] [0.0, 3.0] [0.0, 3.0] [0.0, 3.0] [0.0, 3.0] [0.0, 3.0] [0.0, 3.0] [0.0, 3.0] [0.0, 3.0] [0.0, 3.0] [0.0, 3.0] [0.0, 3.0] [0.0, 3.0] [0.0, 3.0] [0.0, 3.0] [0.0, 3.0] [0.0, 3.0] [0.0, 3.0] [0.0, 3.0] [0.0, 3.0] [0.0, 3.0] [0.0, 3.0] [0.0, 3.0] [0.0, 3.0] [0.0, 3.0] [0.0, 3.0] [0.0, 3.0] [0.0, 3.0] [0.0, 3.0] [0.0, 3.0] [0.0, 3.0] [0.0, 3.0] [0.0, 3.0] [0.0, 3.0] [0.0, 3.0] [0.0, 3.0] [0.0, 3.0] [0.0, 3.0] [0.0, 3.0] [0.0, 3.0] [0.0, 3.0] [0.0, 3.0] [0.0, 3.0] [0.0, 3.0] [0.0, 3.0] [0.0, 3.0] [0.0, 3.0] [0.0, 3.0] [0.0, 3.0] [0.0, 3.0] [0.0, 3.0] [0.0, 3.0] [0.0, 3.0] [0.0, 3.0] [0.0, 3.0] [0.0, 3.0] [0.0, 3.0] [0.0, 3.0] [0.0, 3.0] [0.0, 3.0] [0.0, 3.0] [0.0, 3.0] [0.0, 3.0] [0.0, 3.0] [0.0, 3.0] [0.0, 3.0] [0.0, 3.0] [0.0, 3.0] [0.0, 3.0] [0.0, 3.0] [0.0, 3.0] [0.0, 3.0] [0.0, 3.0] [0.0, 3.0] [0.0, 3.0] [0.0, 3.0] [0.0, 3.0] [0.0, 3.0] [0.0, 3.0] [0.0, 3.0] [0.0, 3.0] [0.0, 3.0] [0.0, 3.0] [0.0, 3.0] [0.0, 3.0] [0.0, 3.0] [0.0, 3.0] [0.0, 3.0] [0.0, 3.0] [0.0, 3.0] [0.0, 3.0] [0.0, 3.0] [0.0, 3.0] [0.0, 3.0] [0.0, 3.0] [0.0, 3.0] 
  Output fraction of data:
lick direction choice: (0.424 0.516 0.517 0.451 0.500 0.527 0.497 0.495 0.503 0.496 0.475 0.485 0.494 0.440 0.491 0.485 0.449 0.435 0.466 0.414 0.211 0.253 0.497 0.494 0.459 0.409 0.470 0.502 0.483 0.484 0.412 0.485 0.512 0.435 0.474 0.539 0.480 0.486 0.492 0.495 0.490 0.516 0.492 0.431 0.463 0.398 0.474 0.439 0.465 0.387 0.455 0.476 0.482 0.351 0.501 0.487 0.475 0.475 0.509 0.513 0.403 0.195 0.315 0.078 0.477 0.368 0.432 0.256 0.360 0.405 0.425 0.470 0.485 0.453 0.506 0.200 0.416 0.538 0.479 0.375 0.443 0.276 0.317 0.400 0.373 0.451 0.491 0.469 0.268 0.396 0.561 0.498 0.380 0.435 0.338 0.554 0.420 0.202 0.414 0.419 0.349 0.322 0.458 0.449 0.462 0.484 0.443 0.505 0.468 0.437 0.420 0.337 0.251 0.246 0.405 0.432 0.481 0.452 0.492 0.478 0.484 0.354 0.232 0.258 0.175 0.350 0.282 0.289 0.278 0.217 0.273 0.351 0.380 0.459 0.391 0.423 0.449 0.481 0.495 0.444 0.501 0.500 0.477 0.479 0.503 0.507 0.485 0.459 0.448 0.422 0.404 0.351 0.486 0.447 0.236 0.356 0.466 0.423 0.478 0.305 0.508 0.498 0.483 0.456 0.491 0.469 0.467 0.450 0.336 0.403 0.485 0.434 0.452)  0.380 0.472 0.458 0.529 0.496 0.469 0.491 0.495 0.484 0.475 0.511 0.515 0.435 0.490 0.505 0.504 0.544 0.486 0.511 0.450 0.266 0.189 0.437 0.472 0.510 0.424 0.472 0.480 0.491 0.487 0.383 0.496 0.485 0.519 0.356 0.422 0.517 0.509 0.500 0.496 0.472 0.469 0.448 0.452 0.448 0.407 0.491 0.407 0.468 0.378 0.525 0.496 0.514 0.338 0.491 0.504 0.455 0.486 0.468 0.477 0.429 0.127 0.289 0.143 0.420 0.501 0.383 0.264 0.388 0.498 0.557 0.524 0.512 0.447 0.479 0.206 0.353 0.440 0.514 0.304 0.506 0.295 0.419 0.371 0.489 0.379 0.445 0.467 0.209 0.300 0.399 0.406 0.291 0.343 0.314 0.363 0.362 0.205 0.412 0.421 0.438 0.398 0.452 0.481 0.466 0.459 0.415 0.476 0.458 0.328 0.456 0.346 0.317 0.249 0.442 0.434 0.480 0.480 0.443 0.465 0.482 0.346 0.306 0.330 0.170 0.348 0.333 0.253 0.227 0.210 0.218 0.267 0.315 0.419 0.373 0.365 0.418 0.479 0.445 0.405 0.498 0.498 0.483 0.496 0.484 0.476 0.485 0.452 0.444 0.478 0.298 0.290 0.492 0.512 0.285 0.298 0.343 0.363 0.405 0.228 0.454 0.492 0.479 0.491 0.498 0.425 0.484 0.535 0.510 0.401 0.444 0.465 0.463)  0.196 0.013 0.025 0.019 0.004 0.004 0.012 0.009 0.013 0.029 0.013 0.000 0.071 0.070 0.004 0.011 0.007 0.079 0.023 0.136 0.523 0.558 0.066 0.034 0.031 0.167 0.059 0.018 0.026 0.029 0.205 0.019 0.003 0.046 0.170 0.039 0.004 0.005 0.008 0.009 0.038 0.015 0.059 0.118 0.089 0.195 0.035 0.153 0.067 0.235 0.019 0.028 0.005 0.311 0.008 0.009 0.071 0.039 0.024 0.011 0.167 0.678 0.396 0.779 0.103 0.131 0.185 0.480 0.252 0.098 0.017 0.006 0.003 0.099 0.015 0.594 0.231 0.023 0.006 0.321 0.051 0.429 0.264 0.229 0.138 0.170 0.064 0.063 0.523 0.303 0.040 0.096 0.330 0.222 0.348 0.083 0.218 0.593 0.174 0.160 0.214 0.280 0.090 0.071 0.072 0.056 0.142 0.019 0.074 0.235 0.124 0.317 0.433 0.506 0.153 0.134 0.039 0.069 0.065 0.057 0.034 0.300 0.462 0.412 0.656 0.302 0.385 0.458 0.495 0.573 0.509 0.382 0.305 0.122 0.236 0.212 0.134 0.039 0.060 0.151 0.002 0.002 0.040 0.024 0.013 0.017 0.030 0.089 0.108 0.100 0.298 0.359 0.023 0.041 0.479 0.346 0.192 0.214 0.117 0.468 0.038 0.010 0.039 0.052 0.011 0.106 0.049 0.015 0.154 0.196 0.071 0.102 0.085)  
outcome: (0.196 0.013 0.025 0.019 0.004 0.004 0.012 0.009 0.013 0.029 0.013 0.000 0.071 0.070 0.004 0.011 0.007 0.079 0.023 0.136 0.523 0.558 0.066 0.034 0.031 0.167 0.059 0.018 0.026 0.029 0.205 0.019 0.003 0.046 0.170 0.039 0.004 0.005 0.008 0.009 0.038 0.015 0.059 0.118 0.089 0.195 0.035 0.153 0.067 0.235 0.019 0.028 0.005 0.311 0.008 0.009 0.071 0.039 0.024 0.011 0.167 0.678 0.396 0.779 0.103 0.131 0.185 0.480 0.252 0.098 0.017 0.006 0.003 0.099 0.015 0.594 0.231 0.023 0.006 0.321 0.051 0.429 0.264 0.229 0.138 0.170 0.064 0.063 0.523 0.303 0.040 0.096 0.330 0.222 0.348 0.083 0.218 0.593 0.174 0.160 0.214 0.280 0.090 0.071 0.072 0.056 0.142 0.019 0.074 0.235 0.124 0.317 0.433 0.506 0.153 0.134 0.039 0.069 0.065 0.057 0.034 0.300 0.462 0.412 0.656 0.302 0.385 0.458 0.495 0.573 0.509 0.382 0.305 0.122 0.236 0.212 0.134 0.039 0.060 0.151 0.002 0.002 0.040 0.024 0.013 0.017 0.030 0.089 0.108 0.100 0.298 0.359 0.023 0.041 0.479 0.346 0.192 0.214 0.117 0.468 0.038 0.010 0.039 0.052 0.011 0.106 0.049 0.015 0.154 0.196 0.071 0.102 0.085)  0.367 0.138 0.068 0.049 0.175 0.113 0.124 0.089 0.188 0.177 0.130 0.218 0.279 0.242 0.278 0.205 0.257 0.200 0.195 0.150 0.147 0.059 0.191 0.171 0.143 0.196 0.080 0.093 0.110 0.094 0.297 0.314 0.220 0.236 0.233 0.222 0.209 0.183 0.174 0.145 0.140 0.140 0.174 0.112 0.120 0.119 0.167 0.151 0.118 0.147 0.067 0.094 0.133 0.132 0.111 0.132 0.121 0.166 0.144 0.119 0.177 0.072 0.038 0.062 0.308 0.276 0.126 0.073 0.156 0.241 0.268 0.133 0.118 0.154 0.106 0.050 0.121 0.168 0.070 0.167 0.079 0.217 0.289 0.244 0.324 0.231 0.220 0.240 0.155 0.269 0.360 0.257 0.213 0.222 0.164 0.322 0.282 0.152 0.226 0.133 0.299 0.257 0.280 0.282 0.425 0.355 0.302 0.280 0.318 0.292 0.261 0.058 0.023 0.075 0.141 0.154 0.075 0.065 0.082 0.080 0.108 0.192 0.191 0.185 0.126 0.204 0.127 0.163 0.174 0.139 0.156 0.204 0.210 0.212 0.135 0.170 0.038 0.064 0.062 0.052 0.110 0.116 0.104 0.033 0.052 0.087 0.090 0.060 0.081 0.027 0.153 0.139 0.098 0.046 0.204 0.161 0.244 0.221 0.261 0.146 0.084 0.119 0.091 0.089 0.120 0.138 0.161 0.169 0.130 0.120 0.189 0.219 0.125)  0.438 0.849 0.907 0.932 0.821 0.883 0.864 0.902 0.798 0.794 0.857 0.782 0.650 0.688 0.718 0.785 0.736 0.721 0.782 0.714 0.330 0.384 0.743 0.795 0.826 0.637 0.861 0.890 0.864 0.877 0.498 0.667 0.777 0.717 0.598 0.738 0.788 0.812 0.818 0.845 0.822 0.845 0.767 0.770 0.792 0.686 0.798 0.696 0.815 0.618 0.913 0.878 0.863 0.557 0.882 0.860 0.808 0.795 0.833 0.871 0.656 0.250 0.566 0.159 0.588 0.594 0.689 0.447 0.593 0.662 0.715 0.861 0.878 0.747 0.879 0.356 0.647 0.809 0.923 0.512 0.870 0.353 0.447 0.527 0.538 0.598 0.716 0.696 0.321 0.428 0.600 0.647 0.457 0.555 0.488 0.594 0.500 0.255 0.600 0.708 0.487 0.463 0.630 0.647 0.503 0.589 0.557 0.701 0.608 0.473 0.615 0.625 0.544 0.420 0.706 0.712 0.886 0.867 0.852 0.863 0.859 0.508 0.348 0.403 0.218 0.494 0.488 0.379 0.331 0.288 0.336 0.414 0.485 0.666 0.629 0.618 0.828 0.897 0.879 0.798 0.888 0.883 0.856 0.942 0.936 0.896 0.880 0.851 0.811 0.873 0.549 0.502 0.879 0.913 0.317 0.493 0.564 0.565 0.622 0.386 0.877 0.871 0.871 0.859 0.870 0.756 0.789 0.816 0.717 0.684 0.740 0.679 0.791)  
early lick: (0.951 0.925 0.994 0.985 0.988 0.983 0.980 0.968 0.967 0.952 0.889 0.895 0.844 0.691 0.658 1.000 0.851 0.896 0.925 0.945 0.972 0.976 0.929 0.932 0.950 0.911 0.935 0.968 0.904 0.912 0.930 0.855 0.923 0.948 0.960 0.953 0.897 0.907 0.911 0.916 0.860 0.864 0.880 0.844 0.873 0.865 0.831 0.910 0.889 0.942 0.952 0.910 0.892 0.958 0.884 0.932 0.882 0.828 0.897 0.884 0.854 0.974 0.940 0.963 0.917 0.903 0.962 0.932 0.894 0.774 0.805 0.975 0.978 0.862 0.932 0.988 0.934 0.892 0.955 0.954 0.974 1.000 0.855 0.915 0.711 0.792 0.832 0.921 1.000 0.907 0.699 0.860 0.904 0.859 0.862 0.767 0.808 0.957 0.948 0.912 0.853 0.941 0.827 0.787 0.955 0.971 0.970 0.975 0.942 0.966 0.944 0.891 0.852 0.887 0.629 0.671 0.672 0.774 0.850 0.761 0.714 0.813 0.764 0.763 0.917 0.878 0.859 0.908 0.808 0.852 0.922 0.895 0.800 0.803 0.845 0.846 0.979 0.929 0.930 0.950 0.882 0.921 0.953 0.957 0.933 0.776 0.824 0.817 0.880 0.841 0.932 0.933 0.812 0.845 0.786 0.667 0.797 0.798 0.706 0.883 0.939 0.854 0.946 0.899 0.798 0.908 0.840 0.909 0.867 0.963 0.898 0.918 0.912)  0.049 0.075 0.006 0.015 0.012 0.017 0.020 0.032 0.033 0.048 0.111 0.105 0.156 0.309 0.342 0.000 0.149 0.104 0.075 0.055 0.028 0.024 0.071 0.068 0.050 0.089 0.065 0.032 0.096 0.088 0.070 0.145 0.077 0.052 0.040 0.047 0.103 0.093 0.089 0.084 0.140 0.136 0.120 0.156 0.127 0.135 0.169 0.090 0.111 0.058 0.048 0.090 0.108 0.042 0.116 0.068 0.118 0.172 0.103 0.116 0.146 0.026 0.060 0.037 0.083 0.097 0.038 0.068 0.106 0.226 0.195 0.025 0.022 0.138 0.068 0.013 0.066 0.108 0.045 0.046 0.026 0.000 0.145 0.085 0.289 0.208 0.168 0.079 0.000 0.093 0.301 0.140 0.096 0.141 0.138 0.233 0.192 0.043 0.052 0.088 0.147 0.059 0.173 0.213 0.045 0.029 0.030 0.025 0.058 0.034 0.056 0.109 0.148 0.113 0.371 0.329 0.328 0.226 0.150 0.239 0.286 0.187 0.236 0.237 0.083 0.122 0.141 0.092 0.192 0.148 0.078 0.105 0.200 0.197 0.155 0.154 0.021 0.071 0.070 0.050 0.118 0.079 0.047 0.043 0.067 0.224 0.176 0.183 0.120 0.159 0.068 0.067 0.188 0.155 0.214 0.333 0.203 0.202 0.294 0.117 0.061 0.146 0.054 0.101 0.202 0.092 0.160 0.091 0.133 0.037 0.102 0.082 0.088)  
tongue y-position: (0.046 0.068 0.058 0.055 0.058 0.067 0.065 0.071 0.063 0.060 0.058 0.062 0.047 0.049 0.051 0.054 0.055 0.022 0.024 0.020 0.043 0.038 0.099 0.078 0.078 0.032 0.035 0.058 0.064 0.057 0.069 0.085 0.077 0.053 0.051 0.068 0.064 0.064 0.064 0.067 0.052 0.051 0.048 0.047 0.277 0.040 0.065 0.055 0.063 0.052 0.061 0.062 0.063 0.035 0.061 0.059 0.048 0.048 0.045 0.050 0.049 0.015 0.030 0.014 0.051 0.053 0.048 0.040 0.055 0.065 0.075 0.065 0.068 0.056 0.068 0.029 0.057 0.068 0.073 0.040 0.071 0.051 0.051 0.056 0.131 0.073 0.086 0.078 0.037 0.047 0.080 0.065 0.045 0.053 0.043 0.068 0.053 0.019 0.048 0.059 0.051 0.040 0.065 0.057 0.063 0.066 0.057 0.077 0.066 0.045 0.053 0.065 0.041 0.048 0.094 0.099 0.116 0.108 0.091 0.096 0.116 0.067 0.044 0.055 0.026 0.056 0.058 0.046 0.042 0.029 0.038 0.046 0.052 0.061 0.057 0.053 0.061 0.065 0.063 0.057 0.096 0.087 0.083 0.084 0.090 0.087 0.054 0.077 0.068 0.071 0.049 0.042 0.079 0.077 0.032 0.040 0.051 0.056 0.061 0.034 0.001 0.110 0.092 0.089 0.119 0.087 0.107 0.062 0.056 0.055 0.067 0.058 0.064)  0.025 0.036 0.031 0.033 0.029 0.034 0.033 0.035 0.035 0.030 0.028 0.032 0.022 0.023 0.027 0.027 0.025 0.011 0.012 0.010 0.020 0.019 0.052 0.039 0.039 0.016 0.018 0.030 0.032 0.030 0.036 0.046 0.039 0.027 0.027 0.035 0.034 0.033 0.031 0.032 0.027 0.025 0.030 0.024 0.142 0.020 0.030 0.027 0.033 0.027 0.030 0.031 0.031 0.019 0.029 0.029 0.024 0.023 0.023 0.024 0.025 0.007 0.015 0.006 0.025 0.026 0.022 0.019 0.028 0.033 0.038 0.035 0.038 0.029 0.034 0.016 0.029 0.036 0.036 0.020 0.036 0.029 0.027 0.028 0.048 0.037 0.043 0.036 0.019 0.023 0.043 0.033 0.024 0.029 0.023 0.032 0.027 0.011 0.025 0.030 0.026 0.021 0.034 0.027 0.030 0.034 0.029 0.043 0.036 0.024 0.029 0.034 0.023 0.028 0.049 0.051 0.060 0.057 0.049 0.056 0.060 0.036 0.023 0.028 0.015 0.028 0.028 0.024 0.024 0.016 0.019 0.024 0.026 0.034 0.030 0.028 0.033 0.036 0.034 0.031 0.047 0.044 0.043 0.042 0.045 0.047 0.029 0.041 0.037 0.041 0.025 0.022 0.042 0.040 0.016 0.019 0.027 0.027 0.030 0.017 0.001 0.054 0.042 0.043 0.062 0.037 0.052 0.033 0.029 0.027 0.033 0.029 0.031)  0.055 0.076 0.063 0.067 0.079 0.078 0.081 0.080 0.069 0.066 0.061 0.066 0.047 0.051 0.054 0.055 0.056 0.022 0.025 0.021 0.035 0.034 0.105 0.081 0.077 0.034 0.036 0.061 0.065 0.057 0.074 0.089 0.081 0.054 0.050 0.069 0.064 0.066 0.058 0.067 0.054 0.051 0.059 0.049 0.327 0.040 0.066 0.057 0.065 0.052 0.061 0.059 0.063 0.037 0.057 0.057 0.048 0.048 0.046 0.050 0.050 0.015 0.030 0.013 0.049 0.051 0.047 0.036 0.055 0.069 0.076 0.061 0.073 0.057 0.074 0.029 0.058 0.070 0.073 0.040 0.071 0.051 0.049 0.054 0.083 0.061 0.081 0.079 0.037 0.047 0.084 0.067 0.046 0.056 0.046 0.068 0.054 0.021 0.048 0.060 0.052 0.041 0.066 0.056 0.059 0.064 0.057 0.076 0.059 0.046 0.052 0.051 0.044 0.058 0.111 0.112 0.133 0.128 0.106 0.118 0.131 0.071 0.045 0.055 0.028 0.059 0.058 0.045 0.046 0.033 0.041 0.053 0.056 0.067 0.060 0.058 0.074 0.075 0.074 0.062 0.106 0.097 0.095 0.091 0.100 0.103 0.061 0.084 0.076 0.081 0.057 0.044 0.084 0.087 0.032 0.040 0.055 0.060 0.065 0.036 0.001 0.112 0.082 0.089 0.124 0.084 0.105 0.066 0.059 0.054 0.067 0.059 0.065)  0.874 0.819 0.848 0.845 0.834 0.822 0.820 0.813 0.833 0.843 0.854 0.839 0.885 0.876 0.868 0.864 0.864 0.945 0.939 0.948 0.902 0.910 0.744 0.801 0.806 0.917 0.911 0.851 0.840 0.857 0.820 0.780 0.803 0.866 0.872 0.829 0.838 0.838 0.848 0.834 0.867 0.873 0.863 0.880 0.254 0.900 0.838 0.860 0.840 0.869 0.849 0.848 0.843 0.909 0.853 0.856 0.880 0.880 0.886 0.876 0.876 0.962 0.924 0.967 0.876 0.871 0.883 0.906 0.861 0.832 0.811 0.839 0.821 0.858 0.823 0.925 0.856 0.826 0.817 0.900 0.822 0.869 0.873 0.862 0.738 0.829 0.790 0.808 0.907 0.883 0.793 0.834 0.885 0.862 0.888 0.832 0.866 0.949 0.878 0.851 0.871 0.898 0.834 0.859 0.848 0.836 0.857 0.804 0.839 0.885 0.866 0.851 0.893 0.866 0.747 0.738 0.691 0.707 0.755 0.730 0.693 0.827 0.888 0.862 0.930 0.856 0.857 0.886 0.888 0.921 0.901 0.878 0.867 0.838 0.853 0.860 0.832 0.824 0.829 0.849 0.751 0.772 0.780 0.783 0.764 0.763 0.855 0.798 0.819 0.807 0.869 0.892 0.795 0.795 0.920 0.901 0.867 0.857 0.844 0.913 0.997 0.724 0.783 0.778 0.696 0.792 0.736 0.839 0.856 0.864 0.833 0.853 0.839)  
Brain region: left ALM: 12189 neurons, left BLA: 1344 neurons, left ECT: 2961 neurons, left Medulla: 2888 neurons, left Midbrain: 5232 neurons, left Striatum: 4801 neurons, left Thalamus: 7406 neurons, right ALM: 11057 neurons, right BLA: 1266 neurons, right ECT: 1190 neurons, right Medulla: 1912 neurons, right Midbrain: 5398 neurons, right Striatum: 5772 neurons, right Thalamus: 5472 neurons  
Data verification complete.
