Data format is valid, no errors or warnings.
Number of sessions: 75
Total number of trials: 31359
Number of trials per session: [503, 431, 518, 455, 629, 218, 259, 305, 248, 306, 457, 453, 400, 407, 492, 419, 335, 426, 145, 269, 201, 259, 251, 309, 455, 453, 210, 300, 423, 402, 457, 418, 320, 370, 267, 405, 568, 379, 429, 452, 473, 511, 789, 345, 475, 459, 520, 658, 578, 368, 369, 398, 237, 303, 485, 471, 479, 408, 454, 435, 400, 238, 402, 402, 403, 282, 605, 636, 600, 450, 348, 470, 719, 506, 680]
Number of subjects: 19
Number of brain regions: 3
Number of sessions per subject:
  Subject DR10: 5 sessions
  Subject DR15: 5 sessions
  Subject LZ13: 4 sessions
  Subject LZ16: 4 sessions
  Subject TX104: 2 sessions
  Subject TX105: 5 sessions
  Subject TX108: 6 sessions
  Subject TX109: 5 sessions
  Subject TX119: 6 sessions
  Subject TX123: 6 sessions
  Subject TX124: 1 sessions
  Subject TX139: 2 sessions
  Subject TX140: 1 sessions
  Subject TX60: 5 sessions
  Subject TX61: 3 sessions
  Subject TX83: 3 sessions
  Subject TX85: 2 sessions
  Subject TX88: 5 sessions
  Subject VR2: 5 sessions
Input dimension: 4
Output dimension: 4
Summary statistics (across all sessions):
  T: mean: 60.15, median: 51.69, min: 18, max: 5621
  n_neurons: mean: 53113.92', min: 24383, max: 89577
  Input range:
    time_to_sound_cue: [-1767.5, 403.4]
    day_of_training: [0.0, 2.0]
    time_since_trial_start: [0.0, 1769.4]
    reward_availability: [0.0, 1.0]
  Output range:
    visual_stimulus_category: [0.0, 12.0]
    licking: [0.0, 1.0]
    position_bin: [0.0, 3.0]
    running_speed_bin: [0.0, 3.0]
  Unique outputs per dimension (fraction of data):
    visual_stimulus_category: {circle1 (0.282), circle2 (0.059), circle3 (0.011), leaf1 (0.296), leaf1_swap1 (0.002), leaf1_swap2 (0.003), leaf2 (0.123), leaf3 (0.041), rock1 (0.071), rock2 (0.014), wood1 (0.056), wood2 (0.029), wood5 (0.013)}
    licking: {no_lick (0.974), lick (0.026)}
    position_bin: {bin1 (0.036), bin2 (0.020), bin3 (0.020), bin4 (0.924)}
    running_speed_bin: {q1 (0.093), q2 (0.407), q3 (0.250), q4 (0.249)}
  Brain region distribution:
    unknown_block0: 1327822 neurons
    unknown_block1: 1327822 neurons
    unknown_block2: 1327900 neurons

Per-session statistics:
  Mean T: 62.9, 51.7, 46.3, 44.3, 44.9, 133.7, 110.6, 85.8, 116.4, 92.0, 37.7, 43.6, 58.8, 54.7, 48.7, 40.9, 60.7, 46.8, 132.6, 59.8, 136.1, 59.4, 98.4, 110.6, 59.4, 50.6, 107.3, 65.1, 62.7, 42.5, 44.3, 69.5, 62.4, 46.6, 70.9, 54.9, 31.8, 40.6, 36.1, 32.1, 35.1, 46.5, 42.5, 46.0, 61.4, 41.4, 30.7, 26.1, 33.7, 59.5, 72.0, 63.2, 97.1, 57.7, 46.3, 40.6, 40.5, 57.4, 39.6, 42.5, 50.9, 101.8, 83.4, 62.8, 74.2, 72.2, 46.1, 46.2, 47.8, 68.8, 69.3, 37.7, 40.6, 37.5, 37.6
  Min T: 18, 31, 31, 31, 31, 31, 31, 31, 31, 31, 30, 29, 31, 30, 30, 29, 30, 29, 32, 31, 31, 31, 32, 32, 31, 31, 33, 31, 31, 31, 31, 31, 31, 31, 31, 31, 23, 27, 23, 23, 23, 24, 23, 23, 24, 23, 23, 23, 23, 30, 30, 30, 23, 18, 31, 31, 31, 31, 31, 31, 31, 31, 31, 31, 31, 31, 31, 31, 31, 31, 22, 22, 22, 22, 22
  Max T: 442, 281, 255, 317, 165, 1294, 1276, 671, 1294, 827, 217, 558, 571, 724, 378, 770, 752, 1274, 1279, 449, 1277, 246, 656, 1294, 419, 545, 658, 877, 849, 100, 220, 1280, 1293, 941, 1289, 835, 329, 413, 432, 138, 1284, 1237, 1283, 370, 1284, 487, 111, 91, 598, 563, 1270, 444, 1772, 916, 458, 166, 169, 262, 129, 168, 356, 657, 657, 324, 643, 481, 359, 491, 381, 5621, 981, 93, 141, 261, 127
  n_neurons: 58224, 54741, 50347, 50195, 56106, 55746, 58930, 64130, 57540, 59251, 34658, 34575, 38489, 39358, 33577, 31859, 35918, 35291, 43834, 42565, 58941, 55653, 61115, 45207, 55457, 68553, 85481, 75480, 79417, 68045, 76530, 85468, 89577, 83309, 71687, 76296, 28907, 31672, 36935, 27281, 29587, 32547, 52044, 28696, 43103, 30931, 30252, 26756, 24383, 35126, 34522, 49311, 48732, 57368, 47785, 60924, 48742, 62256, 67669, 72193, 44059, 52954, 50689, 59560, 55163, 62606, 48824, 58099, 53028, 61456, 81473, 71069, 76108, 63897, 65287
  Input range:
    0: [-86.8, 94.0] [-68.5, 47.0] [-75.9, 38.9] [-80.6, 36.8] [-27.5, 35.0] [-401.6, 403.1] [-325.6, 270.9] [-197.9, 204.0] [-187.6, 403.4] [-255.7, 150.2] [-66.5, 42.0] [-125.0, 170.4] [-146.1, 43.1] [-226.0, 33.5] [-84.2, 105.2] [-229.7, 28.2] [-231.7, 14.9] [-397.4, 104.2] [-397.6, 232.8] [-120.7, 118.6] [-399.2, 275.0] [-49.4, 41.5] [-150.2, 200.1] [-366.6, 403.3] [-73.4, 126.7] [-170.1, 76.4] [-198.0, 200.1] [-270.5, 76.9] [-264.6, 149.8] [-29.2, 15.8] [-67.7, 20.0] [-391.0, 238.5] [-400.5, 400.3] [-293.3, 39.6] [-402.7, 273.1] [-253.4, 23.5] [-101.4, 30.3] [-127.1, 73.7] [-132.6, 60.5] [-40.8, 35.2] [-162.3, 401.8] [-388.1, 250.6] [-377.5, 400.7] [-114.9, 79.4] [-398.9, 401.0] [-100.7, 150.2] [-32.1, 25.8] [-18.9, 25.0] [-184.8, 157.4] [-133.6, 173.0] [-395.0, 184.4] [-138.1, 125.9] [-555.2, 220.6] [-283.4, 202.5] [-100.7, 43.2] [-37.4, 29.4] [-44.9, 45.2] [-79.1, 50.3] [-23.5, 24.8] [-25.1, 40.1] [-109.7, 39.4] [-198.4, 203.8] [-188.1, 203.1] [-98.3, 65.7] [-185.1, 114.8] [-146.3, 64.8] [-83.8, 68.9] [-129.1, 145.2] [-69.7, 76.6] [-1767.5, 93.2] [-305.0, 83.3] [-24.7, 15.2] [-38.2, 28.6] [-75.9, 35.2] [-36.9, 27.6] 
    1: [0.0, 0.0] [1.0, 1.0] [0.0, 0.0] [1.0, 1.0] [2.0, 2.0] [0.0, 0.0] [1.0, 1.0] [0.0, 0.0] [1.0, 1.0] [2.0, 2.0] [0.0, 0.0] [0.0, 0.0] [1.0, 1.0] [1.0, 1.0] [0.0, 0.0] [0.0, 0.0] [1.0, 1.0] [1.0, 1.0] [0.0, 0.0] [1.0, 1.0] [0.0, 0.0] [1.0, 1.0] [0.0, 0.0] [1.0, 1.0] [2.0, 2.0] [1.0, 1.0] [0.0, 0.0] [1.0, 1.0] [0.0, 0.0] [1.0, 1.0] [2.0, 2.0] [1.0, 1.0] [1.0, 1.0] [0.0, 0.0] [1.0, 1.0] [2.0, 2.0] [2.0, 2.0] [0.0, 0.0] [1.0, 1.0] [0.0, 0.0] [1.0, 1.0] [2.0, 2.0] [2.0, 2.0] [0.0, 0.0] [1.0, 1.0] [0.0, 0.0] [1.0, 1.0] [2.0, 2.0] [2.0, 2.0] [0.0, 0.0] [1.0, 1.0] [2.0, 2.0] [0.0, 0.0] [1.0, 1.0] [0.0, 0.0] [1.0, 1.0] [2.0, 2.0] [0.0, 0.0] [1.0, 1.0] [2.0, 2.0] [0.0, 0.0] [1.0, 1.0] [1.0, 1.0] [0.0, 0.0] [1.0, 1.0] [0.0, 0.0] [1.0, 1.0] [0.0, 0.0] [1.0, 1.0] [2.0, 2.0] [0.0, 0.0] [1.0, 1.0] [0.0, 0.0] [1.0, 1.0] [2.0, 2.0] 
    2: [0.0, 138.8] [0.0, 88.2] [0.0, 79.9] [0.0, 99.5] [0.0, 51.6] [0.0, 407.1] [0.0, 401.3] [0.0, 210.9] [0.0, 407.0] [0.0, 260.0] [0.0, 68.1] [0.0, 175.6] [0.0, 179.7] [0.0, 227.9] [0.0, 118.9] [0.0, 242.0] [0.0, 236.7] [0.0, 401.3] [0.0, 402.3] [0.0, 141.0] [0.0, 401.7] [0.0, 77.1] [0.0, 206.2] [0.0, 407.0] [0.0, 131.6] [0.0, 171.2] [0.0, 206.9] [0.0, 275.8] [0.0, 267.0] [0.0, 31.2] [0.0, 68.9] [0.0, 402.6] [0.0, 406.8] [0.0, 295.9] [0.0, 405.4] [0.0, 262.4] [0.0, 103.4] [0.0, 129.9] [0.0, 135.9] [0.0, 43.2] [0.0, 404.5] [0.0, 389.7] [0.0, 404.2] [0.0, 116.3] [0.0, 404.5] [0.0, 153.2] [0.0, 34.7] [0.0, 28.3] [0.0, 188.2] [0.0, 177.1] [0.0, 400.0] [0.0, 139.6] [0.0, 557.6] [0.0, 288.1] [0.0, 143.9] [0.0, 51.9] [0.0, 52.9] [0.0, 82.2] [0.0, 40.3] [0.0, 52.6] [0.0, 111.8] [0.0, 206.5] [0.0, 206.5] [0.0, 101.7] [0.0, 202.1] [0.0, 151.1] [0.0, 112.7] [0.0, 154.3] [0.0, 119.6] [0.0, 1769.4] [0.0, 308.5] [0.0, 28.9] [0.0, 44.1] [0.0, 81.8] [0.0, 39.7] 
    3: [0.0, 0.0] [0.0, 0.0] [0.0, 0.0] [0.0, 0.0] [0.0, 0.0] [0.0, 0.0] [0.0, 0.0] [0.0, 0.0] [0.0, 0.0] [0.0, 0.0] [0.0, 0.0] [0.0, 0.0] [0.0, 0.0] [0.0, 0.0] [0.0, 0.0] [0.0, 0.0] [0.0, 0.0] [0.0, 0.0] [0.0, 0.0] [0.0, 0.0] [0.0, 0.0] [0.0, 0.0] [0.0, 0.0] [0.0, 0.0] [0.0, 0.0] [0.0, 0.0] [0.0, 1.0] [0.0, 1.0] [0.0, 1.0] [0.0, 1.0] [0.0, 1.0] [0.0, 0.0] [0.0, 1.0] [0.0, 1.0] [0.0, 1.0] [0.0, 1.0] [0.0, 0.0] [0.0, 0.0] [0.0, 0.0] [0.0, 0.0] [0.0, 0.0] [0.0, 0.0] [0.0, 0.0] [0.0, 0.0] [0.0, 0.0] [0.0, 0.0] [0.0, 0.0] [0.0, 0.0] [0.0, 0.0] [0.0, 0.0] [0.0, 0.0] [0.0, 0.0] [0.0, 1.0] [0.0, 1.0] [0.0, 1.0] [0.0, 1.0] [0.0, 1.0] [0.0, 1.0] [0.0, 1.0] [0.0, 1.0] [0.0, 0.0] [0.0, 0.0] [0.0, 0.0] [0.0, 0.0] [0.0, 0.0] [0.0, 0.0] [0.0, 0.0] [0.0, 0.0] [0.0, 0.0] [0.0, 0.0] [0.0, 1.0] [0.0, 1.0] [0.0, 1.0] [0.0, 1.0] [0.0, 1.0] 
  Output range:
    0: [0.0, 3.0] [0.0, 3.0] [0.0, 6.0] [0.0, 6.0] [0.0, 7.0] [0.0, 3.0] [0.0, 3.0] [0.0, 6.0] [0.0, 6.0] [0.0, 7.0] [0.0, 7.0] [8.0, 12.0] [0.0, 7.0] [8.0, 12.0] [0.0, 7.0] [8.0, 12.0] [0.0, 7.0] [8.0, 12.0] [3.0, 8.0] [3.0, 8.0] [0.0, 3.0] [0.0, 3.0] [0.0, 6.0] [0.0, 6.0] [0.0, 7.0] [0.0, 6.0] [8.0, 10.0] [8.0, 10.0] [8.0, 11.0] [8.0, 11.0] [8.0, 12.0] [0.0, 6.0] [0.0, 3.0] [0.0, 6.0] [0.0, 3.0] [0.0, 6.0] [8.0, 12.0] [8.0, 10.0] [8.0, 10.0] [8.0, 11.0] [8.0, 11.0] [8.0, 12.0] [0.0, 7.0] [0.0, 3.0] [0.0, 3.0] [0.0, 6.0] [0.0, 6.0] [0.0, 7.0] [0.0, 7.0] [0.0, 7.0] [0.0, 7.0] [0.0, 7.0] [0.0, 3.0] [0.0, 3.0] [0.0, 6.0] [0.0, 6.0] [0.0, 7.0] [0.0, 6.0] [0.0, 6.0] [0.0, 7.0] [0.0, 3.0] [0.0, 3.0] [0.0, 6.0] [0.0, 3.0] [0.0, 3.0] [0.0, 3.0] [0.0, 3.0] [0.0, 8.0] [0.0, 6.0] [0.0, 7.0] [0.0, 3.0] [0.0, 3.0] [0.0, 6.0] [0.0, 6.0] [0.0, 7.0] 
    1: [0.0, 0.0] [0.0, 0.0] [0.0, 0.0] [0.0, 0.0] [0.0, 0.0] [0.0, 0.0] [0.0, 0.0] [0.0, 0.0] [0.0, 0.0] [0.0, 0.0] [0.0, 0.0] [0.0, 0.0] [0.0, 0.0] [0.0, 0.0] [0.0, 0.0] [0.0, 0.0] [0.0, 0.0] [0.0, 0.0] [0.0, 0.0] [0.0, 0.0] [0.0, 0.0] [0.0, 0.0] [0.0, 0.0] [0.0, 0.0] [0.0, 0.0] [0.0, 0.0] [0.0, 1.0] [0.0, 1.0] [0.0, 1.0] [0.0, 1.0] [0.0, 1.0] [0.0, 0.0] [0.0, 1.0] [0.0, 1.0] [0.0, 1.0] [0.0, 1.0] [0.0, 0.0] [0.0, 0.0] [0.0, 0.0] [0.0, 0.0] [0.0, 0.0] [0.0, 0.0] [0.0, 0.0] [0.0, 0.0] [0.0, 0.0] [0.0, 0.0] [0.0, 0.0] [0.0, 0.0] [0.0, 0.0] [0.0, 0.0] [0.0, 0.0] [0.0, 0.0] [0.0, 1.0] [0.0, 1.0] [0.0, 1.0] [0.0, 1.0] [0.0, 1.0] [0.0, 1.0] [0.0, 1.0] [0.0, 1.0] [0.0, 0.0] [0.0, 0.0] [0.0, 0.0] [0.0, 0.0] [0.0, 0.0] [0.0, 0.0] [0.0, 0.0] [0.0, 0.0] [0.0, 0.0] [0.0, 0.0] [0.0, 1.0] [0.0, 1.0] [0.0, 1.0] [0.0, 1.0] [0.0, 1.0] 
    2: [0.0, 3.0] [0.0, 3.0] [0.0, 3.0] [0.0, 3.0] [0.0, 3.0] [0.0, 3.0] [0.0, 3.0] [0.0, 3.0] [0.0, 3.0] [0.0, 3.0] [0.0, 3.0] [0.0, 3.0] [0.0, 3.0] [0.0, 3.0] [0.0, 3.0] [0.0, 3.0] [0.0, 3.0] [0.0, 3.0] [0.0, 3.0] [0.0, 3.0] [0.0, 3.0] [0.0, 3.0] [0.0, 3.0] [0.0, 3.0] [0.0, 3.0] [0.0, 3.0] [0.0, 3.0] [0.0, 3.0] [0.0, 3.0] [0.0, 3.0] [0.0, 3.0] [0.0, 3.0] [0.0, 3.0] [0.0, 3.0] [0.0, 3.0] [0.0, 3.0] [0.0, 3.0] [0.0, 3.0] [0.0, 3.0] [0.0, 3.0] [0.0, 3.0] [0.0, 3.0] [0.0, 3.0] [0.0, 3.0] [0.0, 3.0] [0.0, 3.0] [0.0, 3.0] [0.0, 3.0] [0.0, 3.0] [0.0, 3.0] [0.0, 3.0] [0.0, 3.0] [0.0, 3.0] [0.0, 3.0] [0.0, 3.0] [0.0, 3.0] [0.0, 3.0] [0.0, 3.0] [0.0, 3.0] [0.0, 3.0] [0.0, 3.0] [0.0, 3.0] [0.0, 3.0] [0.0, 3.0] [0.0, 3.0] [0.0, 3.0] [0.0, 3.0] [0.0, 3.0] [0.0, 3.0] [0.0, 3.0] [0.0, 3.0] [0.0, 3.0] [0.0, 3.0] [0.0, 3.0] [0.0, 3.0] 
    3: [0.0, 3.0] [0.0, 3.0] [0.0, 3.0] [0.0, 3.0] [0.0, 3.0] [0.0, 3.0] [0.0, 3.0] [0.0, 3.0] [0.0, 3.0] [0.0, 3.0] [0.0, 3.0] [0.0, 3.0] [0.0, 3.0] [0.0, 3.0] [0.0, 3.0] [0.0, 3.0] [0.0, 3.0] [0.0, 3.0] [0.0, 3.0] [0.0, 3.0] [0.0, 3.0] [0.0, 3.0] [0.0, 3.0] [0.0, 3.0] [0.0, 3.0] [0.0, 3.0] [0.0, 3.0] [0.0, 3.0] [0.0, 3.0] [0.0, 3.0] [0.0, 3.0] [0.0, 3.0] [0.0, 3.0] [0.0, 3.0] [0.0, 3.0] [0.0, 3.0] [0.0, 3.0] [0.0, 3.0] [0.0, 3.0] [0.0, 3.0] [0.0, 3.0] [0.0, 3.0] [0.0, 3.0] [0.0, 3.0] [0.0, 3.0] [0.0, 3.0] [0.0, 3.0] [0.0, 3.0] [0.0, 3.0] [0.0, 3.0] [0.0, 3.0] [0.0, 3.0] [0.0, 3.0] [0.0, 3.0] [0.0, 3.0] [0.0, 3.0] [0.0, 3.0] [0.0, 3.0] [0.0, 3.0] [0.0, 3.0] [0.0, 3.0] [0.0, 3.0] [0.0, 3.0] [0.0, 3.0] [0.0, 3.0] [0.0, 3.0] [0.0, 3.0] [0.0, 3.0] [0.0, 3.0] [0.0, 3.0] [0.0, 3.0] [0.0, 3.0] [0.0, 3.0] [0.0, 3.0] [0.0, 3.0] 
  Output fraction of data:
visual_stimulus_category: (0.470 0.504 0.220 0.309 0.253 0.525 0.545 0.218 0.306 0.247 0.230 0.000 0.281 0.000 0.196 0.000 0.200 0.000 0.000 0.000 0.460 0.479 0.327 0.341 0.191 0.278 0.000 0.000 0.000 0.000 0.000 0.249 0.541 0.405 0.210 0.414 0.000 0.000 0.000 0.000 0.000 0.000 0.105 0.482 0.598 0.227 0.291 0.235 0.150 0.186 0.206 0.265 0.640 0.438 0.352 0.376 0.304 0.409 0.374 0.280 0.528 0.481 0.240 0.500 0.485 0.503 0.537 0.317 0.315 0.198 0.517 0.419 0.389 0.341 0.193)  0.000 0.000 0.261 0.000 0.000 0.000 0.000 0.248 0.000 0.000 0.180 0.000 0.121 0.000 0.178 0.000 0.201 0.000 0.000 0.000 0.000 0.000 0.209 0.000 0.000 0.252 0.000 0.000 0.000 0.000 0.000 0.213 0.000 0.123 0.322 0.178 0.000 0.000 0.000 0.000 0.000 0.000 0.154 0.000 0.000 0.236 0.000 0.000 0.129 0.219 0.130 0.144 0.000 0.000 0.115 0.000 0.000 0.145 0.000 0.000 0.000 0.000 0.240 0.000 0.000 0.000 0.000 0.111 0.000 0.000 0.000 0.000 0.107 0.000 0.000)  0.000 0.000 0.000 0.000 0.000 0.000 0.000 0.000 0.000 0.000 0.000 0.000 0.000 0.000 0.121 0.000 0.163 0.000 0.000 0.000 0.000 0.000 0.000 0.000 0.000 0.000 0.000 0.000 0.000 0.000 0.000 0.000 0.000 0.000 0.000 0.149 0.000 0.000 0.000 0.000 0.000 0.000 0.149 0.000 0.000 0.000 0.000 0.000 0.177 0.000 0.000 0.000 0.000 0.000 0.000 0.000 0.000 0.000 0.000 0.000 0.000 0.000 0.000 0.000 0.000 0.000 0.000 0.000 0.000 0.000 0.000 0.000 0.000 0.000 0.000)  0.530 0.496 0.273 0.389 0.249 0.475 0.455 0.250 0.239 0.240 0.173 0.000 0.214 0.000 0.219 0.000 0.135 0.000 0.317 0.572 0.540 0.521 0.214 0.296 0.274 0.218 0.000 0.000 0.000 0.000 0.000 0.285 0.459 0.348 0.468 0.166 0.000 0.000 0.000 0.000 0.000 0.000 0.130 0.518 0.402 0.266 0.370 0.253 0.201 0.291 0.306 0.239 0.360 0.562 0.421 0.360 0.387 0.340 0.326 0.420 0.472 0.519 0.233 0.500 0.515 0.497 0.463 0.332 0.342 0.379 0.483 0.581 0.395 0.346 0.424)  0.000 0.000 0.000 0.000 0.000 0.000 0.000 0.000 0.000 0.000 0.000 0.000 0.000 0.000 0.000 0.000 0.000 0.000 0.000 0.000 0.000 0.000 0.000 0.000 0.000 0.000 0.000 0.000 0.000 0.000 0.000 0.000 0.000 0.000 0.000 0.000 0.000 0.000 0.000 0.000 0.000 0.000 0.101 0.000 0.000 0.000 0.000 0.000 0.000 0.000 0.000 0.000 0.000 0.000 0.000 0.000 0.000 0.000 0.000 0.000 0.000 0.000 0.000 0.000 0.000 0.000 0.000 0.000 0.000 0.000 0.000 0.000 0.000 0.000 0.000)  0.000 0.000 0.000 0.000 0.000 0.000 0.000 0.000 0.000 0.000 0.000 0.000 0.000 0.000 0.000 0.000 0.000 0.000 0.000 0.000 0.000 0.000 0.000 0.000 0.000 0.000 0.000 0.000 0.000 0.000 0.000 0.000 0.000 0.000 0.000 0.000 0.000 0.000 0.000 0.000 0.000 0.000 0.138 0.000 0.000 0.000 0.000 0.000 0.000 0.000 0.000 0.000 0.000 0.000 0.000 0.000 0.000 0.000 0.000 0.000 0.000 0.000 0.000 0.000 0.000 0.000 0.000 0.000 0.000 0.000 0.000 0.000 0.000 0.000 0.000)  0.000 0.000 0.246 0.301 0.249 0.000 0.000 0.284 0.455 0.286 0.229 0.000 0.232 0.000 0.199 0.000 0.162 0.000 0.000 0.000 0.000 0.000 0.249 0.363 0.246 0.253 0.000 0.000 0.000 0.000 0.000 0.253 0.000 0.123 0.000 0.092 0.000 0.000 0.000 0.000 0.000 0.000 0.122 0.000 0.000 0.271 0.339 0.259 0.172 0.138 0.246 0.217 0.000 0.000 0.113 0.264 0.135 0.106 0.300 0.160 0.000 0.000 0.287 0.000 0.000 0.000 0.000 0.114 0.342 0.239 0.000 0.000 0.108 0.313 0.196)  0.000 0.000 0.000 0.000 0.249 0.000 0.000 0.000 0.000 0.228 0.188 0.000 0.151 0.000 0.087 0.000 0.139 0.000 0.000 0.000 0.000 0.000 0.000 0.000 0.289 0.000 0.000 0.000 0.000 0.000 0.000 0.000 0.000 0.000 0.000 0.000 0.000 0.000 0.000 0.000 0.000 0.000 0.100 0.000 0.000 0.000 0.000 0.253 0.172 0.167 0.112 0.134 0.000 0.000 0.000 0.000 0.174 0.000 0.000 0.140 0.000 0.000 0.000 0.000 0.000 0.000 0.000 0.000 0.000 0.184 0.000 0.000 0.000 0.000 0.187)  0.000 0.000 0.000 0.000 0.000 0.000 0.000 0.000 0.000 0.000 0.000 0.209 0.000 0.239 0.000 0.260 0.000 0.228 0.683 0.428 0.000 0.000 0.000 0.000 0.000 0.000 0.550 0.542 0.386 0.337 0.240 0.000 0.000 0.000 0.000 0.000 0.207 0.491 0.564 0.259 0.329 0.275 0.000 0.000 0.000 0.000 0.000 0.000 0.000 0.000 0.000 0.000 0.000 0.000 0.000 0.000 0.000 0.000 0.000 0.000 0.000 0.000 0.000 0.000 0.000 0.000 0.000 0.126 0.000 0.000 0.000 0.000 0.000 0.000 0.000)  0.000 0.000 0.000 0.000 0.000 0.000 0.000 0.000 0.000 0.000 0.000 0.177 0.000 0.114 0.000 0.161 0.000 0.196 0.000 0.000 0.000 0.000 0.000 0.000 0.000 0.000 0.000 0.000 0.148 0.000 0.000 0.000 0.000 0.000 0.000 0.000 0.196 0.000 0.000 0.267 0.000 0.000 0.000 0.000 0.000 0.000 0.000 0.000 0.000 0.000 0.000 0.000 0.000 0.000 0.000 0.000 0.000 0.000 0.000 0.000 0.000 0.000 0.000 0.000 0.000 0.000 0.000 0.000 0.000 0.000 0.000 0.000 0.000 0.000 0.000)  0.000 0.000 0.000 0.000 0.000 0.000 0.000 0.000 0.000 0.000 0.000 0.200 0.000 0.245 0.000 0.262 0.000 0.212 0.000 0.000 0.000 0.000 0.000 0.000 0.000 0.000 0.450 0.458 0.336 0.380 0.436 0.000 0.000 0.000 0.000 0.000 0.206 0.509 0.436 0.245 0.343 0.292 0.000 0.000 0.000 0.000 0.000 0.000 0.000 0.000 0.000 0.000 0.000 0.000 0.000 0.000 0.000 0.000 0.000 0.000 0.000 0.000 0.000 0.000 0.000 0.000 0.000 0.000 0.000 0.000 0.000 0.000 0.000 0.000 0.000)  0.000 0.000 0.000 0.000 0.000 0.000 0.000 0.000 0.000 0.000 0.000 0.230 0.000 0.276 0.000 0.208 0.000 0.257 0.000 0.000 0.000 0.000 0.000 0.000 0.000 0.000 0.000 0.000 0.130 0.283 0.173 0.000 0.000 0.000 0.000 0.000 0.198 0.000 0.000 0.229 0.328 0.235 0.000 0.000 0.000 0.000 0.000 0.000 0.000 0.000 0.000 0.000 0.000 0.000 0.000 0.000 0.000 0.000 0.000 0.000 0.000 0.000 0.000 0.000 0.000 0.000 0.000 0.000 0.000 0.000 0.000 0.000 0.000 0.000 0.000)  0.000 0.000 0.000 0.000 0.000 0.000 0.000 0.000 0.000 0.000 0.000 0.183 0.000 0.126 0.000 0.108 0.000 0.108 0.000 0.000 0.000 0.000 0.000 0.000 0.000 0.000 0.000 0.000 0.000 0.000 0.151 0.000 0.000 0.000 0.000 0.000 0.194 0.000 0.000 0.000 0.000 0.198 0.000 0.000 0.000 0.000 0.000 0.000 0.000 0.000 0.000 0.000 0.000 0.000 0.000 0.000 0.000 0.000 0.000 0.000 0.000 0.000 0.000 0.000 0.000 0.000 0.000 0.000 0.000 0.000 0.000 0.000 0.000 0.000 0.000)  
licking: (1.000 1.000 1.000 1.000 1.000 1.000 1.000 1.000 1.000 1.000 1.000 1.000 1.000 1.000 1.000 1.000 1.000 1.000 1.000 1.000 1.000 1.000 1.000 1.000 1.000 1.000 0.811 0.880 0.930 0.896 0.885 1.000 0.837 0.802 0.941 0.937 1.000 1.000 1.000 1.000 1.000 1.000 1.000 1.000 1.000 1.000 1.000 1.000 1.000 1.000 1.000 1.000 0.957 0.907 0.878 0.932 0.901 0.913 0.898 0.866 1.000 1.000 1.000 1.000 1.000 1.000 1.000 1.000 1.000 1.000 0.954 0.927 0.939 0.932 0.945)  0.000 0.000 0.000 0.000 0.000 0.000 0.000 0.000 0.000 0.000 0.000 0.000 0.000 0.000 0.000 0.000 0.000 0.000 0.000 0.000 0.000 0.000 0.000 0.000 0.000 0.000 0.189 0.120 0.070 0.104 0.115 0.000 0.163 0.198 0.059 0.063 0.000 0.000 0.000 0.000 0.000 0.000 0.000 0.000 0.000 0.000 0.000 0.000 0.000 0.000 0.000 0.000 0.043 0.093 0.122 0.068 0.099 0.087 0.102 0.134 0.000 0.000 0.000 0.000 0.000 0.000 0.000 0.000 0.000 0.000 0.046 0.073 0.061 0.068 0.055)  
position_bin: (0.014 0.019 0.016 0.019 0.018 0.164 0.061 0.170 0.201 0.013 0.021 0.049 0.011 0.016 0.034 0.020 0.019 0.015 0.022 0.011 0.038 0.014 0.060 0.097 0.027 0.012 0.035 0.012 0.010 0.014 0.011 0.016 0.023 0.015 0.088 0.010 0.021 0.020 0.019 0.027 0.019 0.021 0.025 0.017 0.091 0.033 0.016 0.021 0.020 0.032 0.031 0.035 0.008 0.021 0.024 0.015 0.016 0.016 0.016 0.014 0.017 0.140 0.130 0.013 0.024 0.019 0.012 0.024 0.017 0.012 0.019 0.013 0.019 0.015 0.024)  0.010 0.014 0.019 0.015 0.017 0.012 0.014 0.012 0.054 0.013 0.022 0.014 0.013 0.014 0.020 0.015 0.014 0.022 0.048 0.015 0.005 0.014 0.033 0.075 0.029 0.014 0.020 0.013 0.014 0.014 0.012 0.013 0.055 0.014 0.047 0.014 0.015 0.013 0.016 0.022 0.019 0.015 0.032 0.015 0.018 0.022 0.015 0.015 0.015 0.034 0.018 0.014 0.007 0.009 0.018 0.019 0.016 0.023 0.016 0.017 0.019 0.051 0.017 0.014 0.016 0.015 0.019 0.017 0.017 0.013 0.009 0.011 0.017 0.017 0.017)  0.013 0.022 0.019 0.020 0.020 0.012 0.017 0.036 0.058 0.013 0.016 0.020 0.010 0.012 0.023 0.015 0.012 0.018 0.010 0.021 0.007 0.015 0.016 0.054 0.021 0.011 0.027 0.013 0.011 0.016 0.014 0.012 0.025 0.011 0.013 0.011 0.019 0.014 0.015 0.020 0.028 0.015 0.044 0.016 0.057 0.015 0.013 0.017 0.016 0.014 0.020 0.022 0.008 0.021 0.020 0.017 0.016 0.019 0.025 0.017 0.014 0.028 0.016 0.013 0.025 0.020 0.014 0.018 0.022 0.013 0.016 0.017 0.013 0.015 0.019)  0.963 0.945 0.946 0.946 0.945 0.811 0.908 0.782 0.686 0.961 0.940 0.916 0.966 0.958 0.923 0.950 0.954 0.944 0.919 0.953 0.950 0.958 0.891 0.774 0.923 0.963 0.918 0.961 0.965 0.956 0.962 0.958 0.897 0.960 0.852 0.966 0.944 0.953 0.950 0.931 0.934 0.949 0.898 0.953 0.834 0.931 0.957 0.948 0.949 0.921 0.932 0.929 0.978 0.949 0.939 0.949 0.952 0.942 0.943 0.952 0.950 0.780 0.838 0.959 0.936 0.946 0.955 0.942 0.944 0.961 0.956 0.959 0.951 0.953 0.940)  
running_speed_bin: (0.024 0.025 0.032 0.023 0.045 0.100 0.190 0.192 0.213 0.201 0.048 0.047 0.073 0.066 0.084 0.084 0.057 0.053 0.102 0.097 0.025 0.111 0.115 0.219 0.142 0.117 0.276 0.184 0.142 0.098 0.111 0.210 0.202 0.125 0.224 0.191 0.062 0.075 0.070 0.058 0.073 0.112 0.070 0.098 0.063 0.063 0.073 0.039 0.038 0.068 0.074 0.070 0.046 0.049 0.071 0.061 0.061 0.126 0.079 0.097 0.028 0.040 0.048 0.026 0.037 0.033 0.045 0.044 0.059 0.064 0.095 0.099 0.125 0.097 0.106)  0.435 0.452 0.342 0.339 0.302 0.732 0.585 0.499 0.577 0.519 0.173 0.305 0.435 0.408 0.295 0.193 0.451 0.317 0.709 0.404 0.825 0.442 0.633 0.538 0.403 0.322 0.496 0.403 0.428 0.223 0.265 0.407 0.362 0.259 0.406 0.324 0.208 0.240 0.293 0.218 0.267 0.399 0.397 0.412 0.599 0.386 0.173 0.061 0.318 0.425 0.534 0.477 0.651 0.588 0.356 0.222 0.227 0.398 0.167 0.218 0.383 0.734 0.634 0.412 0.565 0.485 0.303 0.310 0.322 0.510 0.495 0.126 0.188 0.179 0.169)  0.390 0.320 0.341 0.391 0.331 0.146 0.210 0.285 0.169 0.219 0.268 0.314 0.186 0.159 0.094 0.092 0.174 0.127 0.181 0.252 0.144 0.366 0.201 0.173 0.296 0.347 0.221 0.354 0.337 0.472 0.498 0.275 0.364 0.540 0.343 0.429 0.169 0.171 0.112 0.134 0.139 0.225 0.116 0.111 0.239 0.432 0.448 0.274 0.261 0.114 0.228 0.234 0.203 0.240 0.354 0.275 0.279 0.350 0.374 0.360 0.364 0.211 0.232 0.325 0.184 0.258 0.184 0.218 0.232 0.168 0.119 0.150 0.112 0.251 0.240)  0.150 0.203 0.285 0.247 0.322 0.023 0.014 0.024 0.041 0.061 0.511 0.334 0.305 0.368 0.527 0.631 0.318 0.503 0.008 0.247 0.006 0.081 0.050 0.070 0.159 0.214 0.006 0.059 0.094 0.207 0.126 0.108 0.072 0.076 0.028 0.057 0.561 0.514 0.525 0.590 0.520 0.263 0.417 0.379 0.099 0.119 0.307 0.626 0.383 0.393 0.164 0.219 0.100 0.122 0.219 0.443 0.433 0.126 0.380 0.325 0.225 0.015 0.086 0.238 0.214 0.224 0.468 0.428 0.386 0.258 0.291 0.625 0.575 0.473 0.485)  
Brain region: unknown_block0: 1327822 neurons, unknown_block1: 1327822 neurons, unknown_block2: 1327900 neurons  
Data verification complete.
