Data format is valid, no errors or warnings.
Number of sessions: 27
Total number of trials: 11444
Number of trials per session: [210, 300, 423, 402, 457, 428, 320, 370, 267, 405, 237, 303, 485, 471, 479, 408, 454, 435, 466, 399, 348, 470, 719, 506, 680, 503, 499]
Number of subjects: 5
Number of brain regions: 5
Number of sessions per subject:
  Subject TX108: 6 sessions
  Subject TX109: 4 sessions
  Subject TX60: 5 sessions
  Subject TX61: 5 sessions
  Subject VR2: 7 sessions
Input dimension: 4
Output dimension: 4
Summary statistics (across all sessions):
  T: mean: 11.18, median: 9.66, min: 2, max: 593
  n_neurons: mean: 69486.96', min: 47785, max: 89577
  Input range:
    time_to_sound_cue: [-556.0, 2963.0]
    day_of_training: [0.0, 26.0]
    time_since_trial_start: [0.0, 2960.0]
    reward_availability: [0.0, 1.0]
  Output range:
    visual_stimulus_category: [0.0, 6.0]
    licking: [0.0, 1.0]
    position_bin: [0.0, 3.0]
    running_speed_bin: [0.0, 3.0]
  Unique outputs per dimension (fraction of data):
    visual_stimulus_category: {circle1 (0.376), circle2 (0.031), leaf1 (0.373), leaf1_swap1 (0.015), leaf1_swap2 (0.017), leaf2 (0.155), leaf3 (0.035)}
    licking: {no_lick (0.929), lick (0.071)}
    position_bin: {bin0_0to1m (0.251), bin1_1to2m (0.250), bin2_2to3m (0.250), bin3_3to4m (0.250)}
    running_speed_bin: {q1 (0.144), q2 (0.313), q3 (0.288), q4 (0.255)}
  Brain region distribution:
    All: 411493 neurons
    V1: 852016 neurons
    medial: 96115 neurons
    anterior: 280285 neurons
    lateral: 236239 neurons

Per-session statistics:
  Mean T: 22.3, 13.4, 13.0, 8.9, 9.3, 8.6, 12.9, 9.8, 14.6, 11.4, 20.2, 12.0, 9.7, 8.5, 8.5, 11.9, 8.3, 9.0, 11.9, 15.6, 14.4, 8.0, 8.5, 7.9, 8.0, 7.8, 7.3
  Min T: 5, 2, 4, 4, 4, 4, 4, 4, 4, 4, 2, 3, 4, 4, 5, 4, 3, 4, 5, 4, 4, 4, 3, 3, 4, 4, 3
  Max T: 182, 175, 173, 21, 45, 29, 509, 190, 414, 165, 356, 183, 69, 28, 47, 58, 26, 72, 67, 593, 196, 25, 43, 50, 27, 40, 19
  n_neurons: 85481, 75480, 79417, 68045, 76530, 65861, 89577, 83309, 71687, 76296, 48732, 57368, 47785, 60924, 48742, 62256, 67669, 72193, 68951, 79586, 81473, 71069, 76108, 63897, 65287, 55650, 76775
  Input range:
    0: [-556.0, 909.0] [-59.0, 871.0] [-64.0, 862.0] [-57.0, 101.0] [-36.0, 221.0] [-44.0, 145.0] [-73.0, 2545.0] [-153.0, 947.0] [-53.0, 2067.0] [-35.0, 823.0] [-531.0, 1777.0] [-209.0, 913.0] [-39.0, 341.0] [-52.0, 139.0] [-108.0, 235.0] [-211.0, 262.0] [-77.0, 127.0] [-229.0, 159.0] [-57.0, 332.0] [-140.0, 2963.0] [-205.0, 980.0] [-70.0, 111.0] [-42.0, 214.0] [-44.0, 250.0] [-60.0, 135.0] [-80.0, 197.0] [-52.0, 93.0] 
    1: [0.0, 0.0] [1.0, 1.0] [2.0, 2.0] [3.0, 3.0] [4.0, 4.0] [5.0, 5.0] [6.0, 6.0] [7.0, 7.0] [8.0, 8.0] [9.0, 9.0] [10.0, 10.0] [11.0, 11.0] [12.0, 12.0] [13.0, 13.0] [14.0, 14.0] [15.0, 15.0] [16.0, 16.0] [17.0, 17.0] [18.0, 18.0] [19.0, 19.0] [20.0, 20.0] [21.0, 21.0] [22.0, 22.0] [23.0, 23.0] [24.0, 24.0] [25.0, 25.0] [26.0, 26.0] 
    2: [0.0, 905.0] [0.0, 870.0] [0.0, 860.0] [0.0, 100.0] [0.0, 220.0] [0.0, 140.0] [0.0, 2540.0] [0.0, 945.0] [0.0, 2065.0] [0.0, 820.0] [0.0, 1775.0] [0.0, 910.0] [0.0, 340.0] [0.0, 135.0] [0.0, 230.0] [0.0, 285.0] [0.0, 125.0] [0.0, 355.0] [0.0, 330.0] [0.0, 2960.0] [0.0, 975.0] [0.0, 120.0] [0.0, 210.0] [0.0, 245.0] [0.0, 130.0] [0.0, 195.0] [0.0, 90.0] 
    3: [0.0, 1.0] [0.0, 1.0] [0.0, 1.0] [0.0, 1.0] [0.0, 1.0] [0.0, 1.0] [0.0, 1.0] [0.0, 1.0] [0.0, 1.0] [0.0, 1.0] [0.0, 1.0] [0.0, 1.0] [0.0, 1.0] [0.0, 1.0] [0.0, 1.0] [0.0, 1.0] [0.0, 1.0] [0.0, 1.0] [0.0, 1.0] [0.0, 1.0] [0.0, 1.0] [0.0, 1.0] [0.0, 1.0] [0.0, 1.0] [0.0, 1.0] [0.0, 1.0] [0.0, 1.0] 
  Output range:
    0: [0.0, 2.0] [0.0, 2.0] [0.0, 5.0] [0.0, 5.0] [0.0, 6.0] [0.0, 5.0] [0.0, 2.0] [0.0, 5.0] [0.0, 5.0] [0.0, 6.0] [0.0, 2.0] [0.0, 2.0] [0.0, 5.0] [0.0, 5.0] [0.0, 6.0] [0.0, 5.0] [0.0, 5.0] [0.0, 6.0] [0.0, 5.0] [0.0, 5.0] [0.0, 2.0] [0.0, 2.0] [0.0, 5.0] [0.0, 5.0] [0.0, 6.0] [0.0, 5.0] [0.0, 5.0] 
    1: [0.0, 1.0] [0.0, 1.0] [0.0, 1.0] [0.0, 1.0] [0.0, 1.0] [0.0, 1.0] [0.0, 1.0] [0.0, 1.0] [0.0, 1.0] [0.0, 1.0] [0.0, 1.0] [0.0, 1.0] [0.0, 1.0] [0.0, 1.0] [0.0, 1.0] [0.0, 1.0] [0.0, 1.0] [0.0, 1.0] [0.0, 1.0] [0.0, 1.0] [0.0, 1.0] [0.0, 1.0] [0.0, 1.0] [0.0, 1.0] [0.0, 1.0] [0.0, 1.0] [0.0, 1.0] 
    2: [0.0, 3.0] [0.0, 3.0] [0.0, 3.0] [0.0, 3.0] [0.0, 3.0] [0.0, 3.0] [0.0, 3.0] [0.0, 3.0] [0.0, 3.0] [0.0, 3.0] [0.0, 3.0] [0.0, 3.0] [0.0, 3.0] [0.0, 3.0] [0.0, 3.0] [0.0, 3.0] [0.0, 3.0] [0.0, 3.0] [0.0, 3.0] [0.0, 3.0] [0.0, 3.0] [0.0, 3.0] [0.0, 3.0] [0.0, 3.0] [0.0, 3.0] [0.0, 3.0] [0.0, 3.0] 
    3: [1.0, 3.0] [1.0, 3.0] [1.0, 3.0] [0.0, 3.0] [0.0, 3.0] [0.0, 3.0] [0.0, 3.0] [0.0, 3.0] [1.0, 3.0] [0.0, 3.0] [2.0, 3.0] [2.0, 3.0] [0.0, 3.0] [0.0, 3.0] [0.0, 3.0] [1.0, 3.0] [0.0, 3.0] [0.0, 3.0] [1.0, 3.0] [1.0, 3.0] [1.0, 3.0] [0.0, 3.0] [0.0, 3.0] [0.0, 3.0] [0.0, 3.0] [0.0, 3.0] [0.0, 3.0] 
  Output fraction of data:
visual_stimulus_category: (0.497 0.556 0.374 0.368 0.248 0.251 0.522 0.331 0.342 0.167 0.691 0.490 0.375 0.381 0.332 0.423 0.419 0.315 0.334 0.307 0.474 0.518 0.460 0.361 0.203 0.216 0.159)  0.000 0.000 0.148 0.000 0.000 0.000 0.000 0.128 0.000 0.098 0.000 0.000 0.126 0.000 0.000 0.146 0.000 0.000 0.000 0.000 0.000 0.000 0.101 0.000 0.000 0.000 0.000)  0.503 0.444 0.321 0.335 0.372 0.389 0.478 0.349 0.296 0.371 0.309 0.510 0.374 0.317 0.338 0.331 0.272 0.350 0.327 0.348 0.526 0.482 0.333 0.313 0.351 0.374 0.404)  0.000 0.000 0.000 0.000 0.000 0.000 0.000 0.000 0.000 0.000 0.000 0.000 0.000 0.000 0.000 0.000 0.000 0.000 0.181 0.000 0.000 0.000 0.000 0.000 0.000 0.189 0.000)  0.000 0.000 0.000 0.000 0.000 0.188 0.000 0.000 0.000 0.000 0.000 0.000 0.000 0.000 0.000 0.000 0.000 0.000 0.000 0.092 0.000 0.000 0.000 0.000 0.000 0.000 0.197)  0.000 0.000 0.156 0.298 0.206 0.171 0.000 0.192 0.362 0.169 0.000 0.000 0.125 0.302 0.148 0.100 0.309 0.184 0.157 0.254 0.000 0.000 0.105 0.326 0.231 0.221 0.239)  0.000 0.000 0.000 0.000 0.174 0.000 0.000 0.000 0.000 0.195 0.000 0.000 0.000 0.000 0.182 0.000 0.000 0.151 0.000 0.000 0.000 0.000 0.000 0.000 0.215 0.000 0.000)  
licking: (0.859 0.926 0.954 0.927 0.925 0.925 0.870 0.880 0.961 0.947 0.935 0.901 0.918 0.979 0.947 0.918 0.943 0.930 0.924 0.965 0.949 0.911 0.922 0.928 0.960 0.925 0.926)  0.141 0.074 0.046 0.073 0.075 0.075 0.130 0.120 0.039 0.053 0.065 0.099 0.082 0.021 0.053 0.082 0.057 0.070 0.076 0.035 0.051 0.089 0.078 0.072 0.040 0.075 0.074)  
position_bin: (0.248 0.247 0.249 0.249 0.249 0.249 0.254 0.251 0.244 0.251 0.248 0.252 0.250 0.252 0.250 0.253 0.252 0.251 0.254 0.254 0.251 0.249 0.253 0.250 0.251 0.251 0.250)  0.250 0.250 0.250 0.250 0.252 0.250 0.245 0.249 0.250 0.251 0.250 0.249 0.250 0.250 0.249 0.248 0.251 0.250 0.249 0.247 0.250 0.252 0.249 0.250 0.251 0.251 0.251)  0.250 0.251 0.251 0.250 0.250 0.251 0.250 0.248 0.254 0.247 0.250 0.249 0.250 0.250 0.250 0.250 0.248 0.250 0.248 0.248 0.250 0.251 0.250 0.251 0.249 0.250 0.251)  0.251 0.252 0.250 0.251 0.249 0.251 0.251 0.251 0.252 0.250 0.251 0.250 0.250 0.249 0.250 0.249 0.249 0.248 0.249 0.251 0.249 0.248 0.248 0.249 0.248 0.248 0.249)  
running_speed_bin: (0.000 0.000 0.000 0.239 0.242 0.252 0.247 0.244 0.000 0.242 0.000 0.000 0.240 0.235 0.235 0.000 0.247 0.244 0.000 0.000 0.000 0.231 0.243 0.241 0.233 0.239 0.245)  0.490 0.486 0.493 0.248 0.254 0.245 0.241 0.241 0.486 0.246 0.000 0.000 0.252 0.259 0.253 0.487 0.246 0.249 0.493 0.489 0.487 0.258 0.247 0.258 0.259 0.256 0.253)  0.250 0.262 0.252 0.256 0.255 0.252 0.250 0.266 0.261 0.254 0.732 0.740 0.248 0.247 0.253 0.255 0.253 0.251 0.255 0.255 0.252 0.257 0.257 0.254 0.259 0.251 0.258)  0.260 0.252 0.255 0.257 0.249 0.250 0.262 0.249 0.253 0.258 0.268 0.260 0.260 0.259 0.260 0.257 0.253 0.256 0.252 0.255 0.260 0.254 0.253 0.247 0.249 0.254 0.244)  
Brain region: All: 411493 neurons, V1: 852016 neurons, medial: 96115 neurons, anterior: 280285 neurons, lateral: 236239 neurons  
Data verification complete.
