Data format is valid, no errors or warnings.
Number of sessions: 41
Total number of trials: 1090
Number of trials per session: [20, 20, 20, 20, 20, 20, 20, 20, 20, 20, 20, 20, 20, 20, 30, 30, 30, 30, 30, 30, 30, 30, 30, 30, 30, 30, 30, 30, 30, 30, 30, 30, 30, 30, 30, 30, 30, 30, 30, 30, 30]
Number of subjects: 6
Number of brain regions: 1
Number of sessions per subject:
  Subject jm031: 7 sessions
  Subject jm032: 7 sessions
  Subject jm038: 7 sessions
  Subject jm039: 7 sessions
  Subject jm040: 6 sessions
  Subject jm046: 7 sessions
Input dimension: 1
Output dimension: 1
Summary statistics (across all sessions):
  T: mean: 180.00, median: 180.00, min: 180, max: 180
  n_neurons: mean: 498.66', min: 221, max: 746
  Input range:
    time_in_session: [0.0, 1799.7]
  Output range:
    motion_energy: [0.0, 4.0]
  Unique outputs per dimension (fraction of data):
    motion_energy: {bin_0 (0.200), bin_1 (0.200), bin_2 (0.200), bin_3 (0.200), bin_4 (0.200)}
  Brain region distribution:
    barrel_cortex: 20445 neurons

Per-session statistics:
  Mean T: 180.0, 180.0, 180.0, 180.0, 180.0, 180.0, 180.0, 180.0, 180.0, 180.0, 180.0, 180.0, 180.0, 180.0, 180.0, 180.0, 180.0, 180.0, 180.0, 180.0, 180.0, 180.0, 180.0, 180.0, 180.0, 180.0, 180.0, 180.0, 180.0, 180.0, 180.0, 180.0, 180.0, 180.0, 180.0, 180.0, 180.0, 180.0, 180.0, 180.0, 180.0
  Min T: 180, 180, 180, 180, 180, 180, 180, 180, 180, 180, 180, 180, 180, 180, 180, 180, 180, 180, 180, 180, 180, 180, 180, 180, 180, 180, 180, 180, 180, 180, 180, 180, 180, 180, 180, 180, 180, 180, 180, 180, 180
  Max T: 180, 180, 180, 180, 180, 180, 180, 180, 180, 180, 180, 180, 180, 180, 180, 180, 180, 180, 180, 180, 180, 180, 180, 180, 180, 180, 180, 180, 180, 180, 180, 180, 180, 180, 180, 180, 180, 180, 180, 180, 180
  n_neurons: 221, 221, 221, 221, 221, 221, 221, 370, 370, 370, 370, 370, 370, 370, 685, 685, 685, 685, 685, 685, 685, 746, 746, 746, 746, 746, 746, 746, 541, 541, 541, 541, 541, 541, 435, 435, 435, 435, 435, 435, 435
  Input range:
    0: [0.0, 1199.7] [0.0, 1199.7] [0.0, 1199.7] [0.0, 1199.7] [0.0, 1199.7] [0.0, 1199.7] [0.0, 1199.7] [0.0, 1199.7] [0.0, 1199.7] [0.0, 1199.7] [0.0, 1199.7] [0.0, 1199.7] [0.0, 1199.7] [0.0, 1199.7] [0.0, 1799.7] [0.0, 1799.7] [0.0, 1799.7] [0.0, 1799.7] [0.0, 1799.7] [0.0, 1799.7] [0.0, 1799.7] [0.0, 1799.7] [0.0, 1799.7] [0.0, 1799.7] [0.0, 1799.7] [0.0, 1799.7] [0.0, 1799.7] [0.0, 1799.7] [0.0, 1799.7] [0.0, 1799.7] [0.0, 1799.7] [0.0, 1799.7] [0.0, 1799.7] [0.0, 1799.7] [0.0, 1799.7] [0.0, 1799.7] [0.0, 1799.7] [0.0, 1799.7] [0.0, 1799.7] [0.0, 1799.7] [0.0, 1799.7] 
  Output range:
    0: [0.0, 4.0] [0.0, 4.0] [0.0, 4.0] [0.0, 4.0] [0.0, 4.0] [0.0, 4.0] [0.0, 4.0] [0.0, 4.0] [0.0, 4.0] [0.0, 4.0] [0.0, 4.0] [0.0, 4.0] [0.0, 4.0] [0.0, 4.0] [0.0, 4.0] [0.0, 4.0] [0.0, 4.0] [0.0, 4.0] [0.0, 4.0] [0.0, 4.0] [0.0, 4.0] [0.0, 4.0] [0.0, 4.0] [0.0, 4.0] [0.0, 4.0] [0.0, 4.0] [0.0, 4.0] [0.0, 4.0] [0.0, 4.0] [0.0, 4.0] [0.0, 4.0] [0.0, 4.0] [0.0, 4.0] [0.0, 4.0] [0.0, 4.0] [0.0, 4.0] [0.0, 4.0] [0.0, 4.0] [0.0, 4.0] [0.0, 4.0] [0.0, 4.0] 
  Output fraction of data:
motion_energy: (0.200 0.200 0.200 0.200 0.200 0.200 0.200 0.200 0.200 0.200 0.200 0.200 0.200 0.200 0.200 0.200 0.200 0.200 0.200 0.200 0.200 0.200 0.200 0.200 0.200 0.200 0.200 0.200 0.200 0.200 0.200 0.200 0.200 0.200 0.200 0.200 0.200 0.200 0.200 0.200 0.200)  0.200 0.200 0.200 0.200 0.200 0.200 0.200 0.200 0.200 0.200 0.200 0.200 0.200 0.200 0.200 0.200 0.200 0.200 0.200 0.200 0.200 0.200 0.200 0.200 0.200 0.200 0.200 0.200 0.200 0.200 0.200 0.200 0.200 0.200 0.200 0.200 0.200 0.200 0.200 0.200 0.200)  0.200 0.200 0.200 0.200 0.200 0.200 0.200 0.200 0.200 0.200 0.200 0.200 0.200 0.200 0.200 0.200 0.200 0.200 0.200 0.200 0.200 0.200 0.200 0.200 0.200 0.200 0.200 0.200 0.200 0.200 0.200 0.200 0.200 0.200 0.200 0.200 0.200 0.200 0.200 0.200 0.200)  0.200 0.200 0.200 0.200 0.200 0.200 0.200 0.200 0.200 0.200 0.200 0.200 0.200 0.200 0.200 0.200 0.200 0.200 0.200 0.200 0.200 0.200 0.200 0.200 0.200 0.200 0.200 0.200 0.200 0.200 0.200 0.200 0.200 0.200 0.200 0.200 0.200 0.200 0.200 0.200 0.200)  0.200 0.200 0.200 0.200 0.200 0.200 0.200 0.200 0.200 0.200 0.200 0.200 0.200 0.200 0.200 0.200 0.200 0.200 0.200 0.200 0.200 0.200 0.200 0.200 0.200 0.200 0.200 0.200 0.200 0.200 0.200 0.200 0.200 0.200 0.200 0.200 0.200 0.200 0.200 0.200 0.200)  
Brain region: barrel_cortex: 20445 neurons  
Training on 872 trials, testing on 218 trials
Using device: cuda
Using balanced loss with class weights:
  Output 0: [0.19564238 0.20137219 0.2009918  0.20200074 0.1999929 ]
Epoch [1/200], Loss: 96.110166
Epoch [2/200], Loss: 80.859452
Epoch [3/200], Loss: 71.853311
Epoch [4/200], Loss: 68.098509
Epoch [5/200], Loss: 66.102046
Epoch [6/200], Loss: 63.185055
Epoch [7/200], Loss: 59.686277
Epoch [8/200], Loss: 56.316802
Epoch [9/200], Loss: 53.325431
Epoch [10/200], Loss: 50.731351
Epoch [20/200], Loss: 32.835833
Epoch [30/200], Loss: 22.286072
Epoch [40/200], Loss: 15.649754
Epoch [50/200], Loss: 11.202739
Epoch [60/200], Loss: 8.092808
Epoch [70/200], Loss: 5.899164
Epoch [80/200], Loss: 4.366814
Epoch [90/200], Loss: 3.307282
Epoch [100/200], Loss: 2.578467
Epoch [110/200], Loss: 2.083318
Epoch [120/200], Loss: 1.750979
Epoch [130/200], Loss: 1.528040
Epoch [140/200], Loss: 1.380620
Epoch [150/200], Loss: 1.276949
Epoch [160/200], Loss: 1.234728
Epoch [170/200], Loss: 1.163970
Epoch [180/200], Loss: 1.131298
Epoch [190/200], Loss: 1.124821
Epoch [200/200], Loss: 1.092138
Test Loss: 3.220692

Training Balanced Accuracy Scores (chance = 1/num_classes):
  0 (motion_energy): 0.6291  (chance: 0.2000)

Validation Balanced Accuracy Scores (chance = 1/num_classes):
  0 (motion_energy): 0.3120  (chance: 0.2000)
train_decoder.py finished successfully.
