Data format is valid, no errors or warnings.
Number of sessions: 152
Total number of trials: 12217
Number of trials per session: [81, 80, 80, 80, 80, 80, 80, 80, 80, 80, 80, 80, 80, 80, 80, 80, 80, 80, 80, 80, 80, 80, 80, 80, 80, 80, 80, 80, 80, 80, 80, 80, 80, 80, 80, 80, 80, 80, 60, 80, 80, 80, 80, 80, 80, 80, 80, 80, 80, 80, 80, 80, 80, 80, 80, 80, 80, 80, 80, 80, 80, 80, 80, 80, 80, 80, 80, 80, 80, 80, 80, 80, 80, 80, 80, 80, 80, 80, 80, 80, 80, 80, 80, 80, 80, 80, 80, 80, 80, 80, 80, 80, 80, 80, 80, 80, 80, 80, 80, 80, 80, 80, 80, 80, 80, 80, 80, 80, 80, 80, 80, 80, 80, 80, 80, 80, 80, 80, 80, 90, 80, 80, 80, 100, 80, 80, 75, 41, 80, 80, 80, 80, 50, 80, 80, 80, 80, 80, 100, 80, 100, 80, 80, 80, 100, 100, 80, 80, 80, 100, 80, 100]
Number of subjects: 11
Number of brain regions: 1
Number of sessions per subject:
  Subject sub-m11: 12 sessions
  Subject sub-m12: 14 sessions
  Subject sub-m13: 14 sessions
  Subject sub-m14: 14 sessions
  Subject sub-m15: 14 sessions
  Subject sub-m17: 14 sessions
  Subject sub-m18: 14 sessions
  Subject sub-m19: 14 sessions
  Subject sub-m3: 14 sessions
  Subject sub-m4: 14 sessions
  Subject sub-m7: 14 sessions
Input dimension: 4
Output dimension: 6
Summary statistics (across all sessions):
  T: mean: 217.46, median: 198.11, min: 3, max: 3360
  n_neurons: mean: 779.56', min: 155, max: 1780
  Input range:
    time_from_trial_start_sec: [0.0, 216.6]
    environment_type: [0.0, 1.0]
    trial_number: [0.0, 99.0]
    previous_trial_outcome: [0.0, 1.0]
  Output range:
    distance_to_reward_zone: [0.0, 6.0]
    absolute_position: [0.0, 4.0]
    speed: [0.0, 4.0]
    lick: [0.0, 1.0]
    reward_zone_location: [0.0, 2.0]
    reward_outcome: [0.0, 1.0]
  Unique outputs per dimension (fraction of data):
    distance_to_reward_zone: {lt_-50 (0.267), -50_to_-10 (0.105), -10_to_0 (0.097), 0 (0.001), 0_to_10 (0.113), 10_to_50 (0.098), gt_50 (0.318)}
    absolute_position: {lt_90 (0.210), 90_to_180 (0.177), 180_to_270 (0.231), 270_to_360 (0.226), gt_360 (0.156)}
    speed: {lt_2 (0.122), 2_to_10 (0.088), 10_to_20 (0.134), 20_to_40 (0.317), gt_40 (0.339)}
    lick: {no (0.770), yes (0.230)}
    reward_zone_location: {A (0.298), B (0.371), C (0.331)}
    reward_outcome: {no (0.237), yes (0.763)}
  Brain region distribution:
    CA1: 118493 neurons

Per-session statistics:
  Mean T: 177.1, 183.3, 184.9, 197.3, 179.5, 175.0, 168.3, 175.9, 172.8, 201.3, 201.1, 185.9, 147.5, 144.2, 147.1, 151.4, 164.2, 138.6, 152.9, 147.0, 126.8, 145.9, 191.0, 145.3, 149.5, 131.2, 186.3, 194.0, 184.7, 174.9, 164.4, 156.5, 166.8, 161.2, 156.8, 191.8, 227.4, 193.5, 166.1, 176.2, 204.4, 221.2, 204.6, 160.8, 161.7, 153.8, 146.2, 145.8, 129.8, 138.3, 134.9, 129.6, 118.1, 152.2, 220.5, 183.8, 191.9, 245.3, 206.9, 162.2, 156.0, 163.2, 139.4, 169.2, 158.3, 125.6, 141.2, 185.6, 206.7, 174.9, 196.2, 202.9, 270.4, 323.4, 272.7, 203.4, 301.2, 232.1, 177.9, 175.6, 194.9, 170.9, 207.6, 212.8, 270.6, 253.6, 302.0, 241.4, 224.6, 227.2, 216.2, 198.9, 212.6, 201.0, 177.3, 202.7, 250.5, 232.1, 295.0, 320.1, 298.7, 234.0, 279.7, 294.5, 231.8, 319.5, 253.1, 261.1, 213.9, 214.3, 345.9, 285.8, 256.3, 284.1, 338.1, 244.3, 238.6, 283.2, 258.3, 207.8, 240.5, 219.5, 155.4, 158.2, 382.8, 349.9, 427.0, 619.3, 393.3, 323.8, 325.2, 350.9, 428.3, 376.7, 298.6, 398.4, 390.4, 539.9, 199.3, 213.2, 209.5, 180.0, 207.8, 202.5, 146.7, 152.5, 157.3, 181.4, 157.7, 164.8, 163.9, 211.3
  Min T: 3, 148, 147, 161, 139, 145, 139, 139, 139, 169, 168, 159, 111, 117, 108, 117, 122, 119, 116, 108, 97, 103, 140, 116, 116, 108, 98, 116, 142, 131, 127, 118, 121, 114, 122, 132, 131, 144, 120, 137, 150, 154, 153, 120, 127, 126, 112, 114, 113, 113, 106, 101, 101, 103, 147, 137, 137, 160, 134, 125, 113, 112, 108, 111, 102, 102, 112, 108, 143, 129, 144, 145, 212, 243, 165, 142, 219, 167, 136, 133, 151, 125, 159, 160, 180, 171, 200, 174, 171, 158, 174, 152, 164, 147, 147, 155, 168, 173, 203, 197, 210, 165, 162, 177, 165, 217, 201, 127, 167, 165, 192, 163, 189, 185, 185, 171, 154, 179, 169, 136, 173, 132, 114, 115, 214, 236, 269, 326, 172, 194, 183, 177, 244, 191, 208, 263, 251, 283, 140, 136, 120, 105, 110, 110, 96, 96, 99, 109, 103, 111, 111, 114
  Max T: 326, 477, 417, 694, 421, 323, 603, 369, 617, 585, 453, 377, 305, 525, 315, 345, 303, 221, 377, 321, 427, 475, 410, 413, 413, 215, 355, 388, 444, 296, 323, 334, 264, 466, 231, 349, 457, 421, 277, 318, 353, 960, 347, 354, 384, 416, 346, 280, 281, 269, 210, 330, 295, 261, 848, 324, 266, 749, 666, 377, 274, 299, 220, 366, 568, 277, 607, 1062, 472, 571, 700, 514, 446, 1161, 345, 339, 604, 530, 558, 606, 338, 387, 349, 361, 480, 460, 821, 492, 420, 472, 415, 436, 403, 355, 316, 386, 491, 451, 478, 536, 575, 485, 530, 531, 319, 660, 605, 513, 355, 328, 1546, 774, 1088, 934, 1553, 502, 392, 1056, 829, 739, 681, 325, 505, 216, 917, 965, 1644, 3360, 1908, 2120, 1827, 1105, 2714, 1062, 473, 599, 999, 1434, 693, 422, 347, 614, 367, 588, 333, 512, 379, 324, 266, 366, 415, 464
  n_neurons: 155, 168, 189, 176, 174, 181, 190, 198, 204, 209, 245, 219, 1780, 1112, 1143, 1017, 1306, 1084, 1478, 1494, 1121, 1327, 1323, 1184, 1118, 1354, 686, 550, 616, 503, 704, 519, 834, 707, 557, 603, 657, 595, 479, 749, 981, 592, 753, 648, 603, 619, 927, 990, 500, 727, 554, 611, 483, 876, 1133, 1045, 1426, 1167, 1483, 1041, 1308, 1307, 1070, 1283, 754, 1127, 875, 1195, 236, 246, 300, 214, 372, 229, 275, 260, 293, 282, 293, 326, 233, 337, 847, 707, 974, 755, 811, 456, 619, 897, 804, 758, 519, 748, 549, 858, 528, 407, 465, 550, 472, 504, 596, 566, 434, 469, 378, 558, 428, 589, 1052, 917, 1059, 814, 1022, 818, 787, 783, 768, 930, 1000, 1030, 980, 1050, 983, 926, 1031, 1016, 1066, 1068, 1011, 1287, 1019, 1100, 990, 1039, 886, 1066, 1298, 1186, 1155, 1013, 1111, 1142, 1020, 1034, 900, 886, 973, 969, 988, 1192
  Input range:
    0: [0.0, 21.0] [0.0, 30.7] [0.0, 26.8] [0.0, 44.7] [0.0, 27.1] [0.0, 20.8] [0.0, 38.8] [0.0, 23.7] [0.0, 39.7] [0.0, 37.7] [0.0, 29.1] [0.0, 24.2] [0.0, 19.6] [0.0, 33.8] [0.0, 20.2] [0.0, 22.2] [0.0, 19.5] [0.0, 14.2] [0.0, 24.2] [0.0, 20.6] [0.0, 27.5] [0.0, 30.6] [0.0, 26.4] [0.0, 26.6] [0.0, 26.6] [0.0, 13.8] [0.0, 22.8] [0.0, 25.0] [0.0, 28.6] [0.0, 19.0] [0.0, 20.8] [0.0, 21.5] [0.0, 17.0] [0.0, 30.0] [0.0, 14.8] [0.0, 22.4] [0.0, 29.4] [0.0, 27.1] [0.0, 17.8] [0.0, 20.4] [0.0, 22.7] [0.0, 61.8] [0.0, 22.3] [0.0, 22.8] [0.0, 24.7] [0.0, 26.8] [0.0, 22.2] [0.0, 18.0] [0.0, 18.1] [0.0, 17.3] [0.0, 13.5] [0.0, 21.2] [0.0, 19.0] [0.0, 16.8] [0.0, 54.6] [0.0, 20.8] [0.0, 17.1] [0.0, 48.2] [0.0, 42.9] [0.0, 24.2] [0.0, 17.6] [0.0, 19.2] [0.0, 14.1] [0.0, 23.5] [0.0, 36.6] [0.0, 17.8] [0.0, 39.1] [0.0, 68.4] [0.0, 15.2] [0.0, 18.4] [0.0, 22.5] [0.0, 16.5] [0.0, 14.3] [0.0, 37.4] [0.0, 11.1] [0.0, 10.9] [0.0, 19.4] [0.0, 17.1] [0.0, 18.0] [0.0, 19.5] [0.0, 10.9] [0.0, 12.4] [0.0, 11.2] [0.0, 11.6] [0.0, 15.4] [0.0, 14.8] [0.0, 26.4] [0.0, 15.8] [0.0, 13.5] [0.0, 15.2] [0.0, 13.3] [0.0, 14.0] [0.0, 13.0] [0.0, 11.4] [0.0, 10.2] [0.0, 12.4] [0.0, 31.6] [0.0, 29.0] [0.0, 30.8] [0.0, 34.5] [0.0, 37.0] [0.0, 31.2] [0.0, 34.1] [0.0, 34.2] [0.0, 20.5] [0.0, 42.5] [0.0, 38.9] [0.0, 33.0] [0.0, 22.8] [0.0, 21.1] [0.0, 99.6] [0.0, 49.8] [0.0, 70.1] [0.0, 60.2] [0.0, 100.1] [0.0, 32.3] [0.0, 25.2] [0.0, 68.0] [0.0, 53.4] [0.0, 47.6] [0.0, 43.8] [0.0, 20.9] [0.0, 32.5] [0.0, 13.9] [0.0, 59.1] [0.0, 62.2] [0.0, 105.9] [0.0, 216.6] [0.0, 123.0] [0.0, 136.6] [0.0, 117.7] [0.0, 71.2] [0.0, 174.9] [0.0, 68.4] [0.0, 30.4] [0.0, 38.6] [0.0, 64.4] [0.0, 92.4] [0.0, 44.6] [0.0, 27.1] [0.0, 22.3] [0.0, 39.5] [0.0, 23.6] [0.0, 37.9] [0.0, 21.4] [0.0, 33.0] [0.0, 24.4] [0.0, 20.8] [0.0, 17.1] [0.0, 23.5] [0.0, 26.7] [0.0, 29.9] 
    1: [0.0, 0.0] [0.0, 0.0] [0.0, 0.0] [0.0, 0.0] [0.0, 0.0] [0.0, 1.0] [1.0, 1.0] [1.0, 1.0] [1.0, 1.0] [1.0, 1.0] [1.0, 1.0] [1.0, 1.0] [0.0, 0.0] [0.0, 0.0] [0.0, 0.0] [0.0, 0.0] [0.0, 0.0] [0.0, 0.0] [0.0, 0.0] [0.0, 1.0] [1.0, 1.0] [1.0, 1.0] [1.0, 1.0] [1.0, 1.0] [1.0, 1.0] [1.0, 1.0] [0.0, 0.0] [0.0, 0.0] [0.0, 0.0] [0.0, 0.0] [0.0, 0.0] [0.0, 0.0] [0.0, 0.0] [0.0, 1.0] [1.0, 1.0] [1.0, 1.0] [1.0, 1.0] [1.0, 1.0] [1.0, 1.0] [1.0, 1.0] [0.0, 0.0] [0.0, 0.0] [0.0, 0.0] [0.0, 0.0] [0.0, 0.0] [0.0, 0.0] [0.0, 0.0] [0.0, 1.0] [1.0, 1.0] [1.0, 1.0] [1.0, 1.0] [1.0, 1.0] [1.0, 1.0] [1.0, 1.0] [0.0, 0.0] [0.0, 0.0] [0.0, 0.0] [0.0, 0.0] [0.0, 0.0] [0.0, 0.0] [0.0, 0.0] [0.0, 1.0] [1.0, 1.0] [1.0, 1.0] [1.0, 1.0] [1.0, 1.0] [1.0, 1.0] [1.0, 1.0] [1.0, 1.0] [1.0, 1.0] [1.0, 1.0] [1.0, 1.0] [1.0, 1.0] [1.0, 1.0] [1.0, 1.0] [0.0, 1.0] [0.0, 0.0] [0.0, 0.0] [0.0, 0.0] [0.0, 0.0] [0.0, 0.0] [0.0, 0.0] [1.0, 1.0] [1.0, 1.0] [1.0, 1.0] [1.0, 1.0] [1.0, 1.0] [1.0, 1.0] [1.0, 1.0] [0.0, 1.0] [0.0, 0.0] [0.0, 0.0] [0.0, 0.0] [0.0, 0.0] [0.0, 0.0] [0.0, 0.0] [0.0, 0.0] [0.0, 0.0] [0.0, 0.0] [0.0, 0.0] [0.0, 0.0] [0.0, 0.0] [0.0, 0.0] [0.0, 1.0] [1.0, 1.0] [1.0, 1.0] [1.0, 1.0] [1.0, 1.0] [1.0, 1.0] [1.0, 1.0] [0.0, 0.0] [0.0, 0.0] [0.0, 0.0] [0.0, 0.0] [0.0, 0.0] [0.0, 0.0] [0.0, 0.0] [0.0, 1.0] [1.0, 1.0] [1.0, 1.0] [1.0, 1.0] [1.0, 1.0] [1.0, 1.0] [1.0, 1.0] [0.0, 0.0] [0.0, 0.0] [0.0, 0.0] [0.0, 0.0] [0.0, 0.0] [0.0, 0.0] [0.0, 0.0] [0.0, 1.0] [1.0, 1.0] [1.0, 1.0] [1.0, 1.0] [1.0, 1.0] [1.0, 1.0] [1.0, 1.0] [0.0, 0.0] [0.0, 0.0] [0.0, 0.0] [0.0, 0.0] [0.0, 0.0] [0.0, 0.0] [0.0, 0.0] [0.0, 1.0] [1.0, 1.0] [1.0, 1.0] [1.0, 1.0] [1.0, 1.0] [1.0, 1.0] [1.0, 1.0] 
    2: [0.0, 80.0] [0.0, 79.0] [0.0, 79.0] [0.0, 79.0] [0.0, 79.0] [0.0, 79.0] [0.0, 79.0] [0.0, 79.0] [0.0, 79.0] [0.0, 79.0] [0.0, 79.0] [0.0, 79.0] [0.0, 79.0] [0.0, 79.0] [0.0, 79.0] [0.0, 79.0] [0.0, 79.0] [0.0, 79.0] [0.0, 79.0] [0.0, 79.0] [0.0, 79.0] [0.0, 79.0] [0.0, 79.0] [0.0, 79.0] [0.0, 79.0] [0.0, 79.0] [0.0, 79.0] [0.0, 79.0] [0.0, 79.0] [0.0, 79.0] [0.0, 79.0] [0.0, 79.0] [0.0, 79.0] [0.0, 79.0] [0.0, 79.0] [0.0, 79.0] [0.0, 79.0] [0.0, 79.0] [0.0, 59.0] [0.0, 79.0] [0.0, 79.0] [0.0, 79.0] [0.0, 79.0] [0.0, 79.0] [0.0, 79.0] [0.0, 79.0] [0.0, 79.0] [0.0, 79.0] [0.0, 79.0] [0.0, 79.0] [0.0, 79.0] [0.0, 79.0] [0.0, 79.0] [0.0, 79.0] [0.0, 79.0] [0.0, 79.0] [0.0, 79.0] [0.0, 79.0] [0.0, 79.0] [0.0, 79.0] [0.0, 79.0] [0.0, 79.0] [0.0, 79.0] [0.0, 79.0] [0.0, 79.0] [0.0, 79.0] [0.0, 79.0] [0.0, 79.0] [0.0, 79.0] [0.0, 79.0] [0.0, 79.0] [0.0, 79.0] [0.0, 79.0] [0.0, 79.0] [0.0, 79.0] [0.0, 79.0] [0.0, 79.0] [0.0, 79.0] [0.0, 79.0] [0.0, 79.0] [0.0, 79.0] [0.0, 79.0] [0.0, 79.0] [0.0, 79.0] [0.0, 79.0] [0.0, 79.0] [0.0, 79.0] [0.0, 79.0] [0.0, 79.0] [0.0, 79.0] [0.0, 79.0] [0.0, 79.0] [0.0, 79.0] [0.0, 79.0] [0.0, 79.0] [0.0, 79.0] [0.0, 79.0] [0.0, 79.0] [0.0, 79.0] [0.0, 79.0] [0.0, 79.0] [0.0, 79.0] [0.0, 79.0] [0.0, 79.0] [0.0, 79.0] [0.0, 79.0] [0.0, 79.0] [0.0, 79.0] [0.0, 79.0] [0.0, 79.0] [0.0, 79.0] [0.0, 79.0] [0.0, 79.0] [0.0, 79.0] [0.0, 79.0] [0.0, 79.0] [0.0, 79.0] [0.0, 79.0] [0.0, 79.0] [0.0, 89.0] [0.0, 79.0] [0.0, 79.0] [0.0, 79.0] [0.0, 99.0] [0.0, 79.0] [0.0, 79.0] [0.0, 74.0] [0.0, 40.0] [0.0, 79.0] [0.0, 79.0] [0.0, 79.0] [0.0, 79.0] [0.0, 49.0] [0.0, 79.0] [0.0, 79.0] [0.0, 79.0] [0.0, 79.0] [0.0, 79.0] [0.0, 99.0] [0.0, 79.0] [0.0, 99.0] [0.0, 79.0] [0.0, 79.0] [0.0, 79.0] [0.0, 99.0] [0.0, 99.0] [0.0, 79.0] [0.0, 79.0] [0.0, 79.0] [0.0, 99.0] [0.0, 79.0] [0.0, 99.0] 
    3: [0.0, 1.0] [0.0, 1.0] [0.0, 1.0] [0.0, 1.0] [0.0, 1.0] [0.0, 1.0] [0.0, 1.0] [0.0, 1.0] [0.0, 1.0] [0.0, 1.0] [0.0, 1.0] [0.0, 1.0] [0.0, 1.0] [0.0, 1.0] [0.0, 1.0] [0.0, 1.0] [0.0, 1.0] [0.0, 1.0] [0.0, 1.0] [0.0, 1.0] [0.0, 1.0] [0.0, 1.0] [0.0, 1.0] [0.0, 1.0] [0.0, 1.0] [0.0, 1.0] [0.0, 1.0] [0.0, 1.0] [0.0, 1.0] [0.0, 1.0] [0.0, 1.0] [0.0, 1.0] [0.0, 1.0] [0.0, 1.0] [0.0, 1.0] [0.0, 1.0] [0.0, 1.0] [0.0, 1.0] [0.0, 1.0] [0.0, 1.0] [0.0, 1.0] [0.0, 1.0] [0.0, 1.0] [0.0, 1.0] [0.0, 1.0] [0.0, 1.0] [0.0, 1.0] [0.0, 1.0] [0.0, 1.0] [0.0, 1.0] [0.0, 1.0] [0.0, 1.0] [0.0, 1.0] [0.0, 1.0] [0.0, 1.0] [0.0, 1.0] [0.0, 1.0] [0.0, 1.0] [0.0, 1.0] [0.0, 1.0] [0.0, 1.0] [0.0, 1.0] [0.0, 1.0] [0.0, 1.0] [0.0, 1.0] [0.0, 1.0] [0.0, 1.0] [0.0, 1.0] [0.0, 1.0] [0.0, 1.0] [0.0, 1.0] [0.0, 1.0] [0.0, 1.0] [0.0, 1.0] [0.0, 1.0] [0.0, 1.0] [0.0, 1.0] [0.0, 1.0] [0.0, 1.0] [0.0, 1.0] [0.0, 1.0] [0.0, 1.0] [0.0, 1.0] [0.0, 1.0] [0.0, 1.0] [0.0, 1.0] [0.0, 1.0] [0.0, 1.0] [0.0, 1.0] [0.0, 1.0] [0.0, 1.0] [0.0, 1.0] [0.0, 1.0] [0.0, 1.0] [0.0, 1.0] [0.0, 1.0] [0.0, 1.0] [0.0, 1.0] [0.0, 1.0] [0.0, 1.0] [0.0, 1.0] [0.0, 1.0] [0.0, 1.0] [0.0, 1.0] [0.0, 1.0] [0.0, 1.0] [0.0, 1.0] [0.0, 1.0] [0.0, 1.0] [0.0, 1.0] [0.0, 1.0] [0.0, 1.0] [0.0, 1.0] [0.0, 1.0] [0.0, 1.0] [0.0, 1.0] [0.0, 1.0] [0.0, 1.0] [0.0, 1.0] [0.0, 1.0] [0.0, 1.0] [0.0, 1.0] [0.0, 1.0] [0.0, 1.0] [0.0, 1.0] [0.0, 1.0] [0.0, 1.0] [0.0, 1.0] [0.0, 1.0] [0.0, 1.0] [0.0, 1.0] [0.0, 1.0] [0.0, 1.0] [0.0, 1.0] [0.0, 1.0] [0.0, 1.0] [0.0, 1.0] [0.0, 1.0] [0.0, 1.0] [0.0, 1.0] [0.0, 1.0] [0.0, 1.0] [0.0, 1.0] [0.0, 1.0] [0.0, 1.0] [0.0, 1.0] [0.0, 1.0] [0.0, 1.0] [0.0, 1.0] [0.0, 1.0] [0.0, 1.0] [0.0, 1.0] 
  Output range:
    0: [0.0, 6.0] [0.0, 6.0] [0.0, 6.0] [0.0, 6.0] [0.0, 6.0] [0.0, 6.0] [0.0, 6.0] [0.0, 6.0] [0.0, 6.0] [0.0, 6.0] [0.0, 6.0] [0.0, 6.0] [0.0, 6.0] [0.0, 6.0] [0.0, 6.0] [0.0, 6.0] [0.0, 6.0] [0.0, 6.0] [0.0, 6.0] [0.0, 6.0] [0.0, 6.0] [0.0, 6.0] [0.0, 6.0] [0.0, 6.0] [0.0, 6.0] [0.0, 6.0] [0.0, 6.0] [0.0, 6.0] [0.0, 6.0] [0.0, 6.0] [0.0, 6.0] [0.0, 6.0] [0.0, 6.0] [0.0, 6.0] [0.0, 6.0] [0.0, 6.0] [0.0, 6.0] [0.0, 6.0] [0.0, 6.0] [0.0, 6.0] [0.0, 6.0] [0.0, 6.0] [0.0, 6.0] [0.0, 6.0] [0.0, 6.0] [0.0, 6.0] [0.0, 6.0] [0.0, 6.0] [0.0, 6.0] [0.0, 6.0] [0.0, 6.0] [0.0, 6.0] [0.0, 6.0] [0.0, 6.0] [0.0, 6.0] [0.0, 6.0] [0.0, 6.0] [0.0, 6.0] [0.0, 6.0] [0.0, 6.0] [0.0, 6.0] [0.0, 6.0] [0.0, 6.0] [0.0, 6.0] [0.0, 6.0] [0.0, 6.0] [0.0, 6.0] [0.0, 6.0] [0.0, 6.0] [0.0, 6.0] [0.0, 6.0] [0.0, 6.0] [0.0, 6.0] [0.0, 6.0] [0.0, 6.0] [0.0, 6.0] [0.0, 6.0] [0.0, 6.0] [0.0, 6.0] [0.0, 6.0] [0.0, 6.0] [0.0, 6.0] [0.0, 6.0] [0.0, 6.0] [0.0, 6.0] [0.0, 6.0] [0.0, 6.0] [0.0, 6.0] [0.0, 6.0] [0.0, 6.0] [0.0, 6.0] [0.0, 6.0] [0.0, 6.0] [0.0, 6.0] [0.0, 6.0] [0.0, 6.0] [0.0, 6.0] [0.0, 6.0] [0.0, 6.0] [0.0, 6.0] [0.0, 6.0] [0.0, 6.0] [0.0, 6.0] [0.0, 6.0] [0.0, 6.0] [0.0, 6.0] [0.0, 6.0] [0.0, 6.0] [0.0, 6.0] [0.0, 6.0] [0.0, 6.0] [0.0, 6.0] [0.0, 6.0] [0.0, 6.0] [0.0, 6.0] [0.0, 6.0] [0.0, 6.0] [0.0, 6.0] [0.0, 6.0] [0.0, 6.0] [0.0, 6.0] [0.0, 6.0] [0.0, 6.0] [0.0, 6.0] [0.0, 6.0] [0.0, 6.0] [0.0, 6.0] [0.0, 6.0] [0.0, 6.0] [0.0, 6.0] [0.0, 6.0] [0.0, 6.0] [0.0, 6.0] [0.0, 6.0] [0.0, 6.0] [0.0, 6.0] [0.0, 6.0] [0.0, 6.0] [0.0, 6.0] [0.0, 6.0] [0.0, 6.0] [0.0, 6.0] [0.0, 6.0] [0.0, 6.0] [0.0, 6.0] [0.0, 6.0] [0.0, 6.0] [0.0, 6.0] [0.0, 6.0] [0.0, 6.0] [0.0, 6.0] [0.0, 6.0] 
    1: [0.0, 4.0] [0.0, 4.0] [0.0, 4.0] [0.0, 4.0] [0.0, 4.0] [0.0, 4.0] [0.0, 4.0] [0.0, 4.0] [0.0, 4.0] [0.0, 4.0] [0.0, 4.0] [0.0, 4.0] [0.0, 4.0] [0.0, 4.0] [0.0, 4.0] [0.0, 4.0] [0.0, 4.0] [0.0, 4.0] [0.0, 4.0] [0.0, 4.0] [0.0, 4.0] [0.0, 4.0] [0.0, 4.0] [0.0, 4.0] [0.0, 4.0] [0.0, 4.0] [0.0, 4.0] [0.0, 4.0] [0.0, 4.0] [0.0, 4.0] [0.0, 4.0] [0.0, 4.0] [0.0, 4.0] [0.0, 4.0] [0.0, 4.0] [0.0, 4.0] [0.0, 4.0] [0.0, 4.0] [0.0, 4.0] [0.0, 4.0] [0.0, 4.0] [0.0, 4.0] [0.0, 4.0] [0.0, 4.0] [0.0, 4.0] [0.0, 4.0] [0.0, 4.0] [0.0, 4.0] [0.0, 4.0] [0.0, 4.0] [0.0, 4.0] [0.0, 4.0] [0.0, 4.0] [0.0, 4.0] [0.0, 4.0] [0.0, 4.0] [0.0, 4.0] [0.0, 4.0] [0.0, 4.0] [0.0, 4.0] [0.0, 4.0] [0.0, 4.0] [0.0, 4.0] [0.0, 4.0] [0.0, 4.0] [0.0, 4.0] [0.0, 4.0] [0.0, 4.0] [0.0, 4.0] [0.0, 4.0] [0.0, 4.0] [0.0, 4.0] [0.0, 4.0] [0.0, 4.0] [0.0, 4.0] [0.0, 4.0] [0.0, 4.0] [0.0, 4.0] [0.0, 4.0] [0.0, 4.0] [0.0, 4.0] [0.0, 4.0] [0.0, 4.0] [0.0, 4.0] [0.0, 4.0] [0.0, 4.0] [0.0, 4.0] [0.0, 4.0] [0.0, 4.0] [0.0, 4.0] [0.0, 4.0] [0.0, 4.0] [0.0, 4.0] [0.0, 4.0] [0.0, 4.0] [0.0, 4.0] [0.0, 4.0] [0.0, 4.0] [0.0, 4.0] [0.0, 4.0] [0.0, 4.0] [0.0, 4.0] [0.0, 4.0] [0.0, 4.0] [0.0, 4.0] [0.0, 4.0] [0.0, 4.0] [0.0, 4.0] [0.0, 4.0] [0.0, 4.0] [0.0, 4.0] [0.0, 4.0] [0.0, 4.0] [0.0, 4.0] [0.0, 4.0] [0.0, 4.0] [0.0, 4.0] [0.0, 4.0] [0.0, 4.0] [0.0, 4.0] [0.0, 4.0] [0.0, 4.0] [0.0, 4.0] [0.0, 4.0] [0.0, 4.0] [0.0, 4.0] [0.0, 4.0] [0.0, 4.0] [0.0, 4.0] [0.0, 4.0] [0.0, 4.0] [0.0, 4.0] [0.0, 4.0] [0.0, 4.0] [0.0, 4.0] [0.0, 4.0] [0.0, 4.0] [0.0, 4.0] [0.0, 4.0] [0.0, 4.0] [0.0, 4.0] [0.0, 4.0] [0.0, 4.0] [0.0, 4.0] [0.0, 4.0] [0.0, 4.0] [0.0, 4.0] [0.0, 4.0] [0.0, 4.0] [0.0, 4.0] [0.0, 4.0] [0.0, 4.0] 
    2: [0.0, 4.0] [0.0, 4.0] [0.0, 4.0] [0.0, 4.0] [0.0, 4.0] [0.0, 4.0] [0.0, 4.0] [0.0, 4.0] [0.0, 4.0] [0.0, 4.0] [0.0, 4.0] [0.0, 4.0] [0.0, 4.0] [0.0, 4.0] [0.0, 4.0] [0.0, 4.0] [0.0, 4.0] [0.0, 4.0] [0.0, 4.0] [0.0, 4.0] [0.0, 4.0] [0.0, 4.0] [0.0, 4.0] [0.0, 4.0] [0.0, 4.0] [0.0, 4.0] [0.0, 4.0] [0.0, 4.0] [0.0, 4.0] [0.0, 4.0] [0.0, 4.0] [0.0, 4.0] [0.0, 4.0] [0.0, 4.0] [0.0, 4.0] [0.0, 4.0] [0.0, 4.0] [0.0, 4.0] [0.0, 4.0] [0.0, 4.0] [0.0, 4.0] [0.0, 4.0] [0.0, 4.0] [0.0, 4.0] [0.0, 4.0] [0.0, 4.0] [0.0, 4.0] [0.0, 4.0] [0.0, 4.0] [0.0, 4.0] [0.0, 4.0] [0.0, 4.0] [0.0, 4.0] [0.0, 4.0] [0.0, 4.0] [0.0, 4.0] [0.0, 4.0] [0.0, 4.0] [0.0, 4.0] [0.0, 4.0] [0.0, 4.0] [0.0, 4.0] [0.0, 4.0] [0.0, 4.0] [0.0, 4.0] [0.0, 4.0] [0.0, 4.0] [0.0, 4.0] [0.0, 4.0] [0.0, 4.0] [0.0, 4.0] [0.0, 4.0] [0.0, 4.0] [0.0, 4.0] [0.0, 4.0] [0.0, 4.0] [0.0, 4.0] [0.0, 4.0] [0.0, 4.0] [0.0, 4.0] [0.0, 4.0] [0.0, 4.0] [0.0, 4.0] [0.0, 4.0] [0.0, 4.0] [0.0, 4.0] [0.0, 4.0] [0.0, 4.0] [0.0, 4.0] [0.0, 4.0] [0.0, 4.0] [0.0, 4.0] [0.0, 4.0] [0.0, 4.0] [0.0, 4.0] [0.0, 4.0] [0.0, 4.0] [0.0, 4.0] [0.0, 4.0] [0.0, 4.0] [0.0, 4.0] [0.0, 4.0] [0.0, 4.0] [0.0, 4.0] [0.0, 4.0] [0.0, 4.0] [0.0, 4.0] [0.0, 4.0] [0.0, 4.0] [0.0, 4.0] [0.0, 4.0] [0.0, 4.0] [0.0, 4.0] [0.0, 4.0] [0.0, 4.0] [0.0, 4.0] [0.0, 4.0] [0.0, 4.0] [0.0, 4.0] [0.0, 4.0] [0.0, 4.0] [0.0, 4.0] [0.0, 4.0] [0.0, 4.0] [0.0, 4.0] [0.0, 4.0] [0.0, 4.0] [0.0, 4.0] [0.0, 4.0] [0.0, 4.0] [0.0, 4.0] [0.0, 4.0] [0.0, 4.0] [0.0, 4.0] [0.0, 4.0] [0.0, 4.0] [0.0, 4.0] [0.0, 4.0] [0.0, 4.0] [0.0, 4.0] [0.0, 4.0] [0.0, 4.0] [0.0, 4.0] [0.0, 4.0] [0.0, 4.0] [0.0, 4.0] [0.0, 4.0] [0.0, 4.0] [0.0, 4.0] [0.0, 4.0] [0.0, 4.0] [0.0, 4.0] 
    3: [0.0, 1.0] [0.0, 1.0] [0.0, 1.0] [0.0, 1.0] [0.0, 1.0] [0.0, 1.0] [0.0, 1.0] [0.0, 1.0] [0.0, 1.0] [0.0, 1.0] [0.0, 1.0] [0.0, 1.0] [0.0, 1.0] [0.0, 1.0] [0.0, 1.0] [0.0, 1.0] [0.0, 1.0] [0.0, 1.0] [0.0, 1.0] [0.0, 1.0] [0.0, 1.0] [0.0, 1.0] [0.0, 1.0] [0.0, 1.0] [0.0, 1.0] [0.0, 1.0] [0.0, 1.0] [0.0, 1.0] [0.0, 1.0] [0.0, 1.0] [0.0, 1.0] [0.0, 1.0] [0.0, 1.0] [0.0, 1.0] [0.0, 1.0] [0.0, 1.0] [0.0, 1.0] [0.0, 1.0] [0.0, 1.0] [0.0, 1.0] [0.0, 1.0] [0.0, 1.0] [0.0, 1.0] [0.0, 1.0] [0.0, 1.0] [0.0, 1.0] [0.0, 1.0] [0.0, 1.0] [0.0, 1.0] [0.0, 1.0] [0.0, 1.0] [0.0, 1.0] [0.0, 1.0] [0.0, 1.0] [0.0, 1.0] [0.0, 1.0] [0.0, 1.0] [0.0, 1.0] [0.0, 1.0] [0.0, 1.0] [0.0, 1.0] [0.0, 1.0] [0.0, 1.0] [0.0, 1.0] [0.0, 1.0] [0.0, 1.0] [0.0, 1.0] [0.0, 1.0] [0.0, 1.0] [0.0, 1.0] [0.0, 1.0] [0.0, 1.0] [0.0, 1.0] [0.0, 1.0] [0.0, 1.0] [0.0, 1.0] [0.0, 1.0] [0.0, 1.0] [0.0, 1.0] [0.0, 1.0] [0.0, 1.0] [0.0, 1.0] [0.0, 1.0] [0.0, 1.0] [0.0, 1.0] [0.0, 1.0] [0.0, 1.0] [0.0, 1.0] [0.0, 1.0] [0.0, 1.0] [0.0, 1.0] [0.0, 1.0] [0.0, 1.0] [0.0, 1.0] [0.0, 1.0] [0.0, 1.0] [0.0, 1.0] [0.0, 1.0] [0.0, 1.0] [0.0, 1.0] [0.0, 1.0] [0.0, 1.0] [0.0, 1.0] [0.0, 1.0] [0.0, 1.0] [0.0, 1.0] [0.0, 1.0] [0.0, 1.0] [0.0, 1.0] [0.0, 1.0] [0.0, 1.0] [0.0, 1.0] [0.0, 1.0] [0.0, 1.0] [0.0, 1.0] [0.0, 1.0] [0.0, 1.0] [0.0, 1.0] [0.0, 1.0] [0.0, 1.0] [0.0, 1.0] [0.0, 1.0] [0.0, 1.0] [0.0, 1.0] [0.0, 1.0] [0.0, 1.0] [0.0, 1.0] [0.0, 1.0] [0.0, 1.0] [0.0, 1.0] [0.0, 1.0] [0.0, 1.0] [0.0, 1.0] [0.0, 1.0] [0.0, 1.0] [0.0, 1.0] [0.0, 1.0] [0.0, 1.0] [0.0, 1.0] [0.0, 1.0] [0.0, 1.0] [0.0, 1.0] [0.0, 1.0] [0.0, 1.0] [0.0, 1.0] [0.0, 1.0] [0.0, 1.0] [0.0, 1.0] [0.0, 1.0] [0.0, 1.0] [0.0, 1.0] [0.0, 1.0] 
    4: [0.0, 2.0] [0.0, 1.0] [0.0, 2.0] [1.0, 2.0] [1.0, 2.0] [1.0, 2.0] [1.0, 2.0] [0.0, 2.0] [0.0, 1.0] [0.0, 1.0] [1.0, 2.0] [1.0, 2.0] [1.0, 1.0] [1.0, 2.0] [1.0, 2.0] [2.0, 2.0] [0.0, 2.0] [0.0, 1.0] [0.0, 2.0] [0.0, 2.0] [0.0, 1.0] [0.0, 2.0] [1.0, 2.0] [1.0, 2.0] [1.0, 1.0] [0.0, 1.0] [1.0, 2.0] [1.0, 2.0] [1.0, 2.0] [1.0, 2.0] [0.0, 2.0] [0.0, 1.0] [0.0, 2.0] [0.0, 2.0] [0.0, 1.0] [0.0, 2.0] [1.0, 1.0] [1.0, 2.0] [1.0, 2.0] [0.0, 2.0] [0.0, 2.0] [0.0, 1.0] [0.0, 1.0] [1.0, 1.0] [0.0, 2.0] [1.0, 2.0] [0.0, 2.0] [0.0, 2.0] [2.0, 2.0] [1.0, 2.0] [1.0, 2.0] [0.0, 1.0] [0.0, 0.0] [0.0, 2.0] [0.0, 1.0] [0.0, 1.0] [0.0, 2.0] [1.0, 2.0] [1.0, 2.0] [1.0, 2.0] [0.0, 2.0] [0.0, 1.0] [1.0, 2.0] [1.0, 2.0] [2.0, 2.0] [0.0, 2.0] [0.0, 1.0] [0.0, 2.0] [0.0, 1.0] [1.0, 2.0] [1.0, 2.0] [1.0, 2.0] [0.0, 2.0] [0.0, 1.0] [0.0, 1.0] [0.0, 2.0] [0.0, 1.0] [0.0, 2.0] [0.0, 2.0] [1.0, 2.0] [1.0, 2.0] [0.0, 2.0] [0.0, 1.0] [0.0, 1.0] [0.0, 2.0] [1.0, 2.0] [0.0, 2.0] [1.0, 2.0] [0.0, 2.0] [0.0, 2.0] [1.0, 2.0] [1.0, 2.0] [1.0, 2.0] [0.0, 2.0] [0.0, 2.0] [0.0, 2.0] [1.0, 2.0] [1.0, 2.0] [1.0, 2.0] [1.0, 2.0] [0.0, 1.0] [0.0, 1.0] [0.0, 2.0] [0.0, 2.0] [0.0, 1.0] [0.0, 2.0] [1.0, 2.0] [0.0, 2.0] [2.0, 2.0] [0.0, 2.0] [2.0, 2.0] [2.0, 2.0] [0.0, 2.0] [0.0, 1.0] [0.0, 2.0] [1.0, 2.0] [1.0, 2.0] [1.0, 2.0] [1.0, 2.0] [0.0, 2.0] [0.0, 1.0] [0.0, 2.0] [1.0, 2.0] [1.0, 2.0] [1.0, 2.0] [1.0, 1.0] [0.0, 2.0] [0.0, 2.0] [0.0, 2.0] [1.0, 2.0] [0.0, 2.0] [1.0, 2.0] [2.0, 2.0] [0.0, 2.0] [0.0, 1.0] [0.0, 1.0] [1.0, 1.0] [1.0, 2.0] [0.0, 1.0] [0.0, 1.0] [0.0, 2.0] [0.0, 2.0] [1.0, 2.0] [1.0, 1.0] [0.0, 2.0] [0.0, 1.0] [1.0, 2.0] [1.0, 2.0] [2.0, 2.0] [0.0, 2.0] [0.0, 1.0] [0.0, 2.0] 
    5: [0.0, 1.0] [0.0, 1.0] [0.0, 1.0] [0.0, 1.0] [0.0, 1.0] [0.0, 1.0] [0.0, 1.0] [0.0, 1.0] [0.0, 1.0] [0.0, 1.0] [0.0, 1.0] [0.0, 1.0] [0.0, 1.0] [0.0, 1.0] [0.0, 1.0] [0.0, 1.0] [0.0, 1.0] [0.0, 1.0] [0.0, 1.0] [0.0, 1.0] [0.0, 1.0] [0.0, 1.0] [0.0, 1.0] [0.0, 1.0] [0.0, 1.0] [0.0, 1.0] [0.0, 1.0] [0.0, 1.0] [0.0, 1.0] [0.0, 1.0] [0.0, 1.0] [0.0, 1.0] [0.0, 1.0] [0.0, 1.0] [0.0, 1.0] [0.0, 1.0] [0.0, 1.0] [0.0, 1.0] [0.0, 1.0] [0.0, 1.0] [0.0, 1.0] [0.0, 1.0] [0.0, 1.0] [0.0, 1.0] [0.0, 1.0] [0.0, 1.0] [0.0, 1.0] [0.0, 1.0] [0.0, 1.0] [0.0, 1.0] [0.0, 1.0] [0.0, 1.0] [0.0, 1.0] [0.0, 1.0] [0.0, 1.0] [0.0, 1.0] [0.0, 1.0] [0.0, 1.0] [0.0, 1.0] [0.0, 1.0] [0.0, 1.0] [0.0, 1.0] [0.0, 1.0] [0.0, 1.0] [0.0, 1.0] [0.0, 1.0] [0.0, 1.0] [0.0, 1.0] [0.0, 1.0] [0.0, 1.0] [0.0, 1.0] [0.0, 1.0] [0.0, 1.0] [0.0, 1.0] [0.0, 1.0] [0.0, 1.0] [0.0, 1.0] [0.0, 1.0] [0.0, 1.0] [0.0, 1.0] [0.0, 1.0] [0.0, 1.0] [0.0, 1.0] [0.0, 1.0] [0.0, 1.0] [0.0, 1.0] [0.0, 1.0] [0.0, 1.0] [0.0, 1.0] [0.0, 1.0] [0.0, 1.0] [0.0, 1.0] [0.0, 1.0] [0.0, 1.0] [0.0, 1.0] [0.0, 1.0] [0.0, 1.0] [0.0, 1.0] [0.0, 1.0] [0.0, 1.0] [0.0, 1.0] [0.0, 1.0] [0.0, 1.0] [0.0, 1.0] [0.0, 1.0] [0.0, 1.0] [0.0, 1.0] [0.0, 1.0] [0.0, 1.0] [0.0, 1.0] [0.0, 1.0] [0.0, 1.0] [0.0, 1.0] [0.0, 1.0] [0.0, 1.0] [0.0, 1.0] [0.0, 1.0] [0.0, 1.0] [0.0, 1.0] [0.0, 1.0] [0.0, 1.0] [0.0, 1.0] [0.0, 1.0] [0.0, 1.0] [0.0, 1.0] [0.0, 1.0] [0.0, 1.0] [0.0, 1.0] [0.0, 1.0] [0.0, 1.0] [0.0, 1.0] [0.0, 1.0] [0.0, 1.0] [0.0, 1.0] [0.0, 1.0] [0.0, 1.0] [0.0, 1.0] [0.0, 1.0] [0.0, 1.0] [0.0, 1.0] [0.0, 1.0] [0.0, 1.0] [0.0, 1.0] [0.0, 1.0] [0.0, 1.0] [0.0, 1.0] [0.0, 1.0] [0.0, 1.0] [0.0, 1.0] [0.0, 1.0] [0.0, 1.0] [0.0, 1.0] 
  Output fraction of data:
distance_to_reward_zone: (0.147 0.122 0.354 0.429 0.317 0.373 0.385 0.217 0.103 0.213 0.253 0.347 0.335 0.317 0.382 0.517 0.234 0.079 0.219 0.222 0.105 0.370 0.492 0.342 0.266 0.145 0.527 0.519 0.382 0.304 0.206 0.073 0.364 0.233 0.138 0.237 0.294 0.439 0.464 0.264 0.119 0.075 0.247 0.284 0.397 0.406 0.205 0.343 0.428 0.324 0.260 0.153 0.058 0.374 0.116 0.121 0.370 0.479 0.371 0.263 0.150 0.204 0.253 0.368 0.468 0.227 0.056 0.178 0.298 0.322 0.426 0.487 0.242 0.136 0.190 0.176 0.091 0.382 0.474 0.324 0.264 0.148 0.133 0.131 0.247 0.302 0.415 0.397 0.206 0.377 0.373 0.314 0.241 0.140 0.082 0.331 0.426 0.401 0.281 0.275 0.150 0.100 0.355 0.222 0.077 0.227 0.213 0.364 0.317 0.191 0.229 0.218 0.150 0.067 0.166 0.161 0.218 0.169 0.116 0.109 0.051 0.274 0.507 0.209 0.316 0.232 0.159 0.185 0.303 0.495 0.318 0.382 0.533 0.292 0.112 0.255 0.276 0.315 0.119 0.114 0.439 0.448 0.397 0.327 0.163 0.225 0.275 0.378 0.427 0.239 0.072 0.265)  0.093 0.117 0.097 0.099 0.102 0.114 0.104 0.097 0.115 0.109 0.113 0.117 0.107 0.088 0.102 0.098 0.091 0.148 0.124 0.113 0.106 0.090 0.109 0.115 0.134 0.125 0.114 0.105 0.101 0.100 0.103 0.134 0.097 0.098 0.125 0.114 0.095 0.111 0.106 0.111 0.128 0.131 0.098 0.118 0.112 0.090 0.101 0.111 0.098 0.113 0.131 0.112 0.121 0.102 0.097 0.141 0.095 0.091 0.105 0.096 0.104 0.127 0.115 0.122 0.109 0.094 0.094 0.092 0.114 0.108 0.090 0.092 0.080 0.089 0.084 0.103 0.073 0.088 0.087 0.083 0.093 0.100 0.102 0.119 0.093 0.103 0.104 0.098 0.095 0.100 0.103 0.105 0.113 0.107 0.109 0.099 0.105 0.118 0.106 0.089 0.091 0.109 0.076 0.085 0.091 0.080 0.096 0.103 0.090 0.074 0.061 0.050 0.062 0.059 0.066 0.087 0.070 0.053 0.067 0.057 0.038 0.063 0.112 0.093 0.093 0.087 0.073 0.079 0.079 0.108 0.099 0.115 0.136 0.121 0.141 0.152 0.157 0.159 0.131 0.192 0.142 0.153 0.144 0.168 0.140 0.151 0.141 0.166 0.165 0.126 0.150 0.162)  0.095 0.083 0.071 0.146 0.114 0.126 0.143 0.101 0.148 0.161 0.138 0.102 0.028 0.023 0.035 0.034 0.034 0.091 0.092 0.080 0.136 0.059 0.059 0.051 0.112 0.127 0.033 0.025 0.022 0.029 0.034 0.071 0.050 0.053 0.094 0.054 0.032 0.028 0.043 0.053 0.050 0.060 0.046 0.050 0.048 0.081 0.071 0.059 0.054 0.072 0.063 0.061 0.099 0.052 0.032 0.060 0.034 0.045 0.039 0.036 0.064 0.073 0.052 0.052 0.036 0.047 0.130 0.099 0.030 0.028 0.023 0.028 0.025 0.045 0.025 0.039 0.069 0.045 0.024 0.034 0.033 0.048 0.035 0.032 0.093 0.074 0.093 0.101 0.085 0.105 0.227 0.181 0.224 0.219 0.238 0.176 0.085 0.129 0.154 0.131 0.217 0.208 0.127 0.169 0.335 0.197 0.272 0.152 0.259 0.133 0.124 0.308 0.040 0.228 0.123 0.224 0.300 0.205 0.089 0.157 0.108 0.130 0.067 0.102 0.029 0.057 0.080 0.173 0.133 0.050 0.108 0.064 0.046 0.037 0.118 0.107 0.132 0.105 0.033 0.058 0.045 0.068 0.069 0.084 0.066 0.077 0.062 0.063 0.067 0.051 0.107 0.089)  0.001 0.001 0.001 0.001 0.001 0.001 0.001 0.001 0.002 0.002 0.001 0.001 0.001 0.001 0.001 0.001 0.001 0.001 0.001 0.002 0.003 0.002 0.001 0.002 0.002 0.002 0.000 0.001 0.001 0.001 0.001 0.001 0.001 0.002 0.002 0.002 0.001 0.001 0.001 0.002 0.001 0.002 0.002 0.002 0.002 0.001 0.002 0.001 0.003 0.002 0.002 0.003 0.003 0.002 0.001 0.002 0.002 0.001 0.001 0.002 0.002 0.002 0.003 0.002 0.002 0.003 0.003 0.002 0.001 0.002 0.001 0.001 0.001 0.000 0.001 0.001 0.001 0.001 0.002 0.002 0.001 0.002 0.001 0.001 0.001 0.001 0.000 0.001 0.001 0.001 0.002 0.001 0.002 0.001 0.002 0.001 0.001 0.001 0.001 0.000 0.000 0.001 0.001 0.001 0.001 0.001 0.001 0.001 0.001 0.001 0.001 0.002 0.001 0.001 0.001 0.001 0.002 0.001 0.001 0.001 0.002 0.002 0.002 0.002 0.000 0.001 0.001 0.000 0.000 0.001 0.001 0.000 0.000 0.000 0.001 0.000 0.001 0.001 0.002 0.001 0.001 0.002 0.001 0.002 0.002 0.003 0.002 0.002 0.002 0.002 0.002 0.001)  0.139 0.132 0.141 0.106 0.095 0.102 0.101 0.116 0.105 0.100 0.123 0.166 0.093 0.117 0.121 0.113 0.092 0.122 0.103 0.093 0.083 0.100 0.098 0.147 0.103 0.114 0.070 0.091 0.098 0.128 0.113 0.102 0.095 0.105 0.070 0.089 0.116 0.095 0.099 0.097 0.133 0.131 0.100 0.129 0.128 0.161 0.122 0.135 0.165 0.119 0.151 0.154 0.157 0.118 0.086 0.110 0.096 0.108 0.087 0.118 0.104 0.108 0.111 0.117 0.106 0.126 0.102 0.128 0.081 0.115 0.096 0.088 0.074 0.079 0.108 0.122 0.108 0.100 0.151 0.138 0.138 0.166 0.123 0.169 0.102 0.141 0.140 0.144 0.118 0.115 0.074 0.088 0.081 0.076 0.066 0.103 0.103 0.088 0.084 0.083 0.103 0.077 0.080 0.093 0.055 0.127 0.113 0.106 0.112 0.153 0.303 0.213 0.185 0.124 0.123 0.107 0.104 0.148 0.194 0.085 0.167 0.120 0.086 0.198 0.099 0.146 0.175 0.113 0.062 0.095 0.097 0.102 0.104 0.153 0.092 0.094 0.098 0.100 0.087 0.105 0.089 0.084 0.071 0.076 0.087 0.104 0.108 0.095 0.111 0.087 0.083 0.088)  0.108 0.098 0.096 0.077 0.094 0.080 0.118 0.118 0.079 0.073 0.088 0.083 0.102 0.129 0.120 0.094 0.099 0.085 0.114 0.097 0.113 0.094 0.083 0.078 0.083 0.091 0.089 0.099 0.108 0.108 0.107 0.110 0.115 0.117 0.089 0.102 0.126 0.105 0.102 0.093 0.098 0.094 0.110 0.116 0.126 0.125 0.095 0.112 0.110 0.134 0.105 0.100 0.101 0.101 0.089 0.111 0.103 0.094 0.097 0.112 0.130 0.112 0.115 0.110 0.112 0.111 0.115 0.158 0.083 0.095 0.097 0.108 0.101 0.087 0.117 0.112 0.103 0.103 0.100 0.116 0.113 0.109 0.093 0.095 0.117 0.094 0.092 0.122 0.082 0.084 0.096 0.104 0.100 0.110 0.110 0.100 0.095 0.110 0.096 0.083 0.078 0.085 0.093 0.080 0.095 0.079 0.082 0.083 0.092 0.110 0.102 0.096 0.125 0.079 0.083 0.128 0.107 0.142 0.118 0.116 0.076 0.096 0.081 0.112 0.093 0.094 0.108 0.077 0.083 0.096 0.124 0.107 0.072 0.088 0.090 0.082 0.089 0.079 0.071 0.095 0.075 0.100 0.075 0.083 0.087 0.090 0.103 0.108 0.094 0.096 0.104 0.087)  0.418 0.447 0.240 0.141 0.277 0.203 0.148 0.350 0.447 0.342 0.283 0.184 0.335 0.325 0.238 0.143 0.449 0.473 0.346 0.394 0.455 0.286 0.158 0.265 0.300 0.395 0.167 0.160 0.289 0.330 0.437 0.509 0.278 0.393 0.483 0.402 0.336 0.221 0.185 0.380 0.471 0.508 0.397 0.302 0.187 0.135 0.405 0.239 0.142 0.236 0.288 0.417 0.462 0.252 0.580 0.455 0.301 0.182 0.299 0.373 0.445 0.375 0.351 0.229 0.167 0.391 0.501 0.343 0.393 0.331 0.267 0.197 0.477 0.564 0.476 0.448 0.555 0.281 0.163 0.303 0.357 0.426 0.512 0.452 0.347 0.287 0.155 0.137 0.413 0.218 0.125 0.205 0.238 0.347 0.394 0.190 0.185 0.153 0.279 0.340 0.360 0.421 0.269 0.349 0.346 0.289 0.222 0.192 0.129 0.339 0.180 0.113 0.436 0.444 0.438 0.291 0.200 0.282 0.414 0.476 0.558 0.315 0.145 0.284 0.369 0.384 0.403 0.373 0.338 0.155 0.253 0.230 0.108 0.309 0.446 0.309 0.247 0.241 0.556 0.436 0.208 0.145 0.244 0.261 0.455 0.351 0.308 0.189 0.135 0.399 0.482 0.309)  
absolute_position: (0.260 0.360 0.246 0.116 0.124 0.122 0.118 0.236 0.429 0.270 0.127 0.116 0.185 0.186 0.154 0.181 0.181 0.415 0.242 0.287 0.376 0.235 0.109 0.116 0.122 0.293 0.175 0.158 0.162 0.153 0.223 0.351 0.193 0.206 0.350 0.220 0.159 0.155 0.122 0.219 0.376 0.386 0.238 0.156 0.148 0.144 0.232 0.232 0.135 0.131 0.141 0.250 0.425 0.209 0.276 0.405 0.230 0.165 0.150 0.143 0.235 0.214 0.142 0.131 0.183 0.255 0.367 0.210 0.179 0.188 0.188 0.170 0.181 0.269 0.176 0.253 0.278 0.251 0.153 0.117 0.132 0.262 0.331 0.379 0.227 0.157 0.132 0.085 0.227 0.231 0.094 0.109 0.118 0.297 0.472 0.266 0.129 0.122 0.105 0.152 0.324 0.465 0.246 0.264 0.533 0.293 0.102 0.121 0.095 0.238 0.069 0.082 0.158 0.435 0.208 0.076 0.071 0.072 0.057 0.159 0.313 0.174 0.135 0.088 0.187 0.131 0.299 0.524 0.287 0.132 0.112 0.144 0.213 0.211 0.409 0.297 0.123 0.104 0.320 0.434 0.266 0.120 0.124 0.150 0.270 0.196 0.132 0.107 0.115 0.206 0.367 0.202)  0.188 0.224 0.176 0.142 0.169 0.165 0.129 0.174 0.190 0.190 0.198 0.158 0.212 0.181 0.148 0.161 0.212 0.181 0.211 0.209 0.224 0.192 0.175 0.190 0.231 0.197 0.159 0.175 0.181 0.199 0.226 0.212 0.190 0.187 0.203 0.224 0.196 0.196 0.151 0.187 0.189 0.202 0.222 0.200 0.151 0.122 0.164 0.164 0.136 0.162 0.190 0.198 0.183 0.196 0.233 0.205 0.203 0.143 0.186 0.170 0.214 0.230 0.156 0.126 0.123 0.181 0.220 0.219 0.198 0.200 0.160 0.157 0.210 0.218 0.203 0.196 0.223 0.186 0.152 0.146 0.166 0.205 0.201 0.209 0.217 0.207 0.190 0.123 0.160 0.191 0.117 0.156 0.192 0.195 0.190 0.162 0.135 0.134 0.160 0.176 0.160 0.166 0.175 0.174 0.173 0.167 0.138 0.149 0.093 0.186 0.068 0.062 0.172 0.203 0.180 0.112 0.076 0.076 0.082 0.180 0.179 0.157 0.154 0.125 0.183 0.160 0.165 0.139 0.139 0.207 0.241 0.178 0.116 0.163 0.192 0.248 0.251 0.152 0.163 0.189 0.193 0.159 0.230 0.292 0.219 0.245 0.229 0.163 0.122 0.170 0.213 0.261)  0.264 0.143 0.160 0.170 0.280 0.262 0.144 0.134 0.119 0.298 0.414 0.261 0.290 0.333 0.233 0.163 0.179 0.131 0.284 0.219 0.128 0.161 0.205 0.291 0.375 0.241 0.183 0.214 0.250 0.330 0.236 0.141 0.179 0.169 0.149 0.243 0.341 0.232 0.188 0.175 0.126 0.124 0.235 0.374 0.281 0.142 0.164 0.165 0.152 0.303 0.401 0.259 0.132 0.194 0.154 0.126 0.171 0.172 0.239 0.334 0.246 0.280 0.363 0.244 0.154 0.149 0.131 0.318 0.266 0.313 0.220 0.181 0.181 0.202 0.269 0.240 0.174 0.167 0.176 0.275 0.347 0.256 0.152 0.147 0.285 0.367 0.261 0.186 0.171 0.180 0.173 0.321 0.473 0.280 0.106 0.149 0.166 0.158 0.296 0.353 0.277 0.114 0.158 0.148 0.104 0.327 0.529 0.304 0.124 0.131 0.087 0.072 0.104 0.138 0.260 0.540 0.341 0.305 0.490 0.331 0.208 0.163 0.208 0.375 0.278 0.355 0.231 0.091 0.184 0.163 0.215 0.267 0.199 0.167 0.136 0.225 0.401 0.285 0.130 0.122 0.198 0.210 0.261 0.325 0.215 0.286 0.357 0.300 0.184 0.189 0.144 0.272)  0.147 0.145 0.268 0.412 0.270 0.296 0.447 0.273 0.122 0.124 0.129 0.320 0.153 0.150 0.279 0.322 0.258 0.130 0.134 0.144 0.128 0.233 0.333 0.225 0.136 0.134 0.300 0.295 0.239 0.147 0.157 0.135 0.262 0.254 0.142 0.152 0.152 0.259 0.331 0.242 0.150 0.167 0.154 0.131 0.273 0.437 0.292 0.284 0.405 0.261 0.134 0.145 0.124 0.258 0.167 0.125 0.235 0.317 0.245 0.166 0.153 0.129 0.173 0.306 0.340 0.228 0.128 0.130 0.199 0.161 0.228 0.292 0.218 0.170 0.192 0.172 0.166 0.222 0.340 0.282 0.188 0.148 0.161 0.141 0.137 0.146 0.288 0.436 0.268 0.270 0.469 0.289 0.111 0.115 0.113 0.302 0.367 0.421 0.271 0.148 0.129 0.121 0.253 0.269 0.096 0.118 0.117 0.293 0.529 0.275 0.573 0.633 0.337 0.107 0.104 0.138 0.351 0.381 0.168 0.151 0.167 0.261 0.335 0.248 0.159 0.151 0.157 0.108 0.221 0.328 0.287 0.255 0.349 0.306 0.126 0.116 0.106 0.290 0.187 0.124 0.226 0.365 0.236 0.123 0.161 0.117 0.138 0.301 0.420 0.257 0.125 0.130)  0.141 0.129 0.151 0.161 0.156 0.156 0.163 0.184 0.141 0.118 0.132 0.145 0.160 0.151 0.186 0.172 0.170 0.144 0.128 0.141 0.145 0.178 0.178 0.178 0.135 0.135 0.183 0.159 0.168 0.170 0.159 0.161 0.175 0.185 0.156 0.161 0.153 0.159 0.208 0.177 0.159 0.122 0.151 0.139 0.147 0.156 0.148 0.156 0.172 0.143 0.133 0.148 0.137 0.144 0.169 0.139 0.161 0.203 0.180 0.187 0.152 0.148 0.166 0.193 0.201 0.186 0.154 0.123 0.157 0.138 0.203 0.199 0.210 0.141 0.160 0.139 0.160 0.174 0.179 0.180 0.168 0.130 0.156 0.124 0.134 0.122 0.129 0.171 0.173 0.128 0.148 0.125 0.106 0.112 0.119 0.120 0.203 0.165 0.168 0.170 0.110 0.134 0.168 0.145 0.094 0.095 0.114 0.133 0.159 0.171 0.202 0.151 0.229 0.117 0.249 0.134 0.161 0.166 0.203 0.179 0.134 0.245 0.168 0.165 0.194 0.203 0.148 0.138 0.168 0.170 0.145 0.155 0.122 0.153 0.137 0.113 0.117 0.169 0.199 0.131 0.116 0.145 0.149 0.110 0.136 0.155 0.144 0.130 0.159 0.179 0.151 0.136)  
speed: (0.115 0.126 0.102 0.139 0.109 0.113 0.136 0.125 0.152 0.157 0.147 0.149 0.012 0.030 0.029 0.026 0.023 0.045 0.054 0.042 0.059 0.061 0.060 0.069 0.075 0.075 0.011 0.025 0.022 0.034 0.025 0.023 0.011 0.023 0.012 0.023 0.069 0.028 0.028 0.028 0.057 0.100 0.038 0.039 0.034 0.078 0.057 0.026 0.046 0.039 0.035 0.045 0.050 0.029 0.061 0.038 0.008 0.085 0.029 0.033 0.016 0.016 0.005 0.036 0.029 0.011 0.061 0.115 0.016 0.032 0.052 0.042 0.012 0.063 0.028 0.026 0.079 0.057 0.084 0.072 0.050 0.071 0.054 0.094 0.123 0.133 0.186 0.161 0.124 0.121 0.177 0.158 0.177 0.183 0.159 0.159 0.095 0.096 0.152 0.152 0.257 0.185 0.142 0.189 0.289 0.273 0.274 0.164 0.257 0.197 0.430 0.435 0.153 0.299 0.284 0.248 0.311 0.311 0.253 0.203 0.210 0.200 0.058 0.159 0.134 0.174 0.248 0.402 0.233 0.127 0.201 0.138 0.180 0.158 0.103 0.131 0.155 0.241 0.049 0.029 0.011 0.038 0.025 0.046 0.008 0.030 0.027 0.021 0.013 0.016 0.040 0.058)  0.061 0.063 0.053 0.049 0.050 0.049 0.054 0.059 0.061 0.051 0.051 0.056 0.038 0.073 0.069 0.066 0.056 0.063 0.061 0.058 0.062 0.056 0.051 0.059 0.048 0.061 0.049 0.059 0.054 0.069 0.060 0.072 0.068 0.076 0.068 0.061 0.062 0.058 0.057 0.063 0.086 0.073 0.066 0.069 0.072 0.077 0.082 0.076 0.074 0.077 0.077 0.080 0.087 0.065 0.060 0.068 0.060 0.067 0.058 0.058 0.100 0.094 0.081 0.071 0.070 0.067 0.107 0.128 0.057 0.072 0.059 0.060 0.063 0.100 0.079 0.077 0.079 0.072 0.074 0.083 0.069 0.080 0.066 0.071 0.069 0.065 0.070 0.073 0.057 0.070 0.070 0.064 0.063 0.066 0.074 0.069 0.067 0.085 0.067 0.067 0.061 0.058 0.045 0.060 0.054 0.053 0.071 0.064 0.049 0.050 0.097 0.079 0.128 0.078 0.079 0.066 0.070 0.086 0.103 0.078 0.096 0.080 0.056 0.073 0.162 0.096 0.104 0.129 0.093 0.145 0.115 0.198 0.226 0.198 0.173 0.289 0.311 0.294 0.052 0.134 0.075 0.099 0.058 0.088 0.048 0.072 0.067 0.090 0.089 0.047 0.120 0.096)  0.060 0.070 0.059 0.050 0.056 0.057 0.074 0.065 0.076 0.065 0.079 0.068 0.052 0.060 0.070 0.060 0.067 0.066 0.082 0.063 0.070 0.061 0.051 0.040 0.040 0.067 0.076 0.068 0.061 0.063 0.060 0.126 0.087 0.087 0.121 0.119 0.099 0.070 0.057 0.062 0.144 0.177 0.099 0.101 0.123 0.092 0.078 0.084 0.069 0.080 0.083 0.076 0.104 0.067 0.091 0.137 0.067 0.100 0.105 0.075 0.112 0.138 0.088 0.138 0.104 0.082 0.115 0.143 0.108 0.076 0.071 0.083 0.184 0.241 0.163 0.116 0.190 0.134 0.058 0.072 0.077 0.080 0.087 0.099 0.196 0.123 0.271 0.121 0.082 0.114 0.101 0.106 0.134 0.105 0.098 0.088 0.217 0.229 0.256 0.247 0.135 0.105 0.121 0.171 0.086 0.173 0.159 0.243 0.098 0.086 0.091 0.070 0.098 0.080 0.161 0.142 0.108 0.123 0.125 0.100 0.095 0.107 0.065 0.089 0.273 0.222 0.222 0.177 0.195 0.156 0.175 0.198 0.222 0.149 0.152 0.206 0.173 0.187 0.133 0.281 0.277 0.217 0.292 0.326 0.140 0.168 0.146 0.228 0.162 0.156 0.186 0.291)  0.243 0.222 0.301 0.286 0.302 0.297 0.222 0.226 0.228 0.328 0.309 0.263 0.258 0.140 0.233 0.226 0.328 0.224 0.261 0.250 0.181 0.164 0.459 0.239 0.309 0.200 0.441 0.472 0.404 0.371 0.320 0.205 0.353 0.277 0.166 0.382 0.491 0.447 0.374 0.415 0.300 0.285 0.416 0.250 0.244 0.147 0.154 0.258 0.155 0.215 0.193 0.196 0.115 0.362 0.509 0.335 0.496 0.531 0.463 0.231 0.196 0.264 0.196 0.277 0.277 0.162 0.098 0.181 0.487 0.302 0.390 0.415 0.677 0.557 0.618 0.398 0.585 0.479 0.223 0.257 0.375 0.222 0.439 0.347 0.417 0.442 0.278 0.373 0.433 0.403 0.287 0.279 0.266 0.237 0.218 0.298 0.323 0.233 0.343 0.405 0.318 0.307 0.555 0.390 0.212 0.325 0.185 0.259 0.243 0.268 0.169 0.112 0.375 0.277 0.316 0.226 0.200 0.228 0.280 0.233 0.305 0.322 0.262 0.192 0.379 0.422 0.389 0.290 0.442 0.505 0.339 0.352 0.315 0.473 0.392 0.275 0.200 0.250 0.358 0.175 0.338 0.180 0.281 0.162 0.268 0.218 0.275 0.236 0.226 0.292 0.122 0.182)  0.520 0.519 0.485 0.476 0.483 0.484 0.514 0.525 0.482 0.399 0.415 0.463 0.639 0.697 0.600 0.622 0.526 0.602 0.542 0.587 0.629 0.658 0.379 0.593 0.528 0.597 0.424 0.376 0.458 0.462 0.535 0.574 0.481 0.536 0.633 0.416 0.279 0.398 0.484 0.432 0.412 0.365 0.381 0.542 0.527 0.606 0.629 0.556 0.655 0.589 0.612 0.603 0.645 0.477 0.280 0.421 0.368 0.217 0.346 0.603 0.577 0.488 0.629 0.478 0.520 0.679 0.619 0.433 0.331 0.519 0.429 0.400 0.064 0.039 0.112 0.383 0.068 0.259 0.561 0.516 0.428 0.547 0.355 0.389 0.195 0.237 0.196 0.272 0.303 0.292 0.366 0.393 0.360 0.409 0.451 0.386 0.298 0.358 0.184 0.129 0.230 0.345 0.137 0.189 0.359 0.177 0.311 0.269 0.352 0.400 0.214 0.304 0.246 0.266 0.160 0.318 0.311 0.251 0.239 0.386 0.295 0.291 0.559 0.488 0.053 0.086 0.037 0.002 0.038 0.066 0.170 0.115 0.057 0.021 0.181 0.099 0.161 0.027 0.408 0.381 0.300 0.466 0.344 0.378 0.536 0.511 0.485 0.425 0.510 0.488 0.532 0.374)  
lick: (0.824 0.817 0.789 0.804 0.812 0.790 0.760 0.759 0.765 0.716 0.770 0.761 0.838 0.830 0.846 0.840 0.842 0.846 0.825 0.829 0.802 0.738 0.801 0.744 0.779 0.736 0.869 0.815 0.803 0.812 0.827 0.845 0.790 0.810 0.835 0.799 0.822 0.743 0.831 0.785 0.844 0.754 0.816 0.846 0.833 0.860 0.832 0.822 0.823 0.829 0.822 0.790 0.794 0.727 0.818 0.822 0.799 0.784 0.707 0.791 0.813 0.762 0.772 0.737 0.746 0.757 0.772 0.683 0.796 0.780 0.795 0.796 0.784 0.848 0.824 0.823 0.881 0.781 0.734 0.746 0.795 0.783 0.795 0.834 0.756 0.843 0.797 0.793 0.798 0.782 0.782 0.750 0.750 0.753 0.747 0.740 0.802 0.818 0.801 0.801 0.766 0.755 0.764 0.757 0.689 0.693 0.692 0.726 0.653 0.666 0.805 0.723 0.712 0.771 0.798 0.779 0.743 0.742 0.755 0.770 0.787 0.708 0.870 0.713 0.814 0.806 0.838 0.850 0.913 0.762 0.651 0.778 0.765 0.733 0.743 0.756 0.690 0.484 0.704 0.744 0.702 0.670 0.697 0.687 0.683 0.664 0.687 0.663 0.710 0.691 0.775 0.729)  0.176 0.183 0.211 0.196 0.188 0.210 0.240 0.241 0.235 0.284 0.230 0.239 0.162 0.170 0.154 0.160 0.158 0.154 0.175 0.171 0.198 0.262 0.199 0.256 0.221 0.264 0.131 0.185 0.197 0.188 0.173 0.155 0.210 0.190 0.165 0.201 0.178 0.257 0.169 0.215 0.156 0.246 0.184 0.154 0.167 0.140 0.168 0.178 0.177 0.171 0.178 0.210 0.206 0.273 0.182 0.178 0.201 0.216 0.293 0.209 0.187 0.238 0.228 0.263 0.254 0.243 0.228 0.317 0.204 0.220 0.205 0.204 0.216 0.152 0.176 0.177 0.119 0.219 0.266 0.254 0.205 0.217 0.205 0.166 0.244 0.157 0.203 0.207 0.202 0.218 0.218 0.250 0.250 0.247 0.253 0.260 0.198 0.182 0.199 0.199 0.234 0.245 0.236 0.243 0.311 0.307 0.308 0.274 0.347 0.334 0.195 0.277 0.288 0.229 0.202 0.221 0.257 0.258 0.245 0.230 0.213 0.292 0.130 0.287 0.186 0.194 0.162 0.150 0.087 0.238 0.349 0.222 0.235 0.267 0.257 0.244 0.310 0.516 0.296 0.256 0.298 0.330 0.303 0.313 0.317 0.336 0.313 0.337 0.290 0.309 0.225 0.271)  
reward_zone_location: (0.555 0.840 0.328 0.000 0.000 0.000 0.000 0.532 0.900 0.354 0.000 0.000 0.000 0.000 0.000 0.000 0.574 0.985 0.344 0.483 0.889 0.301 0.000 0.000 0.000 0.556 0.000 0.000 0.000 0.000 0.482 0.954 0.293 0.516 0.805 0.312 0.000 0.000 0.000 0.522 0.889 0.970 0.336 0.000 0.019 0.000 0.612 0.323 0.000 0.000 0.000 0.521 1.000 0.298 0.864 0.943 0.348 0.000 0.000 0.000 0.567 0.331 0.000 0.000 0.000 0.551 0.984 0.364 0.024 0.000 0.000 0.000 0.542 0.809 0.337 0.511 0.857 0.307 0.021 0.000 0.000 0.592 0.858 0.866 0.291 0.000 0.028 0.000 0.581 0.303 0.000 0.000 0.000 0.549 0.978 0.334 0.000 0.000 0.000 0.000 0.561 0.944 0.280 0.548 0.953 0.304 0.000 0.025 0.000 0.507 0.000 0.000 0.499 0.904 0.322 0.000 0.000 0.000 0.000 0.495 0.920 0.277 0.000 0.000 0.000 0.000 0.572 0.924 0.467 0.000 0.046 0.000 0.000 0.398 0.872 0.367 0.000 0.000 0.888 0.925 0.286 0.043 0.000 0.000 0.631 0.261 0.000 0.000 0.000 0.498 0.942 0.244)  0.429 0.160 0.051 0.014 0.620 0.375 0.040 0.045 0.100 0.646 0.985 0.384 1.000 0.989 0.401 0.000 0.071 0.015 0.640 0.505 0.111 0.103 0.025 0.577 1.000 0.444 0.098 0.131 0.651 0.947 0.487 0.046 0.082 0.082 0.195 0.671 1.000 0.413 0.021 0.059 0.089 0.030 0.664 1.000 0.338 0.018 0.014 0.015 0.000 0.590 0.981 0.479 0.000 0.091 0.136 0.057 0.088 0.022 0.606 0.964 0.415 0.669 0.936 0.290 0.000 0.054 0.016 0.621 0.976 0.988 0.427 0.111 0.126 0.191 0.663 0.473 0.143 0.064 0.013 0.520 0.908 0.379 0.142 0.134 0.666 0.984 0.322 0.012 0.052 0.051 0.024 0.555 0.985 0.437 0.000 0.013 0.043 0.058 0.626 0.988 0.439 0.056 0.182 0.092 0.047 0.685 0.912 0.369 0.000 0.101 0.000 0.000 0.049 0.096 0.640 0.932 0.407 0.552 0.958 0.493 0.080 0.093 0.036 0.701 0.973 1.000 0.377 0.048 0.103 0.037 0.599 0.474 0.000 0.070 0.128 0.633 1.000 0.444 0.112 0.075 0.086 0.036 0.593 1.000 0.357 0.739 0.987 0.393 0.000 0.152 0.058 0.698)  0.016 0.000 0.622 0.986 0.380 0.625 0.960 0.423 0.000 0.000 0.015 0.616 0.000 0.011 0.599 1.000 0.354 0.000 0.016 0.012 0.000 0.596 0.975 0.423 0.000 0.000 0.902 0.869 0.349 0.053 0.030 0.000 0.625 0.402 0.000 0.017 0.000 0.587 0.979 0.419 0.022 0.000 0.000 0.000 0.643 0.982 0.374 0.662 1.000 0.410 0.019 0.000 0.000 0.611 0.000 0.000 0.564 0.978 0.394 0.036 0.018 0.000 0.064 0.710 1.000 0.395 0.000 0.015 0.000 0.012 0.573 0.889 0.333 0.000 0.000 0.016 0.000 0.629 0.966 0.480 0.092 0.029 0.000 0.000 0.043 0.016 0.649 0.988 0.367 0.645 0.976 0.445 0.015 0.014 0.022 0.654 0.957 0.942 0.374 0.012 0.000 0.000 0.538 0.360 0.000 0.011 0.088 0.606 1.000 0.392 1.000 1.000 0.452 0.000 0.038 0.068 0.593 0.448 0.042 0.012 0.000 0.630 0.964 0.299 0.027 0.000 0.051 0.028 0.430 0.963 0.355 0.526 1.000 0.532 0.000 0.000 0.000 0.556 0.000 0.000 0.629 0.921 0.407 0.000 0.011 0.000 0.013 0.607 1.000 0.351 0.000 0.059)  
reward_outcome: (0.081 0.239 0.128 0.108 0.177 0.148 0.170 0.118 0.209 0.111 0.183 0.122 0.164 0.110 0.152 0.144 0.121 0.136 0.141 0.226 0.222 0.214 0.154 0.152 0.246 0.172 0.264 0.207 0.156 0.117 0.186 0.163 0.185 0.146 0.267 0.181 0.160 0.243 0.181 0.112 0.169 0.145 0.225 0.211 0.217 0.195 0.123 0.120 0.156 0.228 0.200 0.117 0.155 0.192 0.158 0.199 0.121 0.085 0.134 0.218 0.176 0.164 0.226 0.148 0.207 0.135 0.138 0.183 0.578 0.572 0.525 0.548 0.589 0.572 0.597 0.635 0.545 0.496 0.536 0.512 0.656 0.538 0.600 0.569 0.564 0.615 0.527 0.635 0.549 0.536 0.566 0.607 0.600 0.597 0.585 0.547 0.161 0.185 0.093 0.179 0.127 0.118 0.220 0.130 0.185 0.127 0.118 0.209 0.138 0.192 0.094 0.136 0.105 0.150 0.136 0.161 0.107 0.173 0.161 0.191 0.115 0.165 0.215 0.117 0.171 0.099 0.164 0.107 0.220 0.142 0.165 0.130 0.041 0.154 0.218 0.119 0.131 0.168 0.119 0.180 0.176 0.150 0.150 0.134 0.173 0.090 0.190 0.230 0.130 0.225 0.243 0.178)  0.919 0.761 0.872 0.892 0.823 0.852 0.830 0.882 0.791 0.889 0.817 0.878 0.836 0.890 0.848 0.856 0.879 0.864 0.859 0.774 0.778 0.786 0.846 0.848 0.754 0.828 0.736 0.793 0.844 0.883 0.814 0.837 0.815 0.854 0.733 0.819 0.840 0.757 0.819 0.888 0.831 0.855 0.775 0.789 0.783 0.805 0.877 0.880 0.844 0.772 0.800 0.883 0.845 0.808 0.842 0.801 0.879 0.915 0.866 0.782 0.824 0.836 0.774 0.852 0.793 0.865 0.862 0.817 0.422 0.428 0.475 0.452 0.411 0.428 0.403 0.365 0.455 0.504 0.464 0.488 0.344 0.462 0.400 0.431 0.436 0.385 0.473 0.365 0.451 0.464 0.434 0.393 0.400 0.403 0.415 0.453 0.839 0.815 0.907 0.821 0.873 0.882 0.780 0.870 0.815 0.873 0.882 0.791 0.862 0.808 0.906 0.864 0.895 0.850 0.864 0.839 0.893 0.827 0.839 0.809 0.885 0.835 0.785 0.883 0.829 0.901 0.836 0.893 0.780 0.858 0.835 0.870 0.959 0.846 0.782 0.881 0.869 0.832 0.881 0.820 0.824 0.850 0.850 0.866 0.827 0.910 0.810 0.770 0.870 0.775 0.757 0.822)  
Brain region: CA1: 118493 neurons  
Data verification complete.
