nohup: ignoring input
Data format is valid, no errors or warnings.
Number of sessions: 89
Total number of trials: 38110
Number of trials per session: [400, 282, 201, 145, 379, 345, 503, 218, 402, 238, 605, 259, 269, 429, 475, 431, 259, 403, 348, 237, 210, 84, 470, 303, 300, 320, 402, 636, 251, 452, 459, 518, 305, 485, 408, 423, 370, 719, 453, 418, 568, 789, 578, 457, 453, 492, 419, 368, 398, 450, 455, 511, 658, 629, 306, 479, 435, 457, 405, 680, 373, 511, 669, 722, 466, 399, 428, 503, 499, 561, 534, 501, 501, 600, 309, 473, 520, 455, 248, 471, 454, 402, 267, 506, 400, 407, 335, 426, 369]
Number of subjects: 19
Number of brain regions: 4
Number of sessions per subject:
  Subject DR10: 6 sessions
  Subject DR15: 5 sessions
  Subject LZ13: 4 sessions
  Subject LZ16: 4 sessions
  Subject TX104: 2 sessions
  Subject TX105: 5 sessions
  Subject TX108: 7 sessions
  Subject TX109: 6 sessions
  Subject TX119: 8 sessions
  Subject TX123: 8 sessions
  Subject TX124: 3 sessions
  Subject TX139: 2 sessions
  Subject TX140: 1 sessions
  Subject TX60: 5 sessions
  Subject TX61: 5 sessions
  Subject TX83: 3 sessions
  Subject TX85: 2 sessions
  Subject TX88: 6 sessions
  Subject VR2: 7 sessions
Input dimension: 4
Output dimension: 4
Summary statistics (across all sessions):
  T: mean: 22.25, median: 22.63, min: 11, max: 178
  n_neurons: mean: 2000.00', min: 2000, max: 2000
  Input range:
    time_to_sound_cue: [-1763.3, 723.5]
    day_of_training: [0.0, 92.0]
    time_since_trial_start: [0.0, 1765.2]
    reward_availability: [0.0, 1.0]
  Output range:
    stimulus_category: [0.0, 7.0]
    licking: [0.0, 1.0]
    position_bin: [0.0, 3.0]
    speed_bin: [0.0, 3.0]
  Unique outputs per dimension (fraction of data):
    stimulus_category: {nonrew_crop1 (0.317), nonrew_crop2 (0.060), rew_crop1 (0.333), rew_crop2 (0.169), rew_crop3 (0.058), rew_crop1_swap1 (0.027), rew_crop1_swap2 (0.029), nonrew_crop3 (0.007)}
    licking: {no_lick (0.965), lick (0.035)}
    position_bin: {0-1m (0.250), 1-2m (0.249), 2-3m (0.250), 3-4m (0.252)}
    speed_bin: {speed_q1 (0.250), speed_q2 (0.250), speed_q3 (0.250), speed_q4 (0.250)}
  Brain region distribution:
    V1: 77943 neurons
    mHV: 51244 neurons
    lHV: 20206 neurons
    aHV: 28607 neurons

Per-session statistics:
  Mean T: 22.1, 24.8, 26.8, 24.6, 21.8, 18.8, 16.3, 26.5, 24.3, 25.3, 22.1, 24.9, 22.0, 17.6, 18.6, 23.5, 26.7, 23.3, 27.6, 22.5, 27.9, 36.1, 20.0, 17.2, 24.5, 25.3, 23.7, 22.6, 27.6, 17.6, 17.5, 22.6, 24.2, 22.6, 25.2, 24.6, 22.4, 19.6, 22.9, 25.9, 17.7, 17.5, 17.5, 22.0, 21.9, 23.3, 22.3, 22.6, 23.0, 22.8, 24.3, 19.4, 16.7, 23.0, 27.2, 22.1, 23.1, 23.0, 23.5, 19.5, 23.0, 22.9, 19.0, 16.9, 24.4, 24.7, 23.4, 19.5, 19.0, 17.9, 17.7, 16.9, 17.2, 22.6, 26.3, 17.7, 17.0, 22.8, 26.6, 22.0, 22.6, 23.3, 23.5, 20.3, 23.0, 22.0, 21.6, 21.3, 22.9
  Min T: 20, 20, 20, 21, 17, 15, 12, 17, 20, 15, 20, 20, 20, 15, 16, 20, 21, 20, 15, 12, 21, 20, 14, 11, 20, 20, 15, 20, 16, 15, 15, 20, 16, 20, 20, 21, 20, 14, 20, 20, 15, 15, 15, 20, 19, 20, 19, 20, 20, 20, 20, 16, 15, 20, 21, 20, 20, 20, 21, 14, 15, 20, 16, 15, 20, 20, 20, 14, 13, 15, 15, 15, 15, 20, 18, 15, 15, 20, 16, 20, 20, 20, 21, 14, 20, 20, 20, 19, 20
  Max T: 30, 41, 38, 34, 57, 69, 26, 50, 38, 46, 36, 39, 31, 55, 65, 38, 66, 33, 90, 34, 43, 51, 33, 36, 33, 57, 40, 38, 66, 39, 58, 39, 48, 31, 59, 36, 31, 36, 62, 40, 45, 125, 64, 56, 57, 93, 178, 57, 40, 37, 53, 70, 48, 36, 54, 31, 40, 35, 31, 29, 47, 34, 54, 48, 54, 74, 35, 35, 29, 35, 46, 51, 50, 43, 69, 74, 40, 45, 48, 29, 40, 32, 33, 32, 40, 62, 29, 54, 48
  n_neurons: 2000, 2000, 2000, 2000, 2000, 2000, 2000, 2000, 2000, 2000, 2000, 2000, 2000, 2000, 2000, 2000, 2000, 2000, 2000, 2000, 2000, 2000, 2000, 2000, 2000, 2000, 2000, 2000, 2000, 2000, 2000, 2000, 2000, 2000, 2000, 2000, 2000, 2000, 2000, 2000, 2000, 2000, 2000, 2000, 2000, 2000, 2000, 2000, 2000, 2000, 2000, 2000, 2000, 2000, 2000, 2000, 2000, 2000, 2000, 2000, 2000, 2000, 2000, 2000, 2000, 2000, 2000, 2000, 2000, 2000, 2000, 2000, 2000, 2000, 2000, 2000, 2000, 2000, 2000, 2000, 2000, 2000, 2000, 2000, 2000, 2000, 2000, 2000, 2000
  Input range:
    0: [-29.7, 39.1] [-79.9, 64.7] [-305.6, 275.0] [-387.6, 232.7] [-37.3, 73.4] [-111.3, 79.1] [-61.2, 93.6] [-399.4, 401.8] [-49.0, 65.4] [-110.5, 203.7] [-53.1, 68.7] [-38.1, 41.3] [-104.0, 118.5] [-129.4, 60.2] [-242.3, 400.9] [-29.3, 46.8] [-252.6, 270.7] [-164.9, 114.6] [-301.3, 83.1] [-333.6, 220.4] [-195.9, 199.8] [-65.2, 400.3] [-19.4, 15.1] [-59.5, 202.1] [-209.4, 76.6] [-398.1, 400.2] [-183.8, 203.1] [-125.9, 144.9] [-145.2, 200.0] [-37.5, 35.2] [-78.4, 150.1] [-51.3, 38.7] [-191.4, 203.7] [-70.7, 43.0] [-75.4, 50.2] [-36.1, 149.6] [-282.2, 15.1] [-23.0, 28.5] [-81.1, 76.3] [-79.8, 238.4] [-69.6, 30.2] [-328.3, 400.5] [-179.1, 157.1] [-48.9, 41.9] [-53.4, 170.2] [-80.9, 104.9] [-219.7, 27.9] [-130.1, 172.8] [-134.6, 125.8] [-1763.3, 93.1] [-67.7, 126.6] [-166.8, 250.5] [-16.4, 25.0] [-20.9, 34.7] [-251.5, 150.1] [-33.5, 44.9] [-21.2, 39.8] [-59.2, 19.8] [-249.7, 23.2] [-22.8, 27.4] [-199.4, 203.0] [-29.2, 35.0] [-171.0, 127.7] [-8.2, 53.0] [-78.2, 91.3] [-696.6, 723.5] [-36.3, 13.4] [-55.5, 24.9] [-19.3, 17.6] [-33.0, 213.2] [-280.2, 109.8] [-246.8, 161.2] [-146.4, 52.7] [-48.4, 76.4] [-364.1, 402.9] [-160.0, 401.7] [-10.8, 25.6] [-76.8, 36.7] [-84.0, 403.2] [-17.9, 29.3] [-18.6, 24.8] [-21.6, 15.7] [-400.5, 272.8] [-21.0, 35.2] [-52.4, 42.9] [-101.8, 33.4] [-44.0, 14.7] [-300.4, 103.9] [-65.5, 184.1] 
    1: [0.0, 0.0] [0.0, 0.0] [0.0, 0.0] [0.0, 0.0] [2.0, 2.0] [3.0, 3.0] [0.0, 0.0] [0.0, 0.0] [0.0, 0.0] [12.0, 12.0] [4.0, 4.0] [11.0, 11.0] [8.0, 8.0] [11.0, 11.0] [15.0, 15.0] [7.0, 7.0] [10.0, 10.0] [3.0, 3.0] [0.0, 0.0] [0.0, 0.0] [67.0, 67.0] [11.0, 11.0] [17.0, 17.0] [24.0, 24.0] [76.0, 76.0] [22.0, 22.0] [14.0, 14.0] [7.0, 7.0] [13.0, 13.0] [12.0, 12.0] [16.0, 16.0] [9.0, 9.0] [11.0, 11.0] [58.0, 58.0] [0.0, 0.0] [79.0, 79.0] [33.0, 33.0] [22.0, 22.0] [0.0, 0.0] [0.0, 0.0] [0.0, 0.0] [0.0, 0.0] [0.0, 0.0] [0.0, 0.0] [1.0, 1.0] [0.0, 0.0] [1.0, 1.0] [0.0, 0.0] [0.0, 0.0] [36.0, 36.0] [31.0, 31.0] [26.0, 26.0] [29.0, 29.0] [17.0, 17.0] [25.0, 25.0] [73.0, 73.0] [13.0, 13.0] [89.0, 89.0] [58.0, 58.0] [40.0, 40.0] [39.0, 39.0] [18.0, 18.0] [28.0, 28.0] [30.0, 30.0] [16.0, 16.0] [18.0, 18.0] [92.0, 92.0] [45.0, 45.0] [47.0, 47.0] [1.0, 1.0] [2.0, 2.0] [1.0, 1.0] [3.0, 3.0] [32.0, 32.0] [28.0, 28.0] [25.0, 25.0] [28.0, 28.0] [16.0, 16.0] [24.0, 24.0] [72.0, 72.0] [12.0, 12.0] [86.0, 86.0] [57.0, 57.0] [39.0, 39.0] [13.0, 13.0] [14.0, 14.0] [13.0, 13.0] [14.0, 14.0] [13.0, 13.0] 
    2: [0.0, 43.4] [0.0, 83.2] [0.0, 308.0] [0.0, 400.2] [0.0, 74.6] [0.0, 112.7] [0.0, 98.1] [0.0, 404.8] [0.0, 69.3] [0.0, 204.4] [0.0, 81.9] [0.0, 69.9] [0.0, 129.8] [0.0, 132.7] [0.0, 402.8] [0.0, 50.0] [0.0, 341.7] [0.0, 181.9] [0.0, 304.8] [0.0, 338.2] [0.0, 204.6] [0.0, 404.4] [0.0, 22.3] [0.0, 204.4] [0.0, 212.3] [0.0, 404.4] [0.0, 204.5] [0.0, 151.1] [0.0, 203.8] [0.0, 40.0] [0.0, 150.8] [0.0, 55.1] [0.0, 205.3] [0.0, 113.9] [0.0, 78.4] [0.0, 164.6] [0.0, 284.8] [0.0, 32.8] [0.0, 115.1] [0.0, 243.1] [0.0, 71.7] [0.0, 402.6] [0.0, 182.6] [0.0, 50.6] [0.0, 171.7] [0.0, 106.2] [0.0, 232.0] [0.0, 173.6] [0.0, 136.1] [0.0, 1765.2] [0.0, 127.6] [0.0, 252.3] [0.0, 25.8] [0.0, 36.4] [0.0, 255.8] [0.0, 49.1] [0.0, 49.4] [0.0, 60.0] [0.0, 250.9] [0.0, 29.4] [0.0, 204.5] [0.0, 54.4] [0.0, 174.4] [0.0, 53.7] [0.0, 93.3] [0.0, 740.4] [0.0, 50.0] [0.0, 57.3] [0.0, 25.2] [0.0, 216.8] [0.0, 291.5] [0.0, 249.1] [0.0, 149.4] [0.0, 97.3] [0.0, 404.9] [0.0, 402.7] [0.0, 26.3] [0.0, 95.7] [0.0, 404.9] [0.0, 32.3] [0.0, 34.7] [0.0, 28.0] [0.0, 403.0] [0.0, 37.8] [0.0, 54.3] [0.0, 103.7] [0.0, 45.1] [0.0, 302.4] [0.0, 187.2] 
    3: [0.0, 0.0] [0.0, 0.0] [0.0, 0.0] [0.0, 0.0] [0.0, 0.0] [0.0, 0.0] [0.0, 0.0] [0.0, 0.0] [0.0, 0.0] [0.0, 0.0] [0.0, 0.0] [0.0, 0.0] [0.0, 0.0] [0.0, 0.0] [0.0, 0.0] [0.0, 0.0] [0.0, 0.0] [0.0, 0.0] [0.0, 1.0] [0.0, 1.0] [0.0, 1.0] [0.0, 1.0] [0.0, 1.0] [0.0, 1.0] [0.0, 1.0] [0.0, 1.0] [0.0, 0.0] [0.0, 0.0] [0.0, 0.0] [0.0, 0.0] [0.0, 0.0] [0.0, 0.0] [0.0, 0.0] [0.0, 1.0] [0.0, 1.0] [0.0, 1.0] [0.0, 1.0] [0.0, 1.0] [0.0, 0.0] [0.0, 0.0] [0.0, 0.0] [0.0, 0.0] [0.0, 0.0] [0.0, 0.0] [0.0, 0.0] [0.0, 0.0] [0.0, 0.0] [0.0, 0.0] [0.0, 0.0] [0.0, 0.0] [0.0, 0.0] [0.0, 0.0] [0.0, 0.0] [0.0, 0.0] [0.0, 0.0] [0.0, 1.0] [0.0, 1.0] [0.0, 1.0] [0.0, 1.0] [0.0, 1.0] [0.0, 0.0] [0.0, 0.0] [0.0, 0.0] [0.0, 0.0] [0.0, 1.0] [0.0, 1.0] [0.0, 1.0] [0.0, 1.0] [0.0, 1.0] [0.0, 0.0] [0.0, 0.0] [0.0, 0.0] [0.0, 0.0] [0.0, 0.0] [0.0, 0.0] [0.0, 0.0] [0.0, 0.0] [0.0, 0.0] [0.0, 0.0] [0.0, 1.0] [0.0, 1.0] [0.0, 1.0] [0.0, 1.0] [0.0, 1.0] [0.0, 0.0] [0.0, 0.0] [0.0, 0.0] [0.0, 0.0] [0.0, 0.0] 
  Output range:
    0: [0.0, 2.0] [0.0, 2.0] [0.0, 2.0] [0.0, 2.0] [0.0, 2.0] [0.0, 2.0] [0.0, 2.0] [0.0, 2.0] [0.0, 2.0] [0.0, 2.0] [0.0, 2.0] [0.0, 2.0] [0.0, 2.0] [0.0, 2.0] [0.0, 2.0] [0.0, 2.0] [0.0, 2.0] [0.0, 2.0] [0.0, 2.0] [0.0, 2.0] [0.0, 2.0] [0.0, 2.0] [0.0, 2.0] [0.0, 2.0] [0.0, 2.0] [0.0, 2.0] [0.0, 3.0] [0.0, 4.0] [0.0, 3.0] [0.0, 3.0] [0.0, 3.0] [0.0, 3.0] [0.0, 3.0] [0.0, 3.0] [0.0, 3.0] [0.0, 3.0] [0.0, 3.0] [0.0, 3.0] [0.0, 3.0] [0.0, 3.0] [0.0, 4.0] [0.0, 7.0] [0.0, 7.0] [0.0, 4.0] [0.0, 4.0] [0.0, 7.0] [0.0, 4.0] [0.0, 4.0] [0.0, 4.0] [0.0, 4.0] [0.0, 4.0] [0.0, 4.0] [0.0, 4.0] [0.0, 4.0] [0.0, 4.0] [0.0, 4.0] [0.0, 4.0] [0.0, 4.0] [0.0, 4.0] [0.0, 4.0] [0.0, 6.0] [0.0, 6.0] [0.0, 6.0] [0.0, 6.0] [0.0, 5.0] [0.0, 6.0] [0.0, 6.0] [0.0, 5.0] [0.0, 6.0] [0.0, 6.0] [0.0, 6.0] [0.0, 6.0] [0.0, 6.0] [0.0, 3.0] [0.0, 3.0] [0.0, 3.0] [0.0, 3.0] [0.0, 3.0] [0.0, 3.0] [0.0, 3.0] [0.0, 3.0] [0.0, 3.0] [0.0, 3.0] [0.0, 3.0] [0.0, 4.0] [0.0, 4.0] [0.0, 7.0] [0.0, 4.0] [0.0, 4.0] 
    1: [0.0, 0.0] [0.0, 0.0] [0.0, 0.0] [0.0, 0.0] [0.0, 0.0] [0.0, 0.0] [0.0, 0.0] [0.0, 0.0] [0.0, 0.0] [0.0, 0.0] [0.0, 0.0] [0.0, 0.0] [0.0, 0.0] [0.0, 0.0] [0.0, 0.0] [0.0, 0.0] [0.0, 0.0] [0.0, 0.0] [0.0, 1.0] [0.0, 1.0] [0.0, 1.0] [0.0, 1.0] [0.0, 1.0] [0.0, 1.0] [0.0, 1.0] [0.0, 1.0] [0.0, 0.0] [0.0, 0.0] [0.0, 0.0] [0.0, 0.0] [0.0, 0.0] [0.0, 0.0] [0.0, 0.0] [0.0, 1.0] [0.0, 1.0] [0.0, 1.0] [0.0, 1.0] [0.0, 1.0] [0.0, 0.0] [0.0, 0.0] [0.0, 0.0] [0.0, 0.0] [0.0, 0.0] [0.0, 0.0] [0.0, 0.0] [0.0, 0.0] [0.0, 0.0] [0.0, 0.0] [0.0, 0.0] [0.0, 0.0] [0.0, 0.0] [0.0, 0.0] [0.0, 0.0] [0.0, 0.0] [0.0, 0.0] [0.0, 1.0] [0.0, 1.0] [0.0, 1.0] [0.0, 1.0] [0.0, 1.0] [0.0, 0.0] [0.0, 0.0] [0.0, 0.0] [0.0, 0.0] [0.0, 1.0] [0.0, 1.0] [0.0, 1.0] [0.0, 1.0] [0.0, 1.0] [0.0, 0.0] [0.0, 0.0] [0.0, 0.0] [0.0, 0.0] [0.0, 0.0] [0.0, 0.0] [0.0, 0.0] [0.0, 0.0] [0.0, 0.0] [0.0, 0.0] [0.0, 1.0] [0.0, 1.0] [0.0, 1.0] [0.0, 1.0] [0.0, 1.0] [0.0, 0.0] [0.0, 0.0] [0.0, 0.0] [0.0, 0.0] [0.0, 0.0] 
    2: [0.0, 3.0] [0.0, 3.0] [0.0, 3.0] [0.0, 3.0] [0.0, 3.0] [0.0, 3.0] [0.0, 3.0] [0.0, 3.0] [0.0, 3.0] [0.0, 3.0] [0.0, 3.0] [0.0, 3.0] [0.0, 3.0] [0.0, 3.0] [0.0, 3.0] [0.0, 3.0] [0.0, 3.0] [0.0, 3.0] [0.0, 3.0] [0.0, 3.0] [0.0, 3.0] [0.0, 3.0] [0.0, 3.0] [0.0, 3.0] [0.0, 3.0] [0.0, 3.0] [0.0, 3.0] [0.0, 3.0] [0.0, 3.0] [0.0, 3.0] [0.0, 3.0] [0.0, 3.0] [0.0, 3.0] [0.0, 3.0] [0.0, 3.0] [0.0, 3.0] [0.0, 3.0] [0.0, 3.0] [0.0, 3.0] [0.0, 3.0] [0.0, 3.0] [0.0, 3.0] [0.0, 3.0] [0.0, 3.0] [0.0, 3.0] [0.0, 3.0] [0.0, 3.0] [0.0, 3.0] [0.0, 3.0] [0.0, 3.0] [0.0, 3.0] [0.0, 3.0] [0.0, 3.0] [0.0, 3.0] [0.0, 3.0] [0.0, 3.0] [0.0, 3.0] [0.0, 3.0] [0.0, 3.0] [0.0, 3.0] [0.0, 3.0] [0.0, 3.0] [0.0, 3.0] [0.0, 3.0] [0.0, 3.0] [0.0, 3.0] [0.0, 3.0] [0.0, 3.0] [0.0, 3.0] [0.0, 3.0] [0.0, 3.0] [0.0, 3.0] [0.0, 3.0] [0.0, 3.0] [0.0, 3.0] [0.0, 3.0] [0.0, 3.0] [0.0, 3.0] [0.0, 3.0] [0.0, 3.0] [0.0, 3.0] [0.0, 3.0] [0.0, 3.0] [0.0, 3.0] [0.0, 3.0] [0.0, 3.0] [0.0, 3.0] [0.0, 3.0] [0.0, 3.0] 
    3: [0.0, 3.0] [0.0, 3.0] [0.0, 3.0] [0.0, 2.0] [0.0, 3.0] [0.0, 3.0] [0.0, 2.0] [0.0, 3.0] [0.0, 3.0] [0.0, 3.0] [0.0, 3.0] [0.0, 3.0] [0.0, 3.0] [0.0, 3.0] [0.0, 3.0] [0.0, 3.0] [0.0, 3.0] [0.0, 3.0] [0.0, 3.0] [0.0, 3.0] [0.0, 3.0] [0.0, 2.0] [0.0, 3.0] [0.0, 3.0] [0.0, 3.0] [0.0, 3.0] [0.0, 3.0] [0.0, 3.0] [0.0, 3.0] [0.0, 3.0] [0.0, 3.0] [0.0, 3.0] [0.0, 3.0] [0.0, 3.0] [0.0, 3.0] [0.0, 3.0] [0.0, 3.0] [0.0, 3.0] [0.0, 3.0] [0.0, 3.0] [0.0, 3.0] [0.0, 3.0] [0.0, 3.0] [0.0, 3.0] [0.0, 3.0] [0.0, 3.0] [0.0, 3.0] [0.0, 3.0] [0.0, 3.0] [0.0, 3.0] [0.0, 3.0] [0.0, 3.0] [0.0, 3.0] [0.0, 3.0] [0.0, 3.0] [0.0, 3.0] [0.0, 3.0] [0.0, 3.0] [0.0, 3.0] [0.0, 3.0] [0.0, 3.0] [0.0, 3.0] [0.0, 3.0] [0.0, 3.0] [0.0, 3.0] [0.0, 3.0] [0.0, 3.0] [0.0, 3.0] [0.0, 3.0] [0.0, 3.0] [0.0, 3.0] [0.0, 3.0] [0.0, 3.0] [0.0, 3.0] [0.0, 3.0] [0.0, 3.0] [0.0, 3.0] [0.0, 3.0] [0.0, 3.0] [0.0, 3.0] [0.0, 3.0] [0.0, 3.0] [0.0, 3.0] [0.0, 3.0] [0.0, 3.0] [0.0, 3.0] [0.0, 3.0] [0.0, 3.0] [0.0, 3.0] 
  Output fraction of data:
stimulus_category: (0.524 0.532 0.459 0.454 0.482 0.484 0.483 0.466 0.524 0.495 0.515 0.464 0.537 0.505 0.497 0.503 0.497 0.517 0.454 0.535 0.462 0.459 0.481 0.495 0.556 0.446 0.226 0.307 0.339 0.251 0.236 0.248 0.200 0.375 0.404 0.379 0.335 0.409 0.279 0.255 0.214 0.120 0.165 0.228 0.215 0.189 0.262 0.185 0.239 0.264 0.217 0.264 0.233 0.264 0.255 0.296 0.295 0.244 0.150 0.188 0.256 0.197 0.224 0.200 0.299 0.290 0.247 0.203 0.156 0.199 0.196 0.197 0.212 0.302 0.331 0.327 0.288 0.319 0.341 0.374 0.402 0.345 0.365 0.347 0.273 0.254 0.186 0.245 0.253)  0.000 0.000 0.000 0.000 0.000 0.000 0.000 0.000 0.000 0.000 0.000 0.000 0.000 0.000 0.000 0.000 0.000 0.000 0.000 0.000 0.000 0.000 0.000 0.000 0.000 0.000 0.238 0.123 0.227 0.259 0.238 0.236 0.268 0.126 0.145 0.142 0.138 0.105 0.236 0.260 0.197 0.140 0.145 0.194 0.163 0.185 0.170 0.220 0.148 0.000 0.000 0.000 0.000 0.000 0.000 0.000 0.000 0.000 0.105 0.000 0.000 0.000 0.000 0.000 0.000 0.000 0.000 0.000 0.000 0.000 0.000 0.000 0.000 0.000 0.000 0.000 0.000 0.000 0.000 0.000 0.000 0.000 0.000 0.000 0.135 0.120 0.167 0.135 0.108)  0.476 0.468 0.541 0.546 0.518 0.516 0.517 0.534 0.476 0.505 0.485 0.536 0.463 0.495 0.503 0.497 0.503 0.483 0.546 0.465 0.538 0.541 0.519 0.505 0.444 0.554 0.259 0.311 0.234 0.252 0.253 0.254 0.244 0.381 0.342 0.338 0.372 0.370 0.244 0.250 0.196 0.114 0.191 0.172 0.192 0.220 0.233 0.250 0.237 0.263 0.249 0.258 0.251 0.252 0.253 0.370 0.389 0.409 0.383 0.399 0.194 0.169 0.212 0.215 0.351 0.374 0.397 0.396 0.421 0.168 0.199 0.165 0.198 0.348 0.282 0.317 0.376 0.373 0.295 0.340 0.292 0.354 0.318 0.351 0.205 0.243 0.148 0.239 0.274)  0.000 0.000 0.000 0.000 0.000 0.000 0.000 0.000 0.000 0.000 0.000 0.000 0.000 0.000 0.000 0.000 0.000 0.000 0.000 0.000 0.000 0.000 0.000 0.000 0.000 0.000 0.278 0.128 0.200 0.238 0.273 0.262 0.288 0.119 0.110 0.140 0.154 0.116 0.241 0.234 0.205 0.134 0.156 0.210 0.232 0.201 0.216 0.166 0.230 0.234 0.234 0.236 0.258 0.244 0.278 0.152 0.165 0.185 0.167 0.205 0.157 0.217 0.183 0.208 0.154 0.183 0.166 0.203 0.212 0.216 0.185 0.213 0.170 0.351 0.387 0.356 0.336 0.308 0.364 0.286 0.306 0.302 0.317 0.302 0.252 0.247 0.191 0.251 0.235)  0.000 0.000 0.000 0.000 0.000 0.000 0.000 0.000 0.000 0.000 0.000 0.000 0.000 0.000 0.000 0.000 0.000 0.000 0.000 0.000 0.000 0.000 0.000 0.000 0.000 0.000 0.000 0.130 0.000 0.000 0.000 0.000 0.000 0.000 0.000 0.000 0.000 0.000 0.000 0.000 0.188 0.112 0.182 0.196 0.199 0.088 0.119 0.178 0.145 0.238 0.301 0.242 0.258 0.240 0.215 0.183 0.151 0.162 0.196 0.208 0.000 0.000 0.000 0.000 0.000 0.000 0.000 0.000 0.000 0.000 0.000 0.000 0.000 0.000 0.000 0.000 0.000 0.000 0.000 0.000 0.000 0.000 0.000 0.000 0.135 0.137 0.145 0.130 0.130)  0.000 0.000 0.000 0.000 0.000 0.000 0.000 0.000 0.000 0.000 0.000 0.000 0.000 0.000 0.000 0.000 0.000 0.000 0.000 0.000 0.000 0.000 0.000 0.000 0.000 0.000 0.000 0.000 0.000 0.000 0.000 0.000 0.000 0.000 0.000 0.000 0.000 0.000 0.000 0.000 0.000 0.117 0.000 0.000 0.000 0.000 0.000 0.000 0.000 0.000 0.000 0.000 0.000 0.000 0.000 0.000 0.000 0.000 0.000 0.000 0.153 0.212 0.209 0.188 0.196 0.000 0.000 0.199 0.000 0.211 0.204 0.219 0.215 0.000 0.000 0.000 0.000 0.000 0.000 0.000 0.000 0.000 0.000 0.000 0.000 0.000 0.000 0.000 0.000)  0.000 0.000 0.000 0.000 0.000 0.000 0.000 0.000 0.000 0.000 0.000 0.000 0.000 0.000 0.000 0.000 0.000 0.000 0.000 0.000 0.000 0.000 0.000 0.000 0.000 0.000 0.000 0.000 0.000 0.000 0.000 0.000 0.000 0.000 0.000 0.000 0.000 0.000 0.000 0.000 0.000 0.124 0.000 0.000 0.000 0.000 0.000 0.000 0.000 0.000 0.000 0.000 0.000 0.000 0.000 0.000 0.000 0.000 0.000 0.000 0.240 0.205 0.172 0.190 0.000 0.152 0.190 0.000 0.211 0.206 0.216 0.206 0.205 0.000 0.000 0.000 0.000 0.000 0.000 0.000 0.000 0.000 0.000 0.000 0.000 0.000 0.000 0.000 0.000)  0.000 0.000 0.000 0.000 0.000 0.000 0.000 0.000 0.000 0.000 0.000 0.000 0.000 0.000 0.000 0.000 0.000 0.000 0.000 0.000 0.000 0.000 0.000 0.000 0.000 0.000 0.000 0.000 0.000 0.000 0.000 0.000 0.000 0.000 0.000 0.000 0.000 0.000 0.000 0.000 0.000 0.140 0.161 0.000 0.000 0.117 0.000 0.000 0.000 0.000 0.000 0.000 0.000 0.000 0.000 0.000 0.000 0.000 0.000 0.000 0.000 0.000 0.000 0.000 0.000 0.000 0.000 0.000 0.000 0.000 0.000 0.000 0.000 0.000 0.000 0.000 0.000 0.000 0.000 0.000 0.000 0.000 0.000 0.000 0.000 0.000 0.163 0.000 0.000)  
licking: (1.000 1.000 1.000 1.000 1.000 1.000 1.000 1.000 1.000 1.000 1.000 1.000 1.000 1.000 1.000 1.000 1.000 1.000 0.924 0.860 0.621 0.802 0.936 0.848 0.838 0.656 1.000 1.000 1.000 1.000 1.000 1.000 1.000 0.845 0.889 0.905 0.767 0.934 1.000 1.000 1.000 1.000 1.000 1.000 1.000 1.000 1.000 1.000 1.000 1.000 1.000 1.000 1.000 1.000 1.000 0.899 0.912 0.894 0.907 0.939 1.000 1.000 1.000 1.000 0.899 0.936 0.920 0.913 0.934 1.000 1.000 1.000 1.000 1.000 1.000 1.000 1.000 1.000 1.000 0.948 0.939 0.926 0.883 0.924 1.000 1.000 1.000 1.000 1.000)  0.000 0.000 0.000 0.000 0.000 0.000 0.000 0.000 0.000 0.000 0.000 0.000 0.000 0.000 0.000 0.000 0.000 0.000 0.076 0.140 0.379 0.198 0.064 0.152 0.162 0.344 0.000 0.000 0.000 0.000 0.000 0.000 0.000 0.155 0.111 0.095 0.233 0.066 0.000 0.000 0.000 0.000 0.000 0.000 0.000 0.000 0.000 0.000 0.000 0.000 0.000 0.000 0.000 0.000 0.000 0.101 0.088 0.106 0.093 0.061 0.000 0.000 0.000 0.000 0.101 0.064 0.080 0.087 0.066 0.000 0.000 0.000 0.000 0.000 0.000 0.000 0.000 0.000 0.000 0.052 0.061 0.074 0.117 0.076 0.000 0.000 0.000 0.000 0.000)  
position_bin: (0.252 0.254 0.234 0.240 0.246 0.238 0.250 0.268 0.255 0.266 0.253 0.258 0.248 0.240 0.253 0.249 0.259 0.252 0.245 0.247 0.253 0.255 0.238 0.254 0.241 0.227 0.262 0.252 0.279 0.253 0.251 0.251 0.260 0.248 0.257 0.237 0.238 0.248 0.247 0.251 0.250 0.261 0.252 0.258 0.263 0.259 0.252 0.261 0.261 0.244 0.261 0.250 0.250 0.252 0.243 0.245 0.241 0.237 0.236 0.247 0.250 0.249 0.250 0.259 0.252 0.244 0.235 0.240 0.239 0.251 0.242 0.255 0.246 0.249 0.276 0.249 0.247 0.247 0.242 0.245 0.244 0.242 0.241 0.244 0.248 0.246 0.267 0.254 0.267)  0.251 0.256 0.250 0.249 0.248 0.248 0.250 0.252 0.255 0.253 0.255 0.259 0.248 0.246 0.234 0.248 0.247 0.247 0.235 0.253 0.254 0.255 0.256 0.250 0.250 0.249 0.253 0.249 0.264 0.247 0.243 0.251 0.247 0.245 0.252 0.245 0.248 0.251 0.248 0.252 0.244 0.246 0.247 0.247 0.253 0.248 0.247 0.246 0.252 0.250 0.246 0.246 0.249 0.253 0.251 0.242 0.246 0.252 0.243 0.245 0.257 0.254 0.250 0.256 0.248 0.254 0.256 0.250 0.253 0.245 0.237 0.250 0.244 0.250 0.248 0.240 0.249 0.255 0.252 0.244 0.246 0.253 0.242 0.253 0.239 0.240 0.245 0.244 0.246)  0.249 0.250 0.253 0.252 0.241 0.247 0.250 0.245 0.247 0.244 0.249 0.247 0.252 0.272 0.236 0.252 0.251 0.248 0.249 0.248 0.247 0.243 0.255 0.252 0.255 0.257 0.244 0.250 0.242 0.252 0.237 0.250 0.246 0.253 0.247 0.252 0.248 0.250 0.251 0.248 0.248 0.247 0.251 0.247 0.244 0.246 0.249 0.252 0.248 0.249 0.244 0.255 0.255 0.252 0.256 0.252 0.258 0.255 0.245 0.253 0.247 0.251 0.254 0.248 0.251 0.255 0.256 0.259 0.260 0.248 0.245 0.248 0.250 0.248 0.238 0.250 0.247 0.249 0.254 0.249 0.260 0.255 0.251 0.253 0.236 0.240 0.241 0.246 0.243)  0.248 0.241 0.264 0.260 0.265 0.266 0.251 0.235 0.243 0.237 0.243 0.236 0.251 0.243 0.277 0.251 0.243 0.253 0.271 0.252 0.245 0.246 0.251 0.245 0.254 0.267 0.241 0.249 0.215 0.249 0.269 0.248 0.247 0.254 0.243 0.266 0.266 0.251 0.254 0.249 0.259 0.246 0.250 0.248 0.241 0.247 0.252 0.241 0.239 0.257 0.249 0.249 0.245 0.244 0.250 0.261 0.255 0.255 0.275 0.255 0.245 0.246 0.246 0.237 0.249 0.247 0.253 0.252 0.248 0.256 0.276 0.247 0.260 0.253 0.238 0.261 0.257 0.249 0.251 0.262 0.250 0.250 0.265 0.250 0.277 0.274 0.247 0.256 0.243)  
speed_bin: (0.136 0.159 0.667 0.489 0.163 0.213 0.956 0.577 0.120 0.558 0.138 0.411 0.125 0.164 0.275 0.351 0.499 0.208 0.343 0.193 0.579 0.819 0.039 0.313 0.379 0.414 0.402 0.165 0.520 0.143 0.186 0.220 0.360 0.327 0.373 0.363 0.234 0.066 0.217 0.409 0.153 0.168 0.222 0.135 0.176 0.156 0.128 0.127 0.199 0.192 0.369 0.273 0.071 0.252 0.478 0.196 0.229 0.268 0.388 0.108 0.248 0.239 0.242 0.124 0.350 0.337 0.376 0.129 0.157 0.188 0.186 0.169 0.174 0.169 0.416 0.162 0.108 0.314 0.503 0.174 0.173 0.226 0.424 0.155 0.155 0.121 0.107 0.088 0.198)  0.253 0.297 0.271 0.444 0.133 0.093 0.042 0.259 0.333 0.354 0.148 0.361 0.188 0.104 0.348 0.280 0.373 0.224 0.121 0.333 0.386 0.176 0.123 0.378 0.407 0.369 0.345 0.181 0.309 0.111 0.440 0.293 0.433 0.308 0.372 0.359 0.519 0.089 0.251 0.293 0.129 0.113 0.200 0.172 0.232 0.087 0.064 0.125 0.232 0.210 0.301 0.250 0.108 0.319 0.309 0.191 0.283 0.431 0.434 0.223 0.223 0.267 0.218 0.247 0.415 0.405 0.397 0.274 0.266 0.200 0.112 0.161 0.154 0.187 0.292 0.128 0.300 0.346 0.313 0.191 0.280 0.350 0.450 0.230 0.150 0.125 0.224 0.102 0.299)  0.553 0.352 0.061 0.066 0.185 0.125 0.002 0.161 0.355 0.081 0.335 0.222 0.426 0.126 0.207 0.223 0.127 0.462 0.124 0.286 0.028 0.005 0.213 0.204 0.198 0.188 0.204 0.335 0.153 0.179 0.241 0.327 0.205 0.252 0.239 0.234 0.227 0.194 0.455 0.217 0.191 0.296 0.258 0.254 0.319 0.143 0.122 0.189 0.364 0.250 0.262 0.244 0.200 0.235 0.163 0.304 0.416 0.235 0.158 0.399 0.241 0.213 0.216 0.235 0.229 0.256 0.184 0.352 0.351 0.226 0.211 0.238 0.238 0.316 0.226 0.162 0.272 0.229 0.139 0.328 0.411 0.317 0.121 0.358 0.332 0.233 0.327 0.290 0.320)  0.058 0.193 0.002 0.000 0.519 0.569 0.000 0.003 0.192 0.006 0.379 0.005 0.261 0.606 0.170 0.146 0.001 0.106 0.413 0.188 0.007 0.000 0.625 0.104 0.016 0.029 0.050 0.319 0.018 0.567 0.133 0.160 0.002 0.113 0.017 0.043 0.019 0.651 0.077 0.081 0.527 0.423 0.320 0.439 0.273 0.614 0.685 0.559 0.205 0.348 0.068 0.233 0.622 0.194 0.049 0.308 0.073 0.067 0.020 0.269 0.288 0.281 0.323 0.395 0.006 0.002 0.043 0.246 0.226 0.386 0.491 0.432 0.433 0.328 0.066 0.548 0.320 0.111 0.045 0.307 0.137 0.107 0.005 0.256 0.363 0.521 0.342 0.520 0.183)  
Brain region: V1: 77943 neurons, mHV: 51244 neurons, lHV: 20206 neurons, aHV: 28607 neurons  
Training on 30457 trials, testing on 7653 trials
Using device: cuda
Using balanced loss with class weights:
  Output 0: [0.0127009  0.06822765 0.01203725 0.0239842  0.06913567 0.15233985
 0.14055723 0.52101725]
  Output 1: [0.03457034 0.96542966]
  Output 2: [0.25010854 0.25132215 0.25042763 0.24814168]
  Output 3: [0.2510686  0.25009507 0.24978593 0.24905041]
Epoch [1/200], Loss: 108.901919
Epoch [2/200], Loss: 82.549714
Epoch [3/200], Loss: 67.704276
Epoch [4/200], Loss: 60.451417
Epoch [5/200], Loss: 56.013317
Epoch [6/200], Loss: 51.581182
Epoch [7/200], Loss: 46.859154
Epoch [8/200], Loss: 42.419574
Epoch [9/200], Loss: 38.520257
Epoch [10/200], Loss: 35.082384
Epoch [20/200], Loss: 15.766274
Epoch [30/200], Loss: 8.396286
Epoch [40/200], Loss: 4.965689
Epoch [50/200], Loss: 3.179605
Epoch [60/200], Loss: 2.157646
Epoch [70/200], Loss: 1.532160
Epoch [80/200], Loss: 1.129285
Epoch [90/200], Loss: 0.858991
Epoch [100/200], Loss: 0.676366
Epoch [110/200], Loss: 0.543516
Epoch [120/200], Loss: 0.445581
Epoch [130/200], Loss: 0.378259
Epoch [140/200], Loss: 0.324585
Epoch [150/200], Loss: 0.287057
Epoch [160/200], Loss: 0.260342
Epoch [170/200], Loss: 0.240290
Epoch [180/200], Loss: 0.213065
Epoch [190/200], Loss: 0.190542
Epoch [200/200], Loss: 0.193166
Test Loss: 2.669713

Training Balanced Accuracy Scores (chance = 1/num_classes):
  0 (stimulus_category): 0.9923  (chance: 0.1250)
  1 (licking): 0.9930  (chance: 0.5000)
  2 (position_bin): 0.9975  (chance: 0.2500)
  3 (speed_bin): 0.8927  (chance: 0.2500)

Validation Balanced Accuracy Scores (chance = 1/num_classes):
  0 (stimulus_category): 0.8138  (chance: 0.1250)
  1 (licking): 0.7939  (chance: 0.5000)
  2 (position_bin): 0.8689  (chance: 0.2500)
  3 (speed_bin): 0.6223  (chance: 0.2500)
train_decoder.py finished successfully.
