Data format is valid, no errors or warnings.
Number of sessions: 19
Total number of trials: 5805
Number of trials per session: [265, 263, 260, 287, 335, 364, 300, 239, 361, 308, 363, 292, 316, 370, 276, 286, 410, 222, 288]
Number of subjects: 4
Number of brain regions: 1
Number of sessions per subject:
  Subject JEB11: 2 sessions
  Subject JEB12: 2 sessions
  Subject JEB23: 7 sessions
  Subject JEB24: 8 sessions
Input dimension: 1
Output dimension: 6
Summary statistics (across all sessions):
  T: mean: 67.00, median: 67.00, min: 67, max: 67
  n_neurons: mean: 162.58', min: 17, max: 560
  Input range:
    time_from_go_cue: [-2.5, 2.5]
  Output range:
    lick_direction: [0.0, 1.0]
    behavioral_context: [0.0, 1.0]
    outcome: [0.0, 1.0]
    tongue_velocity: [0.0, 1.0]
    paw_velocity: [0.0, 1.0]
    motion_energy: [0.0, 1.0]
  Unique outputs per dimension (fraction of data):
    lick_direction: {left (0.494), right (0.506)}
    behavioral_context: {WC (0.013), DR (0.987)}
    outcome: {incorrect (0.112), correct (0.888)}
    tongue_velocity: {low (0.140), high (0.860)}
    paw_velocity: {low (0.573), high (0.427)}
    motion_energy: {low (0.535), high (0.465)}
  Brain region distribution:
    ALM: 3089 neurons

Per-session statistics:
  Mean T: 67.0, 67.0, 67.0, 67.0, 67.0, 67.0, 67.0, 67.0, 67.0, 67.0, 67.0, 67.0, 67.0, 67.0, 67.0, 67.0, 67.0, 67.0, 67.0
  Min T: 67, 67, 67, 67, 67, 67, 67, 67, 67, 67, 67, 67, 67, 67, 67, 67, 67, 67, 67
  Max T: 67, 67, 67, 67, 67, 67, 67, 67, 67, 67, 67, 67, 67, 67, 67, 67, 67, 67, 67
  n_neurons: 63, 70, 57, 40, 543, 449, 437, 465, 54, 560, 62, 17, 31, 25, 55, 35, 38, 42, 46
  Input range:
    0: [-2.5, 2.5] [-2.5, 2.5] [-2.5, 2.5] [-2.5, 2.5] [-2.5, 2.5] [-2.5, 2.5] [-2.5, 2.5] [-2.5, 2.5] [-2.5, 2.5] [-2.5, 2.5] [-2.5, 2.5] [-2.5, 2.5] [-2.5, 2.5] [-2.5, 2.5] [-2.5, 2.5] [-2.5, 2.5] [-2.5, 2.5] [-2.5, 2.5] [-2.5, 2.5] 
  Output range:
    0: [0.0, 1.0] [0.0, 1.0] [0.0, 1.0] [0.0, 1.0] [0.0, 1.0] [0.0, 1.0] [0.0, 1.0] [0.0, 1.0] [0.0, 1.0] [0.0, 1.0] [0.0, 1.0] [0.0, 1.0] [0.0, 1.0] [0.0, 1.0] [0.0, 1.0] [0.0, 1.0] [0.0, 1.0] [0.0, 1.0] [0.0, 1.0] 
    1: [0.0, 1.0] [0.0, 1.0] [0.0, 1.0] [0.0, 1.0] [1.0, 1.0] [1.0, 1.0] [0.0, 1.0] [0.0, 1.0] [1.0, 1.0] [1.0, 1.0] [1.0, 1.0] [0.0, 1.0] [1.0, 1.0] [1.0, 1.0] [0.0, 1.0] [1.0, 1.0] [1.0, 1.0] [0.0, 1.0] [1.0, 1.0] 
    2: [0.0, 1.0] [0.0, 1.0] [0.0, 1.0] [0.0, 1.0] [0.0, 1.0] [0.0, 1.0] [0.0, 1.0] [0.0, 1.0] [0.0, 1.0] [0.0, 1.0] [0.0, 1.0] [0.0, 1.0] [0.0, 1.0] [0.0, 1.0] [0.0, 1.0] [0.0, 1.0] [0.0, 1.0] [0.0, 1.0] [0.0, 1.0] 
    3: [0.0, 1.0] [0.0, 1.0] [0.0, 1.0] [0.0, 1.0] [0.0, 1.0] [0.0, 1.0] [0.0, 1.0] [0.0, 1.0] [0.0, 1.0] [0.0, 1.0] [0.0, 1.0] [0.0, 1.0] [0.0, 1.0] [0.0, 1.0] [0.0, 1.0] [0.0, 1.0] [0.0, 1.0] [0.0, 1.0] [0.0, 1.0] 
    4: [0.0, 1.0] [0.0, 1.0] [0.0, 1.0] [0.0, 1.0] [0.0, 1.0] [0.0, 1.0] [0.0, 1.0] [0.0, 1.0] [0.0, 1.0] [0.0, 1.0] [0.0, 1.0] [0.0, 1.0] [0.0, 1.0] [0.0, 1.0] [0.0, 1.0] [0.0, 1.0] [0.0, 1.0] [0.0, 1.0] [0.0, 1.0] 
    5: [0.0, 1.0] [0.0, 1.0] [0.0, 1.0] [0.0, 1.0] [0.0, 1.0] [0.0, 1.0] [0.0, 1.0] [0.0, 1.0] [0.0, 1.0] [0.0, 1.0] [0.0, 1.0] [0.0, 1.0] [0.0, 1.0] [0.0, 1.0] [0.0, 1.0] [0.0, 1.0] [0.0, 1.0] [0.0, 1.0] [0.0, 1.0] 
  Output fraction of data:
lick_direction: (0.362 0.555 0.408 0.383 0.543 0.508 0.523 0.490 0.526 0.510 0.556 0.507 0.491 0.462 0.518 0.514 0.480 0.495 0.517)  0.638 0.445 0.592 0.617 0.457 0.492 0.477 0.510 0.474 0.490 0.444 0.493 0.509 0.538 0.482 0.486 0.520 0.505 0.483)  
behavioral_context: (0.049 0.118 0.031 0.031 0.000 0.000 0.003 0.029 0.000 0.000 0.000 0.007 0.000 0.000 0.004 0.000 0.000 0.009 0.000)  0.951 0.882 0.969 0.969 1.000 1.000 0.997 0.971 1.000 1.000 1.000 0.993 1.000 1.000 0.996 1.000 1.000 0.991 1.000)  
outcome: (0.106 0.125 0.235 0.216 0.051 0.107 0.080 0.121 0.075 0.081 0.110 0.154 0.098 0.116 0.185 0.094 0.061 0.081 0.090)  0.894 0.875 0.765 0.784 0.949 0.893 0.920 0.879 0.925 0.919 0.890 0.846 0.902 0.884 0.815 0.906 0.939 0.919 0.910)  
tongue_velocity: (0.148 0.132 0.138 0.136 0.140 0.134 0.145 0.150 0.139 0.144 0.136 0.147 0.133 0.138 0.132 0.142 0.143 0.143 0.138)  0.852 0.868 0.862 0.864 0.860 0.866 0.855 0.850 0.861 0.856 0.864 0.853 0.867 0.862 0.868 0.858 0.857 0.857 0.862)  
paw_velocity: (0.602 0.560 0.596 0.598 0.562 0.567 0.571 0.550 0.569 0.580 0.563 0.577 0.556 0.568 0.575 0.574 0.571 0.579 0.582)  0.398 0.440 0.404 0.402 0.438 0.433 0.429 0.450 0.431 0.420 0.437 0.423 0.444 0.432 0.425 0.426 0.429 0.421 0.418)  
motion_energy: (0.516 0.493 0.515 0.495 0.558 0.556 0.551 0.501 0.525 0.533 0.547 0.551 0.533 0.544 0.555 0.544 0.553 0.542 0.514)  0.484 0.507 0.485 0.505 0.442 0.444 0.449 0.499 0.475 0.467 0.453 0.449 0.467 0.456 0.445 0.456 0.447 0.458 0.486)  
Brain region: ALM: 3089 neurons  
Data verification complete.
