Data format is valid, no errors or warnings.
Number of sessions: 41
Total number of trials: 1081
Number of trials per session: [20, 20, 19, 19, 19, 20, 20, 20, 20, 19, 19, 19, 20, 20, 30, 30, 30, 30, 30, 30, 30, 30, 30, 30, 30, 29, 30, 30, 30, 30, 30, 29, 30, 30, 30, 30, 30, 30, 30, 30, 29]
Number of subjects: 6
Number of brain regions: 1
Number of sessions per subject:
  Subject jm031: 7 sessions
  Subject jm032: 7 sessions
  Subject jm038: 7 sessions
  Subject jm039: 7 sessions
  Subject jm040: 6 sessions
  Subject jm046: 7 sessions
Input dimension: 1
Output dimension: 1
Summary statistics (across all sessions):
  T: mean: 180.00, median: 180.00, min: 180, max: 180
  n_neurons: mean: 498.66', min: 221, max: 746
  Input range:
    session_time_seconds: [0.2, 1799.8]
  Output range:
    motion_energy_bin: [0.0, 4.0]
  Unique outputs per dimension (fraction of data):
    motion_energy_bin: {bin_0 (0.199), bin_1 (0.200), bin_2 (0.200), bin_3 (0.201), bin_4 (0.200)}
  Brain region distribution:
    barrel cortex: 20445 neurons

Per-session statistics:
  Mean T: 180.0, 180.0, 180.0, 180.0, 180.0, 180.0, 180.0, 180.0, 180.0, 180.0, 180.0, 180.0, 180.0, 180.0, 180.0, 180.0, 180.0, 180.0, 180.0, 180.0, 180.0, 180.0, 180.0, 180.0, 180.0, 180.0, 180.0, 180.0, 180.0, 180.0, 180.0, 180.0, 180.0, 180.0, 180.0, 180.0, 180.0, 180.0, 180.0, 180.0, 180.0
  Min T: 180, 180, 180, 180, 180, 180, 180, 180, 180, 180, 180, 180, 180, 180, 180, 180, 180, 180, 180, 180, 180, 180, 180, 180, 180, 180, 180, 180, 180, 180, 180, 180, 180, 180, 180, 180, 180, 180, 180, 180, 180
  Max T: 180, 180, 180, 180, 180, 180, 180, 180, 180, 180, 180, 180, 180, 180, 180, 180, 180, 180, 180, 180, 180, 180, 180, 180, 180, 180, 180, 180, 180, 180, 180, 180, 180, 180, 180, 180, 180, 180, 180, 180, 180
  n_neurons: 221, 221, 221, 221, 221, 221, 221, 370, 370, 370, 370, 370, 370, 370, 685, 685, 685, 685, 685, 685, 685, 746, 746, 746, 746, 746, 746, 746, 541, 541, 541, 541, 541, 541, 435, 435, 435, 435, 435, 435, 435
  Input range:
    0: [0.2, 1199.8] [0.2, 1199.8] [0.2, 1139.8] [0.2, 1139.8] [0.2, 1139.8] [0.2, 1199.8] [0.2, 1199.8] [0.2, 1199.8] [0.2, 1199.8] [0.2, 1139.8] [0.2, 1139.8] [0.2, 1139.8] [0.2, 1199.8] [0.2, 1199.8] [0.2, 1799.8] [0.2, 1799.8] [0.2, 1799.8] [0.2, 1799.8] [0.2, 1799.8] [0.2, 1799.8] [0.2, 1799.8] [0.2, 1799.8] [0.2, 1799.8] [0.2, 1799.8] [0.2, 1799.8] [0.2, 1739.8] [0.2, 1799.8] [0.2, 1799.8] [0.2, 1799.8] [0.2, 1799.8] [0.2, 1799.8] [0.2, 1739.8] [0.2, 1799.8] [0.2, 1799.8] [0.2, 1799.8] [0.2, 1799.8] [0.2, 1799.8] [0.2, 1799.8] [0.2, 1799.8] [0.2, 1799.8] [0.2, 1739.8] 
  Output range:
    0: [0.0, 4.0] [0.0, 4.0] [0.0, 4.0] [0.0, 4.0] [0.0, 4.0] [0.0, 4.0] [0.0, 4.0] [0.0, 4.0] [0.0, 4.0] [0.0, 4.0] [0.0, 4.0] [0.0, 4.0] [0.0, 4.0] [0.0, 4.0] [0.0, 4.0] [0.0, 4.0] [0.0, 4.0] [0.0, 4.0] [0.0, 4.0] [0.0, 4.0] [0.0, 4.0] [0.0, 4.0] [0.0, 4.0] [0.0, 4.0] [0.0, 4.0] [0.0, 4.0] [0.0, 4.0] [0.0, 4.0] [0.0, 4.0] [0.0, 4.0] [0.0, 4.0] [0.0, 4.0] [0.0, 4.0] [0.0, 4.0] [0.0, 4.0] [0.0, 4.0] [0.0, 4.0] [0.0, 4.0] [0.0, 4.0] [0.0, 4.0] [0.0, 4.0] 
  Output fraction of data:
motion_energy_bin: (0.200 0.200 0.185 0.163 0.192 0.200 0.200 0.200 0.200 0.207 0.211 0.209 0.200 0.200 0.200 0.200 0.200 0.200 0.200 0.200 0.200 0.200 0.200 0.200 0.200 0.202 0.200 0.200 0.200 0.200 0.200 0.195 0.200 0.200 0.200 0.200 0.200 0.200 0.200 0.200 0.193)  0.200 0.200 0.196 0.209 0.208 0.200 0.200 0.200 0.200 0.181 0.202 0.207 0.200 0.200 0.200 0.200 0.200 0.200 0.200 0.200 0.200 0.200 0.200 0.200 0.200 0.200 0.200 0.200 0.200 0.200 0.200 0.188 0.200 0.200 0.200 0.200 0.200 0.200 0.200 0.200 0.198)  0.200 0.200 0.203 0.210 0.207 0.200 0.200 0.200 0.200 0.203 0.188 0.190 0.200 0.200 0.200 0.200 0.200 0.200 0.200 0.200 0.200 0.200 0.200 0.200 0.200 0.206 0.200 0.200 0.200 0.200 0.200 0.206 0.200 0.200 0.200 0.200 0.200 0.200 0.200 0.200 0.205)  0.200 0.200 0.206 0.209 0.201 0.200 0.200 0.200 0.200 0.206 0.198 0.186 0.200 0.200 0.200 0.200 0.200 0.200 0.200 0.200 0.200 0.200 0.200 0.200 0.200 0.206 0.200 0.200 0.200 0.200 0.200 0.206 0.200 0.200 0.200 0.200 0.200 0.200 0.200 0.200 0.206)  0.200 0.200 0.210 0.208 0.192 0.200 0.200 0.200 0.200 0.204 0.202 0.208 0.200 0.200 0.200 0.200 0.200 0.200 0.200 0.200 0.200 0.200 0.200 0.200 0.200 0.186 0.200 0.200 0.200 0.200 0.200 0.205 0.200 0.200 0.200 0.200 0.200 0.200 0.200 0.200 0.198)  
Brain region: barrel cortex: 20445 neurons  
Training on 863 trials, testing on 218 trials
Using device: cuda
Using balanced loss with class weights:
  Output 0: [0.20143743 0.2009813  0.19678015 0.19967015 0.20113096]
Epoch [1/200], Loss: 60.711451
Epoch [2/200], Loss: 58.213856
Epoch [3/200], Loss: 55.714684
Epoch [4/200], Loss: 53.230186
Epoch [5/200], Loss: 50.798960
Epoch [6/200], Loss: 48.462194
Epoch [7/200], Loss: 46.253356
Epoch [8/200], Loss: 44.194847
Epoch [9/200], Loss: 42.290435
Epoch [10/200], Loss: 40.538516
Epoch [20/200], Loss: 26.338848
Epoch [30/200], Loss: 18.358127
Epoch [40/200], Loss: 15.002487
Epoch [50/200], Loss: 11.596920
Epoch [60/200], Loss: 8.688987
Epoch [70/200], Loss: 6.076747
Epoch [80/200], Loss: 3.920490
Epoch [90/200], Loss: 2.517643
Epoch [100/200], Loss: 2.036661
Epoch [110/200], Loss: 1.862647
Epoch [120/200], Loss: 1.696583
Epoch [130/200], Loss: 1.597993
Epoch [140/200], Loss: 1.533640
Epoch [150/200], Loss: 1.486610
Epoch [160/200], Loss: 1.452015
Epoch [170/200], Loss: 1.424399
Epoch [180/200], Loss: 1.401677
Epoch [190/200], Loss: 1.382384
Epoch [200/200], Loss: 1.365462
Test Loss: 1.536768

Training Balanced Accuracy Scores (chance = 1/num_classes):
  0 (motion_energy_bin): 0.5130  (chance: 0.2000)

Validation Balanced Accuracy Scores (chance = 1/num_classes):
  0 (motion_energy_bin): 0.3506  (chance: 0.2000)
train_decoder.py finished successfully.
