Data format is valid, no errors or warnings.
Number of sessions: 41
Total number of trials: 1081
Number of trials per session: [20, 20, 19, 19, 19, 20, 20, 20, 20, 19, 19, 19, 20, 20, 30, 30, 30, 30, 30, 30, 30, 30, 30, 30, 30, 29, 30, 30, 30, 30, 30, 29, 30, 30, 30, 30, 30, 30, 30, 30, 29]
Number of subjects: 6
Number of brain regions: 1
Number of sessions per subject:
  Subject jm031: 7 sessions
  Subject jm032: 7 sessions
  Subject jm038: 7 sessions
  Subject jm039: 7 sessions
  Subject jm040: 6 sessions
  Subject jm046: 7 sessions
Input dimension: 1
Output dimension: 1
Summary statistics (across all sessions):
  T: mean: 180.00, median: 180.00, min: 180, max: 180
  n_neurons: mean: 498.66', min: 221, max: 746
  Input range:
    session_time_seconds: [0.2, 1799.8]
  Output range:
    motion_energy_bin: [0.0, 4.0]
  Unique outputs per dimension (fraction of data):
    motion_energy_bin: {bin_0 (0.199), bin_1 (0.200), bin_2 (0.200), bin_3 (0.201), bin_4 (0.200)}
  Brain region distribution:
    barrel cortex: 20445 neurons

Per-session statistics:
  Mean T: 180.0, 180.0, 180.0, 180.0, 180.0, 180.0, 180.0, 180.0, 180.0, 180.0, 180.0, 180.0, 180.0, 180.0, 180.0, 180.0, 180.0, 180.0, 180.0, 180.0, 180.0, 180.0, 180.0, 180.0, 180.0, 180.0, 180.0, 180.0, 180.0, 180.0, 180.0, 180.0, 180.0, 180.0, 180.0, 180.0, 180.0, 180.0, 180.0, 180.0, 180.0
  Min T: 180, 180, 180, 180, 180, 180, 180, 180, 180, 180, 180, 180, 180, 180, 180, 180, 180, 180, 180, 180, 180, 180, 180, 180, 180, 180, 180, 180, 180, 180, 180, 180, 180, 180, 180, 180, 180, 180, 180, 180, 180
  Max T: 180, 180, 180, 180, 180, 180, 180, 180, 180, 180, 180, 180, 180, 180, 180, 180, 180, 180, 180, 180, 180, 180, 180, 180, 180, 180, 180, 180, 180, 180, 180, 180, 180, 180, 180, 180, 180, 180, 180, 180, 180
  n_neurons: 221, 221, 221, 221, 221, 221, 221, 370, 370, 370, 370, 370, 370, 370, 685, 685, 685, 685, 685, 685, 685, 746, 746, 746, 746, 746, 746, 746, 541, 541, 541, 541, 541, 541, 435, 435, 435, 435, 435, 435, 435
  Input range:
    0: [0.2, 1199.8] [0.2, 1199.8] [0.2, 1139.8] [0.2, 1139.8] [0.2, 1139.8] [0.2, 1199.8] [0.2, 1199.8] [0.2, 1199.8] [0.2, 1199.8] [0.2, 1139.8] [0.2, 1139.8] [0.2, 1139.8] [0.2, 1199.8] [0.2, 1199.8] [0.2, 1799.8] [0.2, 1799.8] [0.2, 1799.8] [0.2, 1799.8] [0.2, 1799.8] [0.2, 1799.8] [0.2, 1799.8] [0.2, 1799.8] [0.2, 1799.8] [0.2, 1799.8] [0.2, 1799.8] [0.2, 1739.8] [0.2, 1799.8] [0.2, 1799.8] [0.2, 1799.8] [0.2, 1799.8] [0.2, 1799.8] [0.2, 1739.8] [0.2, 1799.8] [0.2, 1799.8] [0.2, 1799.8] [0.2, 1799.8] [0.2, 1799.8] [0.2, 1799.8] [0.2, 1799.8] [0.2, 1799.8] [0.2, 1739.8] 
  Output range:
    0: [0.0, 4.0] [0.0, 4.0] [0.0, 4.0] [0.0, 4.0] [0.0, 4.0] [0.0, 4.0] [0.0, 4.0] [0.0, 4.0] [0.0, 4.0] [0.0, 4.0] [0.0, 4.0] [0.0, 4.0] [0.0, 4.0] [0.0, 4.0] [0.0, 4.0] [0.0, 4.0] [0.0, 4.0] [0.0, 4.0] [0.0, 4.0] [0.0, 4.0] [0.0, 4.0] [0.0, 4.0] [0.0, 4.0] [0.0, 4.0] [0.0, 4.0] [0.0, 4.0] [0.0, 4.0] [0.0, 4.0] [0.0, 4.0] [0.0, 4.0] [0.0, 4.0] [0.0, 4.0] [0.0, 4.0] [0.0, 4.0] [0.0, 4.0] [0.0, 4.0] [0.0, 4.0] [0.0, 4.0] [0.0, 4.0] [0.0, 4.0] [0.0, 4.0] 
  Output fraction of data:
motion_energy_bin: (0.200 0.200 0.185 0.163 0.192 0.200 0.200 0.200 0.200 0.207 0.211 0.209 0.200 0.200 0.200 0.200 0.200 0.200 0.200 0.200 0.200 0.200 0.200 0.200 0.200 0.202 0.200 0.200 0.200 0.200 0.200 0.195 0.200 0.200 0.200 0.200 0.200 0.200 0.200 0.200 0.193)  0.200 0.200 0.196 0.209 0.208 0.200 0.200 0.200 0.200 0.181 0.202 0.207 0.200 0.200 0.200 0.200 0.200 0.200 0.200 0.200 0.200 0.200 0.200 0.200 0.200 0.200 0.200 0.200 0.200 0.200 0.200 0.188 0.200 0.200 0.200 0.200 0.200 0.200 0.200 0.200 0.198)  0.200 0.200 0.203 0.210 0.207 0.200 0.200 0.200 0.200 0.203 0.188 0.190 0.200 0.200 0.200 0.200 0.200 0.200 0.200 0.200 0.200 0.200 0.200 0.200 0.200 0.206 0.200 0.200 0.200 0.200 0.200 0.206 0.200 0.200 0.200 0.200 0.200 0.200 0.200 0.200 0.205)  0.200 0.200 0.206 0.209 0.201 0.200 0.200 0.200 0.200 0.206 0.198 0.186 0.200 0.200 0.200 0.200 0.200 0.200 0.200 0.200 0.200 0.200 0.200 0.200 0.200 0.206 0.200 0.200 0.200 0.200 0.200 0.206 0.200 0.200 0.200 0.200 0.200 0.200 0.200 0.200 0.206)  0.200 0.200 0.210 0.208 0.192 0.200 0.200 0.200 0.200 0.204 0.202 0.208 0.200 0.200 0.200 0.200 0.200 0.200 0.200 0.200 0.200 0.200 0.200 0.200 0.200 0.186 0.200 0.200 0.200 0.200 0.200 0.205 0.200 0.200 0.200 0.200 0.200 0.200 0.200 0.200 0.198)  
Brain region: barrel cortex: 20445 neurons  
Data verification complete.
