Data format is valid, no errors or warnings.
Number of sessions: 41
Total number of trials: 1090
Number of trials per session: [20, 20, 20, 20, 20, 20, 20, 20, 20, 20, 20, 20, 20, 20, 30, 30, 30, 30, 30, 30, 30, 30, 30, 30, 30, 30, 30, 30, 30, 30, 30, 30, 30, 30, 30, 30, 30, 30, 30, 30, 30]
Number of subjects: 6
Number of brain regions: 1
Number of sessions per subject:
  Subject jm031: 7 sessions
  Subject jm032: 7 sessions
  Subject jm038: 7 sessions
  Subject jm039: 7 sessions
  Subject jm040: 6 sessions
  Subject jm046: 7 sessions
Input dimension: 1
Output dimension: 1
Summary statistics (across all sessions):
  T: mean: 180.00, median: 180.00, min: 180, max: 180
  n_neurons: mean: 498.66', min: 221, max: 746
  Input range:
    time_seconds: [0.0, 1799.7]
  Output range:
    motion_energy: [0.0, 4.0]
  Unique outputs per dimension (fraction of data):
    motion_energy: {bin_0 (lowest) (0.200), bin_1 (0.200), bin_2 (0.200), bin_3 (0.200), bin_4 (highest) (0.200)}
  Brain region distribution:
    barrel_cortex: 20445 neurons

Per-session statistics:
  Mean T: 180.0, 180.0, 180.0, 180.0, 180.0, 180.0, 180.0, 180.0, 180.0, 180.0, 180.0, 180.0, 180.0, 180.0, 180.0, 180.0, 180.0, 180.0, 180.0, 180.0, 180.0, 180.0, 180.0, 180.0, 180.0, 180.0, 180.0, 180.0, 180.0, 180.0, 180.0, 180.0, 180.0, 180.0, 180.0, 180.0, 180.0, 180.0, 180.0, 180.0, 180.0
  Min T: 180, 180, 180, 180, 180, 180, 180, 180, 180, 180, 180, 180, 180, 180, 180, 180, 180, 180, 180, 180, 180, 180, 180, 180, 180, 180, 180, 180, 180, 180, 180, 180, 180, 180, 180, 180, 180, 180, 180, 180, 180
  Max T: 180, 180, 180, 180, 180, 180, 180, 180, 180, 180, 180, 180, 180, 180, 180, 180, 180, 180, 180, 180, 180, 180, 180, 180, 180, 180, 180, 180, 180, 180, 180, 180, 180, 180, 180, 180, 180, 180, 180, 180, 180
  n_neurons: 221, 221, 221, 221, 221, 221, 221, 370, 370, 370, 370, 370, 370, 370, 685, 685, 685, 685, 685, 685, 685, 746, 746, 746, 746, 746, 746, 746, 541, 541, 541, 541, 541, 541, 435, 435, 435, 435, 435, 435, 435
  Input range:
    0: [0.0, 1199.7] [0.0, 1199.7] [0.0, 1199.7] [0.0, 1199.7] [0.0, 1199.7] [0.0, 1199.7] [0.0, 1199.7] [0.0, 1199.7] [0.0, 1199.7] [0.0, 1199.7] [0.0, 1199.7] [0.0, 1199.7] [0.0, 1199.7] [0.0, 1199.7] [0.0, 1799.7] [0.0, 1799.7] [0.0, 1799.7] [0.0, 1799.7] [0.0, 1799.7] [0.0, 1799.7] [0.0, 1799.7] [0.0, 1799.7] [0.0, 1799.7] [0.0, 1799.7] [0.0, 1799.7] [0.0, 1799.7] [0.0, 1799.7] [0.0, 1799.7] [0.0, 1799.7] [0.0, 1799.7] [0.0, 1799.7] [0.0, 1799.7] [0.0, 1799.7] [0.0, 1799.7] [0.0, 1799.7] [0.0, 1799.7] [0.0, 1799.7] [0.0, 1799.7] [0.0, 1799.7] [0.0, 1799.7] [0.0, 1799.7] 
  Output range:
    0: [0.0, 4.0] [0.0, 4.0] [0.0, 4.0] [0.0, 4.0] [0.0, 4.0] [0.0, 4.0] [0.0, 4.0] [0.0, 4.0] [0.0, 4.0] [0.0, 4.0] [0.0, 4.0] [0.0, 4.0] [0.0, 4.0] [0.0, 4.0] [0.0, 4.0] [0.0, 4.0] [0.0, 4.0] [0.0, 4.0] [0.0, 4.0] [0.0, 4.0] [0.0, 4.0] [0.0, 4.0] [0.0, 4.0] [0.0, 4.0] [0.0, 4.0] [0.0, 4.0] [0.0, 4.0] [0.0, 4.0] [0.0, 4.0] [0.0, 4.0] [0.0, 4.0] [0.0, 4.0] [0.0, 4.0] [0.0, 4.0] [0.0, 4.0] [0.0, 4.0] [0.0, 4.0] [0.0, 4.0] [0.0, 4.0] [0.0, 4.0] [0.0, 4.0] 
  Output fraction of data:
motion_energy: (0.200 0.200 0.200 0.200 0.200 0.200 0.200 0.200 0.200 0.200 0.200 0.200 0.200 0.200 0.200 0.200 0.200 0.200 0.200 0.200 0.200 0.200 0.200 0.200 0.200 0.200 0.200 0.200 0.200 0.200 0.200 0.200 0.200 0.200 0.200 0.200 0.200 0.200 0.200 0.200 0.200)  0.200 0.200 0.200 0.200 0.200 0.200 0.200 0.200 0.200 0.200 0.200 0.200 0.200 0.200 0.200 0.200 0.200 0.200 0.200 0.200 0.200 0.200 0.200 0.200 0.200 0.200 0.200 0.200 0.200 0.200 0.200 0.200 0.200 0.200 0.200 0.200 0.200 0.200 0.200 0.200 0.200)  0.200 0.200 0.200 0.200 0.200 0.200 0.200 0.200 0.200 0.200 0.200 0.200 0.200 0.200 0.200 0.200 0.200 0.200 0.200 0.200 0.200 0.200 0.200 0.200 0.200 0.200 0.200 0.200 0.200 0.200 0.200 0.200 0.200 0.200 0.200 0.200 0.200 0.200 0.200 0.200 0.200)  0.200 0.200 0.200 0.200 0.200 0.200 0.200 0.200 0.200 0.200 0.200 0.200 0.200 0.200 0.200 0.200 0.200 0.200 0.200 0.200 0.200 0.200 0.200 0.200 0.200 0.200 0.200 0.200 0.200 0.200 0.200 0.200 0.200 0.200 0.200 0.200 0.200 0.200 0.200 0.200 0.200)  0.200 0.200 0.200 0.200 0.200 0.200 0.200 0.200 0.200 0.200 0.200 0.200 0.200 0.200 0.200 0.200 0.200 0.200 0.200 0.200 0.200 0.200 0.200 0.200 0.200 0.200 0.200 0.200 0.200 0.200 0.200 0.200 0.200 0.200 0.200 0.200 0.200 0.200 0.200 0.200 0.200)  
Brain region: barrel_cortex: 20445 neurons  
Training on 872 trials, testing on 218 trials
Using device: cuda
Using balanced loss with class weights:
  Output 0: [0.19540325 0.20128658 0.20057271 0.2019081  0.20082937]
Epoch [1/200], Loss: 83.226066
Epoch [2/200], Loss: 71.069648
Epoch [3/200], Loss: 65.255526
Epoch [4/200], Loss: 61.546026
Epoch [5/200], Loss: 58.635718
Epoch [6/200], Loss: 55.797209
Epoch [7/200], Loss: 52.918667
Epoch [8/200], Loss: 50.079478
Epoch [9/200], Loss: 47.348322
Epoch [10/200], Loss: 44.813736
Epoch [20/200], Loss: 28.597968
Epoch [30/200], Loss: 19.209406
Epoch [40/200], Loss: 13.233154
Epoch [50/200], Loss: 9.337347
Epoch [60/200], Loss: 6.742447
Epoch [70/200], Loss: 5.006033
Epoch [80/200], Loss: 3.803384
Epoch [90/200], Loss: 2.966295
Epoch [100/200], Loss: 2.395257
Epoch [110/200], Loss: 2.000851
Epoch [120/200], Loss: 1.702879
Epoch [130/200], Loss: 1.517950
Epoch [140/200], Loss: 1.375802
Epoch [150/200], Loss: 1.257890
Epoch [160/200], Loss: 1.191350
Epoch [170/200], Loss: 1.146605
Epoch [180/200], Loss: 1.124644
Epoch [190/200], Loss: 1.105053
Epoch [200/200], Loss: 1.083265
Test Loss: 3.296465

Training Balanced Accuracy Scores (chance = 1/num_classes):
  0 (motion_energy): 0.6337  (chance: 0.2000)

Validation Balanced Accuracy Scores (chance = 1/num_classes):
  0 (motion_energy): 0.2972  (chance: 0.2000)
train_decoder.py finished successfully.
