Data format is valid, no errors or warnings.
Number of sessions: 41
Total number of trials: 1090
Number of trials per session: [20, 20, 20, 20, 20, 20, 20, 20, 20, 20, 20, 20, 20, 20, 30, 30, 30, 30, 30, 30, 30, 30, 30, 30, 30, 30, 30, 30, 30, 30, 30, 30, 30, 30, 30, 30, 30, 30, 30, 30, 30]
Number of subjects: 6
Number of brain regions: 1
Number of sessions per subject:
  Subject jm031: 7 sessions
  Subject jm032: 7 sessions
  Subject jm038: 7 sessions
  Subject jm039: 7 sessions
  Subject jm040: 6 sessions
  Subject jm046: 7 sessions
Input dimension: 1
Output dimension: 1
Summary statistics (across all sessions):
  T: mean: 180.00, median: 180.00, min: 180, max: 180
  n_neurons: mean: 498.66', min: 221, max: 746
  Input range:
    time_elapsed_sec: [0.2, 1799.8]
  Output range:
    motion_energy_quantile: [0.0, 4.0]
  Unique outputs per dimension (fraction of data):
    motion_energy_quantile: {bin_0 (0.200), bin_1 (0.200), bin_2 (0.200), bin_3 (0.200), bin_4 (0.200)}
  Brain region distribution:
    barrel cortex: 20445 neurons

Per-session statistics:
  Mean T: 180.0, 180.0, 180.0, 180.0, 180.0, 180.0, 180.0, 180.0, 180.0, 180.0, 180.0, 180.0, 180.0, 180.0, 180.0, 180.0, 180.0, 180.0, 180.0, 180.0, 180.0, 180.0, 180.0, 180.0, 180.0, 180.0, 180.0, 180.0, 180.0, 180.0, 180.0, 180.0, 180.0, 180.0, 180.0, 180.0, 180.0, 180.0, 180.0, 180.0, 180.0
  Min T: 180, 180, 180, 180, 180, 180, 180, 180, 180, 180, 180, 180, 180, 180, 180, 180, 180, 180, 180, 180, 180, 180, 180, 180, 180, 180, 180, 180, 180, 180, 180, 180, 180, 180, 180, 180, 180, 180, 180, 180, 180
  Max T: 180, 180, 180, 180, 180, 180, 180, 180, 180, 180, 180, 180, 180, 180, 180, 180, 180, 180, 180, 180, 180, 180, 180, 180, 180, 180, 180, 180, 180, 180, 180, 180, 180, 180, 180, 180, 180, 180, 180, 180, 180
  n_neurons: 221, 221, 221, 221, 221, 221, 221, 370, 370, 370, 370, 370, 370, 370, 685, 685, 685, 685, 685, 685, 685, 746, 746, 746, 746, 746, 746, 746, 541, 541, 541, 541, 541, 541, 435, 435, 435, 435, 435, 435, 435
  Input range:
    0: [0.2, 1199.8] [0.2, 1199.8] [0.2, 1199.8] [0.2, 1199.8] [0.2, 1199.8] [0.2, 1199.8] [0.2, 1199.8] [0.2, 1199.8] [0.2, 1199.8] [0.2, 1199.8] [0.2, 1199.8] [0.2, 1199.8] [0.2, 1199.8] [0.2, 1199.8] [0.2, 1799.8] [0.2, 1799.8] [0.2, 1799.8] [0.2, 1799.8] [0.2, 1799.8] [0.2, 1799.8] [0.2, 1799.8] [0.2, 1799.8] [0.2, 1799.8] [0.2, 1799.8] [0.2, 1799.8] [0.2, 1799.8] [0.2, 1799.8] [0.2, 1799.8] [0.2, 1799.8] [0.2, 1799.8] [0.2, 1799.8] [0.2, 1799.8] [0.2, 1799.8] [0.2, 1799.8] [0.2, 1799.8] [0.2, 1799.8] [0.2, 1799.8] [0.2, 1799.8] [0.2, 1799.8] [0.2, 1799.8] [0.2, 1799.8] 
  Output range:
    0: [0.0, 4.0] [0.0, 4.0] [0.0, 4.0] [0.0, 4.0] [0.0, 4.0] [0.0, 4.0] [0.0, 4.0] [0.0, 4.0] [0.0, 4.0] [0.0, 4.0] [0.0, 4.0] [0.0, 4.0] [0.0, 4.0] [0.0, 4.0] [0.0, 4.0] [0.0, 4.0] [0.0, 4.0] [0.0, 4.0] [0.0, 4.0] [0.0, 4.0] [0.0, 4.0] [0.0, 4.0] [0.0, 4.0] [0.0, 4.0] [0.0, 4.0] [0.0, 4.0] [0.0, 4.0] [0.0, 4.0] [0.0, 4.0] [0.0, 4.0] [0.0, 4.0] [0.0, 4.0] [0.0, 4.0] [0.0, 4.0] [0.0, 4.0] [0.0, 4.0] [0.0, 4.0] [0.0, 4.0] [0.0, 4.0] [0.0, 4.0] [0.0, 4.0] 
  Output fraction of data:
motion_energy_quantile: (0.200 0.200 0.200 0.200 0.200 0.200 0.200 0.200 0.200 0.200 0.200 0.200 0.200 0.200 0.200 0.200 0.200 0.200 0.200 0.200 0.200 0.200 0.200 0.200 0.200 0.200 0.200 0.200 0.200 0.200 0.200 0.200 0.200 0.200 0.200 0.200 0.200 0.200 0.200 0.200 0.200)  0.200 0.200 0.200 0.200 0.200 0.200 0.200 0.200 0.200 0.200 0.200 0.200 0.200 0.200 0.200 0.200 0.200 0.200 0.200 0.200 0.200 0.200 0.200 0.200 0.200 0.200 0.200 0.200 0.200 0.200 0.200 0.200 0.200 0.200 0.200 0.200 0.200 0.200 0.200 0.200 0.200)  0.200 0.200 0.200 0.200 0.200 0.200 0.200 0.200 0.200 0.200 0.200 0.200 0.200 0.200 0.200 0.200 0.200 0.200 0.200 0.200 0.200 0.200 0.200 0.200 0.200 0.200 0.200 0.200 0.200 0.200 0.200 0.200 0.200 0.200 0.200 0.200 0.200 0.200 0.200 0.200 0.200)  0.200 0.200 0.200 0.200 0.200 0.200 0.200 0.200 0.200 0.200 0.200 0.200 0.200 0.200 0.200 0.200 0.200 0.200 0.200 0.200 0.200 0.200 0.200 0.200 0.200 0.200 0.200 0.200 0.200 0.200 0.200 0.200 0.200 0.200 0.200 0.200 0.200 0.200 0.200 0.200 0.200)  0.200 0.200 0.200 0.200 0.200 0.200 0.200 0.200 0.200 0.200 0.200 0.200 0.200 0.200 0.200 0.200 0.200 0.200 0.200 0.200 0.200 0.200 0.200 0.200 0.200 0.200 0.200 0.200 0.200 0.200 0.200 0.200 0.200 0.200 0.200 0.200 0.200 0.200 0.200 0.200 0.200)  
Brain region: barrel cortex: 20445 neurons  
Training on 872 trials, testing on 218 trials
Using device: cuda
Using balanced loss with class weights:
  Output 0: [0.19751513 0.19993068 0.19865268 0.19978434 0.20411716]
Epoch [1/200], Loss: 46.742590
Epoch [2/200], Loss: 41.446787
Epoch [3/200], Loss: 36.369234
Epoch [4/200], Loss: 31.678885
Epoch [5/200], Loss: 27.391386
Epoch [6/200], Loss: 23.491278
Epoch [7/200], Loss: 20.406626
Epoch [8/200], Loss: 18.884732
Epoch [9/200], Loss: 17.381724
Epoch [10/200], Loss: 15.940580
Epoch [20/200], Loss: 9.630769
Epoch [30/200], Loss: 5.887302
Epoch [40/200], Loss: 3.770999
Epoch [50/200], Loss: 2.588920
Epoch [60/200], Loss: 2.149810
Epoch [70/200], Loss: 1.888748
Epoch [80/200], Loss: 1.747756
Epoch [90/200], Loss: 1.687748
Epoch [100/200], Loss: 1.659558
Epoch [110/200], Loss: 1.692196
Epoch [120/200], Loss: 1.669087
Epoch [130/200], Loss: 1.606423
Epoch [140/200], Loss: 1.618282
Epoch [150/200], Loss: 1.549438
Epoch [160/200], Loss: 1.510092
Epoch [170/200], Loss: 1.481064
Epoch [180/200], Loss: 1.454247
Epoch [190/200], Loss: 1.454616
Epoch [200/200], Loss: 1.460069
Test Loss: 1.788982

Training Balanced Accuracy Scores (chance = 1/num_classes):
  0 (motion_energy_quantile): 0.4763  (chance: 0.2000)

Validation Balanced Accuracy Scores (chance = 1/num_classes):
  0 (motion_energy_quantile): 0.2504  (chance: 0.2000)
train_decoder.py finished successfully.
