Data format is valid, no errors or warnings.
Number of sessions: 202
Total number of trials: 51992
Number of trials per session: [209, 209, 209, 209, 209, 209, 209, 309, 309, 309, 309, 309, 309, 309, 265, 265, 265, 287, 287, 287, 287, 287, 287, 287, 239, 239, 239, 239, 239, 196, 196, 196, 196, 196, 188, 112, 243, 225, 396, 397, 409, 403, 381, 304, 291, 307, 291, 267, 189, 200, 215, 200, 252, 230, 334, 279, 324, 372, 343, 348, 334, 379, 363, 347, 288, 323, 362, 368, 307, 300, 263, 257, 173, 290, 327, 329, 280, 189, 286, 246, 184, 270, 387, 378, 318, 288, 218, 211, 271, 336, 230, 334, 317, 349, 95, 180, 286, 249, 259, 269, 189, 224, 258, 373, 338, 378, 286, 370, 257, 92, 138, 216, 339, 380, 356, 330, 365, 291, 305, 215, 262, 227, 266, 225, 318, 250, 220, 232, 205, 260, 293, 312, 338, 229, 205, 147, 338, 162, 271, 176, 251, 293, 315, 285, 307, 228, 213, 145, 185, 263, 274, 279, 279, 251, 146, 254, 268, 293, 271, 302, 270, 293, 206, 149, 186, 151, 155, 166, 172, 242, 180, 129, 234, 230, 267, 195, 263, 228, 265, 231, 269, 251, 255, 131, 131, 79, 117, 81, 105, 117, 248, 279, 394, 217, 181, 107, 39, 190, 314, 354, 319, 319]
Number of subjects: 38
Number of brain regions: 2
Number of sessions per subject:
  Subject 403491: 2 sessions
  Subject 412036: 4 sessions
  Subject 412366: 4 sessions
  Subject 421136: 3 sessions
  Subject 423606: 4 sessions
  Subject 425493: 4 sessions
  Subject 425496: 4 sessions
  Subject 429952: 5 sessions
  Subject 431023: 4 sessions
  Subject 431252: 5 sessions
  Subject 436662: 4 sessions
  Subject 440298: 3 sessions
  Subject 442709: 4 sessions
  Subject 445002: 4 sessions
  Subject 445270: 6 sessions
  Subject 447663: 5 sessions
  Subject 448900: 5 sessions
  Subject 449441: 4 sessions
  Subject 450471: 7 sessions
  Subject 453913: 3 sessions
  Subject 456564: 6 sessions
  Subject 456916: 4 sessions
  Subject 456917: 4 sessions
  Subject 457766: 9 sessions
  Subject 457841: 34 sessions
  Subject 459773: 4 sessions
  Subject 459777: 4 sessions
  Subject 467302: 4 sessions
  Subject 468866: 7 sessions
  Subject 479426: 4 sessions
  Subject 495789: 4 sessions
  Subject 523927: 4 sessions
  Subject 524274: 5 sessions
  Subject 533527: 5 sessions
  Subject 538219: 5 sessions
  Subject 544261: 5 sessions
  Subject 546819: 5 sessions
  Subject 549976: 5 sessions
Input dimension: 0
Output dimension: 5
Summary statistics (across all sessions):
  T: mean: 233.32, median: 262.49, min: 77, max: 389
  n_neurons: mean: 145.76', min: 4, max: 666
  Input range:
  Output range:
    image_identity: [0.0, 17.0]
    image_change: [0.0, 1.0]
    running_speed_bin: [0.0, 4.0]
    pupil_diameter_bin: [0.0, 4.0]
    trial_outcome: [0.0, 3.0]
  Unique outputs per dimension (fraction of data):
    image_identity: {blank (0.034), im000 (0.058), im031 (0.059), im035 (0.058), im045 (0.059), im054 (0.058), im061 (0.062), im062 (0.063), im063 (0.063), im065 (0.062), im066 (0.063), im069 (0.062), im073 (0.058), im075 (0.059), im077 (0.062), im085 (0.063), im106 (0.058), nan (0.000)}
    image_change: {no_change (0.996), change (0.004)}
    running_speed_bin: {bin_0 (0.170), bin_1 (0.172), bin_2 (0.193), bin_3 (0.235), bin_4 (0.230)}
    pupil_diameter_bin: {bin_0 (0.213), bin_1 (0.184), bin_2 (0.191), bin_3 (0.192), bin_4 (0.219)}
    trial_outcome: {hit (0.310), miss (0.565), false_alarm (0.018), correct_reject (0.107)}
  Brain region distribution:
    VISl: 162 neurons
    VISp: 29282 neurons

Per-session statistics:
  Mean T: 92.2, 92.2, 92.2, 92.2, 92.2, 92.2, 92.2, 91.2, 91.2, 91.2, 91.2, 91.2, 91.3, 91.3, 89.7, 89.7, 89.7, 91.1, 91.1, 91.0, 91.0, 91.0, 91.0, 91.0, 89.4, 89.4, 89.4, 89.4, 89.4, 91.6, 91.6, 91.6, 91.5, 91.5, 260.7, 255.2, 266.0, 255.9, 266.7, 268.4, 265.3, 268.0, 269.8, 262.9, 267.6, 267.2, 266.4, 263.3, 251.1, 256.5, 264.6, 259.0, 269.2, 258.6, 264.8, 264.7, 267.6, 266.3, 266.6, 266.8, 264.9, 266.5, 269.8, 266.3, 264.4, 267.7, 264.9, 265.0, 260.8, 263.5, 258.7, 266.7, 269.3, 265.1, 269.9, 267.0, 269.3, 261.7, 265.1, 264.3, 257.0, 265.0, 265.3, 264.8, 263.9, 263.7, 264.4, 260.5, 264.9, 263.6, 259.5, 265.2, 267.5, 267.7, 248.2, 261.0, 264.2, 259.5, 260.5, 265.4, 255.3, 267.7, 264.9, 266.7, 268.0, 265.9, 264.7, 273.6, 264.0, 246.2, 259.9, 267.7, 264.2, 269.2, 267.2, 268.1, 263.9, 266.2, 263.9, 260.8, 265.8, 259.5, 265.4, 265.2, 260.9, 263.2, 256.7, 260.4, 266.0, 263.2, 264.8, 264.0, 269.2, 258.9, 259.9, 251.2, 268.9, 253.1, 268.7, 260.5, 269.8, 259.5, 264.4, 267.1, 260.5, 262.6, 263.7, 251.5, 263.0, 265.9, 268.7, 266.7, 267.6, 260.9, 251.9, 260.4, 266.9, 269.1, 261.1, 262.1, 263.0, 262.7, 264.2, 252.3, 258.8, 253.0, 246.0, 251.4, 249.0, 258.3, 256.4, 255.0, 261.3, 258.9, 261.3, 255.2, 264.5, 266.5, 262.4, 267.7, 263.8, 265.1, 261.6, 252.4, 248.2, 235.7, 248.5, 237.6, 257.9, 251.0, 257.4, 261.3, 271.2, 260.7, 260.7, 243.4, 245.8, 256.7, 264.7, 267.7, 268.5, 269.5
  Min T: 77, 77, 78, 78, 78, 78, 78, 78, 78, 77, 77, 77, 77, 77, 77, 77, 77, 77, 77, 77, 77, 77, 78, 78, 78, 78, 78, 77, 77, 77, 77, 78, 77, 78, 224, 224, 224, 224, 224, 224, 224, 224, 224, 224, 224, 224, 224, 224, 224, 224, 224, 224, 224, 224, 224, 224, 224, 224, 224, 224, 224, 224, 224, 224, 224, 224, 224, 224, 224, 224, 224, 224, 224, 224, 224, 224, 224, 224, 224, 224, 217, 224, 224, 224, 224, 224, 224, 224, 224, 224, 224, 224, 224, 224, 224, 224, 224, 224, 224, 224, 224, 224, 224, 224, 224, 224, 224, 224, 224, 224, 224, 224, 224, 224, 224, 224, 224, 224, 224, 224, 224, 224, 225, 224, 224, 224, 224, 224, 224, 224, 224, 224, 224, 224, 224, 224, 224, 224, 224, 224, 224, 224, 224, 224, 224, 224, 224, 224, 224, 224, 224, 224, 224, 224, 224, 224, 224, 224, 224, 224, 224, 224, 224, 224, 224, 224, 224, 224, 224, 224, 224, 224, 224, 224, 224, 224, 224, 224, 224, 224, 224, 224, 224, 224, 224, 224, 224, 224, 224, 224, 224, 224, 224, 224, 224, 224, 225, 225, 224, 224, 224, 224
  Max T: 135, 135, 135, 135, 135, 135, 135, 135, 135, 135, 135, 135, 135, 135, 135, 135, 135, 135, 135, 135, 135, 135, 135, 135, 135, 135, 135, 134, 134, 135, 135, 135, 135, 135, 388, 388, 388, 387, 388, 388, 388, 388, 388, 388, 388, 388, 388, 388, 387, 387, 387, 388, 388, 387, 388, 387, 388, 388, 388, 388, 388, 388, 388, 388, 388, 387, 388, 388, 388, 388, 388, 388, 388, 388, 388, 388, 388, 388, 388, 388, 388, 387, 388, 388, 389, 388, 388, 388, 388, 388, 388, 388, 389, 388, 388, 387, 388, 388, 388, 387, 388, 388, 388, 388, 388, 388, 388, 388, 388, 363, 388, 388, 388, 388, 388, 388, 388, 388, 388, 388, 389, 388, 388, 388, 389, 388, 388, 387, 388, 388, 388, 388, 387, 389, 388, 387, 388, 387, 388, 388, 388, 387, 389, 388, 388, 388, 388, 388, 388, 387, 388, 388, 388, 388, 387, 388, 388, 387, 387, 388, 388, 388, 388, 365, 388, 387, 341, 387, 388, 388, 365, 388, 388, 387, 388, 388, 387, 388, 388, 388, 388, 389, 388, 365, 387, 271, 364, 387, 364, 388, 387, 388, 388, 388, 388, 365, 341, 389, 388, 388, 388, 388
  n_neurons: 12, 12, 12, 22, 14, 6, 10, 11, 10, 13, 15, 6, 7, 5, 8, 17, 9, 8, 12, 12, 23, 8, 9, 6, 8, 16, 7, 8, 4, 8, 7, 10, 8, 4, 27, 45, 33, 49, 29, 22, 20, 17, 13, 415, 511, 457, 463, 65, 98, 77, 85, 52, 83, 98, 557, 604, 666, 469, 556, 95, 69, 88, 39, 516, 490, 482, 560, 504, 558, 197, 194, 180, 120, 64, 49, 62, 63, 108, 188, 151, 184, 171, 156, 175, 30, 18, 25, 26, 23, 10, 8, 7, 7, 10, 20, 21, 29, 18, 23, 511, 438, 517, 555, 381, 354, 451, 392, 363, 360, 340, 549, 422, 164, 115, 134, 158, 13, 9, 9, 6, 20, 22, 21, 18, 15, 242, 230, 254, 245, 436, 410, 504, 483, 22, 20, 18, 18, 16, 226, 194, 196, 212, 164, 122, 167, 110, 429, 426, 556, 537, 209, 242, 233, 209, 136, 48, 151, 157, 161, 162, 146, 143, 81, 85, 83, 208, 199, 221, 190, 39, 22, 46, 251, 286, 302, 200, 123, 120, 125, 127, 10, 10, 13, 17, 20, 18, 23, 9, 12, 14, 17, 14, 13, 11, 15, 18, 89, 142, 18, 36, 13, 37
  Input range:
  Output range:
    0: [0.0, 17.0] [0.0, 17.0] [0.0, 17.0] [0.0, 17.0] [0.0, 17.0] [0.0, 17.0] [0.0, 17.0] [0.0, 17.0] [0.0, 17.0] [0.0, 17.0] [0.0, 17.0] [0.0, 17.0] [0.0, 17.0] [0.0, 17.0] [0.0, 17.0] [0.0, 17.0] [0.0, 17.0] [0.0, 17.0] [0.0, 17.0] [0.0, 17.0] [0.0, 17.0] [0.0, 17.0] [0.0, 17.0] [0.0, 17.0] [0.0, 17.0] [0.0, 17.0] [0.0, 17.0] [0.0, 17.0] [0.0, 17.0] [0.0, 17.0] [0.0, 17.0] [0.0, 17.0] [0.0, 17.0] [0.0, 17.0] [0.0, 17.0] [0.0, 15.0] [0.0, 17.0] [0.0, 17.0] [0.0, 17.0] [0.0, 17.0] [0.0, 17.0] [0.0, 17.0] [0.0, 17.0] [0.0, 17.0] [0.0, 17.0] [0.0, 16.0] [0.0, 17.0] [0.0, 17.0] [0.0, 15.0] [0.0, 17.0] [0.0, 15.0] [0.0, 17.0] [0.0, 17.0] [0.0, 17.0] [0.0, 17.0] [0.0, 17.0] [0.0, 17.0] [0.0, 16.0] [0.0, 17.0] [0.0, 17.0] [0.0, 17.0] [0.0, 17.0] [0.0, 17.0] [0.0, 15.0] [0.0, 17.0] [0.0, 17.0] [0.0, 17.0] [0.0, 17.0] [0.0, 17.0] [0.0, 17.0] [0.0, 17.0] [0.0, 17.0] [0.0, 16.0] [0.0, 17.0] [0.0, 17.0] [0.0, 17.0] [0.0, 17.0] [0.0, 17.0] [0.0, 17.0] [0.0, 16.0] [0.0, 17.0] [0.0, 17.0] [0.0, 17.0] [0.0, 17.0] [0.0, 17.0] [0.0, 17.0] [0.0, 16.0] [0.0, 17.0] [0.0, 17.0] [0.0, 17.0] [0.0, 17.0] [0.0, 17.0] [0.0, 17.0] [0.0, 17.0] [0.0, 17.0] [0.0, 15.0] [0.0, 17.0] [0.0, 17.0] [0.0, 17.0] [0.0, 17.0] [0.0, 17.0] [0.0, 17.0] [0.0, 17.0] [0.0, 17.0] [0.0, 17.0] [0.0, 17.0] [0.0, 17.0] [0.0, 17.0] [0.0, 17.0] [0.0, 15.0] [0.0, 17.0] [0.0, 17.0] [0.0, 17.0] [0.0, 17.0] [0.0, 17.0] [0.0, 17.0] [0.0, 17.0] [0.0, 17.0] [0.0, 17.0] [0.0, 17.0] [0.0, 17.0] [0.0, 17.0] [0.0, 17.0] [0.0, 17.0] [0.0, 16.0] [0.0, 17.0] [0.0, 17.0] [0.0, 16.0] [0.0, 17.0] [0.0, 15.0] [0.0, 17.0] [0.0, 17.0] [0.0, 17.0] [0.0, 17.0] [0.0, 17.0] [0.0, 17.0] [0.0, 16.0] [0.0, 17.0] [0.0, 15.0] [0.0, 17.0] [0.0, 16.0] [0.0, 17.0] [0.0, 17.0] [0.0, 17.0] [0.0, 17.0] [0.0, 17.0] [0.0, 17.0] [0.0, 15.0] [0.0, 17.0] [0.0, 17.0] [0.0, 17.0] [0.0, 17.0] [0.0, 17.0] [0.0, 17.0] [0.0, 17.0] [0.0, 17.0] [0.0, 17.0] [0.0, 17.0] [0.0, 15.0] [0.0, 17.0] [0.0, 17.0] [0.0, 17.0] [0.0, 15.0] [0.0, 15.0] [0.0, 17.0] [0.0, 15.0] [0.0, 17.0] [0.0, 17.0] [0.0, 16.0] [0.0, 17.0] [0.0, 17.0] [0.0, 17.0] [0.0, 17.0] [0.0, 17.0] [0.0, 17.0] [0.0, 16.0] [0.0, 17.0] [0.0, 17.0] [0.0, 17.0] [0.0, 17.0] [0.0, 17.0] [0.0, 17.0] [0.0, 17.0] [0.0, 17.0] [0.0, 16.0] [0.0, 17.0] [0.0, 17.0] [0.0, 15.0] [0.0, 17.0] [0.0, 17.0] [0.0, 17.0] [0.0, 17.0] [0.0, 17.0] [0.0, 17.0] [0.0, 16.0] [0.0, 16.0] [0.0, 15.0] [0.0, 17.0] [0.0, 17.0] [0.0, 17.0] [0.0, 17.0] [0.0, 16.0] 
    1: [0.0, 1.0] [0.0, 1.0] [0.0, 1.0] [0.0, 1.0] [0.0, 1.0] [0.0, 1.0] [0.0, 1.0] [0.0, 1.0] [0.0, 1.0] [0.0, 1.0] [0.0, 1.0] [0.0, 1.0] [0.0, 1.0] [0.0, 1.0] [0.0, 1.0] [0.0, 1.0] [0.0, 1.0] [0.0, 1.0] [0.0, 1.0] [0.0, 1.0] [0.0, 1.0] [0.0, 1.0] [0.0, 1.0] [0.0, 1.0] [0.0, 1.0] [0.0, 1.0] [0.0, 1.0] [0.0, 1.0] [0.0, 1.0] [0.0, 1.0] [0.0, 1.0] [0.0, 1.0] [0.0, 1.0] [0.0, 1.0] [0.0, 1.0] [0.0, 1.0] [0.0, 1.0] [0.0, 1.0] [0.0, 1.0] [0.0, 1.0] [0.0, 1.0] [0.0, 1.0] [0.0, 1.0] [0.0, 1.0] [0.0, 1.0] [0.0, 1.0] [0.0, 1.0] [0.0, 1.0] [0.0, 1.0] [0.0, 1.0] [0.0, 1.0] [0.0, 1.0] [0.0, 1.0] [0.0, 1.0] [0.0, 1.0] [0.0, 1.0] [0.0, 1.0] [0.0, 1.0] [0.0, 1.0] [0.0, 1.0] [0.0, 1.0] [0.0, 1.0] [0.0, 1.0] [0.0, 1.0] [0.0, 1.0] [0.0, 1.0] [0.0, 1.0] [0.0, 1.0] [0.0, 1.0] [0.0, 1.0] [0.0, 1.0] [0.0, 1.0] [0.0, 1.0] [0.0, 1.0] [0.0, 1.0] [0.0, 1.0] [0.0, 1.0] [0.0, 1.0] [0.0, 1.0] [0.0, 1.0] [0.0, 1.0] [0.0, 1.0] [0.0, 1.0] [0.0, 1.0] [0.0, 1.0] [0.0, 1.0] [0.0, 1.0] [0.0, 1.0] [0.0, 1.0] [0.0, 1.0] [0.0, 1.0] [0.0, 1.0] [0.0, 1.0] [0.0, 1.0] [0.0, 1.0] [0.0, 1.0] [0.0, 1.0] [0.0, 1.0] [0.0, 1.0] [0.0, 1.0] [0.0, 1.0] [0.0, 1.0] [0.0, 1.0] [0.0, 1.0] [0.0, 1.0] [0.0, 1.0] [0.0, 1.0] [0.0, 1.0] [0.0, 1.0] [0.0, 1.0] [0.0, 1.0] [0.0, 1.0] [0.0, 1.0] [0.0, 1.0] [0.0, 1.0] [0.0, 1.0] [0.0, 1.0] [0.0, 1.0] [0.0, 1.0] [0.0, 1.0] [0.0, 1.0] [0.0, 1.0] [0.0, 1.0] [0.0, 1.0] [0.0, 1.0] [0.0, 1.0] [0.0, 1.0] [0.0, 1.0] [0.0, 1.0] [0.0, 1.0] [0.0, 1.0] [0.0, 1.0] [0.0, 1.0] [0.0, 1.0] [0.0, 1.0] [0.0, 1.0] [0.0, 1.0] [0.0, 1.0] [0.0, 1.0] [0.0, 1.0] [0.0, 1.0] [0.0, 1.0] [0.0, 1.0] [0.0, 1.0] [0.0, 1.0] [0.0, 1.0] [0.0, 1.0] [0.0, 1.0] [0.0, 1.0] [0.0, 1.0] [0.0, 1.0] [0.0, 1.0] [0.0, 1.0] [0.0, 1.0] [0.0, 1.0] [0.0, 1.0] [0.0, 1.0] [0.0, 1.0] [0.0, 1.0] [0.0, 1.0] [0.0, 1.0] [0.0, 1.0] [0.0, 1.0] [0.0, 1.0] [0.0, 1.0] [0.0, 1.0] [0.0, 1.0] [0.0, 1.0] [0.0, 1.0] [0.0, 1.0] [0.0, 1.0] [0.0, 1.0] [0.0, 1.0] [0.0, 1.0] [0.0, 1.0] [0.0, 1.0] [0.0, 1.0] [0.0, 1.0] [0.0, 1.0] [0.0, 1.0] [0.0, 1.0] [0.0, 1.0] [0.0, 1.0] [0.0, 1.0] [0.0, 1.0] [0.0, 1.0] [0.0, 1.0] [0.0, 1.0] [0.0, 1.0] [0.0, 1.0] [0.0, 1.0] [0.0, 1.0] [0.0, 1.0] [0.0, 1.0] [0.0, 1.0] [0.0, 1.0] [0.0, 1.0] [0.0, 1.0] [0.0, 1.0] [0.0, 1.0] [0.0, 1.0] [0.0, 1.0] 
    2: [0.0, 2.0] [0.0, 2.0] [0.0, 2.0] [0.0, 2.0] [0.0, 2.0] [0.0, 2.0] [0.0, 2.0] [0.0, 2.0] [0.0, 2.0] [0.0, 2.0] [0.0, 2.0] [0.0, 2.0] [0.0, 2.0] [0.0, 2.0] [0.0, 2.0] [0.0, 2.0] [0.0, 2.0] [0.0, 2.0] [0.0, 2.0] [0.0, 2.0] [0.0, 2.0] [0.0, 2.0] [0.0, 2.0] [0.0, 2.0] [0.0, 3.0] [0.0, 3.0] [0.0, 3.0] [0.0, 3.0] [0.0, 3.0] [0.0, 3.0] [0.0, 3.0] [0.0, 3.0] [0.0, 3.0] [0.0, 3.0] [0.0, 4.0] [0.0, 4.0] [0.0, 4.0] [0.0, 4.0] [0.0, 4.0] [0.0, 4.0] [0.0, 4.0] [0.0, 4.0] [0.0, 4.0] [0.0, 4.0] [0.0, 4.0] [0.0, 4.0] [0.0, 4.0] [0.0, 4.0] [0.0, 4.0] [0.0, 4.0] [0.0, 4.0] [0.0, 4.0] [0.0, 4.0] [0.0, 4.0] [0.0, 4.0] [0.0, 4.0] [0.0, 4.0] [0.0, 4.0] [0.0, 4.0] [0.0, 4.0] [0.0, 4.0] [0.0, 4.0] [0.0, 4.0] [0.0, 4.0] [0.0, 4.0] [0.0, 4.0] [0.0, 4.0] [0.0, 4.0] [0.0, 3.0] [0.0, 4.0] [0.0, 4.0] [0.0, 4.0] [0.0, 4.0] [0.0, 4.0] [0.0, 4.0] [0.0, 4.0] [0.0, 4.0] [0.0, 4.0] [0.0, 4.0] [0.0, 4.0] [0.0, 4.0] [0.0, 4.0] [0.0, 4.0] [0.0, 4.0] [0.0, 4.0] [0.0, 4.0] [0.0, 4.0] [0.0, 4.0] [0.0, 4.0] [0.0, 3.0] [0.0, 3.0] [0.0, 3.0] [0.0, 3.0] [0.0, 3.0] [0.0, 3.0] [0.0, 3.0] [0.0, 4.0] [0.0, 4.0] [0.0, 4.0] [0.0, 4.0] [0.0, 4.0] [0.0, 4.0] [0.0, 4.0] [0.0, 4.0] [0.0, 4.0] [0.0, 4.0] [0.0, 4.0] [0.0, 4.0] [0.0, 4.0] [0.0, 4.0] [0.0, 4.0] [0.0, 4.0] [0.0, 4.0] [0.0, 4.0] [0.0, 4.0] [0.0, 4.0] [0.0, 3.0] [0.0, 3.0] [0.0, 2.0] [0.0, 3.0] [0.0, 4.0] [0.0, 4.0] [0.0, 4.0] [0.0, 4.0] [0.0, 4.0] [0.0, 4.0] [0.0, 4.0] [0.0, 4.0] [0.0, 4.0] [0.0, 4.0] [0.0, 4.0] [0.0, 4.0] [0.0, 4.0] [0.0, 4.0] [0.0, 4.0] [0.0, 4.0] [0.0, 4.0] [0.0, 4.0] [0.0, 4.0] [0.0, 3.0] [0.0, 4.0] [0.0, 4.0] [0.0, 4.0] [0.0, 4.0] [0.0, 3.0] [0.0, 4.0] [0.0, 4.0] [0.0, 3.0] [0.0, 3.0] [0.0, 4.0] [0.0, 4.0] [0.0, 4.0] [0.0, 4.0] [0.0, 4.0] [0.0, 4.0] [0.0, 4.0] [0.0, 4.0] [0.0, 4.0] [0.0, 4.0] [0.0, 4.0] [0.0, 4.0] [0.0, 4.0] [0.0, 4.0] [0.0, 4.0] [0.0, 4.0] [0.0, 4.0] [0.0, 4.0] [0.0, 4.0] [0.0, 4.0] [0.0, 2.0] [0.0, 3.0] [0.0, 4.0] [0.0, 4.0] [0.0, 4.0] [0.0, 4.0] [0.0, 4.0] [0.0, 4.0] [0.0, 4.0] [0.0, 4.0] [0.0, 4.0] [0.0, 2.0] [0.0, 3.0] [0.0, 2.0] [0.0, 2.0] [0.0, 2.0] [0.0, 3.0] [0.0, 4.0] [0.0, 4.0] [0.0, 4.0] [0.0, 3.0] [0.0, 3.0] [0.0, 3.0] [0.0, 4.0] [0.0, 4.0] [0.0, 4.0] [0.0, 4.0] [0.0, 4.0] [0.0, 2.0] [0.0, 4.0] [0.0, 4.0] [0.0, 4.0] [0.0, 4.0] 
    3: [0.0, 4.0] [0.0, 4.0] [0.0, 4.0] [0.0, 4.0] [0.0, 4.0] [0.0, 4.0] [0.0, 4.0] [0.0, 4.0] [0.0, 4.0] [0.0, 4.0] [0.0, 4.0] [0.0, 4.0] [0.0, 4.0] [0.0, 4.0] [0.0, 4.0] [0.0, 4.0] [0.0, 4.0] [0.0, 4.0] [0.0, 4.0] [0.0, 4.0] [0.0, 4.0] [0.0, 4.0] [0.0, 4.0] [0.0, 4.0] [0.0, 4.0] [0.0, 4.0] [0.0, 4.0] [0.0, 4.0] [0.0, 4.0] [0.0, 4.0] [0.0, 4.0] [0.0, 4.0] [0.0, 4.0] [0.0, 4.0] [0.0, 4.0] [0.0, 3.0] [0.0, 0.0] [1.0, 4.0] [0.0, 4.0] [0.0, 4.0] [0.0, 3.0] [0.0, 0.0] [0.0, 3.0] [1.0, 4.0] [0.0, 4.0] [1.0, 4.0] [0.0, 4.0] [0.0, 3.0] [0.0, 2.0] [0.0, 2.0] [0.0, 4.0] [0.0, 4.0] [0.0, 4.0] [0.0, 3.0] [1.0, 4.0] [2.0, 4.0] [0.0, 3.0] [0.0, 3.0] [0.0, 3.0] [1.0, 4.0] [0.0, 4.0] [0.0, 4.0] [0.0, 4.0] [0.0, 2.0] [0.0, 2.0] [0.0, 4.0] [0.0, 1.0] [0.0, 3.0] [0.0, 1.0] [1.0, 4.0] [0.0, 4.0] [0.0, 4.0] [2.0, 4.0] [0.0, 4.0] [0.0, 4.0] [0.0, 4.0] [0.0, 3.0] [0.0, 4.0] [0.0, 4.0] [0.0, 4.0] [0.0, 4.0] [0.0, 4.0] [0.0, 4.0] [0.0, 4.0] [0.0, 3.0] [0.0, 3.0] [1.0, 3.0] [2.0, 4.0] [1.0, 4.0] [3.0, 4.0] [3.0, 4.0] [0.0, 4.0] [0.0, 4.0] [0.0, 4.0] [0.0, 4.0] [0.0, 4.0] [0.0, 4.0] [0.0, 4.0] [0.0, 3.0] [0.0, 3.0] [0.0, 3.0] [0.0, 2.0] [0.0, 3.0] [0.0, 4.0] [0.0, 4.0] [0.0, 4.0] [0.0, 4.0] [0.0, 4.0] [0.0, 4.0] [1.0, 4.0] [1.0, 4.0] [1.0, 4.0] [1.0, 4.0] [0.0, 4.0] [0.0, 4.0] [1.0, 4.0] [0.0, 4.0] [0.0, 4.0] [3.0, 4.0] [3.0, 4.0] [0.0, 4.0] [3.0, 4.0] [3.0, 4.0] [2.0, 4.0] [3.0, 4.0] [0.0, 4.0] [0.0, 4.0] [0.0, 4.0] [0.0, 4.0] [0.0, 3.0] [0.0, 4.0] [0.0, 4.0] [0.0, 4.0] [0.0, 4.0] [1.0, 4.0] [2.0, 4.0] [1.0, 4.0] [1.0, 4.0] [0.0, 0.0] [0.0, 4.0] [0.0, 4.0] [0.0, 4.0] [0.0, 3.0] [0.0, 3.0] [0.0, 4.0] [0.0, 4.0] [0.0, 3.0] [0.0, 2.0] [0.0, 2.0] [0.0, 4.0] [0.0, 4.0] [0.0, 4.0] [1.0, 4.0] [1.0, 4.0] [0.0, 4.0] [0.0, 4.0] [0.0, 4.0] [0.0, 4.0] [0.0, 4.0] [0.0, 4.0] [0.0, 3.0] [0.0, 4.0] [0.0, 4.0] [1.0, 4.0] [2.0, 4.0] [0.0, 2.0] [0.0, 2.0] [0.0, 3.0] [0.0, 4.0] [0.0, 4.0] [0.0, 4.0] [0.0, 4.0] [0.0, 4.0] [0.0, 3.0] [0.0, 4.0] [0.0, 3.0] [0.0, 4.0] [0.0, 4.0] [0.0, 4.0] [0.0, 4.0] [0.0, 4.0] [0.0, 4.0] [0.0, 4.0] [0.0, 4.0] [0.0, 4.0] [0.0, 4.0] [0.0, 4.0] [0.0, 4.0] [0.0, 4.0] [0.0, 3.0] [0.0, 4.0] [0.0, 4.0] [0.0, 4.0] [0.0, 3.0] [0.0, 4.0] [0.0, 4.0] [1.0, 4.0] [0.0, 4.0] [2.0, 4.0] [1.0, 4.0] [3.0, 4.0] [2.0, 4.0] 
    4: [0.0, 3.0] [0.0, 3.0] [0.0, 3.0] [0.0, 3.0] [0.0, 3.0] [0.0, 3.0] [0.0, 3.0] [0.0, 3.0] [0.0, 3.0] [0.0, 3.0] [0.0, 3.0] [0.0, 3.0] [0.0, 3.0] [0.0, 3.0] [0.0, 3.0] [0.0, 3.0] [0.0, 3.0] [0.0, 3.0] [0.0, 3.0] [0.0, 3.0] [0.0, 3.0] [0.0, 3.0] [0.0, 3.0] [0.0, 3.0] [0.0, 3.0] [0.0, 3.0] [0.0, 3.0] [0.0, 3.0] [0.0, 3.0] [0.0, 3.0] [0.0, 3.0] [0.0, 3.0] [0.0, 3.0] [0.0, 3.0] [0.0, 3.0] [0.0, 3.0] [0.0, 3.0] [0.0, 3.0] [0.0, 3.0] [0.0, 3.0] [1.0, 3.0] [1.0, 3.0] [0.0, 3.0] [0.0, 3.0] [0.0, 3.0] [0.0, 3.0] [0.0, 3.0] [0.0, 3.0] [0.0, 3.0] [0.0, 3.0] [0.0, 3.0] [0.0, 3.0] [0.0, 3.0] [0.0, 3.0] [0.0, 3.0] [0.0, 3.0] [0.0, 3.0] [0.0, 3.0] [0.0, 3.0] [0.0, 3.0] [0.0, 3.0] [0.0, 3.0] [0.0, 3.0] [0.0, 3.0] [0.0, 3.0] [0.0, 3.0] [0.0, 3.0] [0.0, 3.0] [0.0, 3.0] [0.0, 3.0] [0.0, 3.0] [0.0, 3.0] [0.0, 3.0] [0.0, 3.0] [0.0, 3.0] [0.0, 3.0] [0.0, 3.0] [0.0, 3.0] [0.0, 3.0] [0.0, 3.0] [0.0, 3.0] [0.0, 3.0] [0.0, 3.0] [0.0, 3.0] [0.0, 3.0] [0.0, 3.0] [0.0, 3.0] [0.0, 3.0] [0.0, 3.0] [0.0, 3.0] [0.0, 3.0] [0.0, 3.0] [0.0, 3.0] [0.0, 3.0] [0.0, 3.0] [0.0, 3.0] [0.0, 3.0] [0.0, 3.0] [0.0, 3.0] [0.0, 3.0] [0.0, 3.0] [0.0, 3.0] [0.0, 3.0] [0.0, 3.0] [0.0, 3.0] [0.0, 3.0] [0.0, 3.0] [0.0, 3.0] [0.0, 3.0] [0.0, 3.0] [0.0, 3.0] [0.0, 3.0] [0.0, 3.0] [0.0, 3.0] [0.0, 3.0] [0.0, 3.0] [0.0, 3.0] [0.0, 3.0] [0.0, 3.0] [0.0, 3.0] [0.0, 3.0] [0.0, 3.0] [0.0, 3.0] [0.0, 3.0] [0.0, 3.0] [0.0, 3.0] [0.0, 3.0] [0.0, 3.0] [0.0, 3.0] [0.0, 3.0] [0.0, 3.0] [0.0, 3.0] [0.0, 3.0] [0.0, 3.0] [0.0, 3.0] [0.0, 3.0] [0.0, 3.0] [0.0, 3.0] [0.0, 3.0] [0.0, 3.0] [0.0, 3.0] [0.0, 3.0] [0.0, 3.0] [0.0, 3.0] [0.0, 3.0] [0.0, 3.0] [0.0, 3.0] [0.0, 3.0] [0.0, 3.0] [0.0, 3.0] [0.0, 3.0] [0.0, 3.0] [0.0, 3.0] [0.0, 3.0] [0.0, 3.0] [0.0, 3.0] [0.0, 3.0] [0.0, 3.0] [0.0, 3.0] [0.0, 3.0] [0.0, 3.0] [0.0, 3.0] [0.0, 3.0] [0.0, 3.0] [0.0, 3.0] [0.0, 3.0] [0.0, 3.0] [0.0, 3.0] [0.0, 3.0] [0.0, 3.0] [0.0, 3.0] [0.0, 3.0] [0.0, 3.0] [0.0, 3.0] [0.0, 3.0] [0.0, 3.0] [0.0, 3.0] [0.0, 3.0] [0.0, 3.0] [0.0, 3.0] [0.0, 3.0] [0.0, 3.0] [0.0, 3.0] [0.0, 3.0] [0.0, 3.0] [0.0, 3.0] [0.0, 3.0] [0.0, 3.0] [0.0, 3.0] [0.0, 3.0] [0.0, 3.0] [0.0, 3.0] [1.0, 3.0] [0.0, 3.0] [0.0, 3.0] [0.0, 3.0] [0.0, 2.0] [0.0, 3.0] [0.0, 3.0] [0.0, 3.0] [0.0, 3.0] [0.0, 3.0] 
  Output fraction of data:
image_identity: (0.034 0.034 0.034 0.034 0.034 0.034 0.034 0.034 0.034 0.034 0.035 0.035 0.035 0.035 0.040 0.040 0.039 0.034 0.034 0.034 0.034 0.034 0.034 0.034 0.035 0.035 0.035 0.035 0.035 0.035 0.035 0.035 0.036 0.036 0.031 0.029 0.036 0.027 0.039 0.039 0.037 0.040 0.034 0.032 0.028 0.035 0.036 0.033 0.031 0.031 0.033 0.033 0.028 0.030 0.037 0.037 0.039 0.043 0.039 0.034 0.035 0.039 0.033 0.040 0.032 0.038 0.037 0.036 0.040 0.029 0.032 0.027 0.026 0.031 0.034 0.037 0.042 0.026 0.033 0.038 0.030 0.031 0.038 0.039 0.034 0.034 0.034 0.035 0.031 0.035 0.034 0.037 0.033 0.035 0.027 0.034 0.038 0.031 0.035 0.028 0.028 0.031 0.027 0.042 0.040 0.034 0.039 0.040 0.032 0.034 0.026 0.028 0.040 0.039 0.041 0.038 0.040 0.034 0.034 0.030 0.037 0.035 0.032 0.027 0.037 0.033 0.033 0.027 0.031 0.030 0.030 0.029 0.031 0.039 0.032 0.027 0.039 0.033 0.029 0.037 0.024 0.032 0.032 0.034 0.030 0.040 0.038 0.028 0.027 0.033 0.025 0.034 0.029 0.026 0.033 0.032 0.029 0.039 0.035 0.029 0.043 0.033 0.033 0.028 0.024 0.023 0.027 0.023 0.032 0.038 0.028 0.030 0.037 0.031 0.029 0.030 0.035 0.027 0.029 0.026 0.040 0.037 0.029 0.032 0.031 0.032 0.026 0.028 0.028 0.034 0.038 0.040 0.040 0.035 0.031 0.028 0.025 0.025 0.039 0.038 0.039 0.035)  0.000 0.000 0.000 0.000 0.000 0.000 0.000 0.000 0.000 0.000 0.000 0.000 0.000 0.000 0.000 0.000 0.000 0.112 0.112 0.112 0.112 0.112 0.112 0.112 0.000 0.000 0.000 0.000 0.000 0.130 0.130 0.130 0.130 0.129 0.000 0.000 0.117 0.119 0.000 0.121 0.120 0.120 0.000 0.000 0.123 0.119 0.104 0.000 0.000 0.000 0.000 0.000 0.122 0.119 0.000 0.000 0.000 0.106 0.115 0.000 0.000 0.118 0.115 0.000 0.000 0.123 0.120 0.116 0.122 0.000 0.000 0.122 0.119 0.000 0.114 0.123 0.000 0.000 0.000 0.114 0.000 0.117 0.121 0.000 0.000 0.000 0.117 0.105 0.125 0.000 0.000 0.000 0.125 0.116 0.000 0.000 0.000 0.113 0.115 0.000 0.000 0.118 0.118 0.000 0.000 0.000 0.000 0.000 0.000 0.000 0.141 0.119 0.000 0.000 0.112 0.125 0.000 0.000 0.121 0.095 0.000 0.000 0.000 0.126 0.120 0.000 0.000 0.121 0.126 0.000 0.000 0.128 0.117 0.000 0.000 0.000 0.124 0.114 0.000 0.000 0.113 0.123 0.119 0.124 0.000 0.000 0.000 0.000 0.120 0.125 0.000 0.000 0.114 0.121 0.000 0.126 0.116 0.000 0.000 0.119 0.127 0.128 0.000 0.000 0.123 0.000 0.000 0.116 0.128 0.000 0.116 0.125 0.000 0.000 0.127 0.116 0.000 0.000 0.132 0.110 0.000 0.000 0.121 0.134 0.107 0.000 0.000 0.000 0.000 0.000 0.114 0.123 0.000 0.000 0.106 0.096 0.000 0.118 0.000 0.000 0.124 0.119)  0.000 0.000 0.000 0.000 0.000 0.000 0.000 0.000 0.000 0.000 0.000 0.000 0.000 0.000 0.000 0.000 0.000 0.116 0.116 0.116 0.116 0.116 0.116 0.116 0.000 0.000 0.000 0.000 0.000 0.118 0.118 0.118 0.118 0.118 0.000 0.000 0.132 0.124 0.000 0.124 0.125 0.113 0.000 0.000 0.120 0.120 0.117 0.000 0.000 0.000 0.000 0.000 0.121 0.123 0.000 0.000 0.000 0.123 0.121 0.000 0.000 0.115 0.124 0.000 0.000 0.117 0.114 0.119 0.120 0.000 0.000 0.127 0.121 0.000 0.120 0.122 0.000 0.000 0.000 0.128 0.000 0.122 0.126 0.000 0.000 0.000 0.116 0.128 0.123 0.000 0.000 0.000 0.121 0.125 0.000 0.000 0.000 0.117 0.116 0.000 0.000 0.130 0.130 0.000 0.000 0.000 0.000 0.000 0.000 0.000 0.115 0.138 0.000 0.000 0.119 0.114 0.000 0.000 0.116 0.120 0.000 0.000 0.000 0.121 0.118 0.000 0.000 0.121 0.114 0.000 0.000 0.123 0.128 0.000 0.000 0.000 0.129 0.114 0.000 0.000 0.129 0.121 0.116 0.138 0.000 0.000 0.000 0.000 0.127 0.131 0.000 0.000 0.134 0.120 0.000 0.119 0.123 0.000 0.000 0.126 0.114 0.127 0.000 0.000 0.124 0.000 0.000 0.124 0.112 0.000 0.124 0.119 0.000 0.000 0.117 0.126 0.000 0.000 0.108 0.133 0.000 0.000 0.123 0.127 0.139 0.000 0.000 0.000 0.000 0.000 0.126 0.117 0.000 0.000 0.133 0.137 0.000 0.120 0.000 0.000 0.114 0.115)  0.000 0.000 0.000 0.000 0.000 0.000 0.000 0.000 0.000 0.000 0.000 0.000 0.000 0.000 0.000 0.000 0.000 0.123 0.123 0.123 0.123 0.123 0.123 0.123 0.000 0.000 0.000 0.000 0.000 0.115 0.115 0.115 0.115 0.115 0.000 0.000 0.119 0.119 0.000 0.116 0.119 0.122 0.000 0.000 0.119 0.127 0.124 0.000 0.000 0.000 0.000 0.000 0.124 0.123 0.000 0.000 0.000 0.119 0.120 0.000 0.000 0.120 0.127 0.000 0.000 0.116 0.121 0.124 0.113 0.000 0.000 0.131 0.131 0.000 0.117 0.127 0.000 0.000 0.000 0.132 0.000 0.120 0.122 0.000 0.000 0.000 0.119 0.118 0.119 0.000 0.000 0.000 0.117 0.127 0.000 0.000 0.000 0.126 0.125 0.000 0.000 0.108 0.123 0.000 0.000 0.000 0.000 0.000 0.000 0.000 0.104 0.114 0.000 0.000 0.112 0.118 0.000 0.000 0.116 0.130 0.000 0.000 0.000 0.107 0.120 0.000 0.000 0.135 0.132 0.000 0.000 0.110 0.119 0.000 0.000 0.000 0.117 0.128 0.000 0.000 0.114 0.119 0.127 0.110 0.000 0.000 0.000 0.000 0.115 0.119 0.000 0.000 0.114 0.121 0.000 0.125 0.118 0.000 0.000 0.121 0.122 0.118 0.000 0.000 0.122 0.000 0.000 0.131 0.108 0.000 0.118 0.126 0.000 0.000 0.114 0.134 0.000 0.000 0.124 0.116 0.000 0.000 0.123 0.122 0.113 0.000 0.000 0.000 0.000 0.000 0.120 0.124 0.000 0.000 0.122 0.137 0.000 0.128 0.000 0.000 0.123 0.126)  0.000 0.000 0.000 0.000 0.000 0.000 0.000 0.000 0.000 0.000 0.000 0.000 0.000 0.000 0.000 0.000 0.000 0.125 0.125 0.125 0.125 0.125 0.125 0.125 0.000 0.000 0.000 0.000 0.000 0.116 0.116 0.116 0.116 0.116 0.000 0.000 0.114 0.133 0.000 0.120 0.121 0.117 0.000 0.000 0.110 0.126 0.126 0.000 0.000 0.000 0.000 0.000 0.114 0.120 0.000 0.000 0.000 0.123 0.117 0.000 0.000 0.122 0.126 0.000 0.000 0.121 0.131 0.119 0.119 0.000 0.000 0.126 0.123 0.000 0.124 0.120 0.000 0.000 0.000 0.116 0.000 0.133 0.116 0.000 0.000 0.000 0.108 0.115 0.116 0.000 0.000 0.000 0.126 0.120 0.000 0.000 0.000 0.122 0.135 0.000 0.000 0.133 0.118 0.000 0.000 0.000 0.000 0.000 0.000 0.000 0.115 0.098 0.000 0.000 0.126 0.125 0.000 0.000 0.128 0.120 0.000 0.000 0.000 0.116 0.121 0.000 0.000 0.122 0.109 0.000 0.000 0.121 0.116 0.000 0.000 0.000 0.126 0.122 0.000 0.000 0.127 0.126 0.124 0.110 0.000 0.000 0.000 0.000 0.118 0.113 0.000 0.000 0.127 0.124 0.000 0.116 0.121 0.000 0.000 0.133 0.118 0.119 0.000 0.000 0.120 0.000 0.000 0.115 0.114 0.000 0.124 0.120 0.000 0.000 0.116 0.121 0.000 0.000 0.120 0.126 0.000 0.000 0.121 0.118 0.130 0.000 0.000 0.000 0.000 0.000 0.117 0.116 0.000 0.000 0.118 0.119 0.000 0.125 0.000 0.000 0.127 0.113)  0.000 0.000 0.000 0.000 0.000 0.000 0.000 0.000 0.000 0.000 0.000 0.000 0.000 0.000 0.000 0.000 0.000 0.120 0.120 0.120 0.121 0.121 0.121 0.121 0.000 0.000 0.000 0.000 0.000 0.115 0.115 0.115 0.115 0.115 0.000 0.000 0.124 0.121 0.000 0.113 0.120 0.122 0.000 0.000 0.136 0.117 0.133 0.000 0.000 0.000 0.000 0.000 0.125 0.120 0.000 0.000 0.000 0.124 0.119 0.000 0.000 0.119 0.114 0.000 0.000 0.121 0.112 0.119 0.115 0.000 0.000 0.120 0.139 0.000 0.130 0.119 0.000 0.000 0.000 0.121 0.000 0.129 0.125 0.000 0.000 0.000 0.115 0.121 0.122 0.000 0.000 0.000 0.122 0.124 0.000 0.000 0.000 0.123 0.118 0.000 0.000 0.121 0.130 0.000 0.000 0.000 0.000 0.000 0.000 0.000 0.112 0.122 0.000 0.000 0.126 0.115 0.000 0.000 0.121 0.119 0.000 0.000 0.000 0.130 0.116 0.000 0.000 0.119 0.121 0.000 0.000 0.119 0.119 0.000 0.000 0.000 0.115 0.110 0.000 0.000 0.125 0.115 0.122 0.122 0.000 0.000 0.000 0.000 0.113 0.117 0.000 0.000 0.121 0.121 0.000 0.121 0.133 0.000 0.000 0.114 0.114 0.118 0.000 0.000 0.122 0.000 0.000 0.121 0.131 0.000 0.123 0.120 0.000 0.000 0.125 0.116 0.000 0.000 0.114 0.125 0.000 0.000 0.117 0.122 0.108 0.000 0.000 0.000 0.000 0.000 0.122 0.118 0.000 0.000 0.120 0.109 0.000 0.131 0.000 0.000 0.120 0.120)  0.132 0.132 0.132 0.132 0.132 0.132 0.132 0.117 0.117 0.117 0.118 0.118 0.117 0.117 0.116 0.116 0.116 0.000 0.000 0.000 0.000 0.000 0.000 0.000 0.115 0.115 0.115 0.115 0.115 0.000 0.000 0.000 0.000 0.000 0.125 0.104 0.000 0.000 0.116 0.000 0.000 0.000 0.121 0.121 0.000 0.000 0.000 0.117 0.121 0.119 0.108 0.115 0.000 0.000 0.117 0.117 0.111 0.000 0.000 0.116 0.121 0.000 0.000 0.112 0.122 0.000 0.000 0.000 0.000 0.110 0.113 0.000 0.000 0.123 0.000 0.000 0.125 0.116 0.129 0.000 0.115 0.000 0.000 0.128 0.119 0.126 0.000 0.000 0.000 0.129 0.132 0.121 0.000 0.000 0.107 0.120 0.118 0.000 0.000 0.123 0.127 0.000 0.000 0.118 0.134 0.115 0.112 0.118 0.126 0.135 0.000 0.000 0.121 0.120 0.000 0.000 0.117 0.115 0.000 0.000 0.122 0.122 0.114 0.000 0.000 0.116 0.116 0.000 0.000 0.122 0.120 0.000 0.000 0.124 0.119 0.114 0.000 0.000 0.118 0.109 0.000 0.000 0.000 0.000 0.112 0.110 0.133 0.125 0.000 0.000 0.122 0.118 0.000 0.000 0.146 0.000 0.000 0.120 0.117 0.000 0.000 0.000 0.105 0.106 0.000 0.116 0.128 0.000 0.000 0.109 0.000 0.000 0.120 0.119 0.000 0.000 0.122 0.118 0.000 0.000 0.119 0.122 0.000 0.000 0.000 0.110 0.131 0.106 0.118 0.134 0.000 0.000 0.125 0.111 0.000 0.000 0.117 0.000 0.122 0.120 0.000 0.000)  0.113 0.113 0.113 0.113 0.113 0.113 0.113 0.114 0.114 0.114 0.114 0.114 0.114 0.114 0.127 0.127 0.127 0.000 0.000 0.000 0.000 0.000 0.000 0.000 0.122 0.122 0.122 0.122 0.122 0.000 0.000 0.000 0.000 0.000 0.113 0.124 0.000 0.000 0.120 0.000 0.000 0.000 0.122 0.116 0.000 0.000 0.000 0.119 0.120 0.122 0.121 0.126 0.000 0.000 0.115 0.120 0.118 0.000 0.000 0.121 0.118 0.000 0.000 0.121 0.119 0.000 0.000 0.000 0.000 0.131 0.122 0.000 0.000 0.123 0.000 0.000 0.127 0.121 0.117 0.000 0.119 0.000 0.000 0.121 0.121 0.116 0.000 0.000 0.000 0.116 0.132 0.121 0.000 0.000 0.149 0.122 0.126 0.000 0.000 0.129 0.129 0.000 0.000 0.120 0.118 0.118 0.121 0.123 0.124 0.092 0.000 0.000 0.114 0.130 0.000 0.000 0.123 0.123 0.000 0.000 0.128 0.127 0.125 0.000 0.000 0.122 0.121 0.000 0.000 0.121 0.121 0.000 0.000 0.114 0.126 0.128 0.000 0.000 0.119 0.121 0.000 0.000 0.000 0.000 0.122 0.111 0.121 0.123 0.000 0.000 0.121 0.127 0.000 0.000 0.129 0.000 0.000 0.118 0.121 0.000 0.000 0.000 0.119 0.125 0.000 0.108 0.123 0.000 0.000 0.113 0.000 0.000 0.121 0.130 0.000 0.000 0.129 0.130 0.000 0.000 0.116 0.113 0.000 0.000 0.000 0.136 0.122 0.132 0.125 0.136 0.000 0.000 0.111 0.138 0.000 0.000 0.186 0.000 0.123 0.120 0.000 0.000)  0.119 0.119 0.119 0.119 0.119 0.119 0.119 0.118 0.118 0.118 0.118 0.118 0.118 0.118 0.111 0.111 0.111 0.000 0.000 0.000 0.000 0.000 0.000 0.000 0.128 0.128 0.128 0.128 0.128 0.000 0.000 0.000 0.000 0.000 0.128 0.132 0.000 0.000 0.122 0.000 0.000 0.000 0.118 0.112 0.000 0.000 0.000 0.119 0.120 0.123 0.126 0.138 0.000 0.000 0.116 0.112 0.125 0.000 0.000 0.119 0.115 0.000 0.000 0.117 0.125 0.000 0.000 0.000 0.000 0.120 0.125 0.000 0.000 0.122 0.000 0.000 0.115 0.120 0.119 0.000 0.123 0.000 0.000 0.124 0.113 0.118 0.000 0.000 0.000 0.117 0.131 0.128 0.000 0.000 0.096 0.124 0.123 0.000 0.000 0.116 0.123 0.000 0.000 0.122 0.127 0.120 0.126 0.122 0.125 0.142 0.000 0.000 0.113 0.120 0.000 0.000 0.119 0.117 0.000 0.000 0.115 0.126 0.125 0.000 0.000 0.127 0.124 0.000 0.000 0.120 0.126 0.000 0.000 0.126 0.116 0.113 0.000 0.000 0.120 0.132 0.000 0.000 0.000 0.000 0.127 0.118 0.132 0.140 0.000 0.000 0.113 0.118 0.000 0.000 0.115 0.000 0.000 0.119 0.125 0.000 0.000 0.000 0.126 0.126 0.000 0.124 0.140 0.000 0.000 0.128 0.000 0.000 0.127 0.115 0.000 0.000 0.119 0.112 0.000 0.000 0.132 0.124 0.000 0.000 0.000 0.160 0.121 0.134 0.108 0.133 0.000 0.000 0.128 0.120 0.000 0.000 0.146 0.000 0.128 0.115 0.000 0.000)  0.107 0.107 0.107 0.107 0.107 0.107 0.107 0.124 0.124 0.124 0.124 0.124 0.124 0.124 0.121 0.121 0.121 0.000 0.000 0.000 0.000 0.000 0.000 0.000 0.126 0.126 0.126 0.126 0.126 0.000 0.000 0.000 0.000 0.000 0.114 0.117 0.000 0.000 0.119 0.000 0.000 0.000 0.123 0.121 0.000 0.000 0.000 0.113 0.122 0.123 0.125 0.115 0.000 0.000 0.128 0.122 0.121 0.000 0.000 0.127 0.121 0.000 0.000 0.123 0.121 0.000 0.000 0.000 0.000 0.115 0.112 0.000 0.000 0.117 0.000 0.000 0.116 0.120 0.125 0.000 0.119 0.000 0.000 0.119 0.125 0.121 0.000 0.000 0.000 0.124 0.104 0.117 0.000 0.000 0.126 0.118 0.130 0.000 0.000 0.133 0.121 0.000 0.000 0.123 0.118 0.118 0.116 0.115 0.125 0.117 0.000 0.000 0.128 0.113 0.000 0.000 0.112 0.121 0.000 0.000 0.119 0.106 0.117 0.000 0.000 0.124 0.111 0.000 0.000 0.125 0.117 0.000 0.000 0.123 0.116 0.109 0.000 0.000 0.125 0.112 0.000 0.000 0.000 0.000 0.124 0.131 0.110 0.117 0.000 0.000 0.123 0.126 0.000 0.000 0.132 0.000 0.000 0.122 0.116 0.000 0.000 0.000 0.115 0.133 0.000 0.144 0.113 0.000 0.000 0.112 0.000 0.000 0.122 0.115 0.000 0.000 0.120 0.127 0.000 0.000 0.109 0.121 0.000 0.000 0.000 0.138 0.103 0.099 0.121 0.116 0.000 0.000 0.126 0.122 0.000 0.000 0.064 0.000 0.119 0.120 0.000 0.000)  0.120 0.120 0.120 0.120 0.120 0.121 0.121 0.121 0.121 0.121 0.121 0.121 0.121 0.121 0.121 0.121 0.121 0.000 0.000 0.000 0.000 0.000 0.000 0.000 0.122 0.122 0.123 0.122 0.122 0.000 0.000 0.000 0.000 0.000 0.120 0.124 0.000 0.000 0.122 0.000 0.000 0.000 0.122 0.117 0.000 0.000 0.000 0.132 0.119 0.119 0.133 0.117 0.000 0.000 0.124 0.130 0.117 0.000 0.000 0.116 0.134 0.000 0.000 0.129 0.117 0.000 0.000 0.000 0.000 0.120 0.123 0.000 0.000 0.124 0.000 0.000 0.126 0.131 0.121 0.000 0.127 0.000 0.000 0.122 0.119 0.121 0.000 0.000 0.000 0.121 0.116 0.118 0.000 0.000 0.094 0.106 0.120 0.000 0.000 0.117 0.122 0.000 0.000 0.126 0.122 0.123 0.126 0.116 0.114 0.087 0.000 0.000 0.123 0.125 0.000 0.000 0.115 0.113 0.000 0.000 0.120 0.119 0.115 0.000 0.000 0.120 0.128 0.000 0.000 0.121 0.115 0.000 0.000 0.125 0.127 0.132 0.000 0.000 0.124 0.131 0.000 0.000 0.000 0.000 0.122 0.121 0.104 0.110 0.000 0.000 0.132 0.117 0.000 0.000 0.103 0.000 0.000 0.126 0.126 0.000 0.000 0.000 0.138 0.124 0.000 0.114 0.131 0.000 0.000 0.126 0.000 0.000 0.119 0.120 0.000 0.000 0.118 0.129 0.000 0.000 0.115 0.120 0.000 0.000 0.000 0.114 0.134 0.131 0.111 0.113 0.000 0.000 0.117 0.106 0.000 0.000 0.152 0.000 0.121 0.123 0.000 0.000)  0.120 0.120 0.120 0.120 0.120 0.120 0.120 0.118 0.118 0.118 0.118 0.118 0.118 0.118 0.126 0.126 0.126 0.000 0.000 0.000 0.000 0.000 0.000 0.000 0.115 0.115 0.115 0.115 0.115 0.000 0.000 0.000 0.000 0.000 0.127 0.123 0.000 0.000 0.126 0.000 0.000 0.000 0.118 0.131 0.000 0.000 0.000 0.120 0.128 0.120 0.115 0.130 0.000 0.000 0.120 0.127 0.126 0.000 0.000 0.122 0.118 0.000 0.000 0.116 0.120 0.000 0.000 0.000 0.000 0.126 0.129 0.000 0.000 0.122 0.000 0.000 0.111 0.119 0.118 0.000 0.121 0.000 0.000 0.113 0.121 0.120 0.000 0.000 0.000 0.114 0.121 0.112 0.000 0.000 0.127 0.127 0.124 0.000 0.000 0.118 0.120 0.000 0.000 0.116 0.115 0.123 0.115 0.118 0.115 0.104 0.000 0.000 0.115 0.119 0.000 0.000 0.123 0.127 0.000 0.000 0.127 0.129 0.119 0.000 0.000 0.116 0.112 0.000 0.000 0.119 0.125 0.000 0.000 0.113 0.107 0.131 0.000 0.000 0.116 0.112 0.000 0.000 0.000 0.000 0.121 0.125 0.121 0.113 0.000 0.000 0.119 0.114 0.000 0.000 0.125 0.000 0.000 0.109 0.122 0.000 0.000 0.000 0.125 0.133 0.000 0.123 0.111 0.000 0.000 0.125 0.000 0.000 0.110 0.111 0.000 0.000 0.124 0.117 0.000 0.000 0.129 0.118 0.000 0.000 0.000 0.122 0.113 0.129 0.122 0.130 0.000 0.000 0.121 0.134 0.000 0.000 0.073 0.000 0.114 0.127 0.000 0.000)  0.000 0.000 0.000 0.000 0.000 0.000 0.000 0.000 0.000 0.000 0.000 0.000 0.000 0.000 0.000 0.000 0.000 0.111 0.111 0.111 0.111 0.111 0.111 0.111 0.000 0.000 0.000 0.000 0.000 0.118 0.118 0.118 0.118 0.118 0.000 0.000 0.121 0.121 0.000 0.123 0.118 0.121 0.000 0.000 0.122 0.123 0.121 0.000 0.000 0.000 0.000 0.000 0.130 0.115 0.000 0.000 0.000 0.121 0.124 0.000 0.000 0.126 0.125 0.000 0.000 0.123 0.118 0.127 0.119 0.000 0.000 0.122 0.118 0.000 0.112 0.118 0.000 0.000 0.000 0.123 0.000 0.116 0.120 0.000 0.000 0.000 0.123 0.126 0.120 0.000 0.000 0.000 0.123 0.110 0.000 0.000 0.000 0.121 0.118 0.000 0.000 0.107 0.119 0.000 0.000 0.000 0.000 0.000 0.000 0.000 0.108 0.136 0.000 0.000 0.122 0.124 0.000 0.000 0.117 0.125 0.000 0.000 0.000 0.125 0.119 0.000 0.000 0.122 0.122 0.000 0.000 0.121 0.128 0.000 0.000 0.000 0.118 0.122 0.000 0.000 0.122 0.123 0.117 0.118 0.000 0.000 0.000 0.000 0.130 0.118 0.000 0.000 0.133 0.120 0.000 0.109 0.117 0.000 0.000 0.123 0.120 0.114 0.000 0.000 0.123 0.000 0.000 0.129 0.124 0.000 0.119 0.122 0.000 0.000 0.130 0.120 0.000 0.000 0.120 0.123 0.000 0.000 0.116 0.115 0.122 0.000 0.000 0.000 0.000 0.000 0.117 0.124 0.000 0.000 0.124 0.131 0.000 0.121 0.000 0.000 0.116 0.125)  0.000 0.000 0.000 0.000 0.000 0.000 0.000 0.000 0.000 0.000 0.000 0.000 0.000 0.000 0.000 0.000 0.000 0.134 0.134 0.134 0.134 0.134 0.134 0.134 0.000 0.000 0.000 0.000 0.000 0.123 0.123 0.123 0.123 0.123 0.000 0.000 0.127 0.116 0.000 0.125 0.122 0.121 0.000 0.000 0.119 0.124 0.119 0.000 0.000 0.000 0.000 0.000 0.126 0.123 0.000 0.000 0.000 0.124 0.120 0.000 0.000 0.122 0.119 0.000 0.000 0.124 0.122 0.118 0.126 0.000 0.000 0.116 0.121 0.000 0.122 0.114 0.000 0.000 0.000 0.114 0.000 0.120 0.110 0.000 0.000 0.000 0.135 0.131 0.122 0.000 0.000 0.000 0.114 0.124 0.000 0.000 0.000 0.121 0.119 0.000 0.000 0.126 0.112 0.000 0.000 0.000 0.000 0.000 0.000 0.000 0.155 0.127 0.000 0.000 0.125 0.120 0.000 0.000 0.123 0.136 0.000 0.000 0.000 0.113 0.126 0.000 0.000 0.126 0.127 0.000 0.000 0.130 0.124 0.000 0.000 0.000 0.119 0.122 0.000 0.000 0.124 0.122 0.122 0.116 0.000 0.000 0.000 0.000 0.131 0.120 0.000 0.000 0.114 0.128 0.000 0.132 0.126 0.000 0.000 0.122 0.119 0.123 0.000 0.000 0.124 0.000 0.000 0.123 0.125 0.000 0.123 0.113 0.000 0.000 0.120 0.123 0.000 0.000 0.132 0.120 0.000 0.000 0.128 0.123 0.113 0.000 0.000 0.000 0.000 0.000 0.124 0.122 0.000 0.000 0.125 0.142 0.000 0.116 0.000 0.000 0.116 0.125)  0.114 0.114 0.113 0.114 0.114 0.114 0.114 0.127 0.127 0.127 0.127 0.127 0.127 0.127 0.117 0.117 0.117 0.000 0.000 0.000 0.000 0.000 0.000 0.000 0.125 0.125 0.125 0.125 0.125 0.000 0.000 0.000 0.000 0.000 0.117 0.122 0.000 0.000 0.122 0.000 0.000 0.000 0.122 0.122 0.000 0.000 0.000 0.118 0.116 0.114 0.116 0.116 0.000 0.000 0.117 0.120 0.118 0.000 0.000 0.121 0.123 0.000 0.000 0.122 0.123 0.000 0.000 0.000 0.000 0.118 0.126 0.000 0.000 0.114 0.000 0.000 0.131 0.118 0.126 0.000 0.115 0.000 0.000 0.117 0.123 0.116 0.000 0.000 0.000 0.122 0.108 0.122 0.000 0.000 0.130 0.123 0.117 0.000 0.000 0.110 0.127 0.000 0.000 0.113 0.111 0.122 0.120 0.119 0.120 0.150 0.000 0.000 0.125 0.115 0.000 0.000 0.125 0.120 0.000 0.000 0.120 0.127 0.118 0.000 0.000 0.114 0.126 0.000 0.000 0.124 0.121 0.000 0.000 0.121 0.125 0.111 0.000 0.000 0.123 0.122 0.000 0.000 0.000 0.000 0.122 0.119 0.126 0.122 0.000 0.000 0.120 0.122 0.000 0.000 0.105 0.000 0.000 0.123 0.126 0.000 0.000 0.000 0.122 0.109 0.000 0.125 0.117 0.000 0.000 0.128 0.000 0.000 0.125 0.133 0.000 0.000 0.108 0.114 0.000 0.000 0.117 0.126 0.000 0.000 0.000 0.103 0.118 0.111 0.130 0.086 0.000 0.000 0.110 0.110 0.000 0.000 0.090 0.000 0.118 0.111 0.000 0.000)  0.141 0.141 0.141 0.141 0.141 0.141 0.141 0.126 0.126 0.126 0.126 0.126 0.126 0.126 0.122 0.122 0.122 0.000 0.000 0.000 0.000 0.000 0.000 0.000 0.111 0.111 0.112 0.112 0.112 0.000 0.000 0.000 0.000 0.000 0.125 0.126 0.000 0.000 0.115 0.000 0.000 0.000 0.120 0.128 0.000 0.000 0.000 0.129 0.122 0.131 0.123 0.109 0.000 0.000 0.127 0.116 0.124 0.000 0.000 0.124 0.116 0.000 0.000 0.120 0.121 0.000 0.000 0.000 0.000 0.131 0.118 0.000 0.000 0.124 0.000 0.000 0.107 0.128 0.111 0.000 0.131 0.000 0.000 0.117 0.125 0.128 0.000 0.000 0.000 0.122 0.120 0.124 0.000 0.000 0.143 0.126 0.104 0.000 0.000 0.125 0.104 0.000 0.000 0.120 0.114 0.127 0.125 0.128 0.119 0.138 0.000 0.000 0.119 0.118 0.000 0.000 0.126 0.129 0.000 0.000 0.113 0.110 0.134 0.000 0.000 0.128 0.127 0.000 0.000 0.118 0.125 0.000 0.000 0.114 0.131 0.134 0.000 0.000 0.126 0.125 0.000 0.000 0.000 0.000 0.120 0.125 0.115 0.122 0.000 0.000 0.125 0.123 0.000 0.000 0.112 0.000 0.000 0.125 0.112 0.000 0.000 0.000 0.115 0.118 0.000 0.123 0.110 0.000 0.000 0.121 0.000 0.000 0.118 0.128 0.000 0.000 0.126 0.127 0.000 0.000 0.120 0.118 0.000 0.000 0.000 0.085 0.133 0.130 0.138 0.117 0.000 0.000 0.122 0.124 0.000 0.000 0.146 0.000 0.116 0.125 0.000 0.000)  0.000 0.000 0.000 0.000 0.000 0.000 0.000 0.000 0.000 0.000 0.000 0.000 0.000 0.000 0.000 0.000 0.000 0.124 0.124 0.124 0.124 0.124 0.124 0.124 0.000 0.000 0.000 0.000 0.000 0.130 0.130 0.130 0.130 0.130 0.000 0.000 0.110 0.120 0.000 0.119 0.117 0.123 0.000 0.000 0.123 0.110 0.121 0.000 0.000 0.000 0.000 0.000 0.110 0.127 0.000 0.000 0.000 0.117 0.125 0.000 0.000 0.119 0.116 0.000 0.000 0.117 0.125 0.122 0.126 0.000 0.000 0.110 0.104 0.000 0.126 0.121 0.000 0.000 0.000 0.114 0.000 0.113 0.123 0.000 0.000 0.000 0.133 0.120 0.121 0.000 0.000 0.000 0.119 0.118 0.000 0.000 0.000 0.126 0.119 0.000 0.000 0.125 0.124 0.000 0.000 0.000 0.000 0.000 0.000 0.000 0.124 0.117 0.000 0.000 0.117 0.121 0.000 0.000 0.125 0.124 0.000 0.000 0.000 0.135 0.123 0.000 0.000 0.107 0.119 0.000 0.000 0.119 0.119 0.000 0.000 0.000 0.113 0.135 0.000 0.000 0.121 0.119 0.121 0.127 0.000 0.000 0.000 0.000 0.120 0.124 0.000 0.000 0.114 0.120 0.000 0.119 0.118 0.000 0.000 0.113 0.122 0.121 0.000 0.000 0.118 0.000 0.000 0.118 0.127 0.000 0.125 0.126 0.000 0.000 0.121 0.115 0.000 0.000 0.121 0.121 0.000 0.000 0.122 0.106 0.137 0.000 0.000 0.000 0.000 0.000 0.122 0.116 0.000 0.000 0.120 0.101 0.000 0.117 0.000 0.000 0.122 0.121)  0.000 0.000 0.000 0.000 0.000 0.000 0.000 0.000 0.000 0.000 0.000 0.000 0.000 0.000 0.000 0.000 0.000 0.000 0.000 0.000 0.000 0.000 0.000 0.000 0.000 0.000 0.000 0.000 0.000 0.000 0.000 0.000 0.000 0.000 0.000 0.000 0.000 0.000 0.000 0.000 0.000 0.000 0.000 0.000 0.000 0.000 0.000 0.000 0.000 0.000 0.000 0.000 0.000 0.000 0.000 0.000 0.000 0.000 0.000 0.000 0.000 0.000 0.000 0.000 0.000 0.000 0.000 0.000 0.000 0.000 0.000 0.000 0.000 0.000 0.000 0.000 0.000 0.000 0.000 0.000 0.000 0.000 0.000 0.000 0.000 0.000 0.000 0.000 0.000 0.000 0.000 0.000 0.000 0.000 0.000 0.000 0.000 0.000 0.000 0.000 0.000 0.000 0.000 0.000 0.000 0.000 0.000 0.000 0.000 0.000 0.000 0.000 0.000 0.000 0.000 0.000 0.000 0.000 0.000 0.000 0.000 0.000 0.000 0.000 0.000 0.000 0.000 0.000 0.000 0.000 0.000 0.000 0.000 0.000 0.000 0.000 0.000 0.000 0.000 0.000 0.000 0.000 0.000 0.000 0.000 0.000 0.000 0.000 0.000 0.000 0.000 0.000 0.000 0.000 0.000 0.000 0.000 0.000 0.000 0.000 0.000 0.000 0.000 0.000 0.000 0.000 0.000 0.000 0.000 0.000 0.000 0.000 0.000 0.000 0.000 0.000 0.000 0.000 0.000 0.000 0.000 0.000 0.000 0.000 0.000 0.000 0.000 0.000 0.000 0.000 0.000 0.000 0.000 0.000 0.000 0.000 0.000 0.000 0.000 0.000 0.000 0.000)  
image_change: (0.991 0.991 0.991 0.991 0.991 0.991 0.991 0.990 0.990 0.990 0.990 0.990 0.990 0.990 0.990 0.990 0.990 0.990 0.990 0.990 0.990 0.990 0.990 0.990 0.990 0.990 0.990 0.990 0.990 0.990 0.990 0.990 0.990 0.990 0.997 0.997 0.997 0.997 0.997 0.997 0.997 0.997 0.997 0.997 0.997 0.997 0.997 0.997 0.997 0.997 0.997 0.997 0.997 0.997 0.997 0.997 0.997 0.997 0.997 0.997 0.997 0.997 0.997 0.997 0.997 0.997 0.997 0.997 0.997 0.997 0.997 0.997 0.997 0.997 0.997 0.997 0.997 0.997 0.997 0.997 0.997 0.997 0.997 0.997 0.997 0.997 0.997 0.997 0.997 0.997 0.997 0.997 0.997 0.997 0.996 0.997 0.997 0.997 0.997 0.997 0.997 0.997 0.997 0.997 0.997 0.997 0.997 0.997 0.997 0.996 0.997 0.997 0.997 0.997 0.997 0.997 0.997 0.997 0.997 0.997 0.997 0.997 0.997 0.997 0.997 0.997 0.997 0.997 0.997 0.997 0.997 0.997 0.997 0.997 0.997 0.996 0.997 0.997 0.997 0.997 0.997 0.997 0.997 0.997 0.997 0.997 0.997 0.997 0.997 0.997 0.997 0.997 0.997 0.997 0.997 0.997 0.997 0.997 0.997 0.997 0.997 0.997 0.997 0.997 0.997 0.996 0.996 0.997 0.996 0.997 0.997 0.997 0.997 0.997 0.997 0.997 0.997 0.997 0.997 0.997 0.997 0.997 0.997 0.997 0.996 0.996 0.996 0.996 0.997 0.996 0.997 0.997 0.997 0.997 0.997 0.996 0.996 0.997 0.997 0.997 0.997 0.997)  0.009 0.009 0.009 0.009 0.009 0.009 0.009 0.010 0.010 0.010 0.010 0.010 0.010 0.010 0.010 0.010 0.010 0.010 0.010 0.010 0.010 0.010 0.010 0.010 0.010 0.010 0.010 0.010 0.010 0.010 0.010 0.010 0.010 0.010 0.003 0.003 0.003 0.003 0.003 0.003 0.003 0.003 0.003 0.003 0.003 0.003 0.003 0.003 0.003 0.003 0.003 0.003 0.003 0.003 0.003 0.003 0.003 0.003 0.003 0.003 0.003 0.003 0.003 0.003 0.003 0.003 0.003 0.003 0.003 0.003 0.003 0.003 0.003 0.003 0.003 0.003 0.003 0.003 0.003 0.003 0.003 0.003 0.003 0.003 0.003 0.003 0.003 0.003 0.003 0.003 0.003 0.003 0.003 0.003 0.004 0.003 0.003 0.003 0.003 0.003 0.003 0.003 0.003 0.003 0.003 0.003 0.003 0.003 0.003 0.004 0.003 0.003 0.003 0.003 0.003 0.003 0.003 0.003 0.003 0.003 0.003 0.003 0.003 0.003 0.003 0.003 0.003 0.003 0.003 0.003 0.003 0.003 0.003 0.003 0.003 0.004 0.003 0.003 0.003 0.003 0.003 0.003 0.003 0.003 0.003 0.003 0.003 0.003 0.003 0.003 0.003 0.003 0.003 0.003 0.003 0.003 0.003 0.003 0.003 0.003 0.003 0.003 0.003 0.003 0.003 0.004 0.004 0.003 0.004 0.003 0.003 0.003 0.003 0.003 0.003 0.003 0.003 0.003 0.003 0.003 0.003 0.003 0.003 0.003 0.004 0.004 0.004 0.004 0.003 0.004 0.003 0.003 0.003 0.003 0.003 0.004 0.004 0.003 0.003 0.003 0.003 0.003)  
running_speed_bin: (0.423 0.423 0.419 0.423 0.423 0.425 0.425 0.457 0.457 0.458 0.460 0.460 0.456 0.456 0.447 0.447 0.445 0.458 0.458 0.456 0.457 0.457 0.462 0.462 0.442 0.442 0.440 0.442 0.442 0.368 0.368 0.370 0.371 0.369 0.076 0.012 0.012 0.007 0.040 0.080 0.165 0.159 0.165 0.099 0.071 0.064 0.057 0.024 0.015 0.038 0.092 0.063 0.050 0.011 0.144 0.062 0.027 0.027 0.048 0.078 0.184 0.148 0.095 0.049 0.296 0.210 0.311 0.298 0.275 0.168 0.191 0.068 0.050 0.230 0.149 0.278 0.260 0.053 0.064 0.082 0.079 0.085 0.272 0.165 0.020 0.066 0.042 0.077 0.039 0.211 0.172 0.261 0.282 0.403 0.196 0.223 0.033 0.045 0.033 0.087 0.049 0.035 0.134 0.256 0.241 0.231 0.215 0.259 0.213 0.170 0.046 0.043 0.127 0.085 0.024 0.012 0.368 0.406 0.399 0.403 0.029 0.063 0.012 0.011 0.047 0.175 0.162 0.158 0.156 0.220 0.175 0.198 0.203 0.114 0.050 0.103 0.027 0.098 0.180 0.275 0.201 0.180 0.258 0.337 0.257 0.098 0.038 0.183 0.419 0.407 0.043 0.046 0.038 0.044 0.017 0.110 0.118 0.115 0.079 0.096 0.253 0.191 0.090 0.061 0.123 0.043 0.039 0.032 0.029 0.475 0.338 0.078 0.040 0.015 0.054 0.019 0.098 0.132 0.142 0.073 0.463 0.478 0.462 0.441 0.428 0.381 0.392 0.205 0.188 0.283 0.359 0.424 0.129 0.162 0.099 0.061 0.078 0.485 0.013 0.122 0.017 0.105)  0.480 0.480 0.484 0.480 0.480 0.477 0.477 0.448 0.448 0.448 0.447 0.447 0.450 0.450 0.459 0.459 0.461 0.461 0.461 0.463 0.462 0.462 0.457 0.457 0.473 0.473 0.475 0.474 0.474 0.398 0.398 0.395 0.394 0.395 0.069 0.012 0.007 0.005 0.032 0.082 0.183 0.169 0.176 0.061 0.017 0.020 0.030 0.016 0.013 0.032 0.082 0.053 0.042 0.008 0.129 0.055 0.015 0.010 0.038 0.079 0.191 0.159 0.110 0.030 0.280 0.212 0.323 0.314 0.291 0.126 0.157 0.057 0.022 0.232 0.141 0.275 0.253 0.021 0.044 0.065 0.074 0.075 0.290 0.163 0.008 0.065 0.052 0.071 0.036 0.337 0.262 0.384 0.401 0.499 0.269 0.295 0.032 0.036 0.024 0.048 0.025 0.007 0.091 0.312 0.271 0.278 0.254 0.275 0.237 0.176 0.045 0.039 0.136 0.096 0.029 0.019 0.425 0.460 0.451 0.456 0.017 0.094 0.007 0.004 0.052 0.120 0.095 0.099 0.100 0.227 0.186 0.213 0.219 0.108 0.045 0.108 0.021 0.093 0.175 0.274 0.205 0.167 0.266 0.335 0.262 0.082 0.022 0.171 0.426 0.408 0.039 0.027 0.028 0.030 0.025 0.108 0.110 0.092 0.057 0.059 0.238 0.166 0.078 0.032 0.061 0.031 0.028 0.013 0.024 0.502 0.383 0.086 0.035 0.017 0.042 0.010 0.082 0.119 0.122 0.050 0.474 0.478 0.469 0.463 0.453 0.366 0.367 0.192 0.204 0.331 0.394 0.406 0.109 0.111 0.115 0.026 0.095 0.501 0.007 0.105 0.007 0.093)  0.097 0.097 0.097 0.096 0.096 0.098 0.098 0.095 0.095 0.095 0.093 0.093 0.094 0.094 0.093 0.093 0.094 0.081 0.081 0.080 0.081 0.081 0.081 0.081 0.085 0.085 0.084 0.084 0.084 0.231 0.231 0.232 0.231 0.232 0.182 0.255 0.168 0.191 0.103 0.137 0.183 0.128 0.150 0.151 0.128 0.132 0.163 0.195 0.272 0.207 0.182 0.189 0.171 0.204 0.196 0.252 0.167 0.129 0.252 0.127 0.126 0.112 0.139 0.214 0.192 0.182 0.306 0.284 0.340 0.178 0.191 0.315 0.334 0.149 0.173 0.083 0.106 0.209 0.218 0.250 0.257 0.194 0.069 0.110 0.107 0.126 0.112 0.150 0.185 0.451 0.547 0.353 0.314 0.098 0.508 0.383 0.129 0.210 0.132 0.332 0.217 0.356 0.336 0.205 0.211 0.217 0.287 0.183 0.227 0.565 0.402 0.275 0.242 0.272 0.290 0.260 0.201 0.134 0.150 0.141 0.397 0.374 0.180 0.200 0.211 0.083 0.059 0.067 0.073 0.173 0.201 0.193 0.149 0.265 0.326 0.185 0.119 0.184 0.473 0.443 0.355 0.244 0.353 0.272 0.392 0.560 0.200 0.225 0.130 0.115 0.179 0.129 0.154 0.197 0.319 0.201 0.164 0.074 0.155 0.137 0.137 0.104 0.120 0.125 0.111 0.184 0.210 0.165 0.192 0.024 0.276 0.457 0.165 0.254 0.191 0.199 0.143 0.108 0.118 0.120 0.063 0.044 0.068 0.096 0.119 0.232 0.181 0.415 0.374 0.355 0.239 0.167 0.164 0.230 0.257 0.303 0.211 0.014 0.081 0.142 0.112 0.223)  0.000 0.000 0.000 0.000 0.000 0.000 0.000 0.000 0.000 0.000 0.000 0.000 0.000 0.000 0.000 0.000 0.000 0.000 0.000 0.000 0.000 0.000 0.000 0.000 0.000 0.000 0.000 0.000 0.000 0.003 0.003 0.003 0.004 0.003 0.334 0.238 0.395 0.322 0.397 0.258 0.177 0.194 0.243 0.123 0.124 0.128 0.204 0.430 0.226 0.236 0.299 0.302 0.322 0.304 0.269 0.458 0.427 0.377 0.337 0.453 0.231 0.282 0.497 0.612 0.231 0.199 0.045 0.095 0.093 0.279 0.222 0.125 0.133 0.270 0.290 0.107 0.138 0.356 0.411 0.341 0.177 0.214 0.123 0.243 0.449 0.363 0.451 0.325 0.475 0.001 0.019 0.002 0.003 0.000 0.027 0.099 0.438 0.701 0.264 0.486 0.525 0.520 0.230 0.111 0.114 0.165 0.122 0.167 0.146 0.089 0.448 0.555 0.438 0.441 0.594 0.485 0.007 0.000 0.000 0.000 0.523 0.439 0.573 0.506 0.444 0.164 0.138 0.183 0.182 0.107 0.089 0.094 0.154 0.480 0.512 0.547 0.589 0.514 0.129 0.008 0.142 0.135 0.123 0.057 0.089 0.260 0.646 0.421 0.025 0.062 0.120 0.104 0.094 0.202 0.288 0.235 0.257 0.274 0.543 0.412 0.349 0.281 0.173 0.101 0.127 0.242 0.376 0.206 0.239 0.000 0.003 0.379 0.314 0.283 0.253 0.243 0.368 0.210 0.276 0.331 0.000 0.000 0.000 0.000 0.000 0.021 0.059 0.186 0.216 0.030 0.008 0.003 0.161 0.110 0.214 0.258 0.116 0.000 0.365 0.367 0.588 0.450)  0.000 0.000 0.000 0.000 0.000 0.000 0.000 0.000 0.000 0.000 0.000 0.000 0.000 0.000 0.000 0.000 0.000 0.000 0.000 0.000 0.000 0.000 0.000 0.000 0.000 0.000 0.000 0.000 0.000 0.000 0.000 0.000 0.000 0.000 0.339 0.484 0.417 0.475 0.428 0.443 0.292 0.350 0.266 0.566 0.660 0.655 0.546 0.336 0.474 0.487 0.344 0.394 0.415 0.474 0.262 0.174 0.365 0.457 0.326 0.264 0.268 0.299 0.159 0.095 0.002 0.198 0.014 0.009 0.000 0.248 0.239 0.434 0.461 0.120 0.248 0.257 0.243 0.360 0.263 0.262 0.413 0.432 0.245 0.318 0.415 0.380 0.343 0.377 0.264 0.000 0.000 0.000 0.000 0.000 0.000 0.000 0.367 0.007 0.548 0.048 0.185 0.082 0.208 0.115 0.162 0.110 0.122 0.117 0.176 0.000 0.059 0.086 0.057 0.106 0.063 0.225 0.000 0.000 0.000 0.000 0.034 0.031 0.229 0.279 0.247 0.458 0.547 0.493 0.488 0.273 0.349 0.302 0.275 0.033 0.067 0.057 0.243 0.110 0.044 0.000 0.097 0.273 0.000 0.000 0.000 0.000 0.094 0.000 0.000 0.008 0.618 0.694 0.686 0.527 0.350 0.345 0.351 0.444 0.166 0.296 0.023 0.258 0.539 0.680 0.578 0.498 0.347 0.584 0.516 0.000 0.000 0.001 0.446 0.431 0.460 0.529 0.310 0.430 0.342 0.425 0.000 0.000 0.000 0.000 0.000 0.000 0.001 0.001 0.018 0.000 0.000 0.000 0.438 0.387 0.315 0.352 0.499 0.000 0.533 0.263 0.276 0.129)  
pupil_diameter_bin: (0.016 0.016 0.017 0.017 0.017 0.017 0.017 0.454 0.454 0.454 0.454 0.454 0.453 0.453 0.475 0.475 0.476 0.495 0.495 0.495 0.495 0.495 0.495 0.495 0.527 0.527 0.527 0.527 0.527 0.004 0.004 0.004 0.004 0.004 0.005 0.014 1.000 0.000 0.307 0.032 0.272 1.000 0.781 0.000 0.000 0.000 0.004 0.893 0.677 0.769 0.190 0.638 0.033 0.012 0.000 0.000 0.003 0.000 0.378 0.000 0.010 0.001 0.000 0.486 0.868 0.506 0.980 0.930 0.998 0.000 0.017 0.000 0.000 0.148 0.000 0.242 0.636 0.019 0.006 0.096 0.068 0.104 0.412 0.188 0.000 0.095 0.000 0.000 0.000 0.000 0.000 0.083 0.008 0.061 0.041 0.011 0.001 0.003 0.007 0.930 0.619 0.790 0.532 0.002 0.001 0.000 0.000 0.001 0.000 0.000 0.000 0.000 0.000 0.000 0.001 0.000 0.003 0.000 0.000 0.000 0.146 0.000 0.000 0.000 0.000 0.156 0.160 0.049 0.010 0.441 0.102 0.477 0.222 0.059 0.000 0.000 0.000 0.000 1.000 0.480 0.330 0.186 0.423 0.518 0.311 0.047 0.490 0.889 0.934 0.746 0.023 0.002 0.000 0.000 0.000 0.093 0.097 0.056 0.063 0.019 0.497 0.081 0.008 0.000 0.000 0.159 0.790 0.503 0.035 0.285 0.764 0.014 0.264 0.159 0.057 0.276 0.014 0.164 0.064 0.012 0.010 0.582 0.210 0.035 0.009 0.372 0.257 0.122 0.103 0.621 0.289 0.650 0.473 0.223 0.035 0.197 0.000 0.441 0.000 0.000 0.000 0.000)  0.231 0.231 0.231 0.230 0.230 0.230 0.230 0.240 0.240 0.240 0.241 0.241 0.241 0.241 0.223 0.223 0.223 0.169 0.169 0.169 0.169 0.169 0.169 0.169 0.177 0.177 0.177 0.177 0.177 0.054 0.054 0.053 0.053 0.053 0.233 0.498 0.000 0.003 0.488 0.326 0.381 0.000 0.181 0.000 0.054 0.001 0.147 0.099 0.319 0.202 0.603 0.328 0.576 0.505 0.077 0.000 0.275 0.275 0.466 0.004 0.252 0.061 0.019 0.505 0.125 0.370 0.020 0.056 0.002 0.000 0.091 0.002 0.000 0.135 0.023 0.332 0.301 0.524 0.141 0.348 0.486 0.354 0.264 0.222 0.454 0.215 0.047 0.000 0.025 0.000 0.000 0.083 0.044 0.193 0.171 0.149 0.003 0.013 0.303 0.062 0.249 0.202 0.365 0.069 0.048 0.061 0.017 0.030 0.011 0.009 0.003 0.000 0.034 0.042 0.010 0.001 0.001 0.000 0.000 0.000 0.020 0.000 0.000 0.000 0.000 0.395 0.305 0.343 0.174 0.351 0.277 0.364 0.253 0.032 0.027 0.000 0.000 0.018 0.000 0.423 0.258 0.199 0.291 0.404 0.391 0.438 0.417 0.108 0.057 0.106 0.329 0.101 0.024 0.018 0.018 0.058 0.064 0.463 0.390 0.211 0.396 0.355 0.529 0.000 0.000 0.781 0.209 0.399 0.293 0.206 0.123 0.051 0.383 0.725 0.430 0.581 0.060 0.225 0.262 0.301 0.143 0.254 0.391 0.196 0.080 0.353 0.318 0.286 0.193 0.287 0.434 0.209 0.449 0.522 0.188 0.235 0.005 0.326 0.000 0.005 0.000 0.000)  0.344 0.344 0.344 0.346 0.346 0.347 0.347 0.145 0.145 0.144 0.144 0.144 0.145 0.145 0.151 0.151 0.150 0.130 0.130 0.128 0.129 0.129 0.129 0.129 0.132 0.132 0.133 0.131 0.131 0.210 0.210 0.210 0.211 0.210 0.485 0.450 0.000 0.138 0.181 0.391 0.291 0.000 0.032 0.063 0.626 0.046 0.648 0.008 0.003 0.029 0.153 0.032 0.374 0.439 0.299 0.001 0.686 0.577 0.155 0.128 0.365 0.207 0.074 0.008 0.007 0.050 0.000 0.007 0.000 0.009 0.304 0.169 0.051 0.154 0.545 0.186 0.054 0.396 0.672 0.482 0.358 0.419 0.185 0.462 0.546 0.646 0.808 0.020 0.359 0.000 0.000 0.065 0.113 0.215 0.256 0.223 0.041 0.086 0.657 0.007 0.129 0.007 0.087 0.167 0.149 0.171 0.135 0.116 0.106 0.229 0.054 0.002 0.101 0.079 0.037 0.063 0.000 0.000 0.000 0.000 0.041 0.000 0.000 0.000 0.000 0.172 0.239 0.184 0.294 0.207 0.390 0.119 0.299 0.114 0.119 0.004 0.062 0.129 0.000 0.088 0.042 0.057 0.254 0.071 0.243 0.323 0.093 0.003 0.009 0.081 0.520 0.676 0.197 0.300 0.160 0.303 0.038 0.353 0.481 0.451 0.103 0.366 0.352 0.277 0.004 0.059 0.001 0.096 0.221 0.122 0.046 0.078 0.192 0.114 0.202 0.135 0.342 0.300 0.503 0.552 0.304 0.102 0.234 0.338 0.203 0.176 0.181 0.357 0.242 0.068 0.155 0.046 0.077 0.245 0.377 0.375 0.189 0.148 0.002 0.232 0.000 0.030)  0.243 0.243 0.243 0.242 0.242 0.241 0.241 0.113 0.113 0.113 0.113 0.113 0.113 0.113 0.111 0.111 0.109 0.133 0.133 0.133 0.133 0.133 0.133 0.133 0.119 0.119 0.119 0.120 0.120 0.419 0.419 0.419 0.418 0.418 0.272 0.039 0.000 0.491 0.020 0.243 0.056 0.000 0.006 0.451 0.320 0.683 0.196 0.000 0.000 0.000 0.055 0.001 0.017 0.044 0.525 0.359 0.037 0.148 0.001 0.636 0.258 0.648 0.527 0.000 0.000 0.074 0.000 0.007 0.000 0.310 0.373 0.456 0.407 0.508 0.345 0.234 0.008 0.061 0.178 0.071 0.087 0.116 0.137 0.105 0.000 0.044 0.144 0.729 0.586 0.000 0.005 0.151 0.160 0.270 0.265 0.276 0.090 0.491 0.033 0.001 0.003 0.000 0.016 0.363 0.347 0.255 0.257 0.188 0.164 0.363 0.123 0.396 0.580 0.471 0.544 0.663 0.001 0.001 0.000 0.000 0.059 0.002 0.001 0.007 0.024 0.241 0.235 0.297 0.370 0.002 0.214 0.040 0.218 0.458 0.424 0.063 0.501 0.362 0.000 0.007 0.071 0.188 0.032 0.006 0.055 0.188 0.000 0.000 0.000 0.067 0.125 0.222 0.700 0.571 0.453 0.399 0.417 0.129 0.064 0.317 0.003 0.198 0.109 0.529 0.406 0.000 0.000 0.003 0.050 0.114 0.036 0.156 0.159 0.002 0.243 0.007 0.350 0.247 0.134 0.130 0.320 0.035 0.096 0.322 0.357 0.087 0.132 0.223 0.352 0.024 0.081 0.038 0.001 0.010 0.388 0.140 0.681 0.076 0.232 0.296 0.006 0.354)  0.166 0.166 0.165 0.165 0.165 0.165 0.165 0.047 0.047 0.048 0.048 0.048 0.048 0.048 0.041 0.041 0.042 0.074 0.074 0.074 0.074 0.074 0.074 0.074 0.045 0.045 0.044 0.045 0.045 0.313 0.313 0.314 0.313 0.314 0.005 0.000 0.000 0.368 0.005 0.008 0.000 0.000 0.000 0.486 0.000 0.270 0.005 0.000 0.000 0.000 0.000 0.000 0.000 0.000 0.099 0.640 0.000 0.000 0.000 0.233 0.115 0.084 0.380 0.000 0.000 0.000 0.000 0.000 0.000 0.681 0.215 0.374 0.542 0.055 0.087 0.006 0.000 0.000 0.003 0.003 0.002 0.007 0.002 0.023 0.000 0.000 0.000 0.250 0.030 1.000 0.995 0.618 0.675 0.261 0.268 0.341 0.865 0.407 0.000 0.000 0.000 0.000 0.000 0.399 0.455 0.513 0.590 0.665 0.719 0.398 0.820 0.601 0.286 0.407 0.408 0.273 0.995 0.999 1.000 1.000 0.735 0.998 0.999 0.993 0.976 0.036 0.061 0.127 0.151 0.000 0.016 0.000 0.008 0.337 0.429 0.932 0.436 0.491 0.000 0.002 0.299 0.371 0.000 0.000 0.000 0.004 0.000 0.000 0.000 0.000 0.003 0.000 0.080 0.111 0.369 0.146 0.384 0.000 0.001 0.002 0.000 0.000 0.003 0.193 0.590 0.000 0.000 0.000 0.401 0.273 0.032 0.701 0.002 0.000 0.067 0.000 0.233 0.064 0.038 0.005 0.224 0.027 0.070 0.109 0.351 0.012 0.113 0.011 0.109 0.000 0.041 0.057 0.001 0.000 0.012 0.053 0.125 0.009 0.766 0.467 0.994 0.616)  
trial_outcome: (0.308 0.308 0.308 0.308 0.308 0.308 0.308 0.164 0.164 0.164 0.164 0.164 0.164 0.164 0.217 0.217 0.217 0.241 0.241 0.241 0.241 0.241 0.241 0.241 0.187 0.187 0.187 0.187 0.187 0.383 0.383 0.383 0.383 0.382 0.317 0.623 0.382 0.533 0.014 0.002 0.000 0.000 0.006 0.283 0.240 0.240 0.299 0.240 0.489 0.444 0.695 0.634 0.578 0.541 0.099 0.202 0.039 0.014 0.041 0.344 0.337 0.031 0.241 0.097 0.317 0.327 0.010 0.002 0.071 0.524 0.527 0.722 0.774 0.456 0.428 0.166 0.243 0.495 0.316 0.241 0.409 0.259 0.050 0.135 0.281 0.214 0.507 0.356 0.341 0.162 0.244 0.094 0.154 0.151 0.683 0.292 0.120 0.445 0.351 0.452 0.606 0.723 0.585 0.029 0.033 0.012 0.098 0.006 0.077 0.601 0.757 0.451 0.289 0.085 0.191 0.324 0.045 0.192 0.170 0.421 0.265 0.324 0.154 0.324 0.149 0.459 0.517 0.566 0.526 0.501 0.502 0.473 0.221 0.324 0.401 0.600 0.072 0.622 0.581 0.747 0.699 0.403 0.212 0.353 0.280 0.376 0.584 0.615 0.768 0.575 0.462 0.290 0.305 0.331 0.496 0.556 0.561 0.203 0.344 0.308 0.328 0.232 0.656 0.772 0.846 0.515 0.436 0.408 0.453 0.230 0.338 0.657 0.535 0.711 0.551 0.803 0.545 0.501 0.578 0.698 0.291 0.269 0.261 0.630 0.757 0.708 0.588 0.718 0.488 0.593 0.318 0.223 0.000 0.438 0.393 0.808 0.741 0.567 0.155 0.082 0.107 0.213)  0.556 0.556 0.556 0.556 0.556 0.556 0.556 0.710 0.710 0.710 0.710 0.710 0.710 0.710 0.653 0.653 0.653 0.631 0.631 0.631 0.631 0.631 0.631 0.631 0.689 0.689 0.689 0.689 0.689 0.496 0.496 0.496 0.496 0.496 0.552 0.264 0.500 0.340 0.857 0.873 0.878 0.879 0.873 0.589 0.634 0.635 0.580 0.634 0.386 0.439 0.179 0.243 0.293 0.335 0.772 0.685 0.835 0.863 0.831 0.528 0.538 0.843 0.636 0.779 0.555 0.547 0.862 0.871 0.806 0.348 0.344 0.148 0.104 0.418 0.445 0.711 0.634 0.378 0.558 0.629 0.462 0.614 0.828 0.742 0.589 0.665 0.363 0.516 0.537 0.707 0.631 0.781 0.722 0.730 0.205 0.585 0.747 0.427 0.520 0.421 0.270 0.154 0.285 0.845 0.844 0.866 0.766 0.868 0.791 0.289 0.099 0.423 0.582 0.787 0.683 0.554 0.838 0.685 0.702 0.445 0.608 0.544 0.726 0.546 0.727 0.416 0.360 0.317 0.364 0.365 0.361 0.404 0.656 0.546 0.475 0.289 0.798 0.255 0.298 0.133 0.178 0.463 0.660 0.522 0.596 0.491 0.292 0.248 0.116 0.296 0.409 0.592 0.575 0.545 0.379 0.325 0.330 0.672 0.536 0.570 0.540 0.645 0.224 0.098 0.031 0.369 0.440 0.464 0.417 0.644 0.538 0.222 0.330 0.175 0.324 0.079 0.321 0.374 0.292 0.176 0.575 0.606 0.613 0.248 0.118 0.181 0.294 0.161 0.371 0.288 0.564 0.656 0.870 0.430 0.484 0.062 0.139 0.300 0.726 0.798 0.764 0.663)  0.016 0.016 0.016 0.016 0.016 0.016 0.016 0.003 0.003 0.003 0.003 0.003 0.003 0.003 0.014 0.014 0.014 0.007 0.007 0.007 0.007 0.007 0.007 0.007 0.012 0.012 0.012 0.012 0.012 0.027 0.027 0.027 0.027 0.027 0.020 0.031 0.023 0.021 0.000 0.002 0.000 0.000 0.000 0.027 0.009 0.020 0.015 0.039 0.058 0.038 0.036 0.034 0.003 0.017 0.010 0.006 0.000 0.005 0.002 0.003 0.008 0.006 0.000 0.011 0.013 0.015 0.000 0.000 0.000 0.020 0.024 0.028 0.013 0.031 0.003 0.008 0.034 0.050 0.022 0.016 0.053 0.031 0.006 0.000 0.016 0.015 0.008 0.039 0.017 0.011 0.033 0.010 0.011 0.005 0.081 0.025 0.013 0.015 0.047 0.022 0.037 0.005 0.031 0.010 0.008 0.000 0.006 0.000 0.007 0.032 0.037 0.021 0.006 0.000 0.007 0.005 0.006 0.009 0.003 0.037 0.023 0.032 0.008 0.019 0.016 0.017 0.028 0.026 0.019 0.011 0.031 0.010 0.006 0.062 0.033 0.049 0.003 0.056 0.018 0.035 0.009 0.004 0.012 0.007 0.030 0.041 0.019 0.059 0.040 0.020 0.006 0.023 0.014 0.031 0.053 0.012 0.010 0.009 0.020 0.023 0.008 0.018 0.040 0.083 0.047 0.104 0.070 0.047 0.041 0.014 0.025 0.021 0.031 0.026 0.037 0.024 0.022 0.008 0.026 0.028 0.037 0.023 0.019 0.068 0.037 0.048 0.056 0.097 0.047 0.048 0.028 0.014 0.000 0.040 0.010 0.065 0.120 0.039 0.012 0.005 0.006 0.015)  0.120 0.120 0.120 0.120 0.120 0.120 0.120 0.123 0.123 0.123 0.123 0.123 0.123 0.123 0.115 0.115 0.115 0.121 0.121 0.121 0.121 0.121 0.121 0.121 0.113 0.113 0.113 0.113 0.113 0.094 0.094 0.094 0.094 0.094 0.111 0.082 0.095 0.107 0.129 0.122 0.122 0.121 0.121 0.102 0.117 0.105 0.106 0.087 0.067 0.079 0.089 0.089 0.126 0.106 0.119 0.106 0.126 0.118 0.126 0.125 0.117 0.120 0.123 0.113 0.114 0.111 0.128 0.127 0.123 0.108 0.104 0.103 0.110 0.095 0.124 0.115 0.089 0.077 0.104 0.115 0.075 0.096 0.116 0.122 0.113 0.105 0.122 0.089 0.106 0.119 0.092 0.114 0.113 0.114 0.031 0.098 0.121 0.113 0.081 0.106 0.087 0.118 0.099 0.115 0.115 0.121 0.130 0.127 0.125 0.079 0.107 0.104 0.123 0.129 0.119 0.118 0.111 0.114 0.125 0.098 0.103 0.099 0.112 0.112 0.109 0.108 0.096 0.091 0.090 0.123 0.106 0.113 0.117 0.068 0.091 0.062 0.127 0.067 0.103 0.084 0.115 0.130 0.116 0.117 0.094 0.091 0.105 0.078 0.076 0.109 0.123 0.095 0.106 0.093 0.072 0.107 0.099 0.116 0.100 0.099 0.124 0.105 0.079 0.046 0.076 0.012 0.055 0.081 0.088 0.111 0.099 0.100 0.105 0.088 0.089 0.095 0.113 0.117 0.104 0.098 0.097 0.102 0.107 0.055 0.088 0.063 0.062 0.023 0.094 0.071 0.089 0.107 0.130 0.093 0.113 0.065 0.000 0.094 0.107 0.116 0.123 0.108)  
Brain region: VISl: 162 neurons, VISp: 29282 neurons  
Data verification complete.
