Data format is valid, no errors or warnings.
Number of sessions: 152
Total number of trials: 12216
Number of trials per session: [80, 80, 80, 80, 80, 80, 80, 80, 80, 80, 80, 80, 80, 80, 80, 80, 80, 80, 80, 80, 80, 80, 80, 80, 80, 80, 80, 80, 80, 80, 80, 80, 80, 80, 80, 80, 80, 80, 60, 80, 80, 80, 80, 80, 80, 80, 80, 80, 80, 80, 80, 80, 80, 80, 80, 80, 80, 80, 80, 80, 80, 80, 80, 80, 80, 80, 80, 80, 80, 80, 80, 80, 80, 80, 80, 80, 80, 80, 80, 80, 80, 80, 80, 80, 80, 80, 80, 80, 80, 80, 80, 80, 80, 80, 80, 80, 80, 80, 80, 80, 80, 80, 80, 80, 80, 80, 80, 80, 80, 80, 80, 80, 80, 80, 80, 80, 80, 80, 80, 90, 80, 80, 80, 100, 80, 80, 75, 41, 80, 80, 80, 80, 50, 80, 80, 80, 80, 80, 100, 80, 100, 80, 80, 80, 100, 100, 80, 80, 80, 100, 80, 100]
Number of subjects: 11
Number of brain regions: 1
Number of sessions per subject:
  Subject m11: 12 sessions
  Subject m12: 14 sessions
  Subject m13: 14 sessions
  Subject m14: 14 sessions
  Subject m15: 14 sessions
  Subject m17: 14 sessions
  Subject m18: 14 sessions
  Subject m19: 14 sessions
  Subject m3: 14 sessions
  Subject m4: 14 sessions
  Subject m7: 14 sessions
Input dimension: 4
Output dimension: 6
Summary statistics (across all sessions):
  T: mean: 297.53, median: 270.73, min: 104, max: 10132
  n_neurons: mean: 1711.12', min: 315, max: 3934
  Input range:
    time_from_trial_start_sec: [0.0, 653.3]
    environment: [0.0, 1.0]
    trial_number: [0.0, 99.0]
    previous_trial_outcome: [0.0, 1.0]
  Output range:
    distance_to_reward_zone: [0.0, 6.0]
    absolute_position: [0.0, 4.0]
    speed: [0.0, 4.0]
    lick: [0.0, 1.0]
    reward_zone_location: [0.0, 2.0]
    reward_outcome: [0.0, 1.0]
  Unique outputs per dimension (fraction of data):
    distance_to_reward_zone: {lt_-50 (0.540), -50_to_-10 (0.064), -10_to_0 (0.068), 0 (0.002), 0_to_10 (0.077), 10_to_50 (0.056), gt_50 (0.194)}
    absolute_position: {pos_bin_0 (0.327), pos_bin_1 (0.181), pos_bin_2 (0.185), pos_bin_3 (0.181), pos_bin_4 (0.126)}
    speed: {lt_2 (0.113), 2_to_10 (0.069), 10_to_20 (0.108), 20_to_40 (0.273), gt_40 (0.436)}
    lick: {no (0.817), yes (0.183)}
    reward_zone_location: {A (0.613), B (0.258), C (0.128)}
    reward_outcome: {no (0.189), yes (0.811)}
  Brain region distribution:
    CA1: 260091 neurons

Per-session statistics:
  Mean T: 245.7, 260.0, 256.5, 262.1, 253.1, 241.8, 242.5, 247.6, 242.3, 268.7, 271.5, 247.3, 218.7, 212.7, 213.8, 214.8, 233.9, 205.0, 219.4, 215.3, 199.0, 220.4, 261.0, 212.3, 218.8, 199.1, 273.0, 267.9, 260.3, 242.9, 232.9, 221.5, 238.7, 228.9, 232.2, 265.0, 307.6, 272.0, 233.6, 241.6, 281.1, 294.7, 280.2, 232.0, 238.0, 222.0, 212.7, 216.8, 192.4, 208.4, 210.3, 192.2, 185.6, 222.9, 297.5, 258.8, 269.9, 321.8, 280.3, 238.3, 222.5, 227.9, 207.2, 236.0, 229.2, 190.3, 202.6, 255.4, 280.9, 241.7, 271.6, 282.1, 348.8, 405.6, 357.1, 271.7, 379.1, 304.4, 237.3, 243.0, 272.2, 233.4, 282.0, 285.3, 348.4, 329.4, 374.1, 310.6, 290.2, 289.8, 283.7, 267.5, 291.3, 273.0, 244.9, 267.9, 325.7, 306.4, 365.6, 404.9, 386.9, 306.7, 369.4, 379.2, 314.2, 397.1, 323.0, 341.7, 285.1, 291.4, 421.1, 356.2, 326.5, 352.0, 425.3, 313.2, 318.5, 352.8, 328.3, 291.9, 310.2, 318.6, 224.8, 227.5, 509.0, 434.4, 534.8, 991.5, 574.9, 446.6, 398.7, 470.3, 840.5, 623.4, 393.9, 508.0, 498.1, 642.0, 274.6, 288.4, 283.5, 241.5, 280.8, 262.2, 216.7, 211.2, 222.4, 253.9, 219.6, 234.7, 230.9, 278.6
  Min T: 157, 189, 157, 172, 178, 175, 146, 149, 146, 191, 208, 175, 139, 133, 113, 132, 160, 139, 151, 125, 104, 138, 152, 136, 152, 145, 174, 148, 181, 178, 158, 149, 150, 119, 144, 171, 179, 173, 149, 170, 203, 164, 200, 145, 152, 149, 152, 123, 132, 134, 126, 104, 118, 139, 154, 176, 185, 183, 162, 138, 148, 148, 120, 157, 142, 121, 131, 107, 166, 158, 173, 179, 246, 244, 257, 154, 274, 217, 167, 166, 183, 150, 193, 207, 222, 209, 237, 212, 208, 200, 191, 191, 194, 196, 158, 202, 206, 185, 232, 238, 264, 229, 210, 247, 230, 278, 225, 176, 210, 223, 246, 229, 252, 236, 226, 199, 214, 234, 226, 182, 218, 168, 124, 156, 237, 235, 307, 376, 189, 240, 230, 258, 338, 243, 226, 311, 321, 340, 188, 143, 128, 140, 152, 148, 140, 127, 104, 143, 132, 146, 142, 153
  Max T: 392, 599, 497, 727, 454, 384, 673, 419, 695, 619, 521, 415, 397, 561, 367, 399, 356, 416, 410, 382, 460, 560, 460, 456, 449, 345, 440, 542, 546, 379, 378, 377, 387, 534, 350, 484, 556, 496, 369, 375, 600, 989, 418, 420, 427, 485, 422, 410, 322, 404, 337, 407, 342, 337, 895, 703, 890, 802, 725, 417, 390, 424, 377, 404, 620, 355, 669, 1143, 545, 621, 789, 583, 508, 1223, 699, 418, 714, 592, 635, 663, 479, 450, 402, 468, 568, 493, 878, 590, 507, 551, 591, 493, 433, 477, 471, 462, 582, 609, 522, 616, 699, 531, 594, 585, 440, 718, 691, 657, 391, 414, 1774, 893, 1147, 989, 2229, 536, 890, 1212, 936, 1333, 747, 1242, 671, 758, 1494, 1155, 1749, 8437, 4201, 3365, 1906, 1438, 8109, 10132, 980, 1449, 1277, 1537, 733, 492, 450, 758, 506, 618, 410, 763, 453, 397, 398, 479, 504, 578
  n_neurons: 349, 315, 358, 332, 446, 502, 424, 419, 431, 425, 473, 661, 3779, 1998, 2070, 1818, 2325, 1889, 2577, 2543, 2023, 2324, 2443, 2113, 2192, 2568, 2036, 1536, 1648, 1718, 1625, 1476, 1882, 1650, 1375, 1524, 1671, 1592, 1528, 1791, 2327, 1115, 1154, 1217, 1199, 1115, 1942, 2110, 1268, 1507, 1392, 1610, 1287, 1662, 1498, 1592, 1957, 1558, 2071, 1555, 1992, 1933, 1798, 2026, 1199, 2020, 1539, 2036, 936, 3934, 1206, 999, 1176, 929, 1072, 1151, 1135, 1096, 1126, 1169, 1092, 1106, 1994, 1608, 2109, 1549, 1762, 1193, 1688, 2078, 1635, 1908, 1190, 1704, 1231, 1955, 862, 709, 796, 851, 854, 912, 1012, 963, 831, 858, 748, 1110, 902, 1294, 2929, 2616, 2999, 2535, 2871, 2399, 2430, 2345, 2299, 2296, 2590, 2724, 2758, 2668, 1913, 1990, 2029, 2113, 2026, 2210, 2034, 2427, 2201, 2211, 2540, 2427, 2070, 2329, 2724, 2786, 2782, 2085, 2102, 2268, 2008, 2087, 2076, 2103, 2153, 2222, 2308, 2447
  Input range:
    0: [0.0, 25.2] [0.0, 38.6] [0.0, 32.0] [0.0, 46.8] [0.0, 29.2] [0.0, 24.8] [0.0, 43.4] [0.0, 27.0] [0.0, 44.8] [0.0, 39.9] [0.0, 33.5] [0.0, 26.7] [0.0, 25.5] [0.0, 36.1] [0.0, 23.6] [0.0, 25.7] [0.0, 23.0] [0.0, 26.8] [0.0, 26.4] [0.0, 24.6] [0.0, 29.6] [0.0, 36.1] [0.0, 29.6] [0.0, 29.3] [0.0, 28.9] [0.0, 22.2] [0.0, 28.4] [0.0, 34.9] [0.0, 35.1] [0.0, 24.4] [0.0, 24.3] [0.0, 24.2] [0.1, 25.0] [0.0, 34.4] [0.0, 22.5] [0.0, 31.1] [0.0, 35.8] [0.0, 31.9] [0.0, 23.7] [0.0, 24.1] [0.0, 38.6] [0.0, 63.8] [0.0, 26.9] [0.0, 27.0] [0.0, 27.5] [0.0, 31.3] [0.0, 27.1] [0.0, 26.4] [0.0, 20.7] [0.0, 26.0] [0.0, 21.7] [0.0, 26.2] [0.0, 22.0] [0.0, 21.7] [0.0, 57.6] [0.0, 45.3] [0.0, 57.4] [0.0, 51.7] [0.0, 46.7] [0.0, 26.8] [0.0, 25.1] [0.0, 27.3] [0.0, 24.3] [0.0, 26.0] [0.0, 39.9] [0.0, 22.8] [0.0, 43.1] [0.0, 73.7] [0.0, 35.1] [0.0, 40.0] [0.0, 50.9] [0.0, 37.6] [0.0, 32.8] [0.0, 78.9] [0.0, 45.0] [0.0, 26.9] [0.0, 46.0] [0.0, 38.1] [0.0, 40.9] [0.0, 42.7] [0.0, 30.8] [0.0, 29.0] [0.0, 25.9] [0.0, 30.1] [0.0, 36.6] [0.0, 31.7] [0.0, 56.6] [0.0, 38.0] [0.0, 32.6] [0.0, 35.5] [0.0, 38.0] [0.0, 31.7] [0.0, 27.9] [0.0, 30.7] [0.0, 30.4] [0.0, 29.7] [0.0, 37.5] [0.0, 39.2] [0.0, 33.6] [0.0, 39.7] [0.0, 45.0] [0.0, 34.2] [0.0, 38.2] [0.0, 37.7] [0.0, 28.3] [0.0, 46.2] [0.0, 44.5] [0.0, 42.3] [0.0, 25.1] [0.0, 26.6] [0.0, 114.3] [0.0, 57.5] [0.0, 73.9] [0.0, 63.7] [0.0, 143.7] [0.0, 34.6] [0.0, 57.3] [0.0, 78.1] [0.0, 60.3] [0.0, 85.9] [0.0, 48.1] [0.0, 80.0] [0.0, 43.2] [0.0, 48.8] [0.0, 96.3] [0.0, 74.5] [0.0, 112.7] [0.0, 544.0] [0.0, 270.8] [0.0, 216.9] [0.0, 122.8] [0.0, 92.7] [0.0, 522.8] [0.0, 653.3] [0.0, 63.1] [0.0, 93.4] [0.0, 82.3] [0.0, 99.0] [0.0, 47.2] [0.0, 31.7] [0.0, 29.0] [0.0, 48.8] [0.0, 32.6] [0.0, 39.8] [0.0, 26.4] [0.0, 49.1] [0.0, 29.1] [0.0, 25.5] [0.0, 25.7] [0.0, 30.8] [0.0, 32.4] [0.0, 37.2] 
    1: [0.0, 0.0] [0.0, 0.0] [0.0, 0.0] [0.0, 0.0] [0.0, 0.0] [0.0, 1.0] [1.0, 1.0] [1.0, 1.0] [1.0, 1.0] [1.0, 1.0] [1.0, 1.0] [1.0, 1.0] [0.0, 0.0] [0.0, 0.0] [0.0, 0.0] [0.0, 0.0] [0.0, 0.0] [0.0, 0.0] [0.0, 0.0] [0.0, 1.0] [1.0, 1.0] [1.0, 1.0] [1.0, 1.0] [1.0, 1.0] [1.0, 1.0] [1.0, 1.0] [0.0, 0.0] [0.0, 0.0] [0.0, 0.0] [0.0, 0.0] [0.0, 0.0] [0.0, 0.0] [0.0, 0.0] [0.0, 1.0] [1.0, 1.0] [1.0, 1.0] [1.0, 1.0] [1.0, 1.0] [1.0, 1.0] [1.0, 1.0] [0.0, 0.0] [0.0, 0.0] [0.0, 0.0] [0.0, 0.0] [0.0, 0.0] [0.0, 0.0] [0.0, 0.0] [0.0, 1.0] [1.0, 1.0] [1.0, 1.0] [1.0, 1.0] [1.0, 1.0] [1.0, 1.0] [1.0, 1.0] [0.0, 0.0] [0.0, 0.0] [0.0, 0.0] [0.0, 0.0] [0.0, 0.0] [0.0, 0.0] [0.0, 0.0] [0.0, 1.0] [1.0, 1.0] [1.0, 1.0] [1.0, 1.0] [1.0, 1.0] [1.0, 1.0] [1.0, 1.0] [1.0, 1.0] [1.0, 1.0] [1.0, 1.0] [1.0, 1.0] [1.0, 1.0] [1.0, 1.0] [1.0, 1.0] [0.0, 1.0] [0.0, 0.0] [0.0, 0.0] [0.0, 0.0] [0.0, 0.0] [0.0, 0.0] [0.0, 0.0] [1.0, 1.0] [1.0, 1.0] [1.0, 1.0] [1.0, 1.0] [1.0, 1.0] [1.0, 1.0] [1.0, 1.0] [0.0, 1.0] [0.0, 0.0] [0.0, 0.0] [0.0, 0.0] [0.0, 0.0] [0.0, 0.0] [0.0, 0.0] [0.0, 0.0] [0.0, 0.0] [0.0, 0.0] [0.0, 0.0] [0.0, 0.0] [0.0, 0.0] [0.0, 0.0] [0.0, 1.0] [1.0, 1.0] [1.0, 1.0] [1.0, 1.0] [1.0, 1.0] [1.0, 1.0] [1.0, 1.0] [0.0, 0.0] [0.0, 0.0] [0.0, 0.0] [0.0, 0.0] [0.0, 0.0] [0.0, 0.0] [0.0, 0.0] [0.0, 1.0] [1.0, 1.0] [1.0, 1.0] [1.0, 1.0] [1.0, 1.0] [1.0, 1.0] [1.0, 1.0] [0.0, 0.0] [0.0, 0.0] [0.0, 0.0] [0.0, 0.0] [0.0, 0.0] [0.0, 0.0] [0.0, 0.0] [0.0, 1.0] [1.0, 1.0] [1.0, 1.0] [1.0, 1.0] [1.0, 1.0] [1.0, 1.0] [1.0, 1.0] [0.0, 0.0] [0.0, 0.0] [0.0, 0.0] [0.0, 0.0] [0.0, 0.0] [0.0, 0.0] [0.0, 0.0] [0.0, 1.0] [1.0, 1.0] [1.0, 1.0] [1.0, 1.0] [1.0, 1.0] [1.0, 1.0] [1.0, 1.0] 
    2: [0.0, 79.0] [0.0, 79.0] [0.0, 79.0] [0.0, 79.0] [0.0, 79.0] [0.0, 79.0] [0.0, 79.0] [0.0, 79.0] [0.0, 79.0] [0.0, 79.0] [0.0, 79.0] [0.0, 79.0] [0.0, 79.0] [0.0, 79.0] [0.0, 79.0] [0.0, 79.0] [0.0, 79.0] [0.0, 79.0] [0.0, 79.0] [0.0, 79.0] [0.0, 79.0] [0.0, 79.0] [0.0, 79.0] [0.0, 79.0] [0.0, 79.0] [0.0, 79.0] [0.0, 79.0] [0.0, 79.0] [0.0, 79.0] [0.0, 79.0] [0.0, 79.0] [0.0, 79.0] [0.0, 79.0] [0.0, 79.0] [0.0, 79.0] [0.0, 79.0] [0.0, 79.0] [0.0, 79.0] [0.0, 59.0] [0.0, 79.0] [0.0, 79.0] [0.0, 79.0] [0.0, 79.0] [0.0, 79.0] [0.0, 79.0] [0.0, 79.0] [0.0, 79.0] [0.0, 79.0] [0.0, 79.0] [0.0, 79.0] [0.0, 79.0] [0.0, 79.0] [0.0, 79.0] [0.0, 79.0] [0.0, 79.0] [0.0, 79.0] [0.0, 79.0] [0.0, 79.0] [0.0, 79.0] [0.0, 79.0] [0.0, 79.0] [0.0, 79.0] [0.0, 79.0] [0.0, 79.0] [0.0, 79.0] [0.0, 79.0] [0.0, 79.0] [0.0, 79.0] [0.0, 79.0] [0.0, 79.0] [0.0, 79.0] [0.0, 79.0] [0.0, 79.0] [0.0, 79.0] [0.0, 79.0] [0.0, 79.0] [0.0, 79.0] [0.0, 79.0] [0.0, 79.0] [0.0, 79.0] [0.0, 79.0] [0.0, 79.0] [0.0, 79.0] [0.0, 79.0] [0.0, 79.0] [0.0, 79.0] [0.0, 79.0] [0.0, 79.0] [0.0, 79.0] [0.0, 79.0] [0.0, 79.0] [0.0, 79.0] [0.0, 79.0] [0.0, 79.0] [0.0, 79.0] [0.0, 79.0] [0.0, 79.0] [0.0, 79.0] [0.0, 79.0] [0.0, 79.0] [0.0, 79.0] [0.0, 79.0] [0.0, 79.0] [0.0, 79.0] [0.0, 79.0] [0.0, 79.0] [0.0, 79.0] [0.0, 79.0] [0.0, 79.0] [0.0, 79.0] [0.0, 79.0] [0.0, 79.0] [0.0, 79.0] [0.0, 79.0] [0.0, 79.0] [0.0, 79.0] [0.0, 79.0] [0.0, 79.0] [0.0, 79.0] [0.0, 89.0] [0.0, 79.0] [0.0, 79.0] [0.0, 79.0] [0.0, 99.0] [0.0, 79.0] [0.0, 79.0] [0.0, 74.0] [0.0, 40.0] [0.0, 79.0] [0.0, 79.0] [0.0, 79.0] [0.0, 79.0] [0.0, 49.0] [0.0, 79.0] [0.0, 79.0] [0.0, 79.0] [0.0, 79.0] [0.0, 79.0] [0.0, 99.0] [0.0, 79.0] [0.0, 99.0] [0.0, 79.0] [0.0, 79.0] [0.0, 79.0] [0.0, 99.0] [0.0, 99.0] [0.0, 79.0] [0.0, 79.0] [0.0, 79.0] [0.0, 99.0] [0.0, 79.0] [0.0, 99.0] 
    3: [0.0, 1.0] [0.0, 1.0] [0.0, 1.0] [0.0, 1.0] [0.0, 1.0] [0.0, 1.0] [0.0, 1.0] [0.0, 1.0] [0.0, 1.0] [0.0, 1.0] [0.0, 1.0] [0.0, 1.0] [0.0, 1.0] [0.0, 1.0] [0.0, 1.0] [0.0, 1.0] [0.0, 1.0] [0.0, 1.0] [0.0, 1.0] [0.0, 1.0] [0.0, 1.0] [0.0, 1.0] [0.0, 1.0] [0.0, 1.0] [0.0, 1.0] [0.0, 1.0] [0.0, 1.0] [0.0, 1.0] [0.0, 1.0] [0.0, 1.0] [0.0, 1.0] [0.0, 1.0] [0.0, 1.0] [0.0, 1.0] [0.0, 1.0] [0.0, 1.0] [0.0, 1.0] [0.0, 1.0] [0.0, 1.0] [0.0, 1.0] [0.0, 1.0] [0.0, 1.0] [0.0, 1.0] [0.0, 1.0] [0.0, 1.0] [0.0, 1.0] [0.0, 1.0] [0.0, 1.0] [0.0, 1.0] [0.0, 1.0] [0.0, 1.0] [0.0, 1.0] [0.0, 1.0] [0.0, 1.0] [0.0, 1.0] [0.0, 1.0] [0.0, 1.0] [0.0, 1.0] [0.0, 1.0] [0.0, 1.0] [0.0, 1.0] [0.0, 1.0] [0.0, 1.0] [0.0, 1.0] [0.0, 1.0] [0.0, 1.0] [0.0, 1.0] [0.0, 1.0] [0.0, 1.0] [0.0, 1.0] [0.0, 1.0] [0.0, 1.0] [0.0, 1.0] [0.0, 1.0] [0.0, 1.0] [0.0, 1.0] [0.0, 1.0] [0.0, 1.0] [0.0, 1.0] [0.0, 1.0] [0.0, 1.0] [0.0, 1.0] [0.0, 1.0] [0.0, 1.0] [0.0, 1.0] [0.0, 1.0] [0.0, 1.0] [0.0, 1.0] [0.0, 1.0] [0.0, 1.0] [0.0, 1.0] [0.0, 1.0] [0.0, 1.0] [0.0, 1.0] [0.0, 1.0] [0.0, 1.0] [0.0, 1.0] [0.0, 1.0] [0.0, 1.0] [0.0, 1.0] [0.0, 1.0] [0.0, 1.0] [0.0, 1.0] [0.0, 1.0] [0.0, 1.0] [0.0, 1.0] [0.0, 1.0] [0.0, 1.0] [0.0, 1.0] [0.0, 1.0] [0.0, 1.0] [0.0, 1.0] [0.0, 1.0] [0.0, 1.0] [0.0, 1.0] [0.0, 1.0] [0.0, 1.0] [0.0, 1.0] [0.0, 1.0] [0.0, 1.0] [0.0, 1.0] [0.0, 1.0] [0.0, 1.0] [0.0, 1.0] [0.0, 1.0] [0.0, 1.0] [0.0, 1.0] [0.0, 1.0] [0.0, 1.0] [0.0, 1.0] [0.0, 1.0] [0.0, 1.0] [0.0, 1.0] [0.0, 1.0] [0.0, 1.0] [0.0, 1.0] [0.0, 1.0] [0.0, 1.0] [0.0, 1.0] [0.0, 1.0] [0.0, 1.0] [0.0, 1.0] [0.0, 1.0] [0.0, 1.0] [0.0, 1.0] [0.0, 1.0] [0.0, 1.0] [0.0, 1.0] [0.0, 1.0] [0.0, 1.0] [0.0, 1.0] [0.0, 1.0] 
  Output range:
    0: [0.0, 6.0] [0.0, 6.0] [0.0, 6.0] [0.0, 6.0] [0.0, 6.0] [0.0, 6.0] [0.0, 6.0] [0.0, 6.0] [0.0, 6.0] [0.0, 6.0] [0.0, 6.0] [0.0, 6.0] [0.0, 6.0] [0.0, 6.0] [0.0, 6.0] [0.0, 6.0] [0.0, 6.0] [0.0, 6.0] [0.0, 6.0] [0.0, 6.0] [0.0, 6.0] [0.0, 6.0] [0.0, 6.0] [0.0, 6.0] [0.0, 6.0] [0.0, 6.0] [0.0, 6.0] [0.0, 6.0] [0.0, 6.0] [0.0, 6.0] [0.0, 6.0] [0.0, 6.0] [0.0, 6.0] [0.0, 6.0] [0.0, 6.0] [0.0, 6.0] [0.0, 6.0] [0.0, 6.0] [0.0, 6.0] [0.0, 6.0] [0.0, 6.0] [0.0, 6.0] [0.0, 6.0] [0.0, 6.0] [0.0, 6.0] [0.0, 6.0] [0.0, 6.0] [0.0, 6.0] [0.0, 6.0] [0.0, 6.0] [0.0, 6.0] [0.0, 6.0] [0.0, 6.0] [0.0, 6.0] [0.0, 6.0] [0.0, 6.0] [0.0, 6.0] [0.0, 6.0] [0.0, 6.0] [0.0, 6.0] [0.0, 6.0] [0.0, 6.0] [0.0, 6.0] [0.0, 6.0] [0.0, 6.0] [0.0, 6.0] [0.0, 6.0] [0.0, 6.0] [0.0, 6.0] [0.0, 6.0] [0.0, 6.0] [0.0, 6.0] [0.0, 6.0] [0.0, 6.0] [0.0, 6.0] [0.0, 6.0] [0.0, 6.0] [0.0, 6.0] [0.0, 6.0] [0.0, 6.0] [0.0, 6.0] [0.0, 6.0] [0.0, 6.0] [0.0, 6.0] [0.0, 6.0] [0.0, 6.0] [0.0, 6.0] [0.0, 6.0] [0.0, 6.0] [0.0, 6.0] [0.0, 6.0] [0.0, 6.0] [0.0, 6.0] [0.0, 6.0] [0.0, 6.0] [0.0, 6.0] [0.0, 6.0] [0.0, 6.0] [0.0, 6.0] [0.0, 6.0] [0.0, 6.0] [0.0, 6.0] [0.0, 6.0] [0.0, 6.0] [0.0, 6.0] [0.0, 6.0] [0.0, 6.0] [0.0, 6.0] [0.0, 6.0] [0.0, 6.0] [0.0, 6.0] [0.0, 6.0] [0.0, 6.0] [0.0, 6.0] [0.0, 6.0] [0.0, 6.0] [0.0, 6.0] [0.0, 6.0] [0.0, 6.0] [0.0, 6.0] [0.0, 6.0] [0.0, 6.0] [0.0, 6.0] [0.0, 6.0] [0.0, 6.0] [0.0, 6.0] [0.0, 6.0] [0.0, 6.0] [0.0, 6.0] [0.0, 6.0] [0.0, 6.0] [0.0, 6.0] [0.0, 6.0] [0.0, 6.0] [0.0, 6.0] [0.0, 6.0] [0.0, 6.0] [0.0, 6.0] [0.0, 6.0] [0.0, 6.0] [0.0, 6.0] [0.0, 6.0] [0.0, 6.0] [0.0, 6.0] [0.0, 6.0] [0.0, 6.0] [0.0, 6.0] [0.0, 6.0] [0.0, 6.0] [0.0, 6.0] [0.0, 6.0] [0.0, 6.0] 
    1: [0.0, 4.0] [0.0, 4.0] [0.0, 4.0] [0.0, 4.0] [0.0, 4.0] [0.0, 4.0] [0.0, 4.0] [0.0, 4.0] [0.0, 4.0] [0.0, 4.0] [0.0, 4.0] [0.0, 4.0] [0.0, 4.0] [0.0, 4.0] [0.0, 4.0] [0.0, 4.0] [0.0, 4.0] [0.0, 4.0] [0.0, 4.0] [0.0, 4.0] [0.0, 4.0] [0.0, 4.0] [0.0, 4.0] [0.0, 4.0] [0.0, 4.0] [0.0, 4.0] [0.0, 4.0] [0.0, 4.0] [0.0, 4.0] [0.0, 4.0] [0.0, 4.0] [0.0, 4.0] [0.0, 4.0] [0.0, 4.0] [0.0, 4.0] [0.0, 4.0] [0.0, 4.0] [0.0, 4.0] [0.0, 4.0] [0.0, 4.0] [0.0, 4.0] [0.0, 4.0] [0.0, 4.0] [0.0, 4.0] [0.0, 4.0] [0.0, 4.0] [0.0, 4.0] [0.0, 4.0] [0.0, 4.0] [0.0, 4.0] [0.0, 4.0] [0.0, 4.0] [0.0, 4.0] [0.0, 4.0] [0.0, 4.0] [0.0, 4.0] [0.0, 4.0] [0.0, 4.0] [0.0, 4.0] [0.0, 4.0] [0.0, 4.0] [0.0, 4.0] [0.0, 4.0] [0.0, 4.0] [0.0, 4.0] [0.0, 4.0] [0.0, 4.0] [0.0, 4.0] [0.0, 4.0] [0.0, 4.0] [0.0, 4.0] [0.0, 4.0] [0.0, 4.0] [0.0, 4.0] [0.0, 4.0] [0.0, 4.0] [0.0, 4.0] [0.0, 4.0] [0.0, 4.0] [0.0, 4.0] [0.0, 4.0] [0.0, 4.0] [0.0, 4.0] [0.0, 4.0] [0.0, 4.0] [0.0, 4.0] [0.0, 4.0] [0.0, 4.0] [0.0, 4.0] [0.0, 4.0] [0.0, 4.0] [0.0, 4.0] [0.0, 4.0] [0.0, 4.0] [0.0, 4.0] [0.0, 4.0] [0.0, 4.0] [0.0, 4.0] [0.0, 4.0] [0.0, 4.0] [0.0, 4.0] [0.0, 4.0] [0.0, 4.0] [0.0, 4.0] [0.0, 4.0] [0.0, 4.0] [0.0, 4.0] [0.0, 4.0] [0.0, 4.0] [0.0, 4.0] [0.0, 4.0] [0.0, 4.0] [0.0, 4.0] [0.0, 4.0] [0.0, 4.0] [0.0, 4.0] [0.0, 4.0] [0.0, 4.0] [0.0, 4.0] [0.0, 4.0] [0.0, 4.0] [0.0, 4.0] [0.0, 4.0] [0.0, 4.0] [0.0, 4.0] [0.0, 4.0] [0.0, 4.0] [0.0, 4.0] [0.0, 4.0] [0.0, 4.0] [0.0, 4.0] [0.0, 4.0] [0.0, 4.0] [0.0, 4.0] [0.0, 4.0] [0.0, 4.0] [0.0, 4.0] [0.0, 4.0] [0.0, 4.0] [0.0, 4.0] [0.0, 4.0] [0.0, 4.0] [0.0, 4.0] [0.0, 4.0] [0.0, 4.0] [0.0, 4.0] [0.0, 4.0] [0.0, 4.0] [0.0, 4.0] [0.0, 4.0] [0.0, 4.0] [0.0, 4.0] 
    2: [0.0, 4.0] [0.0, 4.0] [0.0, 4.0] [0.0, 4.0] [0.0, 4.0] [0.0, 4.0] [0.0, 4.0] [0.0, 4.0] [0.0, 4.0] [0.0, 4.0] [0.0, 4.0] [0.0, 4.0] [0.0, 4.0] [0.0, 4.0] [0.0, 4.0] [0.0, 4.0] [0.0, 4.0] [0.0, 4.0] [0.0, 4.0] [0.0, 4.0] [0.0, 4.0] [0.0, 4.0] [0.0, 4.0] [0.0, 4.0] [0.0, 4.0] [0.0, 4.0] [0.0, 4.0] [0.0, 4.0] [0.0, 4.0] [0.0, 4.0] [0.0, 4.0] [0.0, 4.0] [0.0, 4.0] [0.0, 4.0] [0.0, 4.0] [0.0, 4.0] [0.0, 4.0] [0.0, 4.0] [0.0, 4.0] [0.0, 4.0] [0.0, 4.0] [0.0, 4.0] [0.0, 4.0] [0.0, 4.0] [0.0, 4.0] [0.0, 4.0] [0.0, 4.0] [0.0, 4.0] [0.0, 4.0] [0.0, 4.0] [0.0, 4.0] [0.0, 4.0] [0.0, 4.0] [0.0, 4.0] [0.0, 4.0] [0.0, 4.0] [0.0, 4.0] [0.0, 4.0] [0.0, 4.0] [0.0, 4.0] [0.0, 4.0] [0.0, 4.0] [0.0, 4.0] [0.0, 4.0] [0.0, 4.0] [0.0, 4.0] [0.0, 4.0] [0.0, 4.0] [0.0, 4.0] [0.0, 4.0] [0.0, 4.0] [0.0, 4.0] [0.0, 4.0] [0.0, 4.0] [0.0, 4.0] [0.0, 4.0] [0.0, 4.0] [0.0, 4.0] [0.0, 4.0] [0.0, 4.0] [0.0, 4.0] [0.0, 4.0] [0.0, 4.0] [0.0, 4.0] [0.0, 4.0] [0.0, 4.0] [0.0, 4.0] [0.0, 4.0] [0.0, 4.0] [0.0, 4.0] [0.0, 4.0] [0.0, 4.0] [0.0, 4.0] [0.0, 4.0] [0.0, 4.0] [0.0, 4.0] [0.0, 4.0] [0.0, 4.0] [0.0, 4.0] [0.0, 4.0] [0.0, 4.0] [0.0, 4.0] [0.0, 4.0] [0.0, 4.0] [0.0, 4.0] [0.0, 4.0] [0.0, 4.0] [0.0, 4.0] [0.0, 4.0] [0.0, 4.0] [0.0, 4.0] [0.0, 4.0] [0.0, 4.0] [0.0, 4.0] [0.0, 4.0] [0.0, 4.0] [0.0, 4.0] [0.0, 4.0] [0.0, 4.0] [0.0, 4.0] [0.0, 4.0] [0.0, 4.0] [0.0, 4.0] [0.0, 4.0] [0.0, 4.0] [0.0, 4.0] [0.0, 4.0] [0.0, 4.0] [0.0, 4.0] [0.0, 4.0] [0.0, 4.0] [0.0, 4.0] [0.0, 4.0] [0.0, 4.0] [0.0, 4.0] [0.0, 4.0] [0.0, 4.0] [0.0, 4.0] [0.0, 4.0] [0.0, 4.0] [0.0, 4.0] [0.0, 4.0] [0.0, 4.0] [0.0, 4.0] [0.0, 4.0] [0.0, 4.0] [0.0, 4.0] [0.0, 4.0] [0.0, 4.0] [0.0, 4.0] [0.0, 4.0] [0.0, 4.0] 
    3: [0.0, 1.0] [0.0, 1.0] [0.0, 1.0] [0.0, 1.0] [0.0, 1.0] [0.0, 1.0] [0.0, 1.0] [0.0, 1.0] [0.0, 1.0] [0.0, 1.0] [0.0, 1.0] [0.0, 1.0] [0.0, 1.0] [0.0, 1.0] [0.0, 1.0] [0.0, 1.0] [0.0, 1.0] [0.0, 1.0] [0.0, 1.0] [0.0, 1.0] [0.0, 1.0] [0.0, 1.0] [0.0, 1.0] [0.0, 1.0] [0.0, 1.0] [0.0, 1.0] [0.0, 1.0] [0.0, 1.0] [0.0, 1.0] [0.0, 1.0] [0.0, 1.0] [0.0, 1.0] [0.0, 1.0] [0.0, 1.0] [0.0, 1.0] [0.0, 1.0] [0.0, 1.0] [0.0, 1.0] [0.0, 1.0] [0.0, 1.0] [0.0, 1.0] [0.0, 1.0] [0.0, 1.0] [0.0, 1.0] [0.0, 1.0] [0.0, 1.0] [0.0, 1.0] [0.0, 1.0] [0.0, 1.0] [0.0, 1.0] [0.0, 1.0] [0.0, 1.0] [0.0, 1.0] [0.0, 1.0] [0.0, 1.0] [0.0, 1.0] [0.0, 1.0] [0.0, 1.0] [0.0, 1.0] [0.0, 1.0] [0.0, 1.0] [0.0, 1.0] [0.0, 1.0] [0.0, 1.0] [0.0, 1.0] [0.0, 1.0] [0.0, 1.0] [0.0, 1.0] [0.0, 1.0] [0.0, 1.0] [0.0, 1.0] [0.0, 1.0] [0.0, 1.0] [0.0, 1.0] [0.0, 1.0] [0.0, 1.0] [0.0, 1.0] [0.0, 1.0] [0.0, 1.0] [0.0, 1.0] [0.0, 1.0] [0.0, 1.0] [0.0, 1.0] [0.0, 1.0] [0.0, 1.0] [0.0, 1.0] [0.0, 1.0] [0.0, 1.0] [0.0, 1.0] [0.0, 1.0] [0.0, 1.0] [0.0, 1.0] [0.0, 1.0] [0.0, 1.0] [0.0, 1.0] [0.0, 1.0] [0.0, 1.0] [0.0, 1.0] [0.0, 1.0] [0.0, 1.0] [0.0, 1.0] [0.0, 1.0] [0.0, 1.0] [0.0, 1.0] [0.0, 1.0] [0.0, 1.0] [0.0, 1.0] [0.0, 1.0] [0.0, 1.0] [0.0, 1.0] [0.0, 1.0] [0.0, 1.0] [0.0, 1.0] [0.0, 1.0] [0.0, 1.0] [0.0, 1.0] [0.0, 1.0] [0.0, 1.0] [0.0, 1.0] [0.0, 1.0] [0.0, 1.0] [0.0, 1.0] [0.0, 1.0] [0.0, 1.0] [0.0, 1.0] [0.0, 1.0] [0.0, 1.0] [0.0, 1.0] [0.0, 1.0] [0.0, 1.0] [0.0, 1.0] [0.0, 1.0] [0.0, 1.0] [0.0, 1.0] [0.0, 1.0] [0.0, 1.0] [0.0, 1.0] [0.0, 1.0] [0.0, 1.0] [0.0, 1.0] [0.0, 1.0] [0.0, 1.0] [0.0, 1.0] [0.0, 1.0] [0.0, 1.0] [0.0, 1.0] [0.0, 1.0] [0.0, 1.0] [0.0, 1.0] [0.0, 1.0] [0.0, 1.0] [0.0, 1.0] 
    4: [0.0, 2.0] [0.0, 2.0] [0.0, 2.0] [0.0, 2.0] [0.0, 2.0] [0.0, 2.0] [0.0, 2.0] [0.0, 2.0] [0.0, 2.0] [0.0, 2.0] [0.0, 2.0] [0.0, 2.0] [0.0, 2.0] [0.0, 2.0] [0.0, 2.0] [0.0, 2.0] [0.0, 2.0] [0.0, 2.0] [0.0, 2.0] [0.0, 2.0] [0.0, 2.0] [0.0, 2.0] [0.0, 2.0] [0.0, 2.0] [0.0, 2.0] [0.0, 2.0] [0.0, 2.0] [0.0, 2.0] [0.0, 2.0] [0.0, 2.0] [0.0, 2.0] [0.0, 2.0] [0.0, 2.0] [0.0, 2.0] [0.0, 2.0] [0.0, 2.0] [0.0, 2.0] [0.0, 2.0] [0.0, 2.0] [0.0, 2.0] [0.0, 2.0] [0.0, 2.0] [0.0, 2.0] [0.0, 2.0] [0.0, 2.0] [0.0, 2.0] [0.0, 2.0] [0.0, 2.0] [0.0, 2.0] [0.0, 2.0] [0.0, 2.0] [0.0, 2.0] [0.0, 2.0] [0.0, 2.0] [0.0, 2.0] [0.0, 2.0] [0.0, 2.0] [0.0, 2.0] [0.0, 2.0] [0.0, 2.0] [0.0, 2.0] [0.0, 2.0] [0.0, 2.0] [0.0, 2.0] [0.0, 2.0] [0.0, 2.0] [0.0, 2.0] [0.0, 2.0] [0.0, 2.0] [0.0, 2.0] [0.0, 2.0] [0.0, 2.0] [0.0, 2.0] [0.0, 2.0] [0.0, 2.0] [0.0, 2.0] [0.0, 2.0] [0.0, 2.0] [0.0, 2.0] [0.0, 2.0] [0.0, 2.0] [0.0, 2.0] [0.0, 2.0] [0.0, 2.0] [0.0, 2.0] [0.0, 2.0] [0.0, 2.0] [0.0, 2.0] [0.0, 2.0] [0.0, 2.0] [0.0, 2.0] [0.0, 2.0] [0.0, 2.0] [0.0, 2.0] [0.0, 2.0] [0.0, 2.0] [0.0, 2.0] [0.0, 2.0] [0.0, 2.0] [0.0, 2.0] [0.0, 2.0] [0.0, 2.0] [0.0, 2.0] [0.0, 2.0] [0.0, 2.0] [0.0, 2.0] [0.0, 2.0] [0.0, 2.0] [0.0, 2.0] [0.0, 2.0] [0.0, 2.0] [0.0, 2.0] [0.0, 2.0] [0.0, 2.0] [0.0, 2.0] [0.0, 2.0] [0.0, 2.0] [0.0, 2.0] [0.0, 2.0] [0.0, 2.0] [0.0, 2.0] [0.0, 2.0] [0.0, 2.0] [0.0, 2.0] [0.0, 2.0] [0.0, 2.0] [0.0, 2.0] [0.0, 2.0] [0.0, 2.0] [0.0, 2.0] [0.0, 2.0] [0.0, 2.0] [0.0, 2.0] [0.0, 2.0] [0.0, 2.0] [0.0, 2.0] [0.0, 2.0] [0.0, 2.0] [0.0, 2.0] [0.0, 2.0] [0.0, 2.0] [0.0, 2.0] [0.0, 2.0] [0.0, 2.0] [0.0, 2.0] [0.0, 2.0] [0.0, 2.0] [0.0, 2.0] [0.0, 2.0] [0.0, 2.0] [0.0, 2.0] [0.0, 2.0] 
    5: [0.0, 1.0] [0.0, 1.0] [0.0, 1.0] [0.0, 1.0] [0.0, 1.0] [0.0, 1.0] [0.0, 1.0] [0.0, 1.0] [0.0, 1.0] [0.0, 1.0] [0.0, 1.0] [0.0, 1.0] [0.0, 1.0] [0.0, 1.0] [0.0, 1.0] [0.0, 1.0] [0.0, 1.0] [0.0, 1.0] [0.0, 1.0] [0.0, 1.0] [0.0, 1.0] [0.0, 1.0] [0.0, 1.0] [0.0, 1.0] [0.0, 1.0] [0.0, 1.0] [0.0, 1.0] [0.0, 1.0] [0.0, 1.0] [0.0, 1.0] [0.0, 1.0] [0.0, 1.0] [0.0, 1.0] [0.0, 1.0] [0.0, 1.0] [0.0, 1.0] [0.0, 1.0] [0.0, 1.0] [0.0, 1.0] [0.0, 1.0] [0.0, 1.0] [0.0, 1.0] [0.0, 1.0] [0.0, 1.0] [0.0, 1.0] [0.0, 1.0] [0.0, 1.0] [0.0, 1.0] [0.0, 1.0] [0.0, 1.0] [0.0, 1.0] [0.0, 1.0] [0.0, 1.0] [0.0, 1.0] [0.0, 1.0] [0.0, 1.0] [0.0, 1.0] [0.0, 1.0] [0.0, 1.0] [0.0, 1.0] [0.0, 1.0] [0.0, 1.0] [0.0, 1.0] [0.0, 1.0] [0.0, 1.0] [0.0, 1.0] [0.0, 1.0] [0.0, 1.0] [0.0, 1.0] [0.0, 1.0] [0.0, 1.0] [0.0, 1.0] [0.0, 1.0] [0.0, 1.0] [0.0, 1.0] [0.0, 1.0] [0.0, 1.0] [0.0, 1.0] [0.0, 1.0] [0.0, 1.0] [0.0, 1.0] [0.0, 1.0] [0.0, 1.0] [0.0, 1.0] [0.0, 1.0] [0.0, 1.0] [0.0, 1.0] [0.0, 1.0] [0.0, 1.0] [0.0, 1.0] [0.0, 1.0] [0.0, 1.0] [0.0, 1.0] [0.0, 1.0] [0.0, 1.0] [0.0, 1.0] [0.0, 1.0] [0.0, 1.0] [0.0, 1.0] [0.0, 1.0] [0.0, 1.0] [0.0, 1.0] [0.0, 1.0] [0.0, 1.0] [0.0, 1.0] [0.0, 1.0] [0.0, 1.0] [0.0, 1.0] [0.0, 1.0] [0.0, 1.0] [0.0, 1.0] [0.0, 1.0] [0.0, 1.0] [0.0, 1.0] [0.0, 1.0] [0.0, 1.0] [0.0, 1.0] [0.0, 1.0] [0.0, 1.0] [0.0, 1.0] [0.0, 1.0] [0.0, 1.0] [0.0, 1.0] [0.0, 1.0] [0.0, 1.0] [0.0, 1.0] [0.0, 1.0] [0.0, 1.0] [0.0, 1.0] [0.0, 1.0] [0.0, 1.0] [0.0, 1.0] [0.0, 1.0] [0.0, 1.0] [0.0, 1.0] [0.0, 1.0] [0.0, 1.0] [0.0, 1.0] [0.0, 1.0] [0.0, 1.0] [0.0, 1.0] [0.0, 1.0] [0.0, 1.0] [0.0, 1.0] [0.0, 1.0] [0.0, 1.0] [0.0, 1.0] [0.0, 1.0] [0.0, 1.0] [0.0, 1.0] [0.0, 1.0] [0.0, 1.0] 
  Output fraction of data:
distance_to_reward_zone: (0.416 0.475 0.605 0.617 0.598 0.615 0.648 0.490 0.471 0.474 0.542 0.567 0.618 0.588 0.642 0.717 0.509 0.450 0.536 0.569 0.532 0.677 0.694 0.612 0.621 0.521 0.742 0.730 0.633 0.552 0.523 0.422 0.624 0.528 0.534 0.540 0.556 0.715 0.694 0.512 0.439 0.398 0.570 0.603 0.695 0.671 0.491 0.608 0.677 0.642 0.613 0.481 0.493 0.668 0.417 0.487 0.609 0.642 0.598 0.603 0.500 0.518 0.605 0.611 0.723 0.545 0.428 0.516 0.589 0.574 0.648 0.723 0.488 0.393 0.456 0.458 0.348 0.581 0.641 0.586 0.568 0.392 0.423 0.416 0.504 0.570 0.603 0.593 0.438 0.573 0.595 0.582 0.583 0.463 0.424 0.532 0.640 0.641 0.471 0.528 0.412 0.373 0.615 0.463 0.428 0.444 0.438 0.623 0.554 0.499 0.422 0.463 0.384 0.330 0.411 0.432 0.468 0.445 0.407 0.435 0.327 0.569 0.713 0.512 0.563 0.438 0.405 0.535 0.599 0.701 0.546 0.607 0.773 0.635 0.444 0.483 0.517 0.527 0.407 0.441 0.689 0.676 0.629 0.563 0.510 0.490 0.589 0.675 0.647 0.569 0.486 0.537)  0.062 0.067 0.058 0.066 0.059 0.070 0.060 0.061 0.065 0.073 0.069 0.078 0.060 0.051 0.059 0.060 0.056 0.089 0.075 0.059 0.053 0.045 0.068 0.067 0.068 0.068 0.067 0.065 0.060 0.065 0.058 0.085 0.056 0.058 0.066 0.069 0.059 0.057 0.064 0.072 0.079 0.085 0.057 0.066 0.060 0.050 0.056 0.066 0.057 0.059 0.066 0.068 0.065 0.057 0.060 0.080 0.059 0.063 0.068 0.051 0.062 0.079 0.058 0.072 0.060 0.055 0.054 0.055 0.062 0.067 0.057 0.053 0.051 0.059 0.053 0.065 0.045 0.061 0.058 0.050 0.052 0.070 0.066 0.076 0.060 0.064 0.073 0.065 0.065 0.068 0.068 0.062 0.060 0.065 0.068 0.070 0.070 0.074 0.077 0.056 0.059 0.075 0.045 0.055 0.054 0.055 0.061 0.065 0.057 0.040 0.044 0.035 0.043 0.034 0.042 0.055 0.044 0.033 0.042 0.030 0.023 0.034 0.066 0.058 0.059 0.062 0.048 0.045 0.046 0.063 0.067 0.074 0.066 0.060 0.085 0.105 0.111 0.099 0.088 0.121 0.083 0.103 0.091 0.115 0.080 0.099 0.084 0.097 0.106 0.071 0.082 0.103)  0.071 0.056 0.048 0.110 0.079 0.089 0.096 0.071 0.098 0.117 0.101 0.073 0.015 0.014 0.020 0.021 0.021 0.062 0.062 0.052 0.083 0.034 0.041 0.032 0.071 0.079 0.021 0.015 0.012 0.018 0.019 0.047 0.032 0.035 0.055 0.035 0.021 0.014 0.026 0.037 0.033 0.041 0.029 0.029 0.027 0.050 0.047 0.037 0.032 0.041 0.034 0.038 0.056 0.031 0.022 0.038 0.022 0.033 0.027 0.019 0.040 0.048 0.031 0.033 0.020 0.028 0.086 0.065 0.019 0.017 0.014 0.015 0.016 0.034 0.014 0.025 0.052 0.032 0.016 0.020 0.018 0.034 0.024 0.021 0.072 0.053 0.063 0.076 0.064 0.080 0.169 0.129 0.154 0.156 0.167 0.131 0.062 0.093 0.123 0.099 0.168 0.155 0.093 0.130 0.240 0.159 0.211 0.110 0.190 0.093 0.098 0.239 0.028 0.175 0.094 0.173 0.224 0.150 0.066 0.110 0.083 0.087 0.045 0.069 0.018 0.049 0.062 0.105 0.090 0.031 0.084 0.044 0.023 0.022 0.084 0.084 0.100 0.086 0.022 0.038 0.027 0.049 0.048 0.061 0.041 0.052 0.041 0.038 0.044 0.030 0.067 0.063)  0.002 0.002 0.002 0.002 0.002 0.002 0.002 0.002 0.002 0.002 0.001 0.002 0.002 0.002 0.002 0.003 0.002 0.002 0.002 0.002 0.003 0.002 0.002 0.002 0.002 0.002 0.001 0.002 0.002 0.002 0.002 0.002 0.002 0.002 0.002 0.002 0.002 0.002 0.002 0.002 0.002 0.002 0.002 0.002 0.002 0.002 0.002 0.002 0.003 0.002 0.002 0.004 0.003 0.002 0.002 0.002 0.002 0.002 0.002 0.002 0.003 0.002 0.002 0.003 0.002 0.003 0.003 0.002 0.001 0.002 0.002 0.001 0.001 0.001 0.001 0.002 0.001 0.002 0.002 0.002 0.002 0.003 0.001 0.002 0.001 0.001 0.001 0.001 0.002 0.002 0.002 0.002 0.002 0.002 0.002 0.002 0.001 0.002 0.001 0.001 0.001 0.001 0.001 0.001 0.001 0.001 0.001 0.001 0.002 0.001 0.001 0.002 0.002 0.001 0.001 0.002 0.002 0.001 0.001 0.002 0.002 0.002 0.003 0.002 0.001 0.001 0.001 0.001 0.001 0.001 0.001 0.001 0.001 0.001 0.001 0.001 0.001 0.001 0.002 0.002 0.001 0.002 0.002 0.002 0.002 0.003 0.002 0.002 0.003 0.002 0.002 0.002)  0.095 0.087 0.097 0.073 0.061 0.068 0.063 0.078 0.066 0.072 0.084 0.122 0.059 0.076 0.079 0.076 0.061 0.074 0.064 0.056 0.045 0.061 0.067 0.098 0.062 0.070 0.045 0.062 0.066 0.089 0.076 0.066 0.062 0.070 0.041 0.060 0.082 0.062 0.066 0.068 0.093 0.094 0.068 0.083 0.079 0.098 0.079 0.087 0.106 0.070 0.091 0.101 0.091 0.074 0.060 0.072 0.066 0.078 0.059 0.075 0.067 0.072 0.070 0.079 0.069 0.081 0.064 0.086 0.055 0.080 0.066 0.059 0.055 0.058 0.079 0.087 0.082 0.074 0.110 0.096 0.094 0.120 0.088 0.124 0.070 0.100 0.107 0.108 0.088 0.085 0.042 0.056 0.047 0.046 0.035 0.074 0.074 0.057 0.059 0.061 0.068 0.055 0.056 0.066 0.032 0.096 0.085 0.077 0.080 0.109 0.240 0.135 0.139 0.092 0.088 0.072 0.069 0.108 0.140 0.053 0.117 0.079 0.051 0.131 0.071 0.109 0.137 0.067 0.039 0.063 0.072 0.069 0.052 0.086 0.062 0.064 0.069 0.072 0.061 0.072 0.060 0.056 0.047 0.052 0.053 0.072 0.068 0.059 0.076 0.055 0.048 0.060)  0.072 0.051 0.056 0.047 0.050 0.044 0.062 0.075 0.038 0.042 0.047 0.049 0.056 0.079 0.068 0.055 0.062 0.042 0.062 0.048 0.052 0.045 0.047 0.042 0.032 0.042 0.050 0.053 0.065 0.068 0.061 0.061 0.067 0.068 0.043 0.060 0.082 0.055 0.056 0.059 0.060 0.049 0.056 0.054 0.054 0.064 0.058 0.060 0.050 0.064 0.045 0.058 0.042 0.048 0.056 0.058 0.064 0.064 0.061 0.055 0.066 0.062 0.051 0.065 0.055 0.061 0.054 0.081 0.049 0.058 0.061 0.061 0.067 0.058 0.079 0.071 0.071 0.070 0.069 0.066 0.062 0.077 0.060 0.063 0.074 0.054 0.062 0.080 0.053 0.052 0.054 0.051 0.040 0.058 0.055 0.067 0.056 0.060 0.063 0.046 0.047 0.054 0.056 0.049 0.043 0.052 0.053 0.039 0.052 0.058 0.062 0.045 0.089 0.054 0.059 0.080 0.064 0.073 0.071 0.068 0.046 0.054 0.045 0.060 0.057 0.067 0.057 0.042 0.048 0.053 0.058 0.065 0.034 0.039 0.049 0.053 0.050 0.046 0.045 0.054 0.038 0.040 0.039 0.051 0.045 0.055 0.051 0.042 0.050 0.046 0.040 0.048)  0.283 0.263 0.135 0.084 0.152 0.112 0.070 0.223 0.258 0.220 0.156 0.109 0.189 0.190 0.130 0.069 0.288 0.280 0.199 0.215 0.232 0.136 0.081 0.148 0.143 0.218 0.075 0.073 0.162 0.207 0.261 0.317 0.157 0.239 0.259 0.233 0.198 0.095 0.093 0.252 0.295 0.332 0.218 0.162 0.083 0.066 0.268 0.139 0.074 0.121 0.149 0.251 0.251 0.119 0.383 0.263 0.178 0.119 0.184 0.194 0.263 0.220 0.183 0.136 0.071 0.227 0.312 0.196 0.225 0.201 0.152 0.088 0.322 0.397 0.318 0.292 0.400 0.181 0.102 0.180 0.204 0.305 0.339 0.298 0.219 0.157 0.091 0.076 0.290 0.139 0.071 0.118 0.114 0.211 0.248 0.125 0.098 0.073 0.205 0.208 0.245 0.287 0.135 0.236 0.203 0.194 0.150 0.084 0.066 0.201 0.131 0.082 0.316 0.314 0.305 0.186 0.128 0.190 0.272 0.302 0.402 0.175 0.076 0.169 0.231 0.273 0.290 0.204 0.177 0.087 0.171 0.140 0.052 0.159 0.276 0.210 0.152 0.168 0.374 0.274 0.102 0.073 0.144 0.155 0.269 0.229 0.164 0.088 0.074 0.226 0.274 0.187)  
absolute_position: (0.333 0.363 0.346 0.295 0.338 0.324 0.352 0.347 0.368 0.321 0.312 0.294 0.397 0.389 0.363 0.358 0.353 0.406 0.363 0.393 0.421 0.386 0.311 0.358 0.360 0.394 0.387 0.338 0.352 0.338 0.353 0.362 0.346 0.346 0.392 0.336 0.326 0.349 0.338 0.332 0.363 0.335 0.337 0.368 0.374 0.372 0.375 0.388 0.378 0.384 0.408 0.378 0.426 0.369 0.340 0.406 0.363 0.305 0.320 0.375 0.355 0.337 0.384 0.337 0.387 0.401 0.354 0.316 0.330 0.357 0.359 0.343 0.290 0.276 0.295 0.327 0.258 0.307 0.317 0.322 0.337 0.328 0.360 0.354 0.298 0.291 0.243 0.259 0.282 0.286 0.278 0.298 0.316 0.323 0.363 0.309 0.287 0.295 0.239 0.276 0.305 0.329 0.318 0.296 0.331 0.266 0.263 0.287 0.292 0.311 0.211 0.239 0.268 0.227 0.238 0.253 0.280 0.229 0.238 0.315 0.247 0.333 0.356 0.336 0.333 0.253 0.278 0.496 0.380 0.328 0.235 0.322 0.577 0.457 0.323 0.277 0.268 0.207 0.369 0.378 0.342 0.301 0.304 0.294 0.389 0.332 0.343 0.326 0.328 0.352 0.351 0.292)  0.222 0.308 0.201 0.109 0.116 0.109 0.094 0.202 0.313 0.228 0.128 0.113 0.144 0.138 0.122 0.146 0.181 0.290 0.208 0.220 0.292 0.199 0.110 0.116 0.132 0.225 0.121 0.137 0.139 0.144 0.212 0.290 0.185 0.192 0.271 0.210 0.147 0.142 0.101 0.192 0.289 0.302 0.222 0.131 0.110 0.090 0.177 0.174 0.099 0.102 0.110 0.207 0.298 0.187 0.255 0.283 0.193 0.134 0.140 0.112 0.213 0.208 0.099 0.097 0.106 0.193 0.324 0.227 0.159 0.144 0.129 0.133 0.188 0.267 0.180 0.214 0.298 0.222 0.129 0.108 0.115 0.237 0.260 0.302 0.220 0.163 0.162 0.089 0.203 0.220 0.089 0.111 0.123 0.255 0.365 0.222 0.111 0.107 0.118 0.143 0.259 0.357 0.204 0.226 0.422 0.260 0.096 0.116 0.074 0.231 0.059 0.057 0.170 0.425 0.230 0.071 0.060 0.064 0.056 0.177 0.324 0.177 0.111 0.078 0.141 0.125 0.255 0.275 0.200 0.142 0.193 0.116 0.060 0.137 0.339 0.311 0.163 0.095 0.223 0.308 0.213 0.126 0.155 0.183 0.216 0.198 0.138 0.100 0.093 0.175 0.314 0.227)  0.209 0.115 0.127 0.136 0.213 0.213 0.108 0.106 0.114 0.235 0.345 0.216 0.225 0.243 0.167 0.120 0.137 0.100 0.212 0.170 0.096 0.119 0.169 0.224 0.299 0.182 0.134 0.163 0.190 0.261 0.188 0.118 0.135 0.119 0.116 0.201 0.275 0.182 0.146 0.143 0.102 0.122 0.189 0.287 0.200 0.106 0.122 0.116 0.111 0.215 0.287 0.194 0.094 0.140 0.133 0.105 0.136 0.135 0.196 0.244 0.193 0.232 0.257 0.176 0.105 0.110 0.106 0.248 0.219 0.251 0.170 0.143 0.160 0.177 0.222 0.198 0.154 0.141 0.136 0.202 0.264 0.206 0.125 0.122 0.245 0.311 0.226 0.148 0.142 0.155 0.131 0.253 0.380 0.233 0.089 0.124 0.132 0.125 0.257 0.305 0.228 0.099 0.131 0.131 0.091 0.269 0.437 0.237 0.095 0.109 0.078 0.062 0.100 0.138 0.223 0.422 0.248 0.243 0.365 0.240 0.158 0.116 0.150 0.268 0.235 0.309 0.196 0.064 0.125 0.144 0.195 0.227 0.092 0.102 0.116 0.213 0.373 0.276 0.107 0.108 0.161 0.154 0.225 0.320 0.171 0.252 0.293 0.223 0.124 0.136 0.119 0.254)  0.122 0.114 0.205 0.326 0.209 0.229 0.300 0.202 0.096 0.118 0.108 0.257 0.116 0.119 0.205 0.242 0.193 0.099 0.118 0.111 0.091 0.166 0.266 0.169 0.109 0.102 0.220 0.232 0.188 0.123 0.122 0.106 0.196 0.199 0.107 0.126 0.130 0.199 0.251 0.191 0.121 0.140 0.129 0.109 0.203 0.311 0.209 0.206 0.281 0.192 0.102 0.112 0.088 0.194 0.137 0.099 0.181 0.254 0.197 0.129 0.121 0.107 0.139 0.239 0.247 0.161 0.099 0.111 0.162 0.137 0.182 0.218 0.183 0.154 0.167 0.147 0.150 0.183 0.269 0.226 0.150 0.123 0.129 0.117 0.123 0.131 0.254 0.352 0.225 0.229 0.374 0.228 0.095 0.097 0.089 0.243 0.296 0.330 0.233 0.130 0.113 0.102 0.206 0.223 0.080 0.120 0.106 0.248 0.405 0.206 0.468 0.510 0.264 0.110 0.102 0.141 0.281 0.316 0.170 0.132 0.158 0.197 0.253 0.193 0.134 0.135 0.121 0.070 0.170 0.249 0.245 0.199 0.199 0.200 0.109 0.101 0.096 0.267 0.143 0.100 0.188 0.299 0.192 0.110 0.121 0.099 0.116 0.246 0.326 0.197 0.099 0.114)  0.114 0.100 0.122 0.135 0.123 0.124 0.146 0.143 0.109 0.098 0.108 0.120 0.117 0.111 0.143 0.135 0.135 0.105 0.098 0.105 0.100 0.131 0.144 0.133 0.101 0.097 0.138 0.130 0.131 0.133 0.125 0.123 0.138 0.144 0.115 0.128 0.123 0.128 0.164 0.143 0.124 0.101 0.122 0.105 0.112 0.122 0.116 0.116 0.131 0.106 0.093 0.109 0.093 0.110 0.135 0.107 0.127 0.172 0.147 0.139 0.118 0.115 0.123 0.152 0.155 0.135 0.116 0.098 0.130 0.111 0.160 0.163 0.179 0.125 0.136 0.114 0.140 0.147 0.149 0.143 0.135 0.106 0.126 0.104 0.115 0.103 0.116 0.153 0.148 0.110 0.128 0.109 0.085 0.091 0.094 0.103 0.172 0.143 0.153 0.146 0.095 0.112 0.141 0.124 0.076 0.085 0.098 0.113 0.134 0.143 0.184 0.132 0.197 0.101 0.206 0.113 0.131 0.149 0.171 0.136 0.112 0.178 0.130 0.125 0.157 0.177 0.150 0.095 0.126 0.138 0.132 0.136 0.072 0.104 0.113 0.098 0.100 0.155 0.158 0.106 0.095 0.120 0.124 0.093 0.102 0.120 0.110 0.105 0.128 0.141 0.116 0.114)  
speed: (0.089 0.089 0.074 0.104 0.077 0.082 0.101 0.101 0.109 0.121 0.109 0.112 0.012 0.025 0.020 0.019 0.016 0.035 0.038 0.029 0.043 0.040 0.044 0.047 0.051 0.052 0.016 0.018 0.022 0.025 0.017 0.016 0.013 0.022 0.013 0.025 0.067 0.027 0.020 0.021 0.061 0.096 0.033 0.027 0.034 0.054 0.039 0.041 0.037 0.026 0.032 0.030 0.032 0.020 0.045 0.049 0.051 0.074 0.031 0.031 0.024 0.020 0.003 0.035 0.023 0.012 0.042 0.083 0.019 0.033 0.044 0.044 0.010 0.051 0.029 0.020 0.063 0.045 0.063 0.053 0.039 0.055 0.043 0.079 0.102 0.102 0.156 0.127 0.100 0.095 0.135 0.117 0.129 0.135 0.115 0.120 0.077 0.072 0.123 0.122 0.199 0.141 0.116 0.150 0.216 0.220 0.217 0.139 0.193 0.149 0.370 0.366 0.128 0.241 0.273 0.194 0.275 0.251 0.204 0.197 0.170 0.236 0.053 0.131 0.176 0.164 0.241 0.538 0.311 0.200 0.164 0.189 0.478 0.344 0.103 0.163 0.174 0.211 0.042 0.030 0.018 0.028 0.033 0.040 0.009 0.032 0.020 0.015 0.011 0.014 0.028 0.046)  0.045 0.045 0.038 0.037 0.036 0.036 0.039 0.044 0.044 0.038 0.038 0.043 0.028 0.051 0.048 0.046 0.039 0.043 0.042 0.039 0.040 0.037 0.038 0.040 0.033 0.041 0.040 0.043 0.041 0.049 0.043 0.051 0.048 0.055 0.046 0.044 0.051 0.043 0.042 0.045 0.065 0.056 0.048 0.048 0.049 0.053 0.056 0.053 0.051 0.051 0.051 0.054 0.055 0.044 0.046 0.050 0.045 0.055 0.045 0.041 0.071 0.068 0.055 0.053 0.050 0.045 0.075 0.094 0.046 0.053 0.049 0.048 0.056 0.081 0.064 0.059 0.066 0.056 0.056 0.060 0.052 0.061 0.054 0.057 0.058 0.051 0.061 0.058 0.045 0.056 0.054 0.047 0.046 0.049 0.054 0.052 0.057 0.064 0.055 0.060 0.049 0.044 0.038 0.048 0.040 0.044 0.058 0.055 0.037 0.037 0.085 0.067 0.103 0.063 0.072 0.052 0.061 0.072 0.091 0.072 0.096 0.097 0.046 0.057 0.154 0.086 0.094 0.089 0.075 0.108 0.095 0.165 0.135 0.133 0.140 0.237 0.265 0.277 0.042 0.100 0.058 0.074 0.045 0.068 0.034 0.054 0.049 0.065 0.065 0.035 0.085 0.074)  0.046 0.050 0.043 0.038 0.040 0.041 0.053 0.047 0.055 0.049 0.059 0.051 0.036 0.041 0.048 0.043 0.048 0.046 0.058 0.043 0.045 0.042 0.038 0.028 0.028 0.045 0.064 0.051 0.050 0.049 0.043 0.089 0.063 0.065 0.083 0.089 0.087 0.054 0.044 0.046 0.112 0.135 0.076 0.070 0.084 0.064 0.053 0.058 0.047 0.053 0.055 0.051 0.066 0.046 0.076 0.099 0.051 0.097 0.087 0.051 0.079 0.100 0.060 0.109 0.075 0.056 0.080 0.105 0.085 0.059 0.062 0.067 0.159 0.201 0.139 0.091 0.161 0.113 0.047 0.053 0.060 0.061 0.075 0.078 0.159 0.098 0.231 0.097 0.066 0.090 0.078 0.079 0.097 0.077 0.071 0.067 0.189 0.181 0.212 0.233 0.167 0.086 0.126 0.158 0.065 0.150 0.129 0.196 0.075 0.064 0.083 0.062 0.090 0.065 0.138 0.113 0.091 0.113 0.113 0.082 0.115 0.118 0.061 0.082 0.244 0.195 0.194 0.120 0.159 0.123 0.153 0.173 0.141 0.113 0.127 0.179 0.163 0.247 0.102 0.212 0.212 0.163 0.218 0.253 0.098 0.123 0.106 0.162 0.120 0.113 0.132 0.224)  0.198 0.168 0.223 0.218 0.216 0.218 0.159 0.167 0.165 0.247 0.248 0.200 0.198 0.100 0.166 0.162 0.242 0.155 0.182 0.172 0.117 0.120 0.357 0.173 0.211 0.133 0.393 0.378 0.371 0.289 0.247 0.152 0.271 0.216 0.114 0.315 0.419 0.354 0.309 0.320 0.284 0.256 0.347 0.174 0.172 0.104 0.112 0.176 0.105 0.143 0.125 0.132 0.073 0.249 0.444 0.256 0.378 0.487 0.403 0.167 0.143 0.199 0.137 0.250 0.225 0.122 0.070 0.138 0.400 0.231 0.339 0.358 0.641 0.590 0.605 0.336 0.595 0.429 0.186 0.195 0.282 0.174 0.383 0.296 0.370 0.369 0.255 0.309 0.352 0.323 0.223 0.208 0.198 0.176 0.159 0.231 0.306 0.210 0.335 0.445 0.369 0.307 0.555 0.391 0.239 0.359 0.181 0.250 0.211 0.223 0.161 0.103 0.363 0.239 0.275 0.183 0.167 0.204 0.241 0.182 0.278 0.256 0.262 0.205 0.355 0.427 0.406 0.244 0.405 0.468 0.351 0.352 0.211 0.384 0.430 0.296 0.249 0.242 0.298 0.142 0.269 0.148 0.226 0.130 0.189 0.160 0.199 0.174 0.168 0.218 0.093 0.150)  0.622 0.648 0.622 0.603 0.630 0.623 0.648 0.641 0.627 0.544 0.546 0.594 0.727 0.783 0.718 0.731 0.655 0.721 0.681 0.716 0.755 0.761 0.524 0.712 0.677 0.730 0.487 0.510 0.516 0.587 0.650 0.692 0.605 0.642 0.745 0.528 0.375 0.522 0.584 0.568 0.478 0.457 0.495 0.682 0.661 0.724 0.739 0.672 0.760 0.727 0.737 0.733 0.774 0.641 0.389 0.546 0.475 0.286 0.434 0.709 0.683 0.613 0.745 0.553 0.626 0.766 0.733 0.580 0.451 0.624 0.507 0.483 0.133 0.077 0.163 0.493 0.115 0.357 0.648 0.640 0.567 0.649 0.444 0.490 0.310 0.381 0.296 0.409 0.436 0.436 0.509 0.548 0.530 0.563 0.601 0.529 0.370 0.472 0.274 0.139 0.216 0.422 0.165 0.252 0.439 0.227 0.415 0.361 0.484 0.527 0.300 0.401 0.315 0.391 0.242 0.459 0.405 0.359 0.350 0.466 0.341 0.292 0.578 0.525 0.071 0.128 0.065 0.009 0.050 0.101 0.238 0.121 0.035 0.026 0.201 0.124 0.149 0.023 0.516 0.515 0.443 0.586 0.479 0.509 0.671 0.630 0.626 0.584 0.636 0.620 0.661 0.505)  
lick: (0.866 0.867 0.844 0.853 0.867 0.848 0.833 0.820 0.832 0.785 0.830 0.820 0.887 0.877 0.891 0.886 0.880 0.892 0.877 0.883 0.871 0.821 0.852 0.821 0.850 0.820 0.900 0.857 0.837 0.861 0.867 0.889 0.840 0.856 0.887 0.850 0.859 0.812 0.878 0.839 0.876 0.779 0.863 0.894 0.880 0.902 0.864 0.865 0.879 0.886 0.878 0.858 0.869 0.812 0.842 0.851 0.812 0.822 0.750 0.845 0.855 0.820 0.846 0.802 0.814 0.818 0.840 0.769 0.842 0.831 0.845 0.839 0.823 0.874 0.842 0.860 0.898 0.821 0.792 0.814 0.851 0.822 0.843 0.867 0.790 0.880 0.832 0.837 0.840 0.830 0.833 0.814 0.818 0.818 0.816 0.802 0.839 0.860 0.839 0.833 0.816 0.807 0.812 0.805 0.768 0.748 0.758 0.789 0.737 0.736 0.838 0.770 0.762 0.814 0.836 0.827 0.784 0.793 0.803 0.803 0.834 0.757 0.909 0.787 0.819 0.824 0.839 0.831 0.871 0.762 0.705 0.792 0.782 0.784 0.783 0.767 0.713 0.521 0.772 0.801 0.764 0.749 0.763 0.756 0.767 0.744 0.776 0.759 0.790 0.760 0.837 0.793)  0.134 0.133 0.156 0.147 0.133 0.152 0.167 0.180 0.168 0.215 0.170 0.180 0.113 0.123 0.109 0.114 0.120 0.108 0.123 0.117 0.129 0.179 0.148 0.179 0.150 0.180 0.100 0.143 0.163 0.139 0.133 0.111 0.160 0.144 0.113 0.150 0.141 0.188 0.122 0.161 0.124 0.221 0.137 0.106 0.120 0.098 0.136 0.135 0.121 0.114 0.122 0.142 0.131 0.188 0.158 0.149 0.188 0.178 0.250 0.155 0.145 0.180 0.154 0.198 0.186 0.182 0.160 0.231 0.158 0.169 0.155 0.161 0.177 0.126 0.158 0.140 0.102 0.179 0.208 0.186 0.149 0.178 0.157 0.133 0.210 0.120 0.168 0.163 0.160 0.170 0.167 0.186 0.182 0.182 0.184 0.198 0.161 0.140 0.161 0.167 0.184 0.193 0.188 0.195 0.232 0.252 0.242 0.211 0.263 0.264 0.162 0.230 0.238 0.186 0.164 0.173 0.216 0.207 0.197 0.197 0.166 0.243 0.091 0.213 0.181 0.176 0.161 0.169 0.129 0.238 0.295 0.208 0.218 0.216 0.217 0.233 0.287 0.479 0.228 0.199 0.236 0.251 0.237 0.244 0.233 0.256 0.224 0.241 0.210 0.240 0.163 0.207)  
reward_zone_location: (0.616 0.695 0.427 0.701 0.678 0.503 0.858 0.566 0.731 0.455 0.530 0.504 0.660 0.556 0.524 0.378 0.627 0.539 0.445 0.706 0.703 0.526 0.618 0.683 0.725 0.676 0.581 0.684 0.714 0.522 0.581 0.623 0.445 0.639 0.584 0.483 0.937 0.519 0.487 0.629 0.783 0.671 0.527 0.698 0.485 0.828 0.607 0.458 0.866 0.639 0.930 0.566 0.724 0.493 0.923 0.507 0.441 0.569 0.617 0.608 0.633 0.481 0.555 0.444 0.654 0.664 0.683 0.514 0.636 0.455 0.491 0.481 0.685 0.535 0.500 0.680 0.570 0.416 0.510 0.633 0.697 0.587 0.900 0.521 0.453 0.769 0.458 0.531 0.643 0.422 0.548 0.667 0.709 0.664 0.574 0.395 0.917 0.619 0.685 0.922 0.654 0.678 0.522 0.666 0.672 0.449 0.592 0.481 0.836 0.697 0.668 0.733 0.595 0.670 0.428 0.720 0.498 0.596 0.843 0.561 0.744 0.446 0.820 0.682 0.707 0.558 0.670 0.651 0.567 0.983 0.670 0.480 0.695 0.456 0.624 0.436 0.743 0.495 0.663 0.834 0.417 0.530 0.550 0.707 0.767 0.357 0.722 0.516 0.544 0.724 0.734 0.402)  0.043 0.276 0.518 0.263 0.039 0.463 0.120 0.105 0.260 0.426 0.332 0.484 0.267 0.365 0.416 0.373 0.067 0.443 0.462 0.213 0.234 0.427 0.323 0.010 0.219 0.044 0.229 0.246 0.272 0.468 0.095 0.343 0.032 0.017 0.315 0.279 0.052 0.470 0.246 0.023 0.205 0.234 0.424 0.284 0.502 0.151 0.096 0.504 0.092 0.086 0.054 0.063 0.267 0.476 0.060 0.310 0.547 0.298 0.058 0.345 0.056 0.008 0.276 0.011 0.193 0.034 0.264 0.395 0.326 0.394 0.370 0.257 0.018 0.441 0.455 0.307 0.421 0.559 0.356 0.031 0.228 0.059 0.083 0.329 0.493 0.218 0.494 0.399 0.065 0.565 0.324 0.013 0.204 0.029 0.353 0.577 0.060 0.189 0.013 0.071 0.035 0.310 0.457 0.011 0.314 0.512 0.365 0.499 0.153 0.012 0.207 0.213 0.035 0.285 0.510 0.250 0.330 0.072 0.146 0.121 0.197 0.489 0.093 0.063 0.258 0.432 0.036 0.269 0.210 0.010 0.043 0.504 0.269 0.522 0.324 0.530 0.238 0.009 0.292 0.155 0.553 0.379 0.115 0.253 0.010 0.486 0.238 0.395 0.310 0.007 0.238 0.564)  0.340 0.029 0.055 0.036 0.284 0.033 0.022 0.329 0.009 0.119 0.138 0.012 0.073 0.079 0.060 0.249 0.306 0.018 0.093 0.081 0.063 0.047 0.059 0.308 0.056 0.280 0.190 0.070 0.014 0.010 0.324 0.034 0.522 0.344 0.101 0.238 0.011 0.011 0.267 0.348 0.012 0.095 0.049 0.018 0.013 0.021 0.296 0.038 0.043 0.275 0.015 0.371 0.009 0.031 0.017 0.183 0.012 0.133 0.325 0.047 0.311 0.511 0.169 0.545 0.153 0.302 0.053 0.091 0.039 0.151 0.139 0.262 0.298 0.023 0.045 0.014 0.009 0.026 0.134 0.336 0.075 0.355 0.017 0.150 0.054 0.012 0.048 0.070 0.293 0.014 0.128 0.320 0.087 0.307 0.073 0.028 0.024 0.191 0.302 0.007 0.311 0.012 0.022 0.323 0.013 0.038 0.043 0.020 0.011 0.291 0.125 0.054 0.370 0.045 0.061 0.030 0.173 0.332 0.011 0.318 0.060 0.065 0.086 0.255 0.035 0.010 0.294 0.081 0.224 0.007 0.286 0.016 0.036 0.022 0.052 0.035 0.019 0.497 0.045 0.010 0.030 0.091 0.335 0.039 0.223 0.157 0.040 0.089 0.147 0.269 0.028 0.035)  
reward_outcome: (0.101 0.288 0.169 0.145 0.227 0.193 0.223 0.155 0.251 0.139 0.220 0.159 0.208 0.148 0.200 0.188 0.163 0.189 0.176 0.278 0.283 0.285 0.198 0.200 0.305 0.213 0.336 0.246 0.199 0.144 0.225 0.200 0.244 0.182 0.311 0.217 0.199 0.294 0.226 0.140 0.212 0.194 0.265 0.258 0.264 0.248 0.157 0.164 0.198 0.282 0.250 0.149 0.210 0.246 0.198 0.232 0.144 0.113 0.167 0.282 0.209 0.194 0.263 0.184 0.244 0.160 0.169 0.221 0.231 0.163 0.169 0.249 0.183 0.221 0.181 0.174 0.166 0.125 0.101 0.207 0.251 0.056 0.195 0.174 0.222 0.236 0.163 0.160 0.138 0.152 0.176 0.236 0.311 0.209 0.177 0.091 0.192 0.217 0.117 0.211 0.153 0.152 0.269 0.156 0.232 0.154 0.131 0.242 0.178 0.229 0.115 0.153 0.138 0.185 0.154 0.200 0.129 0.198 0.204 0.227 0.139 0.190 0.255 0.151 0.187 0.134 0.166 0.090 0.277 0.145 0.183 0.146 0.028 0.138 0.235 0.130 0.140 0.178 0.150 0.210 0.208 0.171 0.174 0.154 0.204 0.109 0.220 0.269 0.157 0.257 0.277 0.206)  0.899 0.712 0.831 0.855 0.773 0.807 0.777 0.845 0.749 0.861 0.780 0.841 0.792 0.852 0.800 0.812 0.837 0.811 0.824 0.722 0.717 0.715 0.802 0.800 0.695 0.787 0.664 0.754 0.801 0.856 0.775 0.800 0.756 0.818 0.689 0.783 0.801 0.706 0.774 0.860 0.788 0.806 0.735 0.742 0.736 0.752 0.843 0.836 0.802 0.718 0.750 0.851 0.790 0.754 0.802 0.768 0.856 0.887 0.833 0.718 0.791 0.806 0.737 0.816 0.756 0.840 0.831 0.779 0.769 0.837 0.831 0.751 0.817 0.779 0.819 0.826 0.834 0.875 0.899 0.793 0.749 0.944 0.805 0.826 0.778 0.764 0.837 0.840 0.862 0.848 0.824 0.764 0.689 0.791 0.823 0.909 0.808 0.783 0.883 0.789 0.847 0.848 0.731 0.844 0.768 0.846 0.869 0.758 0.822 0.771 0.885 0.847 0.862 0.815 0.846 0.800 0.871 0.802 0.796 0.773 0.861 0.810 0.745 0.849 0.813 0.866 0.834 0.910 0.723 0.855 0.817 0.854 0.972 0.862 0.765 0.870 0.860 0.822 0.850 0.790 0.792 0.829 0.826 0.846 0.796 0.891 0.780 0.731 0.843 0.743 0.723 0.794)  
Brain region: CA1: 260091 neurons  
Training on 9772 trials, testing on 2444 trials
Using device: cpu
Using balanced loss with class weights:
  Output 0: [0.00281893 0.02380097 0.02261626 0.8954543  0.0199955  0.02739844
 0.00791564]
  Output 1: [0.11132265 0.20085725 0.19804686 0.2017693  0.28800392]
  Output 2: [0.22776897 0.37508094 0.24226464 0.0953136  0.05957183]
  Output 3: [0.18308194 0.8169181 ]
  Output 4: [0.12274275 0.29416397 0.5830933 ]
  Output 5: [0.8092049  0.19079512]
Session 12: Using random projection to 2000 of 3779 neurons for SVD initialization
Session 14: Using random projection to 2000 of 2070 neurons for SVD initialization
Session 16: Using random projection to 2000 of 2325 neurons for SVD initialization
Session 18: Using random projection to 2000 of 2577 neurons for SVD initialization
Session 19: Using random projection to 2000 of 2543 neurons for SVD initialization
Session 20: Using random projection to 2000 of 2023 neurons for SVD initialization
Session 21: Using random projection to 2000 of 2324 neurons for SVD initialization
Session 22: Using random projection to 2000 of 2443 neurons for SVD initialization
Session 23: Using random projection to 2000 of 2113 neurons for SVD initialization
Session 24: Using random projection to 2000 of 2192 neurons for SVD initialization
Session 25: Using random projection to 2000 of 2568 neurons for SVD initialization
Session 26: Using random projection to 2000 of 2036 neurons for SVD initialization
Session 40: Using random projection to 2000 of 2327 neurons for SVD initialization
Session 47: Using random projection to 2000 of 2110 neurons for SVD initialization
Session 58: Using random projection to 2000 of 2071 neurons for SVD initialization
Session 63: Using random projection to 2000 of 2026 neurons for SVD initialization
Session 65: Using random projection to 2000 of 2020 neurons for SVD initialization
Session 67: Using random projection to 2000 of 2036 neurons for SVD initialization
Session 69: Using random projection to 2000 of 3934 neurons for SVD initialization
Session 84: Using random projection to 2000 of 2109 neurons for SVD initialization
Session 89: Using random projection to 2000 of 2078 neurons for SVD initialization
Session 110: Using random projection to 2000 of 2929 neurons for SVD initialization
Session 111: Using random projection to 2000 of 2616 neurons for SVD initialization
Session 112: Using random projection to 2000 of 2999 neurons for SVD initialization
Session 113: Using random projection to 2000 of 2535 neurons for SVD initialization
Session 114: Using random projection to 2000 of 2871 neurons for SVD initialization
Session 115: Using random projection to 2000 of 2399 neurons for SVD initialization
Session 116: Using random projection to 2000 of 2430 neurons for SVD initialization
Session 117: Using random projection to 2000 of 2345 neurons for SVD initialization
Session 118: Using random projection to 2000 of 2299 neurons for SVD initialization
Session 119: Using random projection to 2000 of 2296 neurons for SVD initialization
Session 120: Using random projection to 2000 of 2590 neurons for SVD initialization
Session 121: Using random projection to 2000 of 2724 neurons for SVD initialization
Session 122: Using random projection to 2000 of 2758 neurons for SVD initialization
Session 123: Using random projection to 2000 of 2668 neurons for SVD initialization
Session 126: Using random projection to 2000 of 2029 neurons for SVD initialization
Session 127: Using random projection to 2000 of 2113 neurons for SVD initialization
Session 128: Using random projection to 2000 of 2026 neurons for SVD initialization
Session 129: Using random projection to 2000 of 2210 neurons for SVD initialization
Session 130: Using random projection to 2000 of 2034 neurons for SVD initialization
Session 131: Using random projection to 2000 of 2427 neurons for SVD initialization
Session 132: Using random projection to 2000 of 2201 neurons for SVD initialization
Session 133: Using random projection to 2000 of 2211 neurons for SVD initialization
Session 134: Using random projection to 2000 of 2540 neurons for SVD initialization
Session 135: Using random projection to 2000 of 2427 neurons for SVD initialization
Session 136: Using random projection to 2000 of 2070 neurons for SVD initialization
Session 137: Using random projection to 2000 of 2329 neurons for SVD initialization
Session 138: Using random projection to 2000 of 2724 neurons for SVD initialization
Session 139: Using random projection to 2000 of 2786 neurons for SVD initialization
Session 140: Using random projection to 2000 of 2782 neurons for SVD initialization
Session 141: Using random projection to 2000 of 2085 neurons for SVD initialization
Session 142: Using random projection to 2000 of 2102 neurons for SVD initialization
Session 143: Using random projection to 2000 of 2268 neurons for SVD initialization
Session 144: Using random projection to 2000 of 2008 neurons for SVD initialization
Session 145: Using random projection to 2000 of 2087 neurons for SVD initialization
Session 146: Using random projection to 2000 of 2076 neurons for SVD initialization
Session 147: Using random projection to 2000 of 2103 neurons for SVD initialization
Session 148: Using random projection to 2000 of 2153 neurons for SVD initialization
Session 149: Using random projection to 2000 of 2222 neurons for SVD initialization
Session 150: Using random projection to 2000 of 2308 neurons for SVD initialization
Session 151: Using random projection to 2000 of 2447 neurons for SVD initialization
Epoch [1/200], Loss: 134576.910272
Epoch [2/200], Loss: 127142.956180
Epoch [3/200], Loss: 120413.681863
Epoch [4/200], Loss: 113754.338889
Epoch [5/200], Loss: 107214.493617
Epoch [6/200], Loss: 100658.042206
Epoch [7/200], Loss: 94044.543855
Epoch [8/200], Loss: 87359.173178
Epoch [9/200], Loss: 80668.728872
Epoch [10/200], Loss: 74246.907444
Epoch [20/200], Loss: 33245.989292
Epoch [30/200], Loss: 23689.797685
Epoch [40/200], Loss: 18636.549428
Epoch [50/200], Loss: 16237.941110
Epoch [60/200], Loss: 14521.652866
Epoch [70/200], Loss: 13108.136553
Epoch [80/200], Loss: 11919.343034
Epoch [90/200], Loss: 10862.484896
Epoch [100/200], Loss: 9910.657067
Epoch [110/200], Loss: 9046.968068
Epoch [120/200], Loss: 8256.860087
Epoch [130/200], Loss: 7529.849668
Epoch [140/200], Loss: 6851.503246
Epoch [150/200], Loss: 6240.139179
Epoch [160/200], Loss: 5676.706041
Epoch [170/200], Loss: 5195.333020
Epoch [180/200], Loss: 4909.997503
Epoch [190/200], Loss: 4431.668479
Epoch [200/200], Loss: 4067.498234
Test Loss: 3599.908157

Training Balanced Accuracy Scores (chance = 1/num_classes):
  0 (distance_to_reward_zone): 0.2589  (chance: 0.1429)
  1 (absolute_position): 0.3297  (chance: 0.2000)
  2 (speed): 0.3471  (chance: 0.2000)
  3 (lick): 0.5793  (chance: 0.5000)
  4 (reward_zone_location): 0.5336  (chance: 0.3333)
  5 (reward_outcome): 0.5990  (chance: 0.5000)

Validation Balanced Accuracy Scores (chance = 1/num_classes):
  0 (distance_to_reward_zone): 0.2391  (chance: 0.1429)
  1 (absolute_position): 0.3237  (chance: 0.2000)
  2 (speed): 0.3313  (chance: 0.2000)
  3 (lick): 0.5743  (chance: 0.5000)
  4 (reward_zone_location): 0.5114  (chance: 0.3333)
  5 (reward_outcome): 0.5518  (chance: 0.5000)
