Data format is valid, no errors or warnings.
Number of sessions: 91
Total number of trials: 22179
Number of trials per session: [39, 151, 185, 154, 112, 241, 233, 176, 230, 260, 306, 293, 227, 392, 278, 265, 378, 146, 213, 145, 279, 274, 260, 225, 273, 288, 181, 279, 188, 357, 267, 188, 320, 200, 215, 273, 316, 200, 301, 340, 204, 284, 149, 245, 329, 217, 377, 223, 255, 78, 327, 113, 324, 79, 363, 105, 337, 115, 376, 278, 208, 368, 192, 92, 308, 253, 230, 357, 200, 260, 188, 329, 288, 226, 204, 146, 331, 226, 323, 313, 353, 318, 86, 169, 286, 283, 220, 227, 262, 262, 245]
Number of subjects: 38
Number of brain regions: 2
Number of sessions per subject:
  Subject 403491: 1 sessions
  Subject 412036: 2 sessions
  Subject 412366: 2 sessions
  Subject 421136: 1 sessions
  Subject 423606: 2 sessions
  Subject 425493: 1 sessions
  Subject 425496: 2 sessions
  Subject 429952: 2 sessions
  Subject 431023: 2 sessions
  Subject 431252: 2 sessions
  Subject 436662: 2 sessions
  Subject 440298: 1 sessions
  Subject 442709: 2 sessions
  Subject 445002: 2 sessions
  Subject 445270: 3 sessions
  Subject 447663: 3 sessions
  Subject 448900: 3 sessions
  Subject 449441: 1 sessions
  Subject 450471: 5 sessions
  Subject 453913: 2 sessions
  Subject 456564: 2 sessions
  Subject 456916: 2 sessions
  Subject 456917: 2 sessions
  Subject 457766: 7 sessions
  Subject 457841: 4 sessions
  Subject 459773: 2 sessions
  Subject 459777: 2 sessions
  Subject 467302: 2 sessions
  Subject 468866: 5 sessions
  Subject 479426: 2 sessions
  Subject 495789: 2 sessions
  Subject 523927: 2 sessions
  Subject 524274: 3 sessions
  Subject 533527: 3 sessions
  Subject 538219: 3 sessions
  Subject 544261: 2 sessions
  Subject 546819: 3 sessions
  Subject 549976: 2 sessions
Input dimension: 0
Output dimension: 5
Summary statistics (across all sessions):
  T: mean: 8.00, median: 8.00, min: 8, max: 8
  n_neurons: mean: 161.20', min: 7, max: 666
  Input range:
  Output range:
    image_identity: [0.0, 7.0]
    image_change: [0.0, 1.0]
    running_speed_quintile: [0.0, 4.0]
    pupil_diameter_quintile: [0.0, 4.0]
    trial_outcome: [0.0, 3.0]
  Unique outputs per dimension (fraction of data):
    image_identity: {im061 (0.125), im062 (0.125), im063 (0.125), im065 (0.124), im066 (0.125), im069 (0.125), im077 (0.124), im085 (0.126)}
    image_change: {no_change (0.891), change (0.109)}
    running_speed_quintile: {speed_q1 (0.200), speed_q2 (0.200), speed_q3 (0.200), speed_q4 (0.200), speed_q5 (0.200)}
    pupil_diameter_quintile: {pupil_q1 (0.200), pupil_q2 (0.200), pupil_q3 (0.200), pupil_q4 (0.200), pupil_q5 (0.200)}
    trial_outcome: {hit (0.303), miss (0.571), false_alarm (0.022), correct_reject (0.104)}
  Brain region distribution:
    VISl: 104 neurons
    VISp: 14565 neurons

Per-session statistics:
  Mean T: 8.0, 8.0, 8.0, 8.0, 8.0, 8.0, 8.0, 8.0, 8.0, 8.0, 8.0, 8.0, 8.0, 8.0, 8.0, 8.0, 8.0, 8.0, 8.0, 8.0, 8.0, 8.0, 8.0, 8.0, 8.0, 8.0, 8.0, 8.0, 8.0, 8.0, 8.0, 8.0, 8.0, 8.0, 8.0, 8.0, 8.0, 8.0, 8.0, 8.0, 8.0, 8.0, 8.0, 8.0, 8.0, 8.0, 8.0, 8.0, 8.0, 8.0, 8.0, 8.0, 8.0, 8.0, 8.0, 8.0, 8.0, 8.0, 8.0, 8.0, 8.0, 8.0, 8.0, 8.0, 8.0, 8.0, 8.0, 8.0, 8.0, 8.0, 8.0, 8.0, 8.0, 8.0, 8.0, 8.0, 8.0, 8.0, 8.0, 8.0, 8.0, 8.0, 8.0, 8.0, 8.0, 8.0, 8.0, 8.0, 8.0, 8.0, 8.0
  Min T: 8, 8, 8, 8, 8, 8, 8, 8, 8, 8, 8, 8, 8, 8, 8, 8, 8, 8, 8, 8, 8, 8, 8, 8, 8, 8, 8, 8, 8, 8, 8, 8, 8, 8, 8, 8, 8, 8, 8, 8, 8, 8, 8, 8, 8, 8, 8, 8, 8, 8, 8, 8, 8, 8, 8, 8, 8, 8, 8, 8, 8, 8, 8, 8, 8, 8, 8, 8, 8, 8, 8, 8, 8, 8, 8, 8, 8, 8, 8, 8, 8, 8, 8, 8, 8, 8, 8, 8, 8, 8, 8
  Max T: 8, 8, 8, 8, 8, 8, 8, 8, 8, 8, 8, 8, 8, 8, 8, 8, 8, 8, 8, 8, 8, 8, 8, 8, 8, 8, 8, 8, 8, 8, 8, 8, 8, 8, 8, 8, 8, 8, 8, 8, 8, 8, 8, 8, 8, 8, 8, 8, 8, 8, 8, 8, 8, 8, 8, 8, 8, 8, 8, 8, 8, 8, 8, 8, 8, 8, 8, 8, 8, 8, 8, 8, 8, 8, 8, 8, 8, 8, 8, 8, 8, 8, 8, 8, 8, 8, 8, 8, 8, 8, 8
  n_neurons: 89, 208, 27, 199, 45, 39, 251, 194, 286, 436, 167, 410, 110, 29, 157, 161, 13, 136, 429, 426, 188, 209, 123, 120, 242, 64, 184, 63, 108, 175, 65, 98, 557, 77, 85, 604, 666, 52, 415, 516, 81, 490, 85, 242, 164, 230, 115, 197, 194, 18, 95, 23, 69, 9, 381, 12, 354, 14, 451, 392, 88, 363, 360, 340, 67, 34, 43, 13, 11, 511, 438, 13, 9, 22, 20, 18, 10, 8, 7, 18, 36, 30, 20, 21, 29, 18, 20, 22, 21, 10, 10
  Input range:
  Output range:
    0: [0.0, 7.0] [0.0, 7.0] [0.0, 7.0] [0.0, 7.0] [0.0, 7.0] [0.0, 7.0] [0.0, 7.0] [0.0, 7.0] [0.0, 7.0] [0.0, 7.0] [0.0, 7.0] [0.0, 7.0] [0.0, 7.0] [0.0, 7.0] [0.0, 7.0] [0.0, 7.0] [0.0, 7.0] [0.0, 7.0] [0.0, 7.0] [0.0, 7.0] [0.0, 7.0] [0.0, 7.0] [0.0, 7.0] [0.0, 7.0] [0.0, 7.0] [0.0, 7.0] [0.0, 7.0] [0.0, 7.0] [0.0, 7.0] [0.0, 7.0] [0.0, 7.0] [0.0, 7.0] [0.0, 7.0] [0.0, 7.0] [0.0, 7.0] [0.0, 7.0] [0.0, 7.0] [0.0, 7.0] [0.0, 7.0] [0.0, 7.0] [0.0, 7.0] [0.0, 7.0] [0.0, 7.0] [0.0, 7.0] [0.0, 7.0] [0.0, 7.0] [0.0, 7.0] [0.0, 7.0] [0.0, 7.0] [0.0, 7.0] [0.0, 7.0] [0.0, 7.0] [0.0, 7.0] [0.0, 7.0] [0.0, 7.0] [0.0, 7.0] [0.0, 7.0] [0.0, 7.0] [0.0, 7.0] [0.0, 7.0] [0.0, 7.0] [0.0, 7.0] [0.0, 7.0] [0.0, 7.0] [0.0, 7.0] [0.0, 7.0] [0.0, 7.0] [0.0, 7.0] [0.0, 7.0] [0.0, 7.0] [0.0, 7.0] [0.0, 7.0] [0.0, 7.0] [0.0, 7.0] [0.0, 7.0] [0.0, 7.0] [0.0, 7.0] [0.0, 7.0] [0.0, 7.0] [0.0, 7.0] [0.0, 7.0] [0.0, 7.0] [0.0, 7.0] [0.0, 7.0] [0.0, 7.0] [0.0, 7.0] [0.0, 7.0] [0.0, 7.0] [0.0, 7.0] [0.0, 7.0] [0.0, 7.0] 
    1: [0.0, 1.0] [0.0, 1.0] [0.0, 1.0] [0.0, 1.0] [0.0, 1.0] [0.0, 1.0] [0.0, 1.0] [0.0, 1.0] [0.0, 1.0] [0.0, 1.0] [0.0, 1.0] [0.0, 1.0] [0.0, 1.0] [0.0, 1.0] [0.0, 1.0] [0.0, 1.0] [0.0, 1.0] [0.0, 1.0] [0.0, 1.0] [0.0, 1.0] [0.0, 1.0] [0.0, 1.0] [0.0, 1.0] [0.0, 1.0] [0.0, 1.0] [0.0, 1.0] [0.0, 1.0] [0.0, 1.0] [0.0, 1.0] [0.0, 1.0] [0.0, 1.0] [0.0, 1.0] [0.0, 1.0] [0.0, 1.0] [0.0, 1.0] [0.0, 1.0] [0.0, 1.0] [0.0, 1.0] [0.0, 1.0] [0.0, 1.0] [0.0, 1.0] [0.0, 1.0] [0.0, 1.0] [0.0, 1.0] [0.0, 1.0] [0.0, 1.0] [0.0, 1.0] [0.0, 1.0] [0.0, 1.0] [0.0, 1.0] [0.0, 1.0] [0.0, 1.0] [0.0, 1.0] [0.0, 1.0] [0.0, 1.0] [0.0, 1.0] [0.0, 1.0] [0.0, 1.0] [0.0, 1.0] [0.0, 1.0] [0.0, 1.0] [0.0, 1.0] [0.0, 1.0] [0.0, 1.0] [0.0, 1.0] [0.0, 1.0] [0.0, 1.0] [0.0, 1.0] [0.0, 1.0] [0.0, 1.0] [0.0, 1.0] [0.0, 1.0] [0.0, 1.0] [0.0, 1.0] [0.0, 1.0] [0.0, 1.0] [0.0, 1.0] [0.0, 1.0] [0.0, 1.0] [0.0, 1.0] [0.0, 1.0] [0.0, 1.0] [0.0, 1.0] [0.0, 1.0] [0.0, 1.0] [0.0, 1.0] [0.0, 1.0] [0.0, 1.0] [0.0, 1.0] [0.0, 1.0] [0.0, 1.0] 
    2: [0.0, 4.0] [0.0, 4.0] [0.0, 4.0] [0.0, 4.0] [0.0, 4.0] [0.0, 1.0] [0.0, 4.0] [0.0, 3.0] [0.0, 4.0] [0.0, 4.0] [0.0, 3.0] [0.0, 4.0] [0.0, 3.0] [0.0, 4.0] [0.0, 4.0] [0.0, 4.0] [0.0, 4.0] [0.0, 4.0] [0.0, 4.0] [0.0, 3.0] [0.0, 4.0] [0.0, 4.0] [0.0, 4.0] [0.0, 4.0] [0.0, 4.0] [0.0, 4.0] [0.0, 4.0] [0.0, 4.0] [0.0, 4.0] [0.0, 4.0] [0.0, 4.0] [0.0, 4.0] [0.0, 4.0] [0.0, 4.0] [0.0, 4.0] [0.0, 4.0] [0.0, 4.0] [0.0, 4.0] [0.0, 4.0] [0.0, 4.0] [0.0, 4.0] [0.0, 4.0] [0.0, 4.0] [0.0, 4.0] [0.0, 4.0] [0.0, 4.0] [0.0, 4.0] [0.0, 4.0] [0.0, 4.0] [0.0, 3.0] [0.0, 4.0] [0.0, 3.0] [0.0, 4.0] [0.0, 3.0] [0.0, 4.0] [0.0, 4.0] [0.0, 4.0] [0.0, 3.0] [0.0, 4.0] [0.0, 4.0] [0.0, 2.0] [0.0, 4.0] [0.0, 4.0] [0.0, 3.0] [0.0, 2.0] [0.0, 2.0] [0.0, 2.0] [0.0, 4.0] [0.0, 4.0] [0.0, 4.0] [0.0, 4.0] [0.0, 2.0] [0.0, 2.0] [0.0, 4.0] [0.0, 4.0] [0.0, 4.0] [0.0, 2.0] [0.0, 3.0] [0.0, 2.0] [0.0, 4.0] [0.0, 4.0] [0.0, 4.0] [0.0, 3.0] [0.0, 3.0] [0.0, 4.0] [0.0, 4.0] [0.0, 4.0] [0.0, 4.0] [0.0, 4.0] [0.0, 2.0] [0.0, 1.0] 
    3: [1.0, 4.0] [0.0, 2.0] [0.0, 3.0] [0.0, 2.0] [0.0, 3.0] [0.0, 4.0] [0.0, 3.0] [0.0, 3.0] [0.0, 3.0] [0.0, 3.0] [0.0, 3.0] [0.0, 4.0] [0.0, 3.0] [0.0, 3.0] [0.0, 3.0] [0.0, 3.0] [0.0, 3.0] [1.0, 4.0] [0.0, 2.0] [0.0, 2.0] [0.0, 3.0] [0.0, 4.0] [0.0, 4.0] [0.0, 4.0] [0.0, 3.0] [0.0, 4.0] [0.0, 3.0] [0.0, 3.0] [0.0, 3.0] [0.0, 4.0] [0.0, 2.0] [0.0, 2.0] [1.0, 4.0] [0.0, 2.0] [0.0, 3.0] [2.0, 4.0] [1.0, 3.0] [0.0, 2.0] [2.0, 4.0] [0.0, 2.0] [0.0, 3.0] [0.0, 2.0] [2.0, 4.0] [0.0, 4.0] [1.0, 4.0] [0.0, 4.0] [1.0, 4.0] [2.0, 4.0] [0.0, 4.0] [0.0, 4.0] [1.0, 4.0] [0.0, 4.0] [0.0, 4.0] [0.0, 4.0] [0.0, 4.0] [0.0, 4.0] [0.0, 4.0] [0.0, 3.0] [0.0, 4.0] [1.0, 4.0] [0.0, 4.0] [0.0, 4.0] [1.0, 4.0] [1.0, 4.0] [0.0, 4.0] [0.0, 4.0] [0.0, 4.0] [0.0, 2.0] [0.0, 3.0] [0.0, 3.0] [0.0, 3.0] [0.0, 4.0] [3.0, 4.0] [0.0, 4.0] [1.0, 4.0] [2.0, 4.0] [3.0, 4.0] [3.0, 4.0] [0.0, 4.0] [2.0, 4.0] [1.0, 4.0] [1.0, 2.0] [0.0, 4.0] [0.0, 4.0] [0.0, 4.0] [0.0, 3.0] [0.0, 4.0] [3.0, 4.0] [4.0, 4.0] [0.0, 4.0] [0.0, 3.0] 
    4: [0.0, 2.0] [0.0, 3.0] [0.0, 3.0] [0.0, 3.0] [0.0, 3.0] [0.0, 3.0] [0.0, 3.0] [0.0, 3.0] [0.0, 3.0] [0.0, 3.0] [0.0, 3.0] [0.0, 3.0] [0.0, 3.0] [0.0, 3.0] [0.0, 3.0] [0.0, 3.0] [0.0, 3.0] [0.0, 3.0] [0.0, 3.0] [0.0, 3.0] [0.0, 3.0] [0.0, 3.0] [0.0, 3.0] [0.0, 3.0] [0.0, 3.0] [0.0, 3.0] [0.0, 3.0] [0.0, 3.0] [0.0, 3.0] [0.0, 3.0] [0.0, 3.0] [0.0, 3.0] [0.0, 3.0] [0.0, 3.0] [0.0, 3.0] [0.0, 3.0] [0.0, 3.0] [0.0, 3.0] [0.0, 3.0] [0.0, 3.0] [0.0, 3.0] [0.0, 3.0] [0.0, 3.0] [0.0, 3.0] [0.0, 3.0] [0.0, 3.0] [0.0, 3.0] [0.0, 3.0] [0.0, 3.0] [0.0, 3.0] [0.0, 3.0] [0.0, 3.0] [0.0, 3.0] [0.0, 3.0] [0.0, 3.0] [0.0, 3.0] [0.0, 3.0] [0.0, 3.0] [0.0, 3.0] [0.0, 3.0] [0.0, 3.0] [0.0, 3.0] [0.0, 3.0] [0.0, 3.0] [0.0, 3.0] [0.0, 3.0] [0.0, 3.0] [1.0, 3.0] [0.0, 3.0] [0.0, 3.0] [0.0, 3.0] [0.0, 3.0] [0.0, 3.0] [0.0, 3.0] [0.0, 3.0] [0.0, 3.0] [0.0, 3.0] [0.0, 3.0] [0.0, 3.0] [0.0, 3.0] [0.0, 3.0] [0.0, 3.0] [0.0, 3.0] [0.0, 3.0] [0.0, 3.0] [0.0, 3.0] [0.0, 3.0] [0.0, 3.0] [0.0, 3.0] [0.0, 3.0] [0.0, 3.0] 
  Output fraction of data:
image_identity: (0.119 0.123 0.126 0.136 0.107 0.120 0.129 0.114 0.126 0.125 0.120 0.123 0.119 0.125 0.128 0.125 0.126 0.151 0.131 0.131 0.136 0.124 0.131 0.127 0.123 0.128 0.119 0.133 0.115 0.130 0.120 0.126 0.121 0.125 0.113 0.123 0.120 0.117 0.124 0.115 0.113 0.127 0.114 0.118 0.124 0.124 0.126 0.123 0.119 0.120 0.121 0.136 0.128 0.114 0.127 0.124 0.132 0.136 0.123 0.120 0.135 0.128 0.135 0.141 0.127 0.119 0.122 0.125 0.117 0.129 0.131 0.133 0.122 0.133 0.127 0.123 0.128 0.140 0.130 0.123 0.130 0.126 0.112 0.122 0.126 0.129 0.135 0.123 0.118 0.121 0.127)  0.179 0.113 0.121 0.123 0.122 0.120 0.127 0.125 0.135 0.123 0.124 0.126 0.116 0.120 0.122 0.125 0.125 0.137 0.129 0.124 0.124 0.124 0.131 0.138 0.133 0.126 0.116 0.133 0.128 0.129 0.126 0.122 0.119 0.125 0.121 0.120 0.125 0.135 0.122 0.124 0.127 0.125 0.128 0.127 0.120 0.124 0.123 0.132 0.123 0.141 0.131 0.124 0.127 0.134 0.119 0.130 0.125 0.130 0.122 0.125 0.115 0.125 0.125 0.098 0.122 0.133 0.128 0.117 0.131 0.130 0.131 0.128 0.126 0.119 0.127 0.128 0.125 0.128 0.127 0.128 0.125 0.123 0.156 0.121 0.128 0.122 0.129 0.132 0.128 0.121 0.124)  0.154 0.126 0.122 0.147 0.143 0.131 0.129 0.136 0.122 0.131 0.124 0.128 0.123 0.124 0.115 0.123 0.125 0.112 0.130 0.138 0.122 0.113 0.131 0.113 0.114 0.122 0.129 0.127 0.128 0.130 0.124 0.122 0.125 0.128 0.135 0.114 0.122 0.138 0.115 0.121 0.127 0.129 0.128 0.128 0.117 0.130 0.126 0.127 0.123 0.167 0.123 0.126 0.115 0.144 0.127 0.114 0.131 0.139 0.122 0.127 0.125 0.128 0.137 0.141 0.123 0.119 0.132 0.130 0.127 0.127 0.128 0.120 0.125 0.126 0.123 0.123 0.118 0.134 0.132 0.126 0.120 0.123 0.086 0.126 0.122 0.125 0.109 0.132 0.127 0.132 0.128)  0.061 0.148 0.121 0.113 0.119 0.118 0.130 0.116 0.123 0.125 0.127 0.121 0.129 0.123 0.127 0.126 0.123 0.130 0.117 0.128 0.129 0.125 0.122 0.126 0.127 0.124 0.127 0.118 0.124 0.125 0.120 0.126 0.127 0.130 0.126 0.130 0.123 0.120 0.126 0.131 0.126 0.128 0.141 0.129 0.127 0.117 0.123 0.122 0.125 0.136 0.128 0.106 0.131 0.101 0.123 0.124 0.125 0.130 0.123 0.129 0.118 0.122 0.110 0.130 0.121 0.134 0.126 0.124 0.123 0.127 0.128 0.109 0.124 0.128 0.127 0.116 0.128 0.111 0.121 0.123 0.122 0.129 0.132 0.130 0.133 0.129 0.124 0.110 0.122 0.122 0.128)  0.154 0.113 0.130 0.136 0.125 0.129 0.124 0.136 0.122 0.123 0.127 0.119 0.131 0.125 0.128 0.131 0.125 0.110 0.113 0.117 0.122 0.134 0.112 0.129 0.125 0.124 0.133 0.118 0.128 0.120 0.135 0.124 0.127 0.120 0.135 0.127 0.129 0.120 0.124 0.132 0.134 0.118 0.125 0.122 0.132 0.126 0.125 0.129 0.123 0.115 0.117 0.136 0.139 0.139 0.129 0.108 0.129 0.118 0.128 0.123 0.122 0.120 0.111 0.094 0.127 0.126 0.130 0.130 0.118 0.114 0.122 0.127 0.118 0.127 0.131 0.133 0.125 0.124 0.115 0.128 0.127 0.126 0.100 0.118 0.129 0.131 0.128 0.123 0.120 0.122 0.116)  0.077 0.126 0.130 0.117 0.125 0.129 0.116 0.117 0.116 0.123 0.129 0.126 0.132 0.132 0.116 0.123 0.124 0.130 0.127 0.110 0.125 0.124 0.128 0.120 0.121 0.128 0.127 0.117 0.126 0.124 0.124 0.133 0.124 0.120 0.121 0.130 0.121 0.135 0.133 0.128 0.123 0.120 0.141 0.122 0.120 0.120 0.127 0.124 0.132 0.128 0.128 0.112 0.120 0.127 0.124 0.124 0.120 0.125 0.126 0.123 0.122 0.124 0.128 0.109 0.123 0.128 0.123 0.131 0.133 0.128 0.122 0.129 0.132 0.124 0.113 0.130 0.120 0.127 0.125 0.121 0.130 0.123 0.131 0.124 0.133 0.124 0.123 0.132 0.125 0.134 0.125)  0.103 0.126 0.122 0.119 0.125 0.126 0.120 0.125 0.122 0.127 0.124 0.126 0.119 0.129 0.127 0.126 0.125 0.110 0.136 0.127 0.129 0.124 0.119 0.120 0.128 0.123 0.116 0.136 0.128 0.124 0.121 0.119 0.129 0.117 0.121 0.132 0.125 0.120 0.125 0.124 0.132 0.128 0.107 0.124 0.131 0.126 0.124 0.121 0.129 0.111 0.128 0.124 0.121 0.114 0.125 0.133 0.120 0.096 0.128 0.126 0.120 0.123 0.129 0.152 0.130 0.119 0.128 0.114 0.113 0.118 0.126 0.132 0.124 0.124 0.119 0.110 0.130 0.114 0.128 0.123 0.118 0.124 0.121 0.130 0.117 0.114 0.123 0.128 0.122 0.120 0.131)  0.154 0.126 0.128 0.108 0.134 0.127 0.124 0.131 0.135 0.123 0.124 0.130 0.131 0.122 0.135 0.122 0.126 0.121 0.117 0.124 0.113 0.131 0.127 0.127 0.130 0.125 0.133 0.118 0.124 0.119 0.131 0.128 0.127 0.135 0.128 0.122 0.134 0.115 0.131 0.126 0.118 0.127 0.117 0.129 0.130 0.132 0.126 0.122 0.125 0.082 0.123 0.136 0.118 0.127 0.127 0.143 0.119 0.125 0.128 0.126 0.142 0.130 0.125 0.135 0.127 0.123 0.111 0.129 0.138 0.127 0.112 0.122 0.130 0.119 0.132 0.137 0.127 0.122 0.123 0.128 0.127 0.128 0.163 0.128 0.112 0.126 0.130 0.119 0.137 0.129 0.122)  
image_change: (0.891 0.889 0.891 0.891 0.888 0.890 0.892 0.890 0.890 0.891 0.890 0.891 0.891 0.890 0.892 0.891 0.891 0.890 0.890 0.892 0.892 0.891 0.891 0.891 0.890 0.890 0.891 0.891 0.891 0.890 0.891 0.891 0.890 0.890 0.890 0.889 0.891 0.891 0.891 0.890 0.891 0.891 0.891 0.891 0.891 0.891 0.891 0.890 0.891 0.889 0.892 0.889 0.890 0.888 0.890 0.892 0.891 0.890 0.891 0.892 0.892 0.891 0.891 0.889 0.890 0.890 0.890 0.890 0.890 0.891 0.890 0.890 0.891 0.892 0.890 0.889 0.892 0.890 0.890 0.891 0.891 0.892 0.890 0.891 0.891 0.890 0.891 0.892 0.890 0.892 0.891)  0.109 0.111 0.109 0.109 0.112 0.110 0.108 0.110 0.110 0.109 0.110 0.109 0.109 0.110 0.108 0.109 0.109 0.110 0.110 0.108 0.108 0.109 0.109 0.109 0.110 0.110 0.109 0.109 0.109 0.110 0.109 0.109 0.110 0.110 0.110 0.111 0.109 0.109 0.109 0.110 0.109 0.109 0.109 0.109 0.109 0.109 0.109 0.110 0.109 0.111 0.108 0.111 0.110 0.112 0.110 0.108 0.109 0.110 0.109 0.108 0.108 0.109 0.109 0.111 0.110 0.110 0.110 0.110 0.110 0.109 0.110 0.110 0.109 0.108 0.110 0.111 0.108 0.110 0.110 0.109 0.109 0.108 0.110 0.109 0.109 0.110 0.109 0.108 0.110 0.108 0.109)  
running_speed_quintile: (0.019 0.013 0.068 0.009 0.007 0.744 0.035 0.289 0.005 0.333 0.395 0.260 0.097 0.040 0.107 0.058 0.187 0.002 0.007 0.180 0.040 0.031 0.115 0.178 0.022 0.289 0.072 0.389 0.020 0.251 0.011 0.009 0.149 0.047 0.089 0.033 0.004 0.044 0.083 0.034 0.098 0.436 0.056 0.223 0.212 0.195 0.094 0.249 0.267 0.391 0.085 0.531 0.268 0.180 0.242 0.144 0.237 0.278 0.230 0.166 0.683 0.307 0.226 0.090 0.709 0.720 0.719 0.065 0.113 0.067 0.027 0.676 0.722 0.143 0.039 0.063 0.189 0.183 0.247 0.004 0.157 0.008 0.115 0.274 0.024 0.079 0.006 0.027 0.003 0.739 0.766)  0.359 0.175 0.143 0.172 0.070 0.256 0.143 0.492 0.169 0.204 0.236 0.215 0.199 0.047 0.097 0.116 0.180 0.178 0.173 0.322 0.161 0.196 0.108 0.109 0.123 0.247 0.205 0.140 0.121 0.101 0.103 0.100 0.170 0.111 0.195 0.143 0.062 0.108 0.130 0.074 0.126 0.170 0.110 0.105 0.114 0.084 0.135 0.128 0.145 0.522 0.135 0.338 0.174 0.464 0.385 0.440 0.326 0.570 0.343 0.384 0.305 0.284 0.330 0.402 0.276 0.261 0.267 0.235 0.248 0.058 0.039 0.224 0.215 0.161 0.108 0.277 0.607 0.424 0.603 0.049 0.097 0.039 0.699 0.494 0.078 0.068 0.064 0.296 0.032 0.260 0.234)  0.096 0.205 0.208 0.232 0.280 0.000 0.164 0.216 0.247 0.133 0.368 0.145 0.693 0.146 0.112 0.257 0.160 0.299 0.238 0.266 0.219 0.148 0.193 0.152 0.136 0.133 0.233 0.139 0.266 0.124 0.225 0.309 0.224 0.236 0.208 0.303 0.211 0.270 0.173 0.282 0.172 0.232 0.141 0.133 0.326 0.107 0.354 0.167 0.216 0.085 0.151 0.107 0.130 0.259 0.181 0.268 0.186 0.148 0.192 0.241 0.013 0.153 0.206 0.486 0.015 0.019 0.014 0.112 0.193 0.500 0.431 0.100 0.062 0.264 0.396 0.205 0.204 0.393 0.151 0.105 0.187 0.203 0.172 0.171 0.184 0.179 0.515 0.338 0.262 0.001 0.000)  0.080 0.205 0.268 0.295 0.231 0.000 0.308 0.003 0.279 0.114 0.000 0.092 0.010 0.332 0.248 0.403 0.200 0.227 0.502 0.231 0.337 0.111 0.334 0.210 0.114 0.241 0.130 0.124 0.289 0.222 0.375 0.205 0.211 0.218 0.293 0.378 0.367 0.302 0.100 0.528 0.151 0.162 0.122 0.119 0.309 0.116 0.305 0.230 0.203 0.002 0.408 0.023 0.206 0.097 0.084 0.125 0.093 0.004 0.138 0.097 0.000 0.161 0.119 0.022 0.000 0.000 0.000 0.143 0.097 0.346 0.372 0.000 0.000 0.406 0.396 0.426 0.000 0.001 0.000 0.310 0.301 0.373 0.015 0.061 0.333 0.286 0.388 0.307 0.492 0.000 0.000)  0.446 0.401 0.313 0.292 0.412 0.000 0.349 0.000 0.301 0.215 0.000 0.288 0.000 0.435 0.436 0.165 0.273 0.295 0.080 0.000 0.242 0.514 0.250 0.351 0.606 0.090 0.360 0.207 0.305 0.302 0.287 0.377 0.246 0.388 0.215 0.143 0.356 0.276 0.512 0.082 0.453 0.001 0.571 0.420 0.038 0.498 0.111 0.225 0.169 0.000 0.220 0.000 0.222 0.000 0.108 0.023 0.159 0.000 0.096 0.112 0.000 0.096 0.119 0.000 0.000 0.000 0.000 0.445 0.349 0.029 0.132 0.000 0.000 0.026 0.061 0.028 0.000 0.000 0.000 0.532 0.258 0.377 0.000 0.000 0.381 0.387 0.027 0.032 0.211 0.000 0.000)  
pupil_diameter_quintile: (0.000 0.178 0.002 0.808 0.012 0.307 0.319 0.509 0.205 0.473 0.330 0.115 0.062 0.317 0.029 0.064 0.795 0.000 0.522 0.907 0.006 0.024 0.015 0.163 0.001 0.156 0.077 0.690 0.020 0.189 0.913 0.743 0.000 0.794 0.217 0.000 0.000 0.671 0.000 0.533 0.009 0.888 0.000 0.196 0.000 0.197 0.000 0.000 0.022 0.407 0.000 0.265 0.012 0.144 0.001 0.131 0.001 0.658 0.000 0.000 0.021 0.001 0.000 0.000 0.461 0.473 0.542 0.521 0.263 0.949 0.626 0.002 0.000 0.060 0.000 0.000 0.000 0.000 0.082 0.000 0.000 0.000 0.049 0.014 0.001 0.084 0.085 0.000 0.000 0.013 0.622)  0.003 0.798 0.257 0.191 0.542 0.214 0.351 0.400 0.714 0.343 0.384 0.300 0.455 0.499 0.500 0.399 0.170 0.012 0.411 0.092 0.151 0.348 0.060 0.254 0.109 0.142 0.525 0.252 0.542 0.215 0.081 0.255 0.095 0.184 0.593 0.000 0.284 0.306 0.000 0.465 0.569 0.106 0.000 0.380 0.032 0.287 0.042 0.000 0.093 0.316 0.005 0.327 0.283 0.294 0.075 0.198 0.047 0.247 0.058 0.015 0.234 0.031 0.012 0.005 0.244 0.225 0.174 0.421 0.541 0.045 0.257 0.000 0.000 0.035 0.029 0.000 0.000 0.000 0.066 0.000 0.005 0.489 0.198 0.172 0.002 0.221 0.023 0.000 0.000 0.144 0.246)  0.208 0.024 0.516 0.001 0.432 0.123 0.192 0.084 0.081 0.184 0.243 0.403 0.335 0.169 0.386 0.483 0.029 0.200 0.067 0.001 0.718 0.528 0.391 0.317 0.734 0.157 0.358 0.055 0.413 0.476 0.007 0.002 0.314 0.022 0.144 0.002 0.705 0.022 0.088 0.001 0.350 0.006 0.348 0.179 0.114 0.256 0.079 0.016 0.356 0.181 0.188 0.183 0.384 0.359 0.181 0.265 0.159 0.077 0.183 0.156 0.360 0.125 0.166 0.269 0.153 0.163 0.130 0.059 0.196 0.004 0.117 0.001 0.000 0.133 0.155 0.006 0.000 0.000 0.068 0.004 0.258 0.511 0.295 0.254 0.051 0.674 0.031 0.000 0.000 0.339 0.100)  0.712 0.000 0.225 0.000 0.013 0.159 0.137 0.007 0.001 0.000 0.043 0.180 0.147 0.015 0.085 0.054 0.006 0.593 0.000 0.000 0.124 0.099 0.367 0.251 0.157 0.543 0.039 0.003 0.025 0.115 0.000 0.000 0.585 0.000 0.045 0.646 0.011 0.000 0.565 0.000 0.072 0.000 0.579 0.232 0.719 0.248 0.624 0.661 0.409 0.088 0.715 0.166 0.265 0.201 0.471 0.362 0.464 0.018 0.350 0.346 0.281 0.261 0.257 0.438 0.110 0.116 0.130 0.000 0.001 0.001 0.001 0.001 0.005 0.603 0.492 0.145 0.001 0.025 0.225 0.313 0.378 0.000 0.302 0.379 0.111 0.021 0.072 0.012 0.000 0.359 0.032)  0.077 0.000 0.000 0.000 0.000 0.197 0.000 0.000 0.000 0.000 0.000 0.002 0.000 0.000 0.000 0.000 0.000 0.194 0.000 0.000 0.000 0.000 0.167 0.015 0.000 0.003 0.000 0.000 0.000 0.005 0.000 0.000 0.005 0.000 0.000 0.352 0.000 0.000 0.347 0.000 0.000 0.000 0.073 0.014 0.134 0.012 0.255 0.323 0.120 0.008 0.092 0.059 0.056 0.002 0.272 0.044 0.328 0.000 0.408 0.482 0.105 0.583 0.564 0.288 0.032 0.023 0.024 0.000 0.000 0.000 0.000 0.996 0.995 0.168 0.324 0.849 0.999 0.975 0.559 0.683 0.359 0.000 0.156 0.180 0.835 0.000 0.789 0.988 1.000 0.145 0.000)  
trial_outcome: (0.744 0.523 0.335 0.435 0.634 0.241 0.532 0.744 0.696 0.512 0.275 0.505 0.379 0.015 0.216 0.351 0.005 0.507 0.587 0.621 0.330 0.464 0.554 0.520 0.300 0.462 0.425 0.247 0.495 0.137 0.243 0.484 0.103 0.445 0.698 0.201 0.038 0.640 0.289 0.103 0.657 0.320 0.779 0.465 0.292 0.525 0.082 0.520 0.533 0.705 0.367 0.584 0.349 0.734 0.028 0.514 0.036 0.609 0.008 0.104 0.312 0.005 0.109 0.609 0.172 0.225 0.191 0.000 0.465 0.469 0.612 0.043 0.191 0.327 0.407 0.603 0.160 0.257 0.099 0.160 0.082 0.283 0.686 0.296 0.126 0.219 0.245 0.335 0.160 0.298 0.278)  0.128 0.364 0.535 0.435 0.259 0.639 0.335 0.136 0.187 0.362 0.605 0.365 0.493 0.862 0.651 0.525 0.870 0.370 0.291 0.241 0.534 0.405 0.315 0.356 0.582 0.417 0.448 0.627 0.378 0.739 0.629 0.388 0.775 0.435 0.181 0.685 0.832 0.235 0.585 0.776 0.216 0.553 0.094 0.408 0.581 0.350 0.790 0.359 0.337 0.179 0.498 0.301 0.528 0.165 0.848 0.352 0.837 0.270 0.867 0.763 0.553 0.867 0.766 0.283 0.705 0.656 0.687 0.882 0.415 0.400 0.266 0.836 0.681 0.540 0.471 0.288 0.707 0.619 0.780 0.716 0.793 0.585 0.198 0.580 0.745 0.657 0.627 0.533 0.718 0.569 0.592)  0.128 0.099 0.022 0.071 0.027 0.017 0.030 0.040 0.026 0.012 0.029 0.027 0.044 0.000 0.011 0.023 0.000 0.055 0.019 0.062 0.025 0.007 0.023 0.009 0.022 0.028 0.055 0.036 0.053 0.000 0.041 0.059 0.009 0.040 0.037 0.007 0.000 0.035 0.027 0.009 0.044 0.014 0.081 0.016 0.006 0.028 0.000 0.013 0.024 0.051 0.003 0.062 0.009 0.076 0.011 0.048 0.009 0.052 0.000 0.007 0.019 0.000 0.010 0.033 0.003 0.012 0.013 0.000 0.035 0.023 0.037 0.006 0.010 0.062 0.034 0.048 0.012 0.035 0.012 0.013 0.006 0.016 0.081 0.030 0.014 0.018 0.014 0.035 0.008 0.038 0.024)  0.000 0.013 0.108 0.058 0.080 0.104 0.103 0.080 0.091 0.115 0.092 0.102 0.084 0.122 0.122 0.102 0.124 0.068 0.103 0.076 0.111 0.124 0.108 0.116 0.095 0.094 0.072 0.090 0.074 0.123 0.086 0.069 0.113 0.080 0.084 0.106 0.130 0.090 0.100 0.112 0.083 0.113 0.047 0.110 0.122 0.097 0.127 0.108 0.106 0.064 0.131 0.053 0.114 0.025 0.113 0.086 0.119 0.070 0.125 0.126 0.115 0.128 0.115 0.076 0.120 0.107 0.109 0.118 0.085 0.108 0.085 0.116 0.118 0.071 0.088 0.062 0.121 0.088 0.108 0.112 0.119 0.116 0.035 0.095 0.115 0.106 0.114 0.097 0.115 0.095 0.106)  
Brain region: VISl: 104 neurons, VISp: 14565 neurons  
Training on 17709 trials, testing on 4470 trials
Using device: cuda
Using balanced loss with class weights:
  Output 0: [0.1238581  0.12472352 0.1238789  0.1260948  0.12627465 0.12487832
 0.12644054 0.12385117]
  Output 1: [0.1092453 0.8907547]
  Output 2: [0.19914968 0.20010608 0.19917068 0.2006943  0.20087926]
  Output 3: [0.19971113 0.19908668 0.20019795 0.19971113 0.2012931 ]
  Output 4: [0.05383362 0.02863524 0.76132065 0.1562105 ]
Epoch [1/200], Loss: 1.613902
Epoch [2/200], Loss: 1.593514
Epoch [3/200], Loss: 1.575064
Epoch [4/200], Loss: 1.558225
Epoch [5/200], Loss: 1.542735
Epoch [6/200], Loss: 1.528428
Epoch [7/200], Loss: 1.515152
Epoch [8/200], Loss: 1.502786
Epoch [9/200], Loss: 1.491225
Epoch [10/200], Loss: 1.480370
Epoch [20/200], Loss: 1.396784
Epoch [30/200], Loss: 1.334908
Epoch [40/200], Loss: 1.281273
Epoch [50/200], Loss: 1.233493
Epoch [60/200], Loss: 1.191286
Epoch [70/200], Loss: 1.154493
Epoch [80/200], Loss: 1.122844
Epoch [90/200], Loss: 1.095863
Epoch [100/200], Loss: 1.072981
Epoch [110/200], Loss: 1.053624
Epoch [120/200], Loss: 1.037221
Epoch [130/200], Loss: 1.023273
Epoch [140/200], Loss: 1.011338
Epoch [150/200], Loss: 1.001049
Epoch [160/200], Loss: 0.992096
Epoch [170/200], Loss: 0.984225
Epoch [180/200], Loss: 0.977239
Epoch [190/200], Loss: 0.970981
Epoch [200/200], Loss: 0.965319
Test Loss: 2.041149

Training Balanced Accuracy Scores (chance = 1/num_classes):
  0 (image_identity): 0.6026  (chance: 0.1250)
  1 (image_change): 0.7416  (chance: 0.5000)
  2 (running_speed_quintile): 0.5768  (chance: 0.2000)
  3 (pupil_diameter_quintile): 0.6276  (chance: 0.2000)
  4 (trial_outcome): 0.5887  (chance: 0.2500)

Validation Balanced Accuracy Scores (chance = 1/num_classes):
  0 (image_identity): 0.4930  (chance: 0.1250)
  1 (image_change): 0.6419  (chance: 0.5000)
  2 (running_speed_quintile): 0.4356  (chance: 0.2000)
  3 (pupil_diameter_quintile): 0.4882  (chance: 0.2000)
  4 (trial_outcome): 0.3382  (chance: 0.2500)
train_decoder.py finished successfully.
