Data format is valid, no errors or warnings.
Number of sessions: 62
Total number of trials: 2418
Number of trials per session: [39, 39, 39, 39, 39, 39, 39, 39, 39, 39, 39, 39, 39, 39, 39, 39, 39, 39, 39, 39, 39, 39, 39, 39, 39, 39, 39, 39, 39, 39, 39, 39, 39, 39, 39, 39, 39, 39, 39, 39, 39, 39, 39, 39, 39, 39, 39, 39, 39, 39, 39, 39, 39, 39, 39, 39, 39, 39, 39, 39, 39, 39]
Number of subjects: 2
Number of brain regions: 1
Number of sessions per subject:
  Subject QLAK-CA1-08: 31 sessions
  Subject QLAK-CA1-30: 31 sessions
Input dimension: 9
Output dimension: 1
Summary statistics (across all sessions):
  T: mean: 1800.00, median: 1800.00, min: 1800, max: 1800
  n_neurons: mean: 297.47', min: 153, max: 422
  Input range:
    geom_bin_0: [0.0, 1.0]
    geom_bin_1: [0.0, 1.0]
    geom_bin_2: [0.0, 1.0]
    geom_bin_3: [0.0, 1.0]
    geom_bin_4: [0.0, 1.0]
    geom_bin_5: [0.0, 1.0]
    geom_bin_6: [0.0, 1.0]
    geom_bin_7: [0.0, 1.0]
    geom_bin_8: [0.0, 1.0]
  Output range:
    position_bin: [0.0, 8.0]
  Unique outputs per dimension (fraction of data):
    position_bin: {bin_0 (0.119), bin_1 (0.079), bin_2 (0.130), bin_3 (0.074), bin_4 (0.053), bin_5 (0.079), bin_6 (0.126), bin_7 (0.127), bin_8 (0.213)}
  Brain region distribution:
    CA1: 18443 neurons

Per-session statistics:
  Mean T: 1800.0, 1800.0, 1800.0, 1800.0, 1800.0, 1800.0, 1800.0, 1800.0, 1800.0, 1800.0, 1800.0, 1800.0, 1800.0, 1800.0, 1800.0, 1800.0, 1800.0, 1800.0, 1800.0, 1800.0, 1800.0, 1800.0, 1800.0, 1800.0, 1800.0, 1800.0, 1800.0, 1800.0, 1800.0, 1800.0, 1800.0, 1800.0, 1800.0, 1800.0, 1800.0, 1800.0, 1800.0, 1800.0, 1800.0, 1800.0, 1800.0, 1800.0, 1800.0, 1800.0, 1800.0, 1800.0, 1800.0, 1800.0, 1800.0, 1800.0, 1800.0, 1800.0, 1800.0, 1800.0, 1800.0, 1800.0, 1800.0, 1800.0, 1800.0, 1800.0, 1800.0, 1800.0
  Min T: 1800, 1800, 1800, 1800, 1800, 1800, 1800, 1800, 1800, 1800, 1800, 1800, 1800, 1800, 1800, 1800, 1800, 1800, 1800, 1800, 1800, 1800, 1800, 1800, 1800, 1800, 1800, 1800, 1800, 1800, 1800, 1800, 1800, 1800, 1800, 1800, 1800, 1800, 1800, 1800, 1800, 1800, 1800, 1800, 1800, 1800, 1800, 1800, 1800, 1800, 1800, 1800, 1800, 1800, 1800, 1800, 1800, 1800, 1800, 1800, 1800, 1800
  Max T: 1800, 1800, 1800, 1800, 1800, 1800, 1800, 1800, 1800, 1800, 1800, 1800, 1800, 1800, 1800, 1800, 1800, 1800, 1800, 1800, 1800, 1800, 1800, 1800, 1800, 1800, 1800, 1800, 1800, 1800, 1800, 1800, 1800, 1800, 1800, 1800, 1800, 1800, 1800, 1800, 1800, 1800, 1800, 1800, 1800, 1800, 1800, 1800, 1800, 1800, 1800, 1800, 1800, 1800, 1800, 1800, 1800, 1800, 1800, 1800, 1800, 1800
  n_neurons: 185, 153, 156, 187, 185, 186, 194, 204, 189, 200, 222, 196, 216, 211, 206, 199, 227, 233, 240, 236, 226, 247, 224, 227, 239, 235, 237, 230, 236, 254, 251, 398, 404, 350, 356, 350, 380, 347, 352, 336, 382, 367, 411, 405, 350, 378, 340, 400, 390, 378, 375, 392, 405, 370, 395, 388, 417, 421, 422, 360, 397, 396
  Input range:
    0: [1.0, 1.0] [1.0, 1.0] [0.0, 0.0] [1.0, 1.0] [0.0, 0.0] [0.0, 0.0] [1.0, 1.0] [1.0, 1.0] [0.0, 0.0] [0.0, 0.0] [1.0, 1.0] [1.0, 1.0] [0.0, 0.0] [1.0, 1.0] [0.0, 0.0] [0.0, 0.0] [1.0, 1.0] [1.0, 1.0] [0.0, 0.0] [0.0, 0.0] [1.0, 1.0] [1.0, 1.0] [0.0, 0.0] [1.0, 1.0] [0.0, 0.0] [0.0, 0.0] [1.0, 1.0] [1.0, 1.0] [0.0, 0.0] [0.0, 0.0] [1.0, 1.0] [1.0, 1.0] [1.0, 1.0] [0.0, 0.0] [1.0, 1.0] [0.0, 0.0] [1.0, 1.0] [1.0, 1.0] [0.0, 0.0] [0.0, 0.0] [0.0, 0.0] [1.0, 1.0] [1.0, 1.0] [0.0, 0.0] [1.0, 1.0] [0.0, 0.0] [1.0, 1.0] [1.0, 1.0] [0.0, 0.0] [0.0, 0.0] [0.0, 0.0] [1.0, 1.0] [1.0, 1.0] [0.0, 0.0] [1.0, 1.0] [0.0, 0.0] [1.0, 1.0] [1.0, 1.0] [0.0, 0.0] [0.0, 0.0] [0.0, 0.0] [1.0, 1.0] 
    1: [1.0, 1.0] [1.0, 1.0] [1.0, 1.0] [1.0, 1.0] [1.0, 1.0] [1.0, 1.0] [1.0, 1.0] [0.0, 0.0] [1.0, 1.0] [1.0, 1.0] [1.0, 1.0] [1.0, 1.0] [1.0, 1.0] [1.0, 1.0] [1.0, 1.0] [1.0, 1.0] [1.0, 1.0] [0.0, 0.0] [1.0, 1.0] [1.0, 1.0] [1.0, 1.0] [1.0, 1.0] [1.0, 1.0] [1.0, 1.0] [1.0, 1.0] [1.0, 1.0] [1.0, 1.0] [0.0, 0.0] [1.0, 1.0] [1.0, 1.0] [1.0, 1.0] [1.0, 1.0] [1.0, 1.0] [1.0, 1.0] [0.0, 0.0] [1.0, 1.0] [1.0, 1.0] [1.0, 1.0] [1.0, 1.0] [1.0, 1.0] [1.0, 1.0] [1.0, 1.0] [1.0, 1.0] [1.0, 1.0] [0.0, 0.0] [1.0, 1.0] [1.0, 1.0] [1.0, 1.0] [1.0, 1.0] [1.0, 1.0] [1.0, 1.0] [1.0, 1.0] [1.0, 1.0] [1.0, 1.0] [0.0, 0.0] [1.0, 1.0] [1.0, 1.0] [1.0, 1.0] [1.0, 1.0] [1.0, 1.0] [1.0, 1.0] [1.0, 1.0] 
    2: [1.0, 1.0] [1.0, 1.0] [0.0, 0.0] [1.0, 1.0] [1.0, 1.0] [0.0, 0.0] [1.0, 1.0] [0.0, 0.0] [1.0, 1.0] [0.0, 0.0] [1.0, 1.0] [1.0, 1.0] [0.0, 0.0] [1.0, 1.0] [1.0, 1.0] [0.0, 0.0] [1.0, 1.0] [0.0, 0.0] [1.0, 1.0] [0.0, 0.0] [1.0, 1.0] [1.0, 1.0] [0.0, 0.0] [1.0, 1.0] [1.0, 1.0] [0.0, 0.0] [1.0, 1.0] [0.0, 0.0] [1.0, 1.0] [0.0, 0.0] [1.0, 1.0] [1.0, 1.0] [1.0, 1.0] [0.0, 0.0] [0.0, 0.0] [0.0, 0.0] [1.0, 1.0] [1.0, 1.0] [1.0, 1.0] [1.0, 1.0] [0.0, 0.0] [1.0, 1.0] [1.0, 1.0] [0.0, 0.0] [0.0, 0.0] [0.0, 0.0] [1.0, 1.0] [1.0, 1.0] [1.0, 1.0] [1.0, 1.0] [0.0, 0.0] [1.0, 1.0] [1.0, 1.0] [0.0, 0.0] [0.0, 0.0] [0.0, 0.0] [1.0, 1.0] [1.0, 1.0] [1.0, 1.0] [1.0, 1.0] [0.0, 0.0] [1.0, 1.0] 
    3: [1.0, 1.0] [1.0, 1.0] [0.0, 0.0] [1.0, 1.0] [0.0, 0.0] [1.0, 1.0] [0.0, 0.0] [1.0, 1.0] [1.0, 1.0] [1.0, 1.0] [1.0, 1.0] [1.0, 1.0] [0.0, 0.0] [1.0, 1.0] [0.0, 0.0] [1.0, 1.0] [0.0, 0.0] [1.0, 1.0] [1.0, 1.0] [1.0, 1.0] [1.0, 1.0] [1.0, 1.0] [0.0, 0.0] [1.0, 1.0] [0.0, 0.0] [1.0, 1.0] [0.0, 0.0] [1.0, 1.0] [1.0, 1.0] [1.0, 1.0] [1.0, 1.0] [1.0, 1.0] [1.0, 1.0] [1.0, 1.0] [1.0, 1.0] [1.0, 1.0] [0.0, 0.0] [1.0, 1.0] [1.0, 1.0] [0.0, 0.0] [0.0, 0.0] [1.0, 1.0] [1.0, 1.0] [1.0, 1.0] [1.0, 1.0] [1.0, 1.0] [0.0, 0.0] [1.0, 1.0] [1.0, 1.0] [0.0, 0.0] [0.0, 0.0] [1.0, 1.0] [1.0, 1.0] [1.0, 1.0] [1.0, 1.0] [1.0, 1.0] [0.0, 0.0] [1.0, 1.0] [1.0, 1.0] [0.0, 0.0] [0.0, 0.0] [1.0, 1.0] 
    4: [1.0, 1.0] [0.0, 0.0] [1.0, 1.0] [0.0, 0.0] [1.0, 1.0] [1.0, 1.0] [1.0, 1.0] [0.0, 0.0] [0.0, 0.0] [0.0, 0.0] [1.0, 1.0] [0.0, 0.0] [1.0, 1.0] [0.0, 0.0] [1.0, 1.0] [1.0, 1.0] [1.0, 1.0] [0.0, 0.0] [0.0, 0.0] [0.0, 0.0] [1.0, 1.0] [0.0, 0.0] [1.0, 1.0] [0.0, 0.0] [1.0, 1.0] [1.0, 1.0] [1.0, 1.0] [0.0, 0.0] [0.0, 0.0] [0.0, 0.0] [1.0, 1.0] [1.0, 1.0] [0.0, 0.0] [1.0, 1.0] [0.0, 0.0] [0.0, 0.0] [1.0, 1.0] [0.0, 0.0] [0.0, 0.0] [1.0, 1.0] [1.0, 1.0] [1.0, 1.0] [0.0, 0.0] [1.0, 1.0] [0.0, 0.0] [0.0, 0.0] [1.0, 1.0] [0.0, 0.0] [0.0, 0.0] [1.0, 1.0] [1.0, 1.0] [1.0, 1.0] [0.0, 0.0] [1.0, 1.0] [0.0, 0.0] [0.0, 0.0] [1.0, 1.0] [0.0, 0.0] [0.0, 0.0] [1.0, 1.0] [1.0, 1.0] [1.0, 1.0] 
    5: [1.0, 1.0] [1.0, 1.0] [0.0, 0.0] [0.0, 0.0] [1.0, 1.0] [1.0, 1.0] [0.0, 0.0] [0.0, 0.0] [1.0, 1.0] [1.0, 1.0] [1.0, 1.0] [1.0, 1.0] [0.0, 0.0] [0.0, 0.0] [1.0, 1.0] [1.0, 1.0] [0.0, 0.0] [0.0, 0.0] [1.0, 1.0] [1.0, 1.0] [1.0, 1.0] [1.0, 1.0] [0.0, 0.0] [0.0, 0.0] [1.0, 1.0] [1.0, 1.0] [0.0, 0.0] [0.0, 0.0] [1.0, 1.0] [1.0, 1.0] [1.0, 1.0] [1.0, 1.0] [1.0, 1.0] [1.0, 1.0] [0.0, 0.0] [1.0, 1.0] [0.0, 0.0] [0.0, 0.0] [1.0, 1.0] [1.0, 1.0] [0.0, 0.0] [1.0, 1.0] [1.0, 1.0] [1.0, 1.0] [0.0, 0.0] [1.0, 1.0] [0.0, 0.0] [0.0, 0.0] [1.0, 1.0] [1.0, 1.0] [0.0, 0.0] [1.0, 1.0] [1.0, 1.0] [1.0, 1.0] [0.0, 0.0] [1.0, 1.0] [0.0, 0.0] [0.0, 0.0] [1.0, 1.0] [1.0, 1.0] [0.0, 0.0] [1.0, 1.0] 
    6: [1.0, 1.0] [1.0, 1.0] [0.0, 0.0] [1.0, 1.0] [0.0, 0.0] [0.0, 0.0] [1.0, 1.0] [1.0, 1.0] [0.0, 0.0] [0.0, 0.0] [1.0, 1.0] [1.0, 1.0] [0.0, 0.0] [1.0, 1.0] [0.0, 0.0] [0.0, 0.0] [1.0, 1.0] [1.0, 1.0] [0.0, 0.0] [0.0, 0.0] [1.0, 1.0] [1.0, 1.0] [0.0, 0.0] [1.0, 1.0] [0.0, 0.0] [0.0, 0.0] [1.0, 1.0] [1.0, 1.0] [0.0, 0.0] [0.0, 0.0] [1.0, 1.0] [1.0, 1.0] [1.0, 1.0] [0.0, 0.0] [1.0, 1.0] [0.0, 0.0] [1.0, 1.0] [1.0, 1.0] [0.0, 0.0] [0.0, 0.0] [0.0, 0.0] [1.0, 1.0] [1.0, 1.0] [0.0, 0.0] [1.0, 1.0] [0.0, 0.0] [1.0, 1.0] [1.0, 1.0] [0.0, 0.0] [0.0, 0.0] [0.0, 0.0] [1.0, 1.0] [1.0, 1.0] [0.0, 0.0] [1.0, 1.0] [0.0, 0.0] [1.0, 1.0] [1.0, 1.0] [0.0, 0.0] [0.0, 0.0] [0.0, 0.0] [1.0, 1.0] 
    7: [1.0, 1.0] [1.0, 1.0] [1.0, 1.0] [1.0, 1.0] [1.0, 1.0] [1.0, 1.0] [1.0, 1.0] [0.0, 0.0] [1.0, 1.0] [1.0, 1.0] [1.0, 1.0] [1.0, 1.0] [1.0, 1.0] [1.0, 1.0] [1.0, 1.0] [1.0, 1.0] [1.0, 1.0] [0.0, 0.0] [1.0, 1.0] [1.0, 1.0] [1.0, 1.0] [1.0, 1.0] [1.0, 1.0] [1.0, 1.0] [1.0, 1.0] [1.0, 1.0] [1.0, 1.0] [0.0, 0.0] [1.0, 1.0] [1.0, 1.0] [1.0, 1.0] [1.0, 1.0] [1.0, 1.0] [1.0, 1.0] [0.0, 0.0] [1.0, 1.0] [1.0, 1.0] [1.0, 1.0] [1.0, 1.0] [1.0, 1.0] [1.0, 1.0] [1.0, 1.0] [1.0, 1.0] [1.0, 1.0] [0.0, 0.0] [1.0, 1.0] [1.0, 1.0] [1.0, 1.0] [1.0, 1.0] [1.0, 1.0] [1.0, 1.0] [1.0, 1.0] [1.0, 1.0] [1.0, 1.0] [0.0, 0.0] [1.0, 1.0] [1.0, 1.0] [1.0, 1.0] [1.0, 1.0] [1.0, 1.0] [1.0, 1.0] [1.0, 1.0] 
    8: [1.0, 1.0] [1.0, 1.0] [0.0, 0.0] [1.0, 1.0] [1.0, 1.0] [0.0, 0.0] [1.0, 1.0] [0.0, 0.0] [1.0, 1.0] [0.0, 0.0] [1.0, 1.0] [1.0, 1.0] [0.0, 0.0] [1.0, 1.0] [1.0, 1.0] [0.0, 0.0] [1.0, 1.0] [0.0, 0.0] [1.0, 1.0] [0.0, 0.0] [1.0, 1.0] [1.0, 1.0] [0.0, 0.0] [1.0, 1.0] [1.0, 1.0] [0.0, 0.0] [1.0, 1.0] [0.0, 0.0] [1.0, 1.0] [0.0, 0.0] [1.0, 1.0] [1.0, 1.0] [1.0, 1.0] [0.0, 0.0] [0.0, 0.0] [0.0, 0.0] [1.0, 1.0] [1.0, 1.0] [1.0, 1.0] [1.0, 1.0] [0.0, 0.0] [1.0, 1.0] [1.0, 1.0] [0.0, 0.0] [0.0, 0.0] [0.0, 0.0] [1.0, 1.0] [1.0, 1.0] [1.0, 1.0] [1.0, 1.0] [0.0, 0.0] [1.0, 1.0] [1.0, 1.0] [0.0, 0.0] [0.0, 0.0] [0.0, 0.0] [1.0, 1.0] [1.0, 1.0] [1.0, 1.0] [1.0, 1.0] [0.0, 0.0] [1.0, 1.0] 
  Output range:
    0: [0.0, 8.0] [0.0, 8.0] [0.0, 8.0] [0.0, 8.0] [0.0, 8.0] [0.0, 8.0] [0.0, 8.0] [0.0, 8.0] [0.0, 8.0] [0.0, 8.0] [0.0, 8.0] [0.0, 8.0] [0.0, 8.0] [0.0, 8.0] [0.0, 8.0] [0.0, 8.0] [0.0, 8.0] [0.0, 8.0] [0.0, 8.0] [0.0, 8.0] [0.0, 8.0] [0.0, 8.0] [0.0, 8.0] [0.0, 8.0] [0.0, 8.0] [0.0, 8.0] [0.0, 8.0] [0.0, 8.0] [0.0, 8.0] [0.0, 8.0] [0.0, 8.0] [0.0, 8.0] [0.0, 8.0] [0.0, 8.0] [0.0, 8.0] [0.0, 8.0] [0.0, 8.0] [0.0, 8.0] [0.0, 8.0] [0.0, 8.0] [0.0, 8.0] [0.0, 8.0] [0.0, 8.0] [0.0, 8.0] [0.0, 8.0] [0.0, 8.0] [0.0, 8.0] [0.0, 8.0] [0.0, 8.0] [0.0, 8.0] [0.0, 8.0] [0.0, 8.0] [0.0, 8.0] [0.0, 8.0] [0.0, 8.0] [0.0, 8.0] [0.0, 8.0] [0.0, 8.0] [0.0, 8.0] [0.0, 8.0] [0.0, 8.0] [0.0, 8.0] 
  Output fraction of data:
position_bin: (0.097 0.130 0.170 0.137 0.136 0.037 0.105 0.205 0.024 0.003 0.116 0.115 0.173 0.074 0.111 0.062 0.153 0.250 0.057 0.031 0.203 0.135 0.172 0.099 0.122 0.034 0.111 0.250 0.065 0.035 0.170 0.077 0.127 0.087 0.249 0.023 0.126 0.097 0.031 0.157 0.189 0.069 0.117 0.090 0.113 0.023 0.084 0.104 0.067 0.231 0.212 0.102 0.109 0.111 0.203 0.031 0.176 0.090 0.039 0.214 0.281 0.165)  0.057 0.066 0.136 0.080 0.056 0.179 0.065 0.002 0.082 0.115 0.032 0.052 0.125 0.069 0.018 0.222 0.073 0.002 0.082 0.117 0.062 0.050 0.140 0.053 0.022 0.176 0.069 0.012 0.089 0.112 0.032 0.041 0.070 0.162 0.026 0.119 0.081 0.078 0.070 0.041 0.097 0.041 0.082 0.143 0.006 0.104 0.077 0.073 0.092 0.039 0.116 0.049 0.073 0.170 0.013 0.121 0.084 0.065 0.101 0.039 0.159 0.029)  0.151 0.129 0.268 0.170 0.129 0.013 0.132 0.011 0.144 0.264 0.180 0.172 0.317 0.141 0.153 0.028 0.162 0.003 0.159 0.217 0.093 0.146 0.239 0.264 0.141 0.026 0.116 0.031 0.113 0.314 0.200 0.104 0.119 0.083 0.019 0.132 0.138 0.126 0.100 0.132 0.238 0.129 0.154 0.058 0.009 0.114 0.083 0.085 0.112 0.116 0.197 0.077 0.113 0.063 0.022 0.166 0.140 0.153 0.091 0.100 0.212 0.073)  0.086 0.097 0.020 0.066 0.078 0.179 0.003 0.107 0.072 0.076 0.035 0.049 0.020 0.061 0.056 0.099 0.001 0.087 0.085 0.096 0.057 0.052 0.027 0.066 0.089 0.160 0.005 0.122 0.115 0.062 0.042 0.043 0.076 0.130 0.081 0.081 0.056 0.087 0.107 0.101 0.018 0.060 0.073 0.150 0.069 0.096 0.016 0.101 0.050 0.065 0.030 0.065 0.067 0.153 0.090 0.136 0.020 0.089 0.124 0.077 0.030 0.065)  0.079 0.005 0.129 0.000 0.060 0.144 0.075 0.013 0.006 0.079 0.041 0.005 0.108 0.017 0.042 0.132 0.071 0.000 0.016 0.100 0.049 0.008 0.132 0.008 0.013 0.161 0.073 0.001 0.033 0.088 0.024 0.069 0.015 0.111 0.010 0.061 0.082 0.003 0.029 0.024 0.110 0.044 0.024 0.124 0.034 0.082 0.085 0.005 0.029 0.051 0.101 0.046 0.012 0.118 0.010 0.071 0.088 0.001 0.007 0.022 0.085 0.020)  0.093 0.091 0.005 0.000 0.099 0.179 0.002 0.012 0.120 0.139 0.117 0.102 0.012 0.029 0.088 0.208 0.000 0.003 0.131 0.161 0.065 0.084 0.032 0.014 0.053 0.211 0.018 0.012 0.115 0.147 0.088 0.130 0.118 0.153 0.017 0.127 0.020 0.013 0.159 0.081 0.026 0.112 0.091 0.200 0.051 0.156 0.020 0.013 0.098 0.084 0.026 0.082 0.083 0.110 0.032 0.159 0.032 0.006 0.111 0.081 0.017 0.089)  0.106 0.146 0.035 0.181 0.094 0.046 0.160 0.108 0.147 0.154 0.100 0.123 0.021 0.203 0.115 0.040 0.100 0.176 0.098 0.134 0.121 0.116 0.054 0.107 0.138 0.028 0.147 0.185 0.105 0.104 0.107 0.168 0.127 0.069 0.176 0.196 0.200 0.135 0.153 0.150 0.040 0.182 0.146 0.045 0.151 0.255 0.110 0.175 0.132 0.136 0.048 0.180 0.210 0.070 0.165 0.165 0.117 0.138 0.138 0.109 0.018 0.193)  0.111 0.089 0.221 0.070 0.087 0.221 0.156 0.178 0.109 0.169 0.073 0.089 0.210 0.113 0.092 0.178 0.125 0.124 0.071 0.126 0.065 0.102 0.189 0.104 0.102 0.189 0.159 0.115 0.077 0.124 0.075 0.108 0.091 0.163 0.126 0.186 0.125 0.180 0.089 0.091 0.249 0.089 0.081 0.135 0.154 0.135 0.169 0.128 0.106 0.110 0.192 0.096 0.090 0.146 0.126 0.135 0.099 0.137 0.100 0.083 0.168 0.059)  0.221 0.245 0.016 0.296 0.260 0.001 0.300 0.363 0.296 0.001 0.306 0.292 0.014 0.293 0.324 0.030 0.314 0.356 0.301 0.017 0.285 0.308 0.016 0.285 0.320 0.014 0.303 0.273 0.286 0.015 0.263 0.261 0.258 0.042 0.295 0.075 0.172 0.281 0.261 0.225 0.033 0.273 0.232 0.054 0.414 0.036 0.356 0.316 0.314 0.168 0.077 0.304 0.243 0.058 0.338 0.016 0.244 0.321 0.288 0.276 0.030 0.308)  
Brain region: CA1: 18443 neurons  
Data verification complete.
