Data format is valid, no errors or warnings.
Number of sessions: 207
Total number of trials: 8187
Number of trials per session: [39, 39, 39, 39, 39, 39, 39, 39, 39, 39, 39, 39, 39, 39, 39, 39, 39, 39, 39, 39, 39, 39, 39, 39, 39, 39, 39, 39, 39, 39, 39, 39, 39, 39, 39, 39, 39, 39, 39, 39, 39, 39, 39, 39, 39, 39, 39, 39, 39, 39, 39, 39, 39, 39, 39, 39, 39, 39, 39, 39, 39, 39, 39, 39, 39, 39, 39, 39, 39, 39, 39, 39, 39, 39, 39, 39, 39, 39, 39, 39, 39, 39, 39, 39, 39, 39, 39, 39, 39, 39, 39, 39, 39, 40, 40, 40, 40, 40, 40, 40, 40, 40, 40, 40, 40, 40, 40, 40, 40, 40, 40, 40, 40, 40, 40, 40, 40, 40, 40, 40, 40, 40, 40, 40, 40, 40, 40, 40, 40, 40, 40, 40, 40, 40, 40, 40, 40, 40, 40, 40, 40, 40, 40, 40, 40, 40, 40, 40, 40, 40, 40, 40, 40, 40, 40, 40, 40, 40, 40, 40, 40, 40, 40, 40, 40, 40, 40, 40, 40, 40, 40, 40, 40, 40, 40, 40, 40, 40, 40, 40, 40, 40, 40, 40, 40, 40, 40, 40, 40, 40, 40, 40, 40, 40, 40, 40, 40, 40, 40, 40, 40, 40, 40, 40, 40, 40, 40]
Number of subjects: 7
Number of brain regions: 1
Number of sessions per subject:
  Subject QLAK-CA1-08: 31 sessions
  Subject QLAK-CA1-30: 31 sessions
  Subject QLAK-CA1-50: 31 sessions
  Subject QLAK-CA1-51: 21 sessions
  Subject QLAK-CA1-56: 31 sessions
  Subject QLAK-CA1-74: 31 sessions
  Subject QLAK-CA1-75: 31 sessions
Input dimension: 9
Output dimension: 1
Summary statistics (across all sessions):
  T: mean: 1800.00, median: 1800.00, min: 1800, max: 1800
  n_neurons: mean: 336.93', min: 113, max: 564
  Input range:
    geom_bin_0: [0.0, 1.0]
    geom_bin_1: [0.0, 1.0]
    geom_bin_2: [0.0, 1.0]
    geom_bin_3: [0.0, 1.0]
    geom_bin_4: [0.0, 1.0]
    geom_bin_5: [0.0, 1.0]
    geom_bin_6: [0.0, 1.0]
    geom_bin_7: [0.0, 1.0]
    geom_bin_8: [0.0, 1.0]
  Output range:
    position_bin: [0.0, 8.0]
  Unique outputs per dimension (fraction of data):
    position_bin: {bin_0 (0.127), bin_1 (0.082), bin_2 (0.133), bin_3 (0.081), bin_4 (0.050), bin_5 (0.079), bin_6 (0.134), bin_7 (0.120), bin_8 (0.192)}
  Brain region distribution:
    CA1: 69744 neurons

Per-session statistics:
  Mean T: 1800.0, 1800.0, 1800.0, 1800.0, 1800.0, 1800.0, 1800.0, 1800.0, 1800.0, 1800.0, 1800.0, 1800.0, 1800.0, 1800.0, 1800.0, 1800.0, 1800.0, 1800.0, 1800.0, 1800.0, 1800.0, 1800.0, 1800.0, 1800.0, 1800.0, 1800.0, 1800.0, 1800.0, 1800.0, 1800.0, 1800.0, 1800.0, 1800.0, 1800.0, 1800.0, 1800.0, 1800.0, 1800.0, 1800.0, 1800.0, 1800.0, 1800.0, 1800.0, 1800.0, 1800.0, 1800.0, 1800.0, 1800.0, 1800.0, 1800.0, 1800.0, 1800.0, 1800.0, 1800.0, 1800.0, 1800.0, 1800.0, 1800.0, 1800.0, 1800.0, 1800.0, 1800.0, 1800.0, 1800.0, 1800.0, 1800.0, 1800.0, 1800.0, 1800.0, 1800.0, 1800.0, 1800.0, 1800.0, 1800.0, 1800.0, 1800.0, 1800.0, 1800.0, 1800.0, 1800.0, 1800.0, 1800.0, 1800.0, 1800.0, 1800.0, 1800.0, 1800.0, 1800.0, 1800.0, 1800.0, 1800.0, 1800.0, 1800.0, 1800.0, 1800.0, 1800.0, 1800.0, 1800.0, 1800.0, 1800.0, 1800.0, 1800.0, 1800.0, 1800.0, 1800.0, 1800.0, 1800.0, 1800.0, 1800.0, 1800.0, 1800.0, 1800.0, 1800.0, 1800.0, 1800.0, 1800.0, 1800.0, 1800.0, 1800.0, 1800.0, 1800.0, 1800.0, 1800.0, 1800.0, 1800.0, 1800.0, 1800.0, 1800.0, 1800.0, 1800.0, 1800.0, 1800.0, 1800.0, 1800.0, 1800.0, 1800.0, 1800.0, 1800.0, 1800.0, 1800.0, 1800.0, 1800.0, 1800.0, 1800.0, 1800.0, 1800.0, 1800.0, 1800.0, 1800.0, 1800.0, 1800.0, 1800.0, 1800.0, 1800.0, 1800.0, 1800.0, 1800.0, 1800.0, 1800.0, 1800.0, 1800.0, 1800.0, 1800.0, 1800.0, 1800.0, 1800.0, 1800.0, 1800.0, 1800.0, 1800.0, 1800.0, 1800.0, 1800.0, 1800.0, 1800.0, 1800.0, 1800.0, 1800.0, 1800.0, 1800.0, 1800.0, 1800.0, 1800.0, 1800.0, 1800.0, 1800.0, 1800.0, 1800.0, 1800.0, 1800.0, 1800.0, 1800.0, 1800.0, 1800.0, 1800.0, 1800.0, 1800.0, 1800.0, 1800.0, 1800.0, 1800.0, 1800.0, 1800.0, 1800.0, 1800.0, 1800.0, 1800.0
  Min T: 1800, 1800, 1800, 1800, 1800, 1800, 1800, 1800, 1800, 1800, 1800, 1800, 1800, 1800, 1800, 1800, 1800, 1800, 1800, 1800, 1800, 1800, 1800, 1800, 1800, 1800, 1800, 1800, 1800, 1800, 1800, 1800, 1800, 1800, 1800, 1800, 1800, 1800, 1800, 1800, 1800, 1800, 1800, 1800, 1800, 1800, 1800, 1800, 1800, 1800, 1800, 1800, 1800, 1800, 1800, 1800, 1800, 1800, 1800, 1800, 1800, 1800, 1800, 1800, 1800, 1800, 1800, 1800, 1800, 1800, 1800, 1800, 1800, 1800, 1800, 1800, 1800, 1800, 1800, 1800, 1800, 1800, 1800, 1800, 1800, 1800, 1800, 1800, 1800, 1800, 1800, 1800, 1800, 1800, 1800, 1800, 1800, 1800, 1800, 1800, 1800, 1800, 1800, 1800, 1800, 1800, 1800, 1800, 1800, 1800, 1800, 1800, 1800, 1800, 1800, 1800, 1800, 1800, 1800, 1800, 1800, 1800, 1800, 1800, 1800, 1800, 1800, 1800, 1800, 1800, 1800, 1800, 1800, 1800, 1800, 1800, 1800, 1800, 1800, 1800, 1800, 1800, 1800, 1800, 1800, 1800, 1800, 1800, 1800, 1800, 1800, 1800, 1800, 1800, 1800, 1800, 1800, 1800, 1800, 1800, 1800, 1800, 1800, 1800, 1800, 1800, 1800, 1800, 1800, 1800, 1800, 1800, 1800, 1800, 1800, 1800, 1800, 1800, 1800, 1800, 1800, 1800, 1800, 1800, 1800, 1800, 1800, 1800, 1800, 1800, 1800, 1800, 1800, 1800, 1800, 1800, 1800, 1800, 1800, 1800, 1800, 1800, 1800, 1800, 1800, 1800, 1800
  Max T: 1800, 1800, 1800, 1800, 1800, 1800, 1800, 1800, 1800, 1800, 1800, 1800, 1800, 1800, 1800, 1800, 1800, 1800, 1800, 1800, 1800, 1800, 1800, 1800, 1800, 1800, 1800, 1800, 1800, 1800, 1800, 1800, 1800, 1800, 1800, 1800, 1800, 1800, 1800, 1800, 1800, 1800, 1800, 1800, 1800, 1800, 1800, 1800, 1800, 1800, 1800, 1800, 1800, 1800, 1800, 1800, 1800, 1800, 1800, 1800, 1800, 1800, 1800, 1800, 1800, 1800, 1800, 1800, 1800, 1800, 1800, 1800, 1800, 1800, 1800, 1800, 1800, 1800, 1800, 1800, 1800, 1800, 1800, 1800, 1800, 1800, 1800, 1800, 1800, 1800, 1800, 1800, 1800, 1800, 1800, 1800, 1800, 1800, 1800, 1800, 1800, 1800, 1800, 1800, 1800, 1800, 1800, 1800, 1800, 1800, 1800, 1800, 1800, 1800, 1800, 1800, 1800, 1800, 1800, 1800, 1800, 1800, 1800, 1800, 1800, 1800, 1800, 1800, 1800, 1800, 1800, 1800, 1800, 1800, 1800, 1800, 1800, 1800, 1800, 1800, 1800, 1800, 1800, 1800, 1800, 1800, 1800, 1800, 1800, 1800, 1800, 1800, 1800, 1800, 1800, 1800, 1800, 1800, 1800, 1800, 1800, 1800, 1800, 1800, 1800, 1800, 1800, 1800, 1800, 1800, 1800, 1800, 1800, 1800, 1800, 1800, 1800, 1800, 1800, 1800, 1800, 1800, 1800, 1800, 1800, 1800, 1800, 1800, 1800, 1800, 1800, 1800, 1800, 1800, 1800, 1800, 1800, 1800, 1800, 1800, 1800, 1800, 1800, 1800, 1800, 1800, 1800
  n_neurons: 185, 153, 156, 187, 185, 186, 194, 204, 189, 200, 222, 196, 216, 211, 206, 199, 227, 233, 240, 236, 226, 247, 224, 227, 239, 235, 237, 230, 236, 254, 251, 398, 404, 350, 356, 350, 380, 347, 352, 336, 382, 367, 411, 405, 350, 378, 340, 400, 390, 378, 375, 392, 405, 370, 395, 388, 417, 421, 422, 360, 397, 396, 214, 233, 223, 224, 242, 231, 227, 364, 382, 367, 367, 428, 405, 421, 434, 375, 430, 457, 479, 452, 409, 519, 502, 501, 493, 445, 488, 523, 492, 536, 564, 113, 143, 148, 166, 162, 151, 179, 227, 233, 253, 235, 263, 258, 233, 277, 274, 276, 284, 317, 316, 323, 295, 251, 257, 281, 264, 257, 281, 340, 326, 336, 329, 337, 402, 371, 379, 391, 377, 395, 437, 428, 406, 438, 423, 436, 452, 472, 444, 481, 485, 507, 529, 304, 278, 274, 264, 292, 275, 285, 258, 306, 303, 286, 316, 284, 303, 289, 289, 300, 258, 321, 339, 328, 361, 389, 344, 359, 315, 294, 300, 370, 405, 391, 356, 263, 294, 285, 368, 288, 330, 438, 393, 384, 396, 344, 344, 395, 433, 389, 419, 442, 480, 435, 436, 424, 450, 421, 501, 420, 393, 487, 499, 535, 514
  Input range:
    0: [1.0, 1.0] [1.0, 1.0] [0.0, 0.0] [1.0, 1.0] [0.0, 0.0] [0.0, 0.0] [1.0, 1.0] [1.0, 1.0] [0.0, 0.0] [0.0, 0.0] [1.0, 1.0] [1.0, 1.0] [0.0, 0.0] [1.0, 1.0] [0.0, 0.0] [0.0, 0.0] [1.0, 1.0] [1.0, 1.0] [0.0, 0.0] [0.0, 0.0] [1.0, 1.0] [1.0, 1.0] [0.0, 0.0] [1.0, 1.0] [0.0, 0.0] [0.0, 0.0] [1.0, 1.0] [1.0, 1.0] [0.0, 0.0] [0.0, 0.0] [1.0, 1.0] [1.0, 1.0] [1.0, 1.0] [0.0, 0.0] [1.0, 1.0] [0.0, 0.0] [1.0, 1.0] [1.0, 1.0] [0.0, 0.0] [0.0, 0.0] [0.0, 0.0] [1.0, 1.0] [1.0, 1.0] [0.0, 0.0] [1.0, 1.0] [0.0, 0.0] [1.0, 1.0] [1.0, 1.0] [0.0, 0.0] [0.0, 0.0] [0.0, 0.0] [1.0, 1.0] [1.0, 1.0] [0.0, 0.0] [1.0, 1.0] [0.0, 0.0] [1.0, 1.0] [1.0, 1.0] [0.0, 0.0] [0.0, 0.0] [0.0, 0.0] [1.0, 1.0] [1.0, 1.0] [0.0, 0.0] [0.0, 0.0] [1.0, 1.0] [1.0, 1.0] [0.0, 0.0] [0.0, 0.0] [0.0, 0.0] [1.0, 1.0] [1.0, 1.0] [1.0, 1.0] [0.0, 0.0] [0.0, 0.0] [1.0, 1.0] [1.0, 1.0] [0.0, 0.0] [0.0, 0.0] [0.0, 0.0] [1.0, 1.0] [1.0, 1.0] [1.0, 1.0] [0.0, 0.0] [0.0, 0.0] [1.0, 1.0] [1.0, 1.0] [0.0, 0.0] [0.0, 0.0] [0.0, 0.0] [1.0, 1.0] [1.0, 1.0] [1.0, 1.0] [1.0, 1.0] [1.0, 1.0] [1.0, 1.0] [1.0, 1.0] [0.0, 0.0] [0.0, 0.0] [0.0, 0.0] [0.0, 0.0] [1.0, 1.0] [0.0, 0.0] [1.0, 1.0] [1.0, 1.0] [1.0, 1.0] [1.0, 1.0] [0.0, 0.0] [0.0, 0.0] [0.0, 0.0] [0.0, 0.0] [1.0, 1.0] [0.0, 0.0] [1.0, 1.0] [1.0, 1.0] [1.0, 1.0] [0.0, 0.0] [0.0, 0.0] [0.0, 0.0] [1.0, 1.0] [0.0, 0.0] [1.0, 1.0] [1.0, 1.0] [0.0, 0.0] [1.0, 1.0] [1.0, 1.0] [0.0, 0.0] [0.0, 0.0] [0.0, 0.0] [1.0, 1.0] [0.0, 0.0] [1.0, 1.0] [1.0, 1.0] [0.0, 0.0] [1.0, 1.0] [1.0, 1.0] [0.0, 0.0] [0.0, 0.0] [0.0, 0.0] [1.0, 1.0] [0.0, 0.0] [1.0, 1.0] [1.0, 1.0] [0.0, 0.0] [1.0, 1.0] [1.0, 1.0] [0.0, 0.0] [0.0, 0.0] [0.0, 0.0] [1.0, 1.0] [1.0, 1.0] [1.0, 1.0] [0.0, 0.0] [0.0, 0.0] [1.0, 1.0] [1.0, 1.0] [0.0, 0.0] [0.0, 0.0] [0.0, 0.0] [1.0, 1.0] [1.0, 1.0] [1.0, 1.0] [0.0, 0.0] [0.0, 0.0] [1.0, 1.0] [1.0, 1.0] [0.0, 0.0] [0.0, 0.0] [0.0, 0.0] [1.0, 1.0] [1.0, 1.0] [1.0, 1.0] [0.0, 0.0] [0.0, 0.0] [1.0, 1.0] [1.0, 1.0] [1.0, 1.0] [0.0, 0.0] [0.0, 0.0] [1.0, 1.0] [1.0, 1.0] [0.0, 0.0] [0.0, 0.0] [0.0, 0.0] [1.0, 1.0] [1.0, 1.0] [1.0, 1.0] [0.0, 0.0] [0.0, 0.0] [1.0, 1.0] [1.0, 1.0] [0.0, 0.0] [0.0, 0.0] [0.0, 0.0] [1.0, 1.0] [1.0, 1.0] [1.0, 1.0] [0.0, 0.0] [0.0, 0.0] [1.0, 1.0] [1.0, 1.0] [0.0, 0.0] [0.0, 0.0] [0.0, 0.0] [1.0, 1.0] [1.0, 1.0] [1.0, 1.0] 
    1: [1.0, 1.0] [1.0, 1.0] [1.0, 1.0] [1.0, 1.0] [1.0, 1.0] [1.0, 1.0] [1.0, 1.0] [0.0, 0.0] [1.0, 1.0] [1.0, 1.0] [1.0, 1.0] [1.0, 1.0] [1.0, 1.0] [1.0, 1.0] [1.0, 1.0] [1.0, 1.0] [1.0, 1.0] [0.0, 0.0] [1.0, 1.0] [1.0, 1.0] [1.0, 1.0] [1.0, 1.0] [1.0, 1.0] [1.0, 1.0] [1.0, 1.0] [1.0, 1.0] [1.0, 1.0] [0.0, 0.0] [1.0, 1.0] [1.0, 1.0] [1.0, 1.0] [1.0, 1.0] [1.0, 1.0] [1.0, 1.0] [0.0, 0.0] [1.0, 1.0] [1.0, 1.0] [1.0, 1.0] [1.0, 1.0] [1.0, 1.0] [1.0, 1.0] [1.0, 1.0] [1.0, 1.0] [1.0, 1.0] [0.0, 0.0] [1.0, 1.0] [1.0, 1.0] [1.0, 1.0] [1.0, 1.0] [1.0, 1.0] [1.0, 1.0] [1.0, 1.0] [1.0, 1.0] [1.0, 1.0] [0.0, 0.0] [1.0, 1.0] [1.0, 1.0] [1.0, 1.0] [1.0, 1.0] [1.0, 1.0] [1.0, 1.0] [1.0, 1.0] [1.0, 1.0] [1.0, 1.0] [1.0, 1.0] [1.0, 1.0] [1.0, 1.0] [1.0, 1.0] [1.0, 1.0] [1.0, 1.0] [1.0, 1.0] [0.0, 0.0] [1.0, 1.0] [1.0, 1.0] [1.0, 1.0] [1.0, 1.0] [1.0, 1.0] [1.0, 1.0] [1.0, 1.0] [1.0, 1.0] [1.0, 1.0] [0.0, 0.0] [1.0, 1.0] [1.0, 1.0] [1.0, 1.0] [1.0, 1.0] [1.0, 1.0] [1.0, 1.0] [1.0, 1.0] [1.0, 1.0] [1.0, 1.0] [0.0, 0.0] [1.0, 1.0] [1.0, 1.0] [1.0, 1.0] [0.0, 0.0] [1.0, 1.0] [1.0, 1.0] [1.0, 1.0] [1.0, 1.0] [1.0, 1.0] [1.0, 1.0] [1.0, 1.0] [1.0, 1.0] [1.0, 1.0] [0.0, 0.0] [1.0, 1.0] [1.0, 1.0] [1.0, 1.0] [1.0, 1.0] [1.0, 1.0] [1.0, 1.0] [1.0, 1.0] [1.0, 1.0] [1.0, 1.0] [0.0, 0.0] [1.0, 1.0] [1.0, 1.0] [1.0, 1.0] [1.0, 1.0] [1.0, 1.0] [1.0, 1.0] [1.0, 1.0] [1.0, 1.0] [1.0, 1.0] [0.0, 0.0] [1.0, 1.0] [1.0, 1.0] [1.0, 1.0] [1.0, 1.0] [1.0, 1.0] [1.0, 1.0] [1.0, 1.0] [1.0, 1.0] [1.0, 1.0] [0.0, 0.0] [1.0, 1.0] [1.0, 1.0] [1.0, 1.0] [1.0, 1.0] [1.0, 1.0] [1.0, 1.0] [1.0, 1.0] [1.0, 1.0] [1.0, 1.0] [1.0, 1.0] [1.0, 1.0] [1.0, 1.0] [1.0, 1.0] [1.0, 1.0] [1.0, 1.0] [0.0, 0.0] [1.0, 1.0] [1.0, 1.0] [1.0, 1.0] [1.0, 1.0] [1.0, 1.0] [1.0, 1.0] [1.0, 1.0] [1.0, 1.0] [1.0, 1.0] [0.0, 0.0] [1.0, 1.0] [1.0, 1.0] [1.0, 1.0] [1.0, 1.0] [1.0, 1.0] [1.0, 1.0] [1.0, 1.0] [1.0, 1.0] [1.0, 1.0] [0.0, 0.0] [1.0, 1.0] [1.0, 1.0] [1.0, 1.0] [1.0, 1.0] [1.0, 1.0] [1.0, 1.0] [1.0, 1.0] [0.0, 0.0] [1.0, 1.0] [1.0, 1.0] [1.0, 1.0] [1.0, 1.0] [1.0, 1.0] [1.0, 1.0] [1.0, 1.0] [1.0, 1.0] [1.0, 1.0] [0.0, 0.0] [1.0, 1.0] [1.0, 1.0] [1.0, 1.0] [1.0, 1.0] [1.0, 1.0] [1.0, 1.0] [1.0, 1.0] [1.0, 1.0] [1.0, 1.0] [0.0, 0.0] [1.0, 1.0] [1.0, 1.0] [1.0, 1.0] [1.0, 1.0] [1.0, 1.0] [1.0, 1.0] [1.0, 1.0] 
    2: [1.0, 1.0] [1.0, 1.0] [0.0, 0.0] [1.0, 1.0] [1.0, 1.0] [0.0, 0.0] [1.0, 1.0] [0.0, 0.0] [1.0, 1.0] [0.0, 0.0] [1.0, 1.0] [1.0, 1.0] [0.0, 0.0] [1.0, 1.0] [1.0, 1.0] [0.0, 0.0] [1.0, 1.0] [0.0, 0.0] [1.0, 1.0] [0.0, 0.0] [1.0, 1.0] [1.0, 1.0] [0.0, 0.0] [1.0, 1.0] [1.0, 1.0] [0.0, 0.0] [1.0, 1.0] [0.0, 0.0] [1.0, 1.0] [0.0, 0.0] [1.0, 1.0] [1.0, 1.0] [1.0, 1.0] [0.0, 0.0] [0.0, 0.0] [0.0, 0.0] [1.0, 1.0] [1.0, 1.0] [1.0, 1.0] [1.0, 1.0] [0.0, 0.0] [1.0, 1.0] [1.0, 1.0] [0.0, 0.0] [0.0, 0.0] [0.0, 0.0] [1.0, 1.0] [1.0, 1.0] [1.0, 1.0] [1.0, 1.0] [0.0, 0.0] [1.0, 1.0] [1.0, 1.0] [0.0, 0.0] [0.0, 0.0] [0.0, 0.0] [1.0, 1.0] [1.0, 1.0] [1.0, 1.0] [1.0, 1.0] [0.0, 0.0] [1.0, 1.0] [1.0, 1.0] [0.0, 0.0] [1.0, 1.0] [1.0, 1.0] [1.0, 1.0] [0.0, 0.0] [1.0, 1.0] [0.0, 0.0] [1.0, 1.0] [0.0, 0.0] [1.0, 1.0] [0.0, 0.0] [1.0, 1.0] [1.0, 1.0] [1.0, 1.0] [0.0, 0.0] [1.0, 1.0] [0.0, 0.0] [1.0, 1.0] [0.0, 0.0] [1.0, 1.0] [0.0, 0.0] [1.0, 1.0] [1.0, 1.0] [1.0, 1.0] [0.0, 0.0] [1.0, 1.0] [0.0, 0.0] [1.0, 1.0] [0.0, 0.0] [1.0, 1.0] [1.0, 1.0] [1.0, 1.0] [0.0, 0.0] [1.0, 1.0] [1.0, 1.0] [1.0, 1.0] [0.0, 0.0] [0.0, 0.0] [1.0, 1.0] [0.0, 0.0] [1.0, 1.0] [1.0, 1.0] [0.0, 0.0] [1.0, 1.0] [1.0, 1.0] [1.0, 1.0] [0.0, 0.0] [0.0, 0.0] [1.0, 1.0] [0.0, 0.0] [1.0, 1.0] [1.0, 1.0] [0.0, 0.0] [1.0, 1.0] [0.0, 0.0] [1.0, 1.0] [1.0, 1.0] [0.0, 0.0] [1.0, 1.0] [1.0, 1.0] [0.0, 0.0] [1.0, 1.0] [0.0, 0.0] [1.0, 1.0] [0.0, 0.0] [1.0, 1.0] [1.0, 1.0] [0.0, 0.0] [1.0, 1.0] [1.0, 1.0] [0.0, 0.0] [1.0, 1.0] [0.0, 0.0] [1.0, 1.0] [0.0, 0.0] [1.0, 1.0] [1.0, 1.0] [0.0, 0.0] [1.0, 1.0] [1.0, 1.0] [0.0, 0.0] [1.0, 1.0] [1.0, 1.0] [0.0, 0.0] [1.0, 1.0] [0.0, 0.0] [1.0, 1.0] [1.0, 1.0] [0.0, 0.0] [1.0, 1.0] [0.0, 0.0] [1.0, 1.0] [1.0, 1.0] [0.0, 0.0] [1.0, 1.0] [0.0, 0.0] [1.0, 1.0] [1.0, 1.0] [0.0, 0.0] [1.0, 1.0] [0.0, 0.0] [1.0, 1.0] [1.0, 1.0] [0.0, 0.0] [1.0, 1.0] [0.0, 0.0] [1.0, 1.0] [1.0, 1.0] [0.0, 0.0] [1.0, 1.0] [0.0, 0.0] [1.0, 1.0] [1.0, 1.0] [1.0, 1.0] [1.0, 1.0] [0.0, 0.0] [0.0, 0.0] [1.0, 1.0] [0.0, 0.0] [0.0, 0.0] [1.0, 1.0] [1.0, 1.0] [1.0, 1.0] [1.0, 1.0] [1.0, 1.0] [0.0, 0.0] [0.0, 0.0] [1.0, 1.0] [0.0, 0.0] [0.0, 0.0] [1.0, 1.0] [1.0, 1.0] [1.0, 1.0] [1.0, 1.0] [1.0, 1.0] [0.0, 0.0] [0.0, 0.0] [1.0, 1.0] [0.0, 0.0] [0.0, 0.0] [1.0, 1.0] [1.0, 1.0] [1.0, 1.0] [1.0, 1.0] 
    3: [1.0, 1.0] [1.0, 1.0] [0.0, 0.0] [1.0, 1.0] [0.0, 0.0] [1.0, 1.0] [0.0, 0.0] [1.0, 1.0] [1.0, 1.0] [1.0, 1.0] [1.0, 1.0] [1.0, 1.0] [0.0, 0.0] [1.0, 1.0] [0.0, 0.0] [1.0, 1.0] [0.0, 0.0] [1.0, 1.0] [1.0, 1.0] [1.0, 1.0] [1.0, 1.0] [1.0, 1.0] [0.0, 0.0] [1.0, 1.0] [0.0, 0.0] [1.0, 1.0] [0.0, 0.0] [1.0, 1.0] [1.0, 1.0] [1.0, 1.0] [1.0, 1.0] [1.0, 1.0] [1.0, 1.0] [1.0, 1.0] [1.0, 1.0] [1.0, 1.0] [0.0, 0.0] [1.0, 1.0] [1.0, 1.0] [0.0, 0.0] [0.0, 0.0] [1.0, 1.0] [1.0, 1.0] [1.0, 1.0] [1.0, 1.0] [1.0, 1.0] [0.0, 0.0] [1.0, 1.0] [1.0, 1.0] [0.0, 0.0] [0.0, 0.0] [1.0, 1.0] [1.0, 1.0] [1.0, 1.0] [1.0, 1.0] [1.0, 1.0] [0.0, 0.0] [1.0, 1.0] [1.0, 1.0] [0.0, 0.0] [0.0, 0.0] [1.0, 1.0] [1.0, 1.0] [1.0, 1.0] [1.0, 1.0] [1.0, 1.0] [1.0, 1.0] [0.0, 0.0] [0.0, 0.0] [1.0, 1.0] [0.0, 0.0] [1.0, 1.0] [1.0, 1.0] [1.0, 1.0] [1.0, 1.0] [1.0, 1.0] [1.0, 1.0] [0.0, 0.0] [0.0, 0.0] [1.0, 1.0] [0.0, 0.0] [1.0, 1.0] [1.0, 1.0] [1.0, 1.0] [1.0, 1.0] [1.0, 1.0] [1.0, 1.0] [0.0, 0.0] [0.0, 0.0] [1.0, 1.0] [0.0, 0.0] [1.0, 1.0] [1.0, 1.0] [1.0, 1.0] [1.0, 1.0] [1.0, 1.0] [1.0, 1.0] [1.0, 1.0] [0.0, 0.0] [1.0, 1.0] [1.0, 1.0] [0.0, 0.0] [0.0, 0.0] [1.0, 1.0] [1.0, 1.0] [1.0, 1.0] [1.0, 1.0] [1.0, 1.0] [0.0, 0.0] [1.0, 1.0] [1.0, 1.0] [0.0, 0.0] [0.0, 0.0] [1.0, 1.0] [1.0, 1.0] [1.0, 1.0] [1.0, 1.0] [1.0, 1.0] [0.0, 0.0] [0.0, 0.0] [1.0, 1.0] [1.0, 1.0] [1.0, 1.0] [0.0, 0.0] [1.0, 1.0] [1.0, 1.0] [1.0, 1.0] [1.0, 1.0] [0.0, 0.0] [0.0, 0.0] [1.0, 1.0] [1.0, 1.0] [1.0, 1.0] [0.0, 0.0] [1.0, 1.0] [1.0, 1.0] [1.0, 1.0] [1.0, 1.0] [0.0, 0.0] [0.0, 0.0] [1.0, 1.0] [1.0, 1.0] [1.0, 1.0] [0.0, 0.0] [1.0, 1.0] [1.0, 1.0] [0.0, 0.0] [1.0, 1.0] [1.0, 1.0] [1.0, 1.0] [0.0, 0.0] [1.0, 1.0] [0.0, 0.0] [1.0, 1.0] [1.0, 1.0] [1.0, 1.0] [0.0, 0.0] [1.0, 1.0] [1.0, 1.0] [1.0, 1.0] [0.0, 0.0] [1.0, 1.0] [0.0, 0.0] [1.0, 1.0] [1.0, 1.0] [1.0, 1.0] [0.0, 0.0] [1.0, 1.0] [1.0, 1.0] [1.0, 1.0] [0.0, 0.0] [1.0, 1.0] [0.0, 0.0] [1.0, 1.0] [1.0, 1.0] [1.0, 1.0] [1.0, 1.0] [0.0, 0.0] [1.0, 1.0] [1.0, 1.0] [0.0, 0.0] [1.0, 1.0] [0.0, 0.0] [1.0, 1.0] [1.0, 1.0] [1.0, 1.0] [1.0, 1.0] [0.0, 0.0] [1.0, 1.0] [1.0, 1.0] [0.0, 0.0] [1.0, 1.0] [0.0, 0.0] [1.0, 1.0] [1.0, 1.0] [1.0, 1.0] [1.0, 1.0] [0.0, 0.0] [1.0, 1.0] [1.0, 1.0] [0.0, 0.0] [1.0, 1.0] [0.0, 0.0] [1.0, 1.0] [1.0, 1.0] [1.0, 1.0] [1.0, 1.0] 
    4: [1.0, 1.0] [0.0, 0.0] [1.0, 1.0] [0.0, 0.0] [1.0, 1.0] [1.0, 1.0] [1.0, 1.0] [0.0, 0.0] [0.0, 0.0] [0.0, 0.0] [1.0, 1.0] [0.0, 0.0] [1.0, 1.0] [0.0, 0.0] [1.0, 1.0] [1.0, 1.0] [1.0, 1.0] [0.0, 0.0] [0.0, 0.0] [0.0, 0.0] [1.0, 1.0] [0.0, 0.0] [1.0, 1.0] [0.0, 0.0] [1.0, 1.0] [1.0, 1.0] [1.0, 1.0] [0.0, 0.0] [0.0, 0.0] [0.0, 0.0] [1.0, 1.0] [1.0, 1.0] [0.0, 0.0] [1.0, 1.0] [0.0, 0.0] [0.0, 0.0] [1.0, 1.0] [0.0, 0.0] [0.0, 0.0] [1.0, 1.0] [1.0, 1.0] [1.0, 1.0] [0.0, 0.0] [1.0, 1.0] [0.0, 0.0] [0.0, 0.0] [1.0, 1.0] [0.0, 0.0] [0.0, 0.0] [1.0, 1.0] [1.0, 1.0] [1.0, 1.0] [0.0, 0.0] [1.0, 1.0] [0.0, 0.0] [0.0, 0.0] [1.0, 1.0] [0.0, 0.0] [0.0, 0.0] [1.0, 1.0] [1.0, 1.0] [1.0, 1.0] [1.0, 1.0] [1.0, 1.0] [0.0, 0.0] [0.0, 0.0] [0.0, 0.0] [1.0, 1.0] [1.0, 1.0] [0.0, 0.0] [1.0, 1.0] [0.0, 0.0] [1.0, 1.0] [1.0, 1.0] [0.0, 0.0] [0.0, 0.0] [0.0, 0.0] [1.0, 1.0] [1.0, 1.0] [0.0, 0.0] [1.0, 1.0] [0.0, 0.0] [1.0, 1.0] [1.0, 1.0] [0.0, 0.0] [0.0, 0.0] [0.0, 0.0] [1.0, 1.0] [1.0, 1.0] [0.0, 0.0] [1.0, 1.0] [0.0, 0.0] [1.0, 1.0] [1.0, 1.0] [0.0, 0.0] [0.0, 0.0] [0.0, 0.0] [0.0, 0.0] [1.0, 1.0] [1.0, 1.0] [0.0, 0.0] [1.0, 1.0] [1.0, 1.0] [1.0, 1.0] [0.0, 0.0] [0.0, 0.0] [0.0, 0.0] [0.0, 0.0] [1.0, 1.0] [1.0, 1.0] [0.0, 0.0] [1.0, 1.0] [1.0, 1.0] [1.0, 1.0] [1.0, 1.0] [0.0, 0.0] [0.0, 0.0] [0.0, 0.0] [1.0, 1.0] [1.0, 1.0] [1.0, 1.0] [0.0, 0.0] [0.0, 0.0] [1.0, 1.0] [1.0, 1.0] [0.0, 0.0] [0.0, 0.0] [0.0, 0.0] [1.0, 1.0] [1.0, 1.0] [1.0, 1.0] [0.0, 0.0] [0.0, 0.0] [1.0, 1.0] [1.0, 1.0] [0.0, 0.0] [0.0, 0.0] [0.0, 0.0] [1.0, 1.0] [1.0, 1.0] [1.0, 1.0] [0.0, 0.0] [0.0, 0.0] [1.0, 1.0] [1.0, 1.0] [1.0, 1.0] [1.0, 1.0] [0.0, 0.0] [1.0, 1.0] [0.0, 0.0] [1.0, 1.0] [0.0, 0.0] [1.0, 1.0] [0.0, 0.0] [0.0, 0.0] [1.0, 1.0] [1.0, 1.0] [0.0, 0.0] [1.0, 1.0] [0.0, 0.0] [1.0, 1.0] [0.0, 0.0] [1.0, 1.0] [0.0, 0.0] [0.0, 0.0] [1.0, 1.0] [1.0, 1.0] [0.0, 0.0] [1.0, 1.0] [0.0, 0.0] [1.0, 1.0] [0.0, 0.0] [1.0, 1.0] [0.0, 0.0] [0.0, 0.0] [1.0, 1.0] [1.0, 1.0] [1.0, 1.0] [0.0, 0.0] [0.0, 0.0] [1.0, 1.0] [1.0, 1.0] [1.0, 1.0] [0.0, 0.0] [0.0, 0.0] [0.0, 0.0] [1.0, 1.0] [1.0, 1.0] [0.0, 0.0] [0.0, 0.0] [1.0, 1.0] [1.0, 1.0] [1.0, 1.0] [0.0, 0.0] [0.0, 0.0] [0.0, 0.0] [1.0, 1.0] [1.0, 1.0] [0.0, 0.0] [0.0, 0.0] [1.0, 1.0] [1.0, 1.0] [1.0, 1.0] [0.0, 0.0] [0.0, 0.0] [0.0, 0.0] [1.0, 1.0] 
    5: [1.0, 1.0] [1.0, 1.0] [0.0, 0.0] [0.0, 0.0] [1.0, 1.0] [1.0, 1.0] [0.0, 0.0] [0.0, 0.0] [1.0, 1.0] [1.0, 1.0] [1.0, 1.0] [1.0, 1.0] [0.0, 0.0] [0.0, 0.0] [1.0, 1.0] [1.0, 1.0] [0.0, 0.0] [0.0, 0.0] [1.0, 1.0] [1.0, 1.0] [1.0, 1.0] [1.0, 1.0] [0.0, 0.0] [0.0, 0.0] [1.0, 1.0] [1.0, 1.0] [0.0, 0.0] [0.0, 0.0] [1.0, 1.0] [1.0, 1.0] [1.0, 1.0] [1.0, 1.0] [1.0, 1.0] [1.0, 1.0] [0.0, 0.0] [1.0, 1.0] [0.0, 0.0] [0.0, 0.0] [1.0, 1.0] [1.0, 1.0] [0.0, 0.0] [1.0, 1.0] [1.0, 1.0] [1.0, 1.0] [0.0, 0.0] [1.0, 1.0] [0.0, 0.0] [0.0, 0.0] [1.0, 1.0] [1.0, 1.0] [0.0, 0.0] [1.0, 1.0] [1.0, 1.0] [1.0, 1.0] [0.0, 0.0] [1.0, 1.0] [0.0, 0.0] [0.0, 0.0] [1.0, 1.0] [1.0, 1.0] [0.0, 0.0] [1.0, 1.0] [1.0, 1.0] [1.0, 1.0] [1.0, 1.0] [1.0, 1.0] [0.0, 0.0] [0.0, 0.0] [1.0, 1.0] [1.0, 1.0] [0.0, 0.0] [0.0, 0.0] [1.0, 1.0] [1.0, 1.0] [1.0, 1.0] [1.0, 1.0] [0.0, 0.0] [0.0, 0.0] [1.0, 1.0] [1.0, 1.0] [0.0, 0.0] [0.0, 0.0] [1.0, 1.0] [1.0, 1.0] [1.0, 1.0] [1.0, 1.0] [0.0, 0.0] [0.0, 0.0] [1.0, 1.0] [1.0, 1.0] [0.0, 0.0] [0.0, 0.0] [1.0, 1.0] [1.0, 1.0] [1.0, 1.0] [0.0, 0.0] [0.0, 0.0] [1.0, 1.0] [1.0, 1.0] [1.0, 1.0] [1.0, 1.0] [0.0, 0.0] [0.0, 0.0] [1.0, 1.0] [1.0, 1.0] [0.0, 0.0] [0.0, 0.0] [1.0, 1.0] [1.0, 1.0] [1.0, 1.0] [1.0, 1.0] [0.0, 0.0] [0.0, 0.0] [1.0, 1.0] [1.0, 1.0] [0.0, 0.0] [1.0, 1.0] [1.0, 1.0] [1.0, 1.0] [0.0, 0.0] [1.0, 1.0] [1.0, 1.0] [0.0, 0.0] [0.0, 0.0] [1.0, 1.0] [0.0, 0.0] [1.0, 1.0] [1.0, 1.0] [1.0, 1.0] [0.0, 0.0] [1.0, 1.0] [1.0, 1.0] [0.0, 0.0] [0.0, 0.0] [1.0, 1.0] [0.0, 0.0] [1.0, 1.0] [1.0, 1.0] [1.0, 1.0] [0.0, 0.0] [1.0, 1.0] [1.0, 1.0] [0.0, 0.0] [0.0, 0.0] [1.0, 1.0] [1.0, 1.0] [0.0, 0.0] [1.0, 1.0] [1.0, 1.0] [1.0, 1.0] [0.0, 0.0] [0.0, 0.0] [1.0, 1.0] [1.0, 1.0] [0.0, 0.0] [1.0, 1.0] [0.0, 0.0] [1.0, 1.0] [1.0, 1.0] [1.0, 1.0] [0.0, 0.0] [0.0, 0.0] [1.0, 1.0] [1.0, 1.0] [0.0, 0.0] [1.0, 1.0] [0.0, 0.0] [1.0, 1.0] [1.0, 1.0] [1.0, 1.0] [0.0, 0.0] [0.0, 0.0] [1.0, 1.0] [1.0, 1.0] [0.0, 0.0] [1.0, 1.0] [1.0, 1.0] [1.0, 1.0] [1.0, 1.0] [0.0, 0.0] [0.0, 0.0] [1.0, 1.0] [0.0, 0.0] [1.0, 1.0] [1.0, 1.0] [0.0, 0.0] [1.0, 1.0] [1.0, 1.0] [1.0, 1.0] [0.0, 0.0] [0.0, 0.0] [1.0, 1.0] [0.0, 0.0] [1.0, 1.0] [1.0, 1.0] [0.0, 0.0] [1.0, 1.0] [1.0, 1.0] [1.0, 1.0] [0.0, 0.0] [0.0, 0.0] [1.0, 1.0] [0.0, 0.0] [1.0, 1.0] [1.0, 1.0] [0.0, 0.0] [1.0, 1.0] 
    6: [1.0, 1.0] [1.0, 1.0] [0.0, 0.0] [1.0, 1.0] [0.0, 0.0] [0.0, 0.0] [1.0, 1.0] [1.0, 1.0] [0.0, 0.0] [0.0, 0.0] [1.0, 1.0] [1.0, 1.0] [0.0, 0.0] [1.0, 1.0] [0.0, 0.0] [0.0, 0.0] [1.0, 1.0] [1.0, 1.0] [0.0, 0.0] [0.0, 0.0] [1.0, 1.0] [1.0, 1.0] [0.0, 0.0] [1.0, 1.0] [0.0, 0.0] [0.0, 0.0] [1.0, 1.0] [1.0, 1.0] [0.0, 0.0] [0.0, 0.0] [1.0, 1.0] [1.0, 1.0] [1.0, 1.0] [0.0, 0.0] [1.0, 1.0] [0.0, 0.0] [1.0, 1.0] [1.0, 1.0] [0.0, 0.0] [0.0, 0.0] [0.0, 0.0] [1.0, 1.0] [1.0, 1.0] [0.0, 0.0] [1.0, 1.0] [0.0, 0.0] [1.0, 1.0] [1.0, 1.0] [0.0, 0.0] [0.0, 0.0] [0.0, 0.0] [1.0, 1.0] [1.0, 1.0] [0.0, 0.0] [1.0, 1.0] [0.0, 0.0] [1.0, 1.0] [1.0, 1.0] [0.0, 0.0] [0.0, 0.0] [0.0, 0.0] [1.0, 1.0] [1.0, 1.0] [0.0, 0.0] [0.0, 0.0] [1.0, 1.0] [1.0, 1.0] [0.0, 0.0] [0.0, 0.0] [0.0, 0.0] [1.0, 1.0] [1.0, 1.0] [1.0, 1.0] [0.0, 0.0] [0.0, 0.0] [1.0, 1.0] [1.0, 1.0] [0.0, 0.0] [0.0, 0.0] [0.0, 0.0] [1.0, 1.0] [1.0, 1.0] [1.0, 1.0] [0.0, 0.0] [0.0, 0.0] [1.0, 1.0] [1.0, 1.0] [0.0, 0.0] [0.0, 0.0] [0.0, 0.0] [1.0, 1.0] [1.0, 1.0] [1.0, 1.0] [1.0, 1.0] [1.0, 1.0] [1.0, 1.0] [1.0, 1.0] [0.0, 0.0] [0.0, 0.0] [0.0, 0.0] [0.0, 0.0] [1.0, 1.0] [0.0, 0.0] [1.0, 1.0] [1.0, 1.0] [1.0, 1.0] [1.0, 1.0] [0.0, 0.0] [0.0, 0.0] [0.0, 0.0] [0.0, 0.0] [1.0, 1.0] [0.0, 0.0] [1.0, 1.0] [1.0, 1.0] [1.0, 1.0] [0.0, 0.0] [0.0, 0.0] [0.0, 0.0] [1.0, 1.0] [0.0, 0.0] [1.0, 1.0] [1.0, 1.0] [0.0, 0.0] [1.0, 1.0] [1.0, 1.0] [0.0, 0.0] [0.0, 0.0] [0.0, 0.0] [1.0, 1.0] [0.0, 0.0] [1.0, 1.0] [1.0, 1.0] [0.0, 0.0] [1.0, 1.0] [1.0, 1.0] [0.0, 0.0] [0.0, 0.0] [0.0, 0.0] [1.0, 1.0] [0.0, 0.0] [1.0, 1.0] [1.0, 1.0] [0.0, 0.0] [1.0, 1.0] [1.0, 1.0] [0.0, 0.0] [0.0, 0.0] [0.0, 0.0] [1.0, 1.0] [1.0, 1.0] [1.0, 1.0] [0.0, 0.0] [0.0, 0.0] [1.0, 1.0] [1.0, 1.0] [0.0, 0.0] [0.0, 0.0] [0.0, 0.0] [1.0, 1.0] [1.0, 1.0] [1.0, 1.0] [0.0, 0.0] [0.0, 0.0] [1.0, 1.0] [1.0, 1.0] [0.0, 0.0] [0.0, 0.0] [0.0, 0.0] [1.0, 1.0] [1.0, 1.0] [1.0, 1.0] [0.0, 0.0] [0.0, 0.0] [1.0, 1.0] [1.0, 1.0] [1.0, 1.0] [0.0, 0.0] [0.0, 0.0] [1.0, 1.0] [1.0, 1.0] [0.0, 0.0] [0.0, 0.0] [0.0, 0.0] [1.0, 1.0] [1.0, 1.0] [1.0, 1.0] [0.0, 0.0] [0.0, 0.0] [1.0, 1.0] [1.0, 1.0] [0.0, 0.0] [0.0, 0.0] [0.0, 0.0] [1.0, 1.0] [1.0, 1.0] [1.0, 1.0] [0.0, 0.0] [0.0, 0.0] [1.0, 1.0] [1.0, 1.0] [0.0, 0.0] [0.0, 0.0] [0.0, 0.0] [1.0, 1.0] [1.0, 1.0] [1.0, 1.0] 
    7: [1.0, 1.0] [1.0, 1.0] [1.0, 1.0] [1.0, 1.0] [1.0, 1.0] [1.0, 1.0] [1.0, 1.0] [0.0, 0.0] [1.0, 1.0] [1.0, 1.0] [1.0, 1.0] [1.0, 1.0] [1.0, 1.0] [1.0, 1.0] [1.0, 1.0] [1.0, 1.0] [1.0, 1.0] [0.0, 0.0] [1.0, 1.0] [1.0, 1.0] [1.0, 1.0] [1.0, 1.0] [1.0, 1.0] [1.0, 1.0] [1.0, 1.0] [1.0, 1.0] [1.0, 1.0] [0.0, 0.0] [1.0, 1.0] [1.0, 1.0] [1.0, 1.0] [1.0, 1.0] [1.0, 1.0] [1.0, 1.0] [0.0, 0.0] [1.0, 1.0] [1.0, 1.0] [1.0, 1.0] [1.0, 1.0] [1.0, 1.0] [1.0, 1.0] [1.0, 1.0] [1.0, 1.0] [1.0, 1.0] [0.0, 0.0] [1.0, 1.0] [1.0, 1.0] [1.0, 1.0] [1.0, 1.0] [1.0, 1.0] [1.0, 1.0] [1.0, 1.0] [1.0, 1.0] [1.0, 1.0] [0.0, 0.0] [1.0, 1.0] [1.0, 1.0] [1.0, 1.0] [1.0, 1.0] [1.0, 1.0] [1.0, 1.0] [1.0, 1.0] [1.0, 1.0] [1.0, 1.0] [1.0, 1.0] [1.0, 1.0] [1.0, 1.0] [1.0, 1.0] [1.0, 1.0] [1.0, 1.0] [1.0, 1.0] [0.0, 0.0] [1.0, 1.0] [1.0, 1.0] [1.0, 1.0] [1.0, 1.0] [1.0, 1.0] [1.0, 1.0] [1.0, 1.0] [1.0, 1.0] [1.0, 1.0] [0.0, 0.0] [1.0, 1.0] [1.0, 1.0] [1.0, 1.0] [1.0, 1.0] [1.0, 1.0] [1.0, 1.0] [1.0, 1.0] [1.0, 1.0] [1.0, 1.0] [0.0, 0.0] [1.0, 1.0] [1.0, 1.0] [1.0, 1.0] [0.0, 0.0] [1.0, 1.0] [1.0, 1.0] [1.0, 1.0] [1.0, 1.0] [1.0, 1.0] [1.0, 1.0] [1.0, 1.0] [1.0, 1.0] [1.0, 1.0] [0.0, 0.0] [1.0, 1.0] [1.0, 1.0] [1.0, 1.0] [1.0, 1.0] [1.0, 1.0] [1.0, 1.0] [1.0, 1.0] [1.0, 1.0] [1.0, 1.0] [0.0, 0.0] [1.0, 1.0] [1.0, 1.0] [1.0, 1.0] [1.0, 1.0] [1.0, 1.0] [1.0, 1.0] [1.0, 1.0] [1.0, 1.0] [1.0, 1.0] [0.0, 0.0] [1.0, 1.0] [1.0, 1.0] [1.0, 1.0] [1.0, 1.0] [1.0, 1.0] [1.0, 1.0] [1.0, 1.0] [1.0, 1.0] [1.0, 1.0] [0.0, 0.0] [1.0, 1.0] [1.0, 1.0] [1.0, 1.0] [1.0, 1.0] [1.0, 1.0] [1.0, 1.0] [1.0, 1.0] [1.0, 1.0] [1.0, 1.0] [1.0, 1.0] [1.0, 1.0] [1.0, 1.0] [1.0, 1.0] [1.0, 1.0] [1.0, 1.0] [0.0, 0.0] [1.0, 1.0] [1.0, 1.0] [1.0, 1.0] [1.0, 1.0] [1.0, 1.0] [1.0, 1.0] [1.0, 1.0] [1.0, 1.0] [1.0, 1.0] [0.0, 0.0] [1.0, 1.0] [1.0, 1.0] [1.0, 1.0] [1.0, 1.0] [1.0, 1.0] [1.0, 1.0] [1.0, 1.0] [1.0, 1.0] [1.0, 1.0] [0.0, 0.0] [1.0, 1.0] [1.0, 1.0] [1.0, 1.0] [1.0, 1.0] [1.0, 1.0] [1.0, 1.0] [1.0, 1.0] [0.0, 0.0] [1.0, 1.0] [1.0, 1.0] [1.0, 1.0] [1.0, 1.0] [1.0, 1.0] [1.0, 1.0] [1.0, 1.0] [1.0, 1.0] [1.0, 1.0] [0.0, 0.0] [1.0, 1.0] [1.0, 1.0] [1.0, 1.0] [1.0, 1.0] [1.0, 1.0] [1.0, 1.0] [1.0, 1.0] [1.0, 1.0] [1.0, 1.0] [0.0, 0.0] [1.0, 1.0] [1.0, 1.0] [1.0, 1.0] [1.0, 1.0] [1.0, 1.0] [1.0, 1.0] [1.0, 1.0] 
    8: [1.0, 1.0] [1.0, 1.0] [0.0, 0.0] [1.0, 1.0] [1.0, 1.0] [0.0, 0.0] [1.0, 1.0] [0.0, 0.0] [1.0, 1.0] [0.0, 0.0] [1.0, 1.0] [1.0, 1.0] [0.0, 0.0] [1.0, 1.0] [1.0, 1.0] [0.0, 0.0] [1.0, 1.0] [0.0, 0.0] [1.0, 1.0] [0.0, 0.0] [1.0, 1.0] [1.0, 1.0] [0.0, 0.0] [1.0, 1.0] [1.0, 1.0] [0.0, 0.0] [1.0, 1.0] [0.0, 0.0] [1.0, 1.0] [0.0, 0.0] [1.0, 1.0] [1.0, 1.0] [1.0, 1.0] [0.0, 0.0] [0.0, 0.0] [0.0, 0.0] [1.0, 1.0] [1.0, 1.0] [1.0, 1.0] [1.0, 1.0] [0.0, 0.0] [1.0, 1.0] [1.0, 1.0] [0.0, 0.0] [0.0, 0.0] [0.0, 0.0] [1.0, 1.0] [1.0, 1.0] [1.0, 1.0] [1.0, 1.0] [0.0, 0.0] [1.0, 1.0] [1.0, 1.0] [0.0, 0.0] [0.0, 0.0] [0.0, 0.0] [1.0, 1.0] [1.0, 1.0] [1.0, 1.0] [1.0, 1.0] [0.0, 0.0] [1.0, 1.0] [1.0, 1.0] [0.0, 0.0] [1.0, 1.0] [1.0, 1.0] [1.0, 1.0] [0.0, 0.0] [1.0, 1.0] [0.0, 0.0] [1.0, 1.0] [0.0, 0.0] [1.0, 1.0] [0.0, 0.0] [1.0, 1.0] [1.0, 1.0] [1.0, 1.0] [0.0, 0.0] [1.0, 1.0] [0.0, 0.0] [1.0, 1.0] [0.0, 0.0] [1.0, 1.0] [0.0, 0.0] [1.0, 1.0] [1.0, 1.0] [1.0, 1.0] [0.0, 0.0] [1.0, 1.0] [0.0, 0.0] [1.0, 1.0] [0.0, 0.0] [1.0, 1.0] [1.0, 1.0] [1.0, 1.0] [0.0, 0.0] [1.0, 1.0] [1.0, 1.0] [1.0, 1.0] [0.0, 0.0] [0.0, 0.0] [1.0, 1.0] [0.0, 0.0] [1.0, 1.0] [1.0, 1.0] [0.0, 0.0] [1.0, 1.0] [1.0, 1.0] [1.0, 1.0] [0.0, 0.0] [0.0, 0.0] [1.0, 1.0] [0.0, 0.0] [1.0, 1.0] [1.0, 1.0] [0.0, 0.0] [1.0, 1.0] [0.0, 0.0] [1.0, 1.0] [1.0, 1.0] [0.0, 0.0] [1.0, 1.0] [1.0, 1.0] [0.0, 0.0] [1.0, 1.0] [0.0, 0.0] [1.0, 1.0] [0.0, 0.0] [1.0, 1.0] [1.0, 1.0] [0.0, 0.0] [1.0, 1.0] [1.0, 1.0] [0.0, 0.0] [1.0, 1.0] [0.0, 0.0] [1.0, 1.0] [0.0, 0.0] [1.0, 1.0] [1.0, 1.0] [0.0, 0.0] [1.0, 1.0] [1.0, 1.0] [0.0, 0.0] [1.0, 1.0] [1.0, 1.0] [0.0, 0.0] [1.0, 1.0] [0.0, 0.0] [1.0, 1.0] [1.0, 1.0] [0.0, 0.0] [1.0, 1.0] [0.0, 0.0] [1.0, 1.0] [1.0, 1.0] [0.0, 0.0] [1.0, 1.0] [0.0, 0.0] [1.0, 1.0] [1.0, 1.0] [0.0, 0.0] [1.0, 1.0] [0.0, 0.0] [1.0, 1.0] [1.0, 1.0] [0.0, 0.0] [1.0, 1.0] [0.0, 0.0] [1.0, 1.0] [1.0, 1.0] [0.0, 0.0] [1.0, 1.0] [0.0, 0.0] [1.0, 1.0] [1.0, 1.0] [1.0, 1.0] [1.0, 1.0] [0.0, 0.0] [0.0, 0.0] [1.0, 1.0] [0.0, 0.0] [0.0, 0.0] [1.0, 1.0] [1.0, 1.0] [1.0, 1.0] [1.0, 1.0] [1.0, 1.0] [0.0, 0.0] [0.0, 0.0] [1.0, 1.0] [0.0, 0.0] [0.0, 0.0] [1.0, 1.0] [1.0, 1.0] [1.0, 1.0] [1.0, 1.0] [1.0, 1.0] [0.0, 0.0] [0.0, 0.0] [1.0, 1.0] [0.0, 0.0] [0.0, 0.0] [1.0, 1.0] [1.0, 1.0] [1.0, 1.0] [1.0, 1.0] 
  Output range:
    0: [0.0, 8.0] [0.0, 8.0] [0.0, 8.0] [0.0, 8.0] [0.0, 8.0] [0.0, 8.0] [0.0, 8.0] [0.0, 8.0] [0.0, 8.0] [0.0, 8.0] [0.0, 8.0] [0.0, 8.0] [0.0, 8.0] [0.0, 8.0] [0.0, 8.0] [0.0, 8.0] [0.0, 8.0] [0.0, 8.0] [0.0, 8.0] [0.0, 8.0] [0.0, 8.0] [0.0, 8.0] [0.0, 8.0] [0.0, 8.0] [0.0, 8.0] [0.0, 8.0] [0.0, 8.0] [0.0, 8.0] [0.0, 8.0] [0.0, 8.0] [0.0, 8.0] [0.0, 8.0] [0.0, 8.0] [0.0, 8.0] [0.0, 8.0] [0.0, 8.0] [0.0, 8.0] [0.0, 8.0] [0.0, 8.0] [0.0, 8.0] [0.0, 8.0] [0.0, 8.0] [0.0, 8.0] [0.0, 8.0] [0.0, 8.0] [0.0, 8.0] [0.0, 8.0] [0.0, 8.0] [0.0, 8.0] [0.0, 8.0] [0.0, 8.0] [0.0, 8.0] [0.0, 8.0] [0.0, 8.0] [0.0, 8.0] [0.0, 8.0] [0.0, 8.0] [0.0, 8.0] [0.0, 8.0] [0.0, 8.0] [0.0, 8.0] [0.0, 8.0] [0.0, 8.0] [0.0, 8.0] [0.0, 8.0] [0.0, 8.0] [0.0, 8.0] [0.0, 8.0] [0.0, 8.0] [0.0, 8.0] [0.0, 8.0] [0.0, 8.0] [0.0, 8.0] [0.0, 8.0] [0.0, 8.0] [0.0, 8.0] [0.0, 8.0] [0.0, 8.0] [0.0, 8.0] [0.0, 8.0] [0.0, 8.0] [0.0, 8.0] [0.0, 8.0] [0.0, 8.0] [0.0, 8.0] [0.0, 8.0] [0.0, 8.0] [0.0, 8.0] [0.0, 8.0] [0.0, 8.0] [0.0, 8.0] [0.0, 8.0] [0.0, 8.0] [0.0, 8.0] [0.0, 8.0] [0.0, 8.0] [0.0, 8.0] [0.0, 8.0] [0.0, 8.0] [0.0, 8.0] [0.0, 8.0] [0.0, 8.0] [0.0, 8.0] [0.0, 8.0] [0.0, 8.0] [0.0, 8.0] [0.0, 8.0] [0.0, 8.0] [0.0, 8.0] [0.0, 8.0] [0.0, 8.0] [0.0, 8.0] [0.0, 8.0] [0.0, 8.0] [0.0, 8.0] [0.0, 8.0] [0.0, 8.0] [0.0, 8.0] [0.0, 8.0] [0.0, 8.0] [0.0, 8.0] [0.0, 8.0] [0.0, 8.0] [0.0, 8.0] [0.0, 8.0] [0.0, 8.0] [0.0, 8.0] [0.0, 8.0] [0.0, 8.0] [0.0, 8.0] [0.0, 8.0] [0.0, 8.0] [0.0, 8.0] [0.0, 8.0] [0.0, 8.0] [0.0, 8.0] [0.0, 8.0] [0.0, 8.0] [0.0, 8.0] [0.0, 8.0] [0.0, 8.0] [0.0, 8.0] [0.0, 8.0] [0.0, 8.0] [0.0, 8.0] [0.0, 8.0] [0.0, 8.0] [0.0, 8.0] [0.0, 8.0] [0.0, 8.0] [0.0, 8.0] [0.0, 8.0] [0.0, 8.0] [0.0, 8.0] [0.0, 8.0] [0.0, 8.0] [0.0, 8.0] [0.0, 8.0] [0.0, 8.0] [0.0, 8.0] [0.0, 8.0] [0.0, 8.0] [0.0, 8.0] [0.0, 8.0] [0.0, 8.0] [0.0, 8.0] [0.0, 8.0] [0.0, 8.0] [0.0, 8.0] [0.0, 8.0] [0.0, 8.0] [0.0, 8.0] [0.0, 8.0] [0.0, 8.0] [0.0, 8.0] [0.0, 8.0] [0.0, 8.0] [0.0, 8.0] [0.0, 8.0] [0.0, 8.0] [0.0, 8.0] [0.0, 8.0] [0.0, 8.0] [0.0, 8.0] [0.0, 8.0] [0.0, 8.0] [0.0, 8.0] [0.0, 8.0] [0.0, 8.0] [0.0, 8.0] [0.0, 8.0] [0.0, 8.0] [0.0, 8.0] [0.0, 8.0] [0.0, 8.0] [0.0, 8.0] [0.0, 8.0] [0.0, 8.0] [0.0, 8.0] [0.0, 8.0] [0.0, 8.0] [0.0, 8.0] [0.0, 8.0] [0.0, 8.0] [0.0, 8.0] [0.0, 8.0] [0.0, 8.0] 
  Output fraction of data:
position_bin: (0.097 0.130 0.170 0.137 0.136 0.037 0.105 0.205 0.024 0.003 0.116 0.115 0.173 0.074 0.111 0.062 0.153 0.250 0.057 0.031 0.203 0.135 0.172 0.099 0.122 0.034 0.111 0.250 0.065 0.035 0.170 0.077 0.127 0.087 0.249 0.023 0.126 0.097 0.031 0.157 0.189 0.069 0.117 0.090 0.113 0.023 0.084 0.104 0.067 0.231 0.212 0.102 0.109 0.111 0.203 0.031 0.176 0.090 0.039 0.214 0.281 0.165 0.081 0.038 0.034 0.113 0.099 0.237 0.103 0.011 0.124 0.222 0.084 0.014 0.036 0.074 0.102 0.123 0.104 0.014 0.095 0.239 0.161 0.016 0.032 0.067 0.061 0.138 0.070 0.009 0.089 0.153 0.085 0.089 0.105 0.225 0.106 0.051 0.187 0.037 0.006 0.112 0.152 0.070 0.113 0.163 0.104 0.034 0.104 0.036 0.015 0.104 0.201 0.059 0.130 0.234 0.081 0.012 0.177 0.211 0.038 0.122 0.167 0.234 0.091 0.218 0.059 0.001 0.097 0.130 0.029 0.123 0.135 0.145 0.079 0.079 0.039 0.011 0.115 0.119 0.019 0.082 0.083 0.130 0.045 0.225 0.280 0.027 0.022 0.170 0.310 0.266 0.210 0.028 0.184 0.185 0.258 0.056 0.041 0.151 0.218 0.365 0.141 0.001 0.186 0.218 0.174 0.018 0.036 0.142 0.145 0.244 0.126 0.003 0.195 0.155 0.146 0.117 0.027 0.217 0.250 0.058 0.366 0.016 0.322 0.193 0.246 0.219 0.003 0.433 0.217 0.016 0.292 0.018 0.267 0.241 0.348 0.369 0.025 0.550 0.248 0.015 0.150 0.029 0.224 0.243 0.130)  0.057 0.066 0.136 0.080 0.056 0.179 0.065 0.002 0.082 0.115 0.032 0.052 0.125 0.069 0.018 0.222 0.073 0.002 0.082 0.117 0.062 0.050 0.140 0.053 0.022 0.176 0.069 0.012 0.089 0.112 0.032 0.041 0.070 0.162 0.026 0.119 0.081 0.078 0.070 0.041 0.097 0.041 0.082 0.143 0.006 0.104 0.077 0.073 0.092 0.039 0.116 0.049 0.073 0.170 0.013 0.121 0.084 0.065 0.101 0.039 0.159 0.029 0.047 0.207 0.092 0.076 0.076 0.174 0.023 0.110 0.089 0.005 0.048 0.134 0.097 0.050 0.046 0.127 0.022 0.121 0.095 0.000 0.053 0.129 0.069 0.044 0.045 0.177 0.022 0.128 0.079 0.001 0.037 0.051 0.078 0.000 0.091 0.109 0.066 0.145 0.097 0.073 0.119 0.033 0.051 0.004 0.085 0.062 0.055 0.162 0.099 0.104 0.173 0.026 0.056 0.023 0.117 0.142 0.039 0.086 0.142 0.051 0.072 0.132 0.014 0.003 0.076 0.154 0.019 0.064 0.132 0.045 0.043 0.152 0.040 0.013 0.123 0.089 0.027 0.068 0.164 0.047 0.044 0.124 0.024 0.062 0.093 0.138 0.211 0.073 0.072 0.000 0.075 0.147 0.109 0.030 0.116 0.077 0.111 0.048 0.035 0.002 0.109 0.136 0.066 0.035 0.080 0.110 0.136 0.064 0.069 0.044 0.062 0.151 0.147 0.076 0.045 0.066 0.122 0.023 0.082 0.182 0.066 0.183 0.062 0.135 0.033 0.038 0.100 0.000 0.060 0.187 0.107 0.161 0.067 0.055 0.028 0.042 0.145 0.016 0.090 0.248 0.176 0.082 0.155 0.140 0.080)  0.151 0.129 0.268 0.170 0.129 0.013 0.132 0.011 0.144 0.264 0.180 0.172 0.317 0.141 0.153 0.028 0.162 0.003 0.159 0.217 0.093 0.146 0.239 0.264 0.141 0.026 0.116 0.031 0.113 0.314 0.200 0.104 0.119 0.083 0.019 0.132 0.138 0.126 0.100 0.132 0.238 0.129 0.154 0.058 0.009 0.114 0.083 0.085 0.112 0.116 0.197 0.077 0.113 0.063 0.022 0.166 0.140 0.153 0.091 0.100 0.212 0.073 0.113 0.033 0.085 0.091 0.123 0.177 0.060 0.153 0.064 0.004 0.119 0.026 0.078 0.121 0.092 0.144 0.138 0.135 0.100 0.000 0.097 0.062 0.102 0.091 0.097 0.189 0.063 0.119 0.070 0.007 0.110 0.117 0.098 0.000 0.168 0.103 0.111 0.017 0.110 0.092 0.171 0.072 0.104 0.004 0.142 0.080 0.107 0.028 0.151 0.075 0.267 0.065 0.102 0.029 0.124 0.114 0.135 0.097 0.004 0.065 0.091 0.117 0.077 0.002 0.091 0.153 0.065 0.083 0.044 0.071 0.090 0.219 0.092 0.031 0.103 0.127 0.054 0.064 0.013 0.060 0.095 0.096 0.057 0.166 0.180 0.187 0.061 0.178 0.142 0.000 0.262 0.150 0.283 0.076 0.262 0.090 0.027 0.144 0.095 0.003 0.372 0.267 0.147 0.259 0.310 0.269 0.043 0.285 0.213 0.037 0.355 0.391 0.132 0.341 0.190 0.127 0.259 0.015 0.177 0.059 0.262 0.151 0.178 0.360 0.151 0.357 0.204 0.000 0.264 0.021 0.340 0.265 0.172 0.230 0.246 0.287 0.167 0.010 0.194 0.020 0.417 0.234 0.243 0.300 0.337)  0.086 0.097 0.020 0.066 0.078 0.179 0.003 0.107 0.072 0.076 0.035 0.049 0.020 0.061 0.056 0.099 0.001 0.087 0.085 0.096 0.057 0.052 0.027 0.066 0.089 0.160 0.005 0.122 0.115 0.062 0.042 0.043 0.076 0.130 0.081 0.081 0.056 0.087 0.107 0.101 0.018 0.060 0.073 0.150 0.069 0.096 0.016 0.101 0.050 0.065 0.030 0.065 0.067 0.153 0.090 0.136 0.020 0.089 0.124 0.077 0.030 0.065 0.055 0.133 0.112 0.071 0.063 0.002 0.069 0.093 0.014 0.091 0.063 0.122 0.060 0.052 0.111 0.021 0.086 0.105 0.004 0.115 0.104 0.113 0.076 0.032 0.060 0.012 0.052 0.079 0.023 0.100 0.038 0.046 0.124 0.132 0.098 0.130 0.141 0.148 0.104 0.000 0.004 0.054 0.060 0.081 0.050 0.128 0.100 0.128 0.073 0.003 0.003 0.045 0.060 0.136 0.091 0.117 0.077 0.006 0.130 0.058 0.085 0.007 0.036 0.092 0.086 0.087 0.051 0.003 0.096 0.050 0.061 0.016 0.035 0.059 0.037 0.046 0.059 0.009 0.105 0.041 0.064 0.008 0.032 0.080 0.010 0.127 0.181 0.077 0.007 0.120 0.072 0.261 0.084 0.074 0.019 0.210 0.188 0.047 0.033 0.113 0.093 0.207 0.089 0.071 0.036 0.181 0.113 0.059 0.021 0.087 0.129 0.122 0.175 0.067 0.046 0.114 0.123 0.202 0.013 0.275 0.015 0.210 0.085 0.059 0.067 0.091 0.240 0.140 0.009 0.212 0.005 0.238 0.100 0.091 0.066 0.080 0.206 0.132 0.002 0.205 0.013 0.180 0.080 0.094 0.058)  0.079 0.005 0.129 0.000 0.060 0.144 0.075 0.013 0.006 0.079 0.041 0.005 0.108 0.017 0.042 0.132 0.071 0.000 0.016 0.100 0.049 0.008 0.132 0.008 0.013 0.161 0.073 0.001 0.033 0.088 0.024 0.069 0.015 0.111 0.010 0.061 0.082 0.003 0.029 0.024 0.110 0.044 0.024 0.124 0.034 0.082 0.085 0.005 0.029 0.051 0.101 0.046 0.012 0.118 0.010 0.071 0.088 0.001 0.007 0.022 0.085 0.020 0.021 0.127 0.016 0.003 0.002 0.147 0.025 0.081 0.123 0.011 0.028 0.155 0.003 0.005 0.017 0.138 0.024 0.087 0.114 0.000 0.019 0.143 0.008 0.000 0.009 0.136 0.057 0.130 0.076 0.001 0.024 0.017 0.003 0.000 0.013 0.012 0.032 0.144 0.057 0.077 0.119 0.042 0.002 0.008 0.002 0.008 0.066 0.125 0.082 0.068 0.097 0.018 0.026 0.013 0.023 0.101 0.031 0.090 0.158 0.001 0.025 0.160 0.040 0.000 0.010 0.082 0.028 0.098 0.145 0.009 0.006 0.147 0.040 0.008 0.010 0.121 0.048 0.058 0.136 0.000 0.013 0.142 0.028 0.024 0.114 0.008 0.119 0.004 0.068 0.000 0.036 0.039 0.014 0.001 0.077 0.045 0.088 0.041 0.064 0.000 0.045 0.056 0.004 0.008 0.133 0.014 0.160 0.006 0.063 0.068 0.088 0.085 0.011 0.014 0.027 0.115 0.066 0.033 0.063 0.072 0.054 0.005 0.002 0.027 0.011 0.006 0.059 0.000 0.039 0.123 0.073 0.000 0.000 0.001 0.001 0.002 0.063 0.016 0.083 0.104 0.054 0.026 0.010 0.007 0.009)  0.093 0.091 0.005 0.000 0.099 0.179 0.002 0.012 0.120 0.139 0.117 0.102 0.012 0.029 0.088 0.208 0.000 0.003 0.131 0.161 0.065 0.084 0.032 0.014 0.053 0.211 0.018 0.012 0.115 0.147 0.088 0.130 0.118 0.153 0.017 0.127 0.020 0.013 0.159 0.081 0.026 0.112 0.091 0.200 0.051 0.156 0.020 0.013 0.098 0.084 0.026 0.082 0.083 0.110 0.032 0.159 0.032 0.006 0.111 0.081 0.017 0.089 0.129 0.197 0.111 0.140 0.009 0.019 0.099 0.156 0.019 0.022 0.117 0.284 0.080 0.119 0.031 0.017 0.087 0.161 0.012 0.000 0.078 0.249 0.107 0.095 0.062 0.012 0.109 0.221 0.056 0.017 0.108 0.083 0.096 0.002 0.014 0.101 0.050 0.191 0.146 0.003 0.011 0.103 0.118 0.024 0.025 0.106 0.072 0.284 0.155 0.014 0.020 0.084 0.077 0.020 0.104 0.170 0.081 0.005 0.234 0.131 0.031 0.026 0.111 0.008 0.074 0.206 0.062 0.030 0.286 0.092 0.025 0.012 0.163 0.064 0.106 0.230 0.078 0.027 0.312 0.082 0.069 0.027 0.154 0.071 0.015 0.111 0.160 0.090 0.005 0.000 0.081 0.087 0.016 0.039 0.021 0.063 0.119 0.035 0.025 0.000 0.093 0.089 0.003 0.033 0.023 0.084 0.186 0.057 0.039 0.030 0.047 0.068 0.005 0.059 0.073 0.078 0.110 0.020 0.018 0.145 0.006 0.064 0.045 0.023 0.063 0.048 0.087 0.000 0.020 0.185 0.016 0.065 0.069 0.004 0.031 0.041 0.105 0.005 0.005 0.186 0.042 0.121 0.101 0.023 0.165)  0.106 0.146 0.035 0.181 0.094 0.046 0.160 0.108 0.147 0.154 0.100 0.123 0.021 0.203 0.115 0.040 0.100 0.176 0.098 0.134 0.121 0.116 0.054 0.107 0.138 0.028 0.147 0.185 0.105 0.104 0.107 0.168 0.127 0.069 0.176 0.196 0.200 0.135 0.153 0.150 0.040 0.182 0.146 0.045 0.151 0.255 0.110 0.175 0.132 0.136 0.048 0.180 0.210 0.070 0.165 0.165 0.117 0.138 0.138 0.109 0.018 0.193 0.160 0.031 0.125 0.128 0.154 0.006 0.187 0.183 0.160 0.140 0.116 0.063 0.135 0.134 0.172 0.091 0.100 0.210 0.146 0.156 0.185 0.024 0.143 0.120 0.159 0.036 0.127 0.148 0.113 0.186 0.127 0.142 0.190 0.213 0.160 0.184 0.209 0.037 0.309 0.151 0.017 0.155 0.151 0.218 0.110 0.143 0.157 0.052 0.247 0.138 0.005 0.198 0.308 0.212 0.108 0.197 0.183 0.180 0.056 0.134 0.153 0.017 0.133 0.160 0.128 0.153 0.167 0.102 0.017 0.138 0.157 0.016 0.100 0.106 0.081 0.126 0.163 0.096 0.038 0.099 0.112 0.044 0.132 0.160 0.033 0.144 0.026 0.221 0.201 0.278 0.100 0.186 0.150 0.256 0.022 0.248 0.052 0.242 0.254 0.157 0.051 0.171 0.212 0.259 0.017 0.138 0.045 0.190 0.287 0.279 0.130 0.110 0.176 0.137 0.133 0.164 0.181 0.226 0.183 0.026 0.025 0.197 0.165 0.098 0.180 0.128 0.190 0.226 0.177 0.018 0.003 0.127 0.137 0.204 0.169 0.086 0.188 0.150 0.139 0.046 0.025 0.169 0.052 0.089 0.093)  0.111 0.089 0.221 0.070 0.087 0.221 0.156 0.178 0.109 0.169 0.073 0.089 0.210 0.113 0.092 0.178 0.125 0.124 0.071 0.126 0.065 0.102 0.189 0.104 0.102 0.189 0.159 0.115 0.077 0.124 0.075 0.108 0.091 0.163 0.126 0.186 0.125 0.180 0.089 0.091 0.249 0.089 0.081 0.135 0.154 0.135 0.169 0.128 0.106 0.110 0.192 0.096 0.090 0.146 0.126 0.135 0.099 0.137 0.100 0.083 0.168 0.059 0.092 0.194 0.132 0.072 0.114 0.218 0.081 0.203 0.133 0.129 0.080 0.161 0.070 0.073 0.102 0.290 0.077 0.156 0.137 0.133 0.060 0.261 0.101 0.109 0.122 0.277 0.105 0.160 0.115 0.133 0.109 0.094 0.120 0.136 0.118 0.099 0.066 0.255 0.163 0.145 0.374 0.091 0.089 0.121 0.083 0.141 0.112 0.180 0.176 0.152 0.212 0.112 0.113 0.131 0.122 0.128 0.085 0.127 0.208 0.090 0.103 0.263 0.068 0.120 0.110 0.163 0.154 0.139 0.232 0.096 0.111 0.239 0.094 0.154 0.132 0.244 0.145 0.183 0.157 0.088 0.117 0.347 0.112 0.043 0.231 0.067 0.172 0.057 0.077 0.092 0.045 0.093 0.059 0.052 0.178 0.071 0.289 0.066 0.074 0.075 0.022 0.067 0.073 0.044 0.201 0.091 0.211 0.088 0.061 0.074 0.028 0.068 0.096 0.062 0.055 0.057 0.083 0.082 0.074 0.149 0.185 0.075 0.057 0.041 0.070 0.024 0.086 0.065 0.091 0.201 0.149 0.042 0.061 0.045 0.028 0.021 0.066 0.060 0.112 0.094 0.074 0.054 0.056 0.045 0.040)  0.221 0.245 0.016 0.296 0.260 0.001 0.300 0.363 0.296 0.001 0.306 0.292 0.014 0.293 0.324 0.030 0.314 0.356 0.301 0.017 0.285 0.308 0.016 0.285 0.320 0.014 0.303 0.273 0.286 0.015 0.263 0.261 0.258 0.042 0.295 0.075 0.172 0.281 0.261 0.225 0.033 0.273 0.232 0.054 0.414 0.036 0.356 0.316 0.314 0.168 0.077 0.304 0.243 0.058 0.338 0.016 0.244 0.321 0.288 0.276 0.030 0.308 0.302 0.039 0.294 0.307 0.359 0.020 0.352 0.010 0.275 0.375 0.343 0.041 0.440 0.371 0.326 0.049 0.362 0.010 0.298 0.358 0.244 0.004 0.362 0.442 0.384 0.023 0.394 0.006 0.379 0.402 0.361 0.361 0.186 0.291 0.232 0.211 0.138 0.027 0.009 0.345 0.033 0.380 0.311 0.376 0.399 0.297 0.227 0.004 0.002 0.341 0.021 0.393 0.129 0.203 0.230 0.020 0.192 0.198 0.030 0.347 0.274 0.044 0.431 0.396 0.367 0.000 0.356 0.350 0.020 0.376 0.373 0.054 0.357 0.486 0.369 0.007 0.310 0.376 0.056 0.500 0.405 0.082 0.416 0.168 0.042 0.191 0.049 0.131 0.117 0.243 0.119 0.010 0.102 0.288 0.047 0.139 0.084 0.226 0.201 0.285 0.075 0.006 0.219 0.073 0.025 0.096 0.069 0.108 0.103 0.137 0.035 0.003 0.063 0.089 0.285 0.162 0.030 0.182 0.139 0.034 0.022 0.099 0.084 0.065 0.180 0.088 0.031 0.136 0.123 0.037 0.015 0.085 0.128 0.128 0.083 0.072 0.034 0.061 0.127 0.082 0.050 0.105 0.079 0.060 0.090)  
Brain region: CA1: 69744 neurons  
Data verification complete.
