Data format is valid, no errors or warnings.
Number of sessions: 152
Total number of trials: 12215
Number of trials per session: [80, 80, 80, 80, 80, 80, 80, 80, 80, 80, 80, 80, 80, 80, 80, 80, 80, 80, 80, 80, 80, 80, 80, 80, 80, 80, 80, 80, 80, 80, 80, 80, 80, 80, 80, 80, 80, 80, 60, 80, 80, 80, 80, 80, 80, 80, 80, 80, 80, 80, 80, 79, 80, 80, 80, 80, 80, 80, 80, 80, 80, 80, 80, 80, 80, 80, 80, 80, 80, 80, 80, 80, 80, 80, 80, 80, 80, 80, 80, 80, 80, 80, 80, 80, 80, 80, 80, 80, 80, 80, 80, 80, 80, 80, 80, 80, 80, 80, 80, 80, 80, 80, 80, 80, 80, 80, 80, 80, 80, 80, 80, 80, 80, 80, 80, 80, 80, 80, 80, 90, 80, 80, 80, 100, 80, 80, 75, 41, 80, 80, 80, 80, 50, 80, 80, 80, 80, 80, 100, 80, 100, 80, 80, 80, 100, 100, 80, 80, 80, 100, 80, 100]
Number of subjects: 11
Number of brain regions: 1
Number of sessions per subject:
  Subject m11: 12 sessions
  Subject m12: 14 sessions
  Subject m13: 14 sessions
  Subject m14: 14 sessions
  Subject m15: 14 sessions
  Subject m17: 14 sessions
  Subject m18: 14 sessions
  Subject m19: 14 sessions
  Subject m3: 14 sessions
  Subject m4: 14 sessions
  Subject m7: 14 sessions
Input dimension: 4
Output dimension: 6
Summary statistics (across all sessions):
  T: mean: 139.29, median: 126.84, min: 61, max: 2166
  n_neurons: mean: 912.36', min: 155, max: 2341
  Input range:
    time from trial start (s): [0.1, 216.6]
    environment type (ENV1=0, ENV2=1): [0.0, 1.0]
    trial number: [0.0, 99.0]
    previous trial outcome (omitted=0, rewarded=1): [0.0, 1.0]
  Output range:
    distance to reward zone: [0.0, 6.0]
    absolute position: [0.0, 4.0]
    speed: [0.0, 4.0]
    lick: [0.0, 1.0]
    reward zone location: [0.0, 2.0]
    reward outcome: [0.0, 1.0]
  Unique outputs per dimension (fraction of data):
    distance to reward zone: {< -50 cm (0.252), -50 to -10 cm (0.102), -10 to <0 cm (0.074), in reward zone (0 cm) (0.168), >0 to +10 cm (0.027), +10 to +50 cm (0.083), > +50 cm (0.295)}
    absolute position: {<90 cm (0.209), 90-180 cm (0.178), 180-270 cm (0.232), 270-360 cm (0.227), >360 cm (0.153)}
    speed: {<2 cm/s (0.122), 2-10 cm/s (0.089), 10-20 cm/s (0.134), 20-40 cm/s (0.318), >40 cm/s (0.337)}
    lick: {no (0.769), yes (0.231)}
    reward zone location: {A (0.328), B (0.337), C (0.335)}
    reward outcome: {no (0.157), yes (0.843)}
  Brain region distribution:
    CA1: 138678 neurons

Per-session statistics:
  Mean T: 114.7, 117.3, 118.3, 126.3, 114.8, 111.8, 107.6, 112.5, 110.6, 128.9, 128.7, 118.9, 94.2, 92.0, 93.9, 96.5, 105.0, 88.4, 97.8, 93.8, 80.8, 93.1, 122.3, 92.8, 95.5, 83.6, 119.2, 124.2, 118.2, 111.9, 105.0, 100.0, 106.7, 103.0, 100.2, 122.8, 145.6, 123.8, 106.1, 112.7, 130.8, 141.7, 131.0, 102.8, 103.3, 98.2, 93.4, 93.1, 82.7, 88.2, 86.0, 82.8, 75.3, 97.1, 141.2, 117.5, 122.8, 157.2, 132.5, 103.7, 99.6, 104.3, 89.0, 108.2, 101.2, 80.0, 90.2, 118.7, 132.3, 111.8, 125.6, 129.9, 173.3, 207.7, 174.9, 130.2, 193.2, 148.7, 113.7, 112.2, 124.7, 109.3, 132.9, 136.2, 173.6, 162.6, 193.8, 154.6, 143.9, 145.5, 138.4, 127.3, 136.2, 128.7, 113.4, 129.7, 160.8, 148.8, 189.3, 205.4, 191.7, 150.0, 179.3, 188.9, 148.4, 204.9, 162.2, 167.5, 137.0, 137.2, 222.1, 183.3, 164.3, 182.2, 217.0, 156.7, 152.8, 181.7, 165.7, 133.0, 154.1, 140.7, 99.3, 101.1, 246.0, 224.6, 274.4, 398.4, 252.7, 207.9, 208.7, 225.4, 275.2, 242.0, 191.6, 256.0, 250.8, 347.2, 127.6, 136.5, 134.1, 115.1, 133.1, 129.7, 93.7, 97.4, 100.4, 116.0, 100.8, 105.3, 104.7, 135.3
  Min T: 88, 94, 94, 103, 88, 92, 89, 88, 89, 108, 107, 102, 71, 74, 69, 74, 78, 76, 74, 68, 61, 66, 89, 74, 74, 68, 62, 74, 91, 84, 81, 75, 77, 72, 78, 85, 83, 92, 76, 88, 96, 99, 98, 77, 81, 81, 71, 72, 72, 72, 67, 65, 65, 65, 94, 88, 87, 103, 85, 79, 72, 71, 69, 70, 65, 65, 71, 68, 91, 83, 92, 92, 136, 156, 105, 90, 140, 107, 87, 85, 96, 79, 101, 102, 115, 110, 128, 111, 110, 101, 111, 97, 105, 94, 94, 99, 108, 110, 130, 126, 134, 106, 103, 114, 105, 139, 129, 81, 107, 105, 123, 104, 121, 118, 118, 109, 98, 115, 108, 87, 110, 84, 72, 73, 137, 151, 172, 210, 110, 124, 117, 113, 157, 122, 134, 168, 161, 182, 89, 87, 77, 67, 70, 70, 61, 61, 63, 70, 65, 70, 71, 72
  Max T: 209, 306, 268, 446, 270, 207, 388, 237, 397, 376, 291, 243, 196, 337, 203, 221, 195, 141, 242, 206, 274, 306, 263, 265, 265, 137, 228, 249, 286, 190, 208, 215, 169, 300, 148, 224, 294, 270, 177, 204, 226, 619, 223, 227, 246, 267, 222, 179, 181, 172, 135, 212, 189, 168, 546, 208, 170, 482, 428, 242, 176, 192, 141, 235, 366, 177, 390, 684, 303, 367, 450, 331, 286, 748, 221, 217, 388, 341, 359, 390, 217, 249, 224, 232, 308, 295, 528, 316, 270, 303, 266, 281, 259, 228, 203, 248, 315, 290, 307, 345, 370, 312, 341, 341, 205, 424, 389, 330, 228, 210, 996, 499, 701, 601, 1000, 323, 252, 680, 534, 476, 438, 208, 324, 139, 590, 622, 1059, 2166, 1229, 1367, 1177, 711, 1749, 684, 304, 385, 643, 924, 446, 272, 223, 395, 236, 378, 214, 329, 244, 208, 170, 235, 267, 298
  n_neurons: 155, 168, 189, 176, 174, 181, 190, 198, 204, 209, 245, 219, 1780, 1112, 1143, 1017, 1306, 1084, 1478, 1494, 1121, 1327, 1323, 1184, 1118, 1354, 686, 550, 616, 503, 704, 519, 834, 707, 557, 603, 657, 595, 479, 749, 981, 592, 753, 648, 603, 619, 927, 990, 500, 727, 554, 611, 483, 876, 1133, 1045, 1426, 1167, 1483, 1041, 1308, 1307, 1070, 1283, 754, 1127, 875, 1195, 591, 442, 676, 506, 838, 491, 690, 593, 539, 683, 629, 747, 468, 770, 2281, 1639, 2341, 1634, 2115, 1378, 1726, 2314, 1696, 1899, 1382, 1927, 1433, 1955, 528, 407, 465, 550, 472, 504, 596, 566, 434, 469, 378, 558, 428, 589, 1052, 917, 1059, 814, 1022, 818, 787, 783, 768, 930, 1000, 1030, 980, 1050, 983, 926, 1031, 1016, 1066, 1068, 1011, 1287, 1019, 1100, 990, 1039, 886, 1066, 1298, 1186, 1155, 1013, 1111, 1142, 1020, 1034, 900, 886, 973, 969, 988, 1192
  Input range:
    0: [0.1, 20.9] [0.1, 30.5] [0.1, 26.8] [0.1, 44.5] [0.1, 27.0] [0.1, 20.6] [0.1, 38.8] [0.1, 23.6] [0.1, 39.7] [0.1, 37.5] [0.1, 29.0] [0.1, 24.2] [0.1, 19.5] [0.1, 33.7] [0.1, 20.2] [0.1, 22.0] [0.1, 19.5] [0.1, 14.1] [0.1, 24.1] [0.1, 20.5] [0.1, 27.4] [0.1, 30.5] [0.1, 26.2] [0.1, 26.5] [0.1, 26.5] [0.1, 13.6] [0.1, 22.8] [0.1, 24.9] [0.1, 28.5] [0.1, 19.0] [0.1, 20.8] [0.1, 21.5] [0.1, 16.9] [0.1, 30.0] [0.1, 14.8] [0.1, 22.4] [0.1, 29.4] [0.1, 27.0] [0.1, 17.6] [0.1, 20.4] [0.1, 22.5] [0.1, 61.8] [0.1, 22.2] [0.1, 22.6] [0.1, 24.5] [0.1, 26.6] [0.1, 22.1] [0.1, 17.9] [0.1, 18.0] [0.1, 17.1] [0.1, 13.4] [0.1, 21.1] [0.1, 18.9] [0.1, 16.8] [0.1, 54.5] [0.1, 20.8] [0.1, 17.0] [0.1, 48.2] [0.1, 42.8] [0.1, 24.1] [0.1, 17.5] [0.1, 19.1] [0.1, 14.1] [0.1, 23.5] [0.1, 36.5] [0.1, 17.6] [0.1, 39.0] [0.1, 68.3] [0.1, 30.2] [0.1, 36.7] [0.1, 45.0] [0.1, 33.0] [0.1, 28.5] [0.1, 74.8] [0.1, 22.0] [0.1, 21.6] [0.1, 38.8] [0.1, 34.0] [0.1, 35.8] [0.1, 39.0] [0.1, 21.6] [0.1, 24.9] [0.1, 22.4] [0.1, 23.1] [0.1, 30.8] [0.1, 29.5] [0.1, 52.8] [0.1, 31.5] [0.1, 27.0] [0.1, 30.2] [0.1, 26.5] [0.1, 28.0] [0.1, 25.9] [0.1, 22.8] [0.1, 20.2] [0.1, 24.8] [0.1, 31.5] [0.1, 29.0] [0.1, 30.6] [0.1, 34.5] [0.1, 37.0] [0.1, 31.1] [0.1, 34.0] [0.1, 34.0] [0.1, 20.5] [0.1, 42.3] [0.1, 38.8] [0.1, 33.0] [0.1, 22.8] [0.1, 21.0] [0.1, 99.6] [0.1, 49.8] [0.1, 70.1] [0.1, 60.0] [0.1, 99.9] [0.1, 32.2] [0.1, 25.1] [0.1, 67.9] [0.1, 53.3] [0.1, 47.5] [0.1, 43.8] [0.1, 20.8] [0.1, 32.3] [0.1, 13.9] [0.1, 59.0] [0.1, 62.2] [0.1, 105.8] [0.1, 216.6] [0.1, 122.8] [0.1, 136.6] [0.1, 117.7] [0.1, 71.1] [0.1, 174.9] [0.1, 68.3] [0.1, 30.4] [0.1, 38.5] [0.1, 64.2] [0.1, 92.3] [0.1, 44.5] [0.1, 27.1] [0.1, 22.2] [0.1, 39.5] [0.1, 23.5] [0.1, 37.8] [0.1, 21.4] [0.1, 32.8] [0.1, 24.4] [0.1, 20.8] [0.1, 17.0] [0.1, 23.5] [0.1, 26.6] [0.1, 29.8] 
    1: [0.0, 0.0] [0.0, 0.0] [0.0, 0.0] [0.0, 0.0] [0.0, 0.0] [0.0, 1.0] [1.0, 1.0] [1.0, 1.0] [1.0, 1.0] [1.0, 1.0] [1.0, 1.0] [1.0, 1.0] [0.0, 0.0] [0.0, 0.0] [0.0, 0.0] [0.0, 0.0] [0.0, 0.0] [0.0, 0.0] [0.0, 0.0] [0.0, 1.0] [1.0, 1.0] [1.0, 1.0] [1.0, 1.0] [1.0, 1.0] [1.0, 1.0] [1.0, 1.0] [0.0, 0.0] [0.0, 0.0] [0.0, 0.0] [0.0, 0.0] [0.0, 0.0] [0.0, 0.0] [0.0, 0.0] [0.0, 1.0] [1.0, 1.0] [1.0, 1.0] [1.0, 1.0] [1.0, 1.0] [1.0, 1.0] [1.0, 1.0] [0.0, 0.0] [0.0, 0.0] [0.0, 0.0] [0.0, 0.0] [0.0, 0.0] [0.0, 0.0] [0.0, 0.0] [0.0, 1.0] [1.0, 1.0] [1.0, 1.0] [1.0, 1.0] [1.0, 1.0] [1.0, 1.0] [1.0, 1.0] [0.0, 0.0] [0.0, 0.0] [0.0, 0.0] [0.0, 0.0] [0.0, 0.0] [0.0, 0.0] [0.0, 0.0] [0.0, 1.0] [1.0, 1.0] [1.0, 1.0] [1.0, 1.0] [1.0, 1.0] [1.0, 1.0] [1.0, 1.0] [1.0, 1.0] [1.0, 1.0] [1.0, 1.0] [1.0, 1.0] [1.0, 1.0] [1.0, 1.0] [1.0, 1.0] [0.0, 1.0] [0.0, 0.0] [0.0, 0.0] [0.0, 0.0] [0.0, 0.0] [0.0, 0.0] [0.0, 0.0] [1.0, 1.0] [1.0, 1.0] [1.0, 1.0] [1.0, 1.0] [1.0, 1.0] [1.0, 1.0] [1.0, 1.0] [0.0, 1.0] [0.0, 0.0] [0.0, 0.0] [0.0, 0.0] [0.0, 0.0] [0.0, 0.0] [0.0, 0.0] [0.0, 0.0] [0.0, 0.0] [0.0, 0.0] [0.0, 0.0] [0.0, 0.0] [0.0, 0.0] [0.0, 0.0] [0.0, 1.0] [1.0, 1.0] [1.0, 1.0] [1.0, 1.0] [1.0, 1.0] [1.0, 1.0] [1.0, 1.0] [0.0, 0.0] [0.0, 0.0] [0.0, 0.0] [0.0, 0.0] [0.0, 0.0] [0.0, 0.0] [0.0, 0.0] [0.0, 1.0] [1.0, 1.0] [1.0, 1.0] [1.0, 1.0] [1.0, 1.0] [1.0, 1.0] [1.0, 1.0] [0.0, 0.0] [0.0, 0.0] [0.0, 0.0] [0.0, 0.0] [0.0, 0.0] [0.0, 0.0] [0.0, 0.0] [0.0, 1.0] [1.0, 1.0] [1.0, 1.0] [1.0, 1.0] [1.0, 1.0] [1.0, 1.0] [1.0, 1.0] [0.0, 0.0] [0.0, 0.0] [0.0, 0.0] [0.0, 0.0] [0.0, 0.0] [0.0, 0.0] [0.0, 0.0] [0.0, 1.0] [1.0, 1.0] [1.0, 1.0] [1.0, 1.0] [1.0, 1.0] [1.0, 1.0] [1.0, 1.0] 
    2: [0.0, 79.0] [0.0, 79.0] [0.0, 79.0] [0.0, 79.0] [0.0, 79.0] [0.0, 79.0] [0.0, 79.0] [0.0, 79.0] [0.0, 79.0] [0.0, 79.0] [0.0, 79.0] [0.0, 79.0] [0.0, 79.0] [0.0, 79.0] [0.0, 79.0] [0.0, 79.0] [0.0, 79.0] [0.0, 79.0] [0.0, 79.0] [0.0, 79.0] [0.0, 79.0] [0.0, 79.0] [0.0, 79.0] [0.0, 79.0] [0.0, 79.0] [0.0, 79.0] [0.0, 79.0] [0.0, 79.0] [0.0, 79.0] [0.0, 79.0] [0.0, 79.0] [0.0, 79.0] [0.0, 79.0] [0.0, 79.0] [0.0, 79.0] [0.0, 79.0] [0.0, 79.0] [0.0, 79.0] [0.0, 59.0] [0.0, 79.0] [0.0, 79.0] [0.0, 79.0] [0.0, 79.0] [0.0, 79.0] [0.0, 79.0] [0.0, 79.0] [0.0, 79.0] [0.0, 79.0] [0.0, 79.0] [0.0, 79.0] [0.0, 79.0] [0.0, 78.0] [0.0, 79.0] [0.0, 79.0] [0.0, 79.0] [0.0, 79.0] [0.0, 79.0] [0.0, 79.0] [0.0, 79.0] [0.0, 79.0] [0.0, 79.0] [0.0, 79.0] [0.0, 79.0] [0.0, 79.0] [0.0, 79.0] [0.0, 79.0] [0.0, 79.0] [0.0, 79.0] [0.0, 79.0] [0.0, 79.0] [0.0, 79.0] [0.0, 79.0] [0.0, 79.0] [0.0, 79.0] [0.0, 79.0] [0.0, 79.0] [0.0, 79.0] [0.0, 79.0] [0.0, 79.0] [0.0, 79.0] [0.0, 79.0] [0.0, 79.0] [0.0, 79.0] [0.0, 79.0] [0.0, 79.0] [0.0, 79.0] [0.0, 79.0] [0.0, 79.0] [0.0, 79.0] [0.0, 79.0] [0.0, 79.0] [0.0, 79.0] [0.0, 79.0] [0.0, 79.0] [0.0, 79.0] [0.0, 79.0] [0.0, 79.0] [0.0, 79.0] [0.0, 79.0] [0.0, 79.0] [0.0, 79.0] [0.0, 79.0] [0.0, 79.0] [0.0, 79.0] [0.0, 79.0] [0.0, 79.0] [0.0, 79.0] [0.0, 79.0] [0.0, 79.0] [0.0, 79.0] [0.0, 79.0] [0.0, 79.0] [0.0, 79.0] [0.0, 79.0] [0.0, 79.0] [0.0, 79.0] [0.0, 79.0] [0.0, 79.0] [0.0, 79.0] [0.0, 89.0] [0.0, 79.0] [0.0, 79.0] [0.0, 79.0] [0.0, 99.0] [0.0, 79.0] [0.0, 79.0] [0.0, 74.0] [0.0, 40.0] [0.0, 79.0] [0.0, 79.0] [0.0, 79.0] [0.0, 79.0] [0.0, 49.0] [0.0, 79.0] [0.0, 79.0] [0.0, 79.0] [0.0, 79.0] [0.0, 79.0] [0.0, 99.0] [0.0, 79.0] [0.0, 99.0] [0.0, 79.0] [0.0, 79.0] [0.0, 79.0] [0.0, 99.0] [0.0, 99.0] [0.0, 79.0] [0.0, 79.0] [0.0, 79.0] [0.0, 99.0] [0.0, 79.0] [0.0, 99.0] 
    3: [0.0, 1.0] [0.0, 1.0] [0.0, 1.0] [0.0, 1.0] [0.0, 1.0] [0.0, 1.0] [0.0, 1.0] [0.0, 1.0] [0.0, 1.0] [0.0, 1.0] [0.0, 1.0] [0.0, 1.0] [0.0, 1.0] [0.0, 1.0] [0.0, 1.0] [0.0, 1.0] [0.0, 1.0] [0.0, 1.0] [0.0, 1.0] [0.0, 1.0] [0.0, 1.0] [0.0, 1.0] [0.0, 1.0] [0.0, 1.0] [0.0, 1.0] [0.0, 1.0] [0.0, 1.0] [0.0, 1.0] [0.0, 1.0] [0.0, 1.0] [0.0, 1.0] [0.0, 1.0] [0.0, 1.0] [0.0, 1.0] [0.0, 1.0] [0.0, 1.0] [0.0, 1.0] [0.0, 1.0] [0.0, 1.0] [0.0, 1.0] [0.0, 1.0] [0.0, 1.0] [0.0, 1.0] [0.0, 1.0] [0.0, 1.0] [0.0, 1.0] [0.0, 1.0] [0.0, 1.0] [0.0, 1.0] [0.0, 1.0] [0.0, 1.0] [0.0, 1.0] [0.0, 1.0] [0.0, 1.0] [0.0, 1.0] [0.0, 1.0] [0.0, 1.0] [0.0, 1.0] [0.0, 1.0] [0.0, 1.0] [0.0, 1.0] [0.0, 1.0] [0.0, 1.0] [0.0, 1.0] [0.0, 1.0] [0.0, 1.0] [0.0, 1.0] [0.0, 1.0] [0.0, 1.0] [0.0, 1.0] [0.0, 1.0] [0.0, 1.0] [0.0, 1.0] [0.0, 1.0] [0.0, 1.0] [0.0, 1.0] [0.0, 1.0] [0.0, 1.0] [0.0, 1.0] [0.0, 1.0] [0.0, 1.0] [0.0, 1.0] [0.0, 1.0] [0.0, 1.0] [0.0, 1.0] [0.0, 1.0] [0.0, 1.0] [0.0, 1.0] [0.0, 1.0] [0.0, 1.0] [0.0, 1.0] [0.0, 1.0] [0.0, 1.0] [0.0, 1.0] [0.0, 1.0] [0.0, 1.0] [0.0, 1.0] [0.0, 1.0] [0.0, 1.0] [0.0, 1.0] [0.0, 1.0] [0.0, 1.0] [0.0, 1.0] [0.0, 1.0] [0.0, 1.0] [0.0, 1.0] [0.0, 1.0] [0.0, 1.0] [0.0, 1.0] [0.0, 1.0] [0.0, 1.0] [0.0, 1.0] [0.0, 1.0] [0.0, 1.0] [0.0, 1.0] [0.0, 1.0] [0.0, 1.0] [0.0, 1.0] [0.0, 1.0] [0.0, 1.0] [0.0, 1.0] [0.0, 1.0] [0.0, 1.0] [0.0, 1.0] [0.0, 1.0] [0.0, 1.0] [0.0, 1.0] [0.0, 1.0] [0.0, 1.0] [0.0, 1.0] [0.0, 1.0] [0.0, 1.0] [0.0, 1.0] [0.0, 1.0] [0.0, 1.0] [0.0, 1.0] [0.0, 1.0] [0.0, 1.0] [0.0, 1.0] [0.0, 1.0] [0.0, 1.0] [0.0, 1.0] [0.0, 1.0] [0.0, 1.0] [0.0, 1.0] [0.0, 1.0] [0.0, 1.0] [0.0, 1.0] [0.0, 1.0] [0.0, 1.0] [0.0, 1.0] [0.0, 1.0] 
  Output range:
    0: [0.0, 6.0] [0.0, 6.0] [0.0, 6.0] [0.0, 6.0] [0.0, 6.0] [0.0, 6.0] [0.0, 6.0] [0.0, 6.0] [0.0, 6.0] [0.0, 6.0] [0.0, 6.0] [0.0, 6.0] [0.0, 6.0] [0.0, 6.0] [0.0, 6.0] [0.0, 6.0] [0.0, 6.0] [0.0, 6.0] [0.0, 6.0] [0.0, 6.0] [0.0, 6.0] [0.0, 6.0] [0.0, 6.0] [0.0, 6.0] [0.0, 6.0] [0.0, 6.0] [0.0, 6.0] [0.0, 6.0] [0.0, 6.0] [0.0, 6.0] [0.0, 6.0] [0.0, 6.0] [0.0, 6.0] [0.0, 6.0] [0.0, 6.0] [0.0, 6.0] [0.0, 6.0] [0.0, 6.0] [0.0, 6.0] [0.0, 6.0] [0.0, 6.0] [0.0, 6.0] [0.0, 6.0] [0.0, 6.0] [0.0, 6.0] [0.0, 6.0] [0.0, 6.0] [0.0, 6.0] [0.0, 6.0] [0.0, 6.0] [0.0, 6.0] [0.0, 6.0] [0.0, 6.0] [0.0, 6.0] [0.0, 6.0] [0.0, 6.0] [0.0, 6.0] [0.0, 6.0] [0.0, 6.0] [0.0, 6.0] [0.0, 6.0] [0.0, 6.0] [0.0, 6.0] [0.0, 6.0] [0.0, 6.0] [0.0, 6.0] [0.0, 6.0] [0.0, 6.0] [0.0, 6.0] [0.0, 6.0] [0.0, 6.0] [0.0, 6.0] [0.0, 6.0] [0.0, 6.0] [0.0, 6.0] [0.0, 6.0] [0.0, 6.0] [0.0, 6.0] [0.0, 6.0] [0.0, 6.0] [0.0, 6.0] [0.0, 6.0] [0.0, 6.0] [0.0, 6.0] [0.0, 6.0] [0.0, 6.0] [0.0, 6.0] [0.0, 6.0] [0.0, 6.0] [0.0, 6.0] [0.0, 6.0] [0.0, 6.0] [0.0, 6.0] [0.0, 6.0] [0.0, 6.0] [0.0, 6.0] [0.0, 6.0] [0.0, 6.0] [0.0, 6.0] [0.0, 6.0] [0.0, 6.0] [0.0, 6.0] [0.0, 6.0] [0.0, 6.0] [0.0, 6.0] [0.0, 6.0] [0.0, 6.0] [0.0, 6.0] [0.0, 6.0] [0.0, 6.0] [0.0, 6.0] [0.0, 6.0] [0.0, 6.0] [0.0, 6.0] [0.0, 6.0] [0.0, 6.0] [0.0, 6.0] [0.0, 6.0] [0.0, 6.0] [0.0, 6.0] [0.0, 6.0] [0.0, 6.0] [0.0, 6.0] [0.0, 6.0] [0.0, 6.0] [0.0, 6.0] [0.0, 6.0] [0.0, 6.0] [0.0, 6.0] [0.0, 6.0] [0.0, 6.0] [0.0, 6.0] [0.0, 6.0] [0.0, 6.0] [0.0, 6.0] [0.0, 6.0] [0.0, 6.0] [0.0, 6.0] [0.0, 6.0] [0.0, 6.0] [0.0, 6.0] [0.0, 6.0] [0.0, 6.0] [0.0, 6.0] [0.0, 6.0] [0.0, 6.0] [0.0, 6.0] [0.0, 6.0] [0.0, 6.0] [0.0, 6.0] [0.0, 6.0] [0.0, 6.0] 
    1: [0.0, 4.0] [0.0, 4.0] [0.0, 4.0] [0.0, 4.0] [0.0, 4.0] [0.0, 4.0] [0.0, 4.0] [0.0, 4.0] [0.0, 4.0] [0.0, 4.0] [0.0, 4.0] [0.0, 4.0] [0.0, 4.0] [0.0, 4.0] [0.0, 4.0] [0.0, 4.0] [0.0, 4.0] [0.0, 4.0] [0.0, 4.0] [0.0, 4.0] [0.0, 4.0] [0.0, 4.0] [0.0, 4.0] [0.0, 4.0] [0.0, 4.0] [0.0, 4.0] [0.0, 4.0] [0.0, 4.0] [0.0, 4.0] [0.0, 4.0] [0.0, 4.0] [0.0, 4.0] [0.0, 4.0] [0.0, 4.0] [0.0, 4.0] [0.0, 4.0] [0.0, 4.0] [0.0, 4.0] [0.0, 4.0] [0.0, 4.0] [0.0, 4.0] [0.0, 4.0] [0.0, 4.0] [0.0, 4.0] [0.0, 4.0] [0.0, 4.0] [0.0, 4.0] [0.0, 4.0] [0.0, 4.0] [0.0, 4.0] [0.0, 4.0] [0.0, 4.0] [0.0, 4.0] [0.0, 4.0] [0.0, 4.0] [0.0, 4.0] [0.0, 4.0] [0.0, 4.0] [0.0, 4.0] [0.0, 4.0] [0.0, 4.0] [0.0, 4.0] [0.0, 4.0] [0.0, 4.0] [0.0, 4.0] [0.0, 4.0] [0.0, 4.0] [0.0, 4.0] [0.0, 4.0] [0.0, 4.0] [0.0, 4.0] [0.0, 4.0] [0.0, 4.0] [0.0, 4.0] [0.0, 4.0] [0.0, 4.0] [0.0, 4.0] [0.0, 4.0] [0.0, 4.0] [0.0, 4.0] [0.0, 4.0] [0.0, 4.0] [0.0, 4.0] [0.0, 4.0] [0.0, 4.0] [0.0, 4.0] [0.0, 4.0] [0.0, 4.0] [0.0, 4.0] [0.0, 4.0] [0.0, 4.0] [0.0, 4.0] [0.0, 4.0] [0.0, 4.0] [0.0, 4.0] [0.0, 4.0] [0.0, 4.0] [0.0, 4.0] [0.0, 4.0] [0.0, 4.0] [0.0, 4.0] [0.0, 4.0] [0.0, 4.0] [0.0, 4.0] [0.0, 4.0] [0.0, 4.0] [0.0, 4.0] [0.0, 4.0] [0.0, 4.0] [0.0, 4.0] [0.0, 4.0] [0.0, 4.0] [0.0, 4.0] [0.0, 4.0] [0.0, 4.0] [0.0, 4.0] [0.0, 4.0] [0.0, 4.0] [0.0, 4.0] [0.0, 4.0] [0.0, 4.0] [0.0, 4.0] [0.0, 4.0] [0.0, 4.0] [0.0, 4.0] [0.0, 4.0] [0.0, 4.0] [0.0, 4.0] [0.0, 4.0] [0.0, 4.0] [0.0, 4.0] [0.0, 4.0] [0.0, 4.0] [0.0, 4.0] [0.0, 4.0] [0.0, 4.0] [0.0, 4.0] [0.0, 4.0] [0.0, 4.0] [0.0, 4.0] [0.0, 4.0] [0.0, 4.0] [0.0, 4.0] [0.0, 4.0] [0.0, 4.0] [0.0, 4.0] [0.0, 4.0] [0.0, 4.0] [0.0, 4.0] [0.0, 4.0] [0.0, 4.0] [0.0, 4.0] 
    2: [0.0, 4.0] [0.0, 4.0] [0.0, 4.0] [0.0, 4.0] [0.0, 4.0] [0.0, 4.0] [0.0, 4.0] [0.0, 4.0] [0.0, 4.0] [0.0, 4.0] [0.0, 4.0] [0.0, 4.0] [0.0, 4.0] [0.0, 4.0] [0.0, 4.0] [0.0, 4.0] [0.0, 4.0] [0.0, 4.0] [0.0, 4.0] [0.0, 4.0] [0.0, 4.0] [0.0, 4.0] [0.0, 4.0] [0.0, 4.0] [0.0, 4.0] [0.0, 4.0] [0.0, 4.0] [0.0, 4.0] [0.0, 4.0] [0.0, 4.0] [0.0, 4.0] [0.0, 4.0] [0.0, 4.0] [0.0, 4.0] [0.0, 4.0] [0.0, 4.0] [0.0, 4.0] [0.0, 4.0] [0.0, 4.0] [0.0, 4.0] [0.0, 4.0] [0.0, 4.0] [0.0, 4.0] [0.0, 4.0] [0.0, 4.0] [0.0, 4.0] [0.0, 4.0] [0.0, 4.0] [0.0, 4.0] [0.0, 4.0] [0.0, 4.0] [0.0, 4.0] [0.0, 4.0] [0.0, 4.0] [0.0, 4.0] [0.0, 4.0] [0.0, 4.0] [0.0, 4.0] [0.0, 4.0] [0.0, 4.0] [0.0, 4.0] [0.0, 4.0] [0.0, 4.0] [0.0, 4.0] [0.0, 4.0] [0.0, 4.0] [0.0, 4.0] [0.0, 4.0] [0.0, 4.0] [0.0, 4.0] [0.0, 4.0] [0.0, 4.0] [0.0, 4.0] [0.0, 4.0] [0.0, 4.0] [0.0, 4.0] [0.0, 4.0] [0.0, 4.0] [0.0, 4.0] [0.0, 4.0] [0.0, 4.0] [0.0, 4.0] [0.0, 4.0] [0.0, 4.0] [0.0, 4.0] [0.0, 4.0] [0.0, 4.0] [0.0, 4.0] [0.0, 4.0] [0.0, 4.0] [0.0, 4.0] [0.0, 4.0] [0.0, 4.0] [0.0, 4.0] [0.0, 4.0] [0.0, 4.0] [0.0, 4.0] [0.0, 4.0] [0.0, 4.0] [0.0, 4.0] [0.0, 4.0] [0.0, 4.0] [0.0, 4.0] [0.0, 4.0] [0.0, 4.0] [0.0, 4.0] [0.0, 4.0] [0.0, 4.0] [0.0, 4.0] [0.0, 4.0] [0.0, 4.0] [0.0, 4.0] [0.0, 4.0] [0.0, 4.0] [0.0, 4.0] [0.0, 4.0] [0.0, 4.0] [0.0, 4.0] [0.0, 4.0] [0.0, 4.0] [0.0, 4.0] [0.0, 4.0] [0.0, 4.0] [0.0, 4.0] [0.0, 4.0] [0.0, 4.0] [0.0, 4.0] [0.0, 4.0] [0.0, 4.0] [0.0, 4.0] [0.0, 4.0] [0.0, 4.0] [0.0, 4.0] [0.0, 4.0] [0.0, 4.0] [0.0, 4.0] [0.0, 4.0] [0.0, 4.0] [0.0, 4.0] [0.0, 4.0] [0.0, 4.0] [0.0, 4.0] [0.0, 4.0] [0.0, 4.0] [0.0, 4.0] [0.0, 4.0] [0.0, 4.0] [0.0, 4.0] [0.0, 4.0] [0.0, 4.0] [0.0, 4.0] [0.0, 4.0] 
    3: [0.0, 1.0] [0.0, 1.0] [0.0, 1.0] [0.0, 1.0] [0.0, 1.0] [0.0, 1.0] [0.0, 1.0] [0.0, 1.0] [0.0, 1.0] [0.0, 1.0] [0.0, 1.0] [0.0, 1.0] [0.0, 1.0] [0.0, 1.0] [0.0, 1.0] [0.0, 1.0] [0.0, 1.0] [0.0, 1.0] [0.0, 1.0] [0.0, 1.0] [0.0, 1.0] [0.0, 1.0] [0.0, 1.0] [0.0, 1.0] [0.0, 1.0] [0.0, 1.0] [0.0, 1.0] [0.0, 1.0] [0.0, 1.0] [0.0, 1.0] [0.0, 1.0] [0.0, 1.0] [0.0, 1.0] [0.0, 1.0] [0.0, 1.0] [0.0, 1.0] [0.0, 1.0] [0.0, 1.0] [0.0, 1.0] [0.0, 1.0] [0.0, 1.0] [0.0, 1.0] [0.0, 1.0] [0.0, 1.0] [0.0, 1.0] [0.0, 1.0] [0.0, 1.0] [0.0, 1.0] [0.0, 1.0] [0.0, 1.0] [0.0, 1.0] [0.0, 1.0] [0.0, 1.0] [0.0, 1.0] [0.0, 1.0] [0.0, 1.0] [0.0, 1.0] [0.0, 1.0] [0.0, 1.0] [0.0, 1.0] [0.0, 1.0] [0.0, 1.0] [0.0, 1.0] [0.0, 1.0] [0.0, 1.0] [0.0, 1.0] [0.0, 1.0] [0.0, 1.0] [0.0, 1.0] [0.0, 1.0] [0.0, 1.0] [0.0, 1.0] [0.0, 1.0] [0.0, 1.0] [0.0, 1.0] [0.0, 1.0] [0.0, 1.0] [0.0, 1.0] [0.0, 1.0] [0.0, 1.0] [0.0, 1.0] [0.0, 1.0] [0.0, 1.0] [0.0, 1.0] [0.0, 1.0] [0.0, 1.0] [0.0, 1.0] [0.0, 1.0] [0.0, 1.0] [0.0, 1.0] [0.0, 1.0] [0.0, 1.0] [0.0, 1.0] [0.0, 1.0] [0.0, 1.0] [0.0, 1.0] [0.0, 1.0] [0.0, 1.0] [0.0, 1.0] [0.0, 1.0] [0.0, 1.0] [0.0, 1.0] [0.0, 1.0] [0.0, 1.0] [0.0, 1.0] [0.0, 1.0] [0.0, 1.0] [0.0, 1.0] [0.0, 1.0] [0.0, 1.0] [0.0, 1.0] [0.0, 1.0] [0.0, 1.0] [0.0, 1.0] [0.0, 1.0] [0.0, 1.0] [0.0, 1.0] [0.0, 1.0] [0.0, 1.0] [0.0, 1.0] [0.0, 1.0] [0.0, 1.0] [0.0, 1.0] [0.0, 1.0] [0.0, 1.0] [0.0, 1.0] [0.0, 1.0] [0.0, 1.0] [0.0, 1.0] [0.0, 1.0] [0.0, 1.0] [0.0, 1.0] [0.0, 1.0] [0.0, 1.0] [0.0, 1.0] [0.0, 1.0] [0.0, 1.0] [0.0, 1.0] [0.0, 1.0] [0.0, 1.0] [0.0, 1.0] [0.0, 1.0] [0.0, 1.0] [0.0, 1.0] [0.0, 1.0] [0.0, 1.0] [0.0, 1.0] [0.0, 1.0] [0.0, 1.0] [0.0, 1.0] [0.0, 1.0] [0.0, 1.0] 
    4: [0.0, 1.0] [0.0, 0.0] [0.0, 2.0] [2.0, 2.0] [1.0, 2.0] [1.0, 2.0] [2.0, 2.0] [0.0, 2.0] [0.0, 0.0] [0.0, 1.0] [1.0, 1.0] [1.0, 2.0] [1.0, 1.0] [1.0, 1.0] [1.0, 2.0] [2.0, 2.0] [0.0, 2.0] [0.0, 0.0] [0.0, 1.0] [0.0, 1.0] [0.0, 0.0] [0.0, 2.0] [2.0, 2.0] [1.0, 2.0] [1.0, 1.0] [0.0, 1.0] [2.0, 2.0] [2.0, 2.0] [1.0, 2.0] [1.0, 1.0] [0.0, 1.0] [0.0, 0.0] [0.0, 2.0] [0.0, 2.0] [0.0, 0.0] [0.0, 1.0] [1.0, 1.0] [1.0, 2.0] [2.0, 2.0] [0.0, 2.0] [0.0, 0.0] [0.0, 0.0] [0.0, 1.0] [1.0, 1.0] [1.0, 2.0] [2.0, 2.0] [0.0, 2.0] [0.0, 2.0] [2.0, 2.0] [1.0, 2.0] [1.0, 1.0] [0.0, 1.0] [0.0, 0.0] [0.0, 2.0] [0.0, 0.0] [0.0, 0.0] [0.0, 2.0] [2.0, 2.0] [1.0, 2.0] [1.0, 1.0] [0.0, 1.0] [0.0, 1.0] [1.0, 1.0] [1.0, 2.0] [2.0, 2.0] [0.0, 2.0] [0.0, 0.0] [0.0, 1.0] [1.0, 1.0] [1.0, 1.0] [1.0, 2.0] [2.0, 2.0] [0.0, 2.0] [0.0, 0.0] [0.0, 1.0] [0.0, 1.0] [0.0, 0.0] [0.0, 2.0] [2.0, 2.0] [1.0, 2.0] [1.0, 1.0] [0.0, 1.0] [0.0, 0.0] [0.0, 0.0] [0.0, 1.0] [1.0, 1.0] [1.0, 2.0] [2.0, 2.0] [0.0, 2.0] [0.0, 2.0] [2.0, 2.0] [1.0, 2.0] [1.0, 1.0] [0.0, 1.0] [0.0, 0.0] [0.0, 2.0] [2.0, 2.0] [2.0, 2.0] [1.0, 2.0] [1.0, 1.0] [0.0, 1.0] [0.0, 0.0] [0.0, 2.0] [0.0, 2.0] [0.0, 0.0] [0.0, 1.0] [1.0, 1.0] [1.0, 2.0] [2.0, 2.0] [0.0, 2.0] [2.0, 2.0] [2.0, 2.0] [0.0, 2.0] [0.0, 0.0] [0.0, 1.0] [1.0, 1.0] [1.0, 2.0] [1.0, 2.0] [1.0, 1.0] [0.0, 1.0] [0.0, 0.0] [0.0, 2.0] [2.0, 2.0] [1.0, 2.0] [1.0, 1.0] [1.0, 1.0] [0.0, 1.0] [0.0, 0.0] [0.0, 2.0] [2.0, 2.0] [1.0, 2.0] [1.0, 2.0] [2.0, 2.0] [0.0, 2.0] [0.0, 0.0] [0.0, 1.0] [1.0, 1.0] [1.0, 2.0] [0.0, 0.0] [0.0, 0.0] [0.0, 2.0] [2.0, 2.0] [1.0, 2.0] [1.0, 1.0] [0.0, 1.0] [0.0, 1.0] [1.0, 1.0] [1.0, 2.0] [2.0, 2.0] [0.0, 2.0] [0.0, 0.0] [0.0, 1.0] 
    5: [0.0, 1.0] [0.0, 1.0] [0.0, 1.0] [0.0, 1.0] [0.0, 1.0] [0.0, 1.0] [0.0, 1.0] [0.0, 1.0] [0.0, 1.0] [0.0, 1.0] [0.0, 1.0] [0.0, 1.0] [0.0, 1.0] [0.0, 1.0] [0.0, 1.0] [0.0, 1.0] [0.0, 1.0] [0.0, 1.0] [0.0, 1.0] [0.0, 1.0] [0.0, 1.0] [0.0, 1.0] [0.0, 1.0] [0.0, 1.0] [0.0, 1.0] [0.0, 1.0] [0.0, 1.0] [0.0, 1.0] [0.0, 1.0] [0.0, 1.0] [0.0, 1.0] [0.0, 1.0] [0.0, 1.0] [0.0, 1.0] [0.0, 1.0] [0.0, 1.0] [0.0, 1.0] [0.0, 1.0] [0.0, 1.0] [0.0, 1.0] [0.0, 1.0] [0.0, 1.0] [0.0, 1.0] [0.0, 1.0] [0.0, 1.0] [0.0, 1.0] [0.0, 1.0] [0.0, 1.0] [0.0, 1.0] [0.0, 1.0] [0.0, 1.0] [0.0, 1.0] [0.0, 1.0] [0.0, 1.0] [0.0, 1.0] [0.0, 1.0] [0.0, 1.0] [0.0, 1.0] [0.0, 1.0] [0.0, 1.0] [0.0, 1.0] [0.0, 1.0] [0.0, 1.0] [0.0, 1.0] [0.0, 1.0] [0.0, 1.0] [0.0, 1.0] [0.0, 1.0] [0.0, 1.0] [0.0, 1.0] [0.0, 1.0] [0.0, 1.0] [0.0, 1.0] [0.0, 1.0] [0.0, 1.0] [0.0, 1.0] [0.0, 1.0] [0.0, 1.0] [0.0, 1.0] [0.0, 1.0] [0.0, 1.0] [0.0, 1.0] [0.0, 1.0] [0.0, 1.0] [0.0, 1.0] [0.0, 1.0] [0.0, 1.0] [0.0, 1.0] [0.0, 1.0] [0.0, 1.0] [0.0, 1.0] [0.0, 1.0] [0.0, 1.0] [0.0, 1.0] [0.0, 1.0] [0.0, 1.0] [0.0, 1.0] [0.0, 1.0] [0.0, 1.0] [0.0, 1.0] [0.0, 1.0] [0.0, 1.0] [0.0, 1.0] [0.0, 1.0] [0.0, 1.0] [0.0, 1.0] [0.0, 1.0] [0.0, 1.0] [0.0, 1.0] [0.0, 1.0] [0.0, 1.0] [0.0, 1.0] [0.0, 1.0] [0.0, 1.0] [0.0, 1.0] [0.0, 1.0] [0.0, 1.0] [0.0, 1.0] [0.0, 1.0] [0.0, 1.0] [0.0, 1.0] [0.0, 1.0] [0.0, 1.0] [0.0, 1.0] [0.0, 1.0] [0.0, 1.0] [0.0, 1.0] [0.0, 1.0] [0.0, 1.0] [0.0, 1.0] [0.0, 1.0] [0.0, 1.0] [0.0, 1.0] [0.0, 1.0] [0.0, 1.0] [0.0, 1.0] [0.0, 1.0] [0.0, 1.0] [0.0, 1.0] [0.0, 1.0] [0.0, 1.0] [0.0, 1.0] [0.0, 1.0] [0.0, 1.0] [0.0, 1.0] [0.0, 1.0] [0.0, 1.0] [0.0, 1.0] [0.0, 1.0] [0.0, 1.0] [0.0, 1.0] [0.0, 1.0] 
  Output fraction of data:
distance to reward zone: (0.124 0.049 0.342 0.428 0.308 0.366 0.391 0.177 0.057 0.206 0.242 0.344 0.318 0.301 0.370 0.508 0.198 0.058 0.209 0.162 0.048 0.362 0.490 0.328 0.255 0.116 0.519 0.548 0.379 0.280 0.147 0.044 0.339 0.199 0.053 0.211 0.285 0.454 0.463 0.225 0.068 0.058 0.238 0.274 0.398 0.408 0.185 0.326 0.424 0.306 0.246 0.115 0.052 0.393 0.056 0.091 0.378 0.481 0.364 0.247 0.122 0.189 0.228 0.348 0.461 0.201 0.042 0.177 0.305 0.310 0.430 0.510 0.228 0.052 0.163 0.144 0.038 0.384 0.481 0.288 0.233 0.127 0.076 0.075 0.214 0.290 0.424 0.393 0.182 0.360 0.384 0.296 0.231 0.113 0.065 0.322 0.430 0.414 0.271 0.265 0.135 0.071 0.360 0.206 0.055 0.214 0.180 0.385 0.311 0.152 0.224 0.216 0.115 0.022 0.146 0.132 0.208 0.158 0.100 0.053 0.015 0.246 0.498 0.201 0.297 0.228 0.120 0.152 0.330 0.502 0.359 0.387 0.529 0.259 0.057 0.248 0.274 0.349 0.068 0.073 0.468 0.490 0.383 0.320 0.120 0.212 0.265 0.390 0.422 0.184 0.038 0.240)  0.090 0.095 0.095 0.098 0.100 0.113 0.100 0.095 0.117 0.109 0.112 0.116 0.108 0.089 0.100 0.097 0.086 0.143 0.119 0.107 0.104 0.086 0.109 0.115 0.134 0.119 0.125 0.106 0.099 0.098 0.097 0.129 0.097 0.094 0.121 0.118 0.095 0.107 0.106 0.108 0.127 0.131 0.099 0.116 0.109 0.088 0.099 0.111 0.095 0.107 0.124 0.108 0.115 0.101 0.103 0.142 0.095 0.091 0.096 0.092 0.098 0.124 0.099 0.115 0.107 0.092 0.088 0.088 0.099 0.107 0.090 0.092 0.078 0.089 0.081 0.098 0.063 0.089 0.084 0.080 0.090 0.097 0.106 0.119 0.092 0.102 0.103 0.098 0.094 0.097 0.103 0.101 0.111 0.104 0.110 0.098 0.104 0.114 0.105 0.088 0.088 0.108 0.077 0.082 0.088 0.079 0.084 0.104 0.089 0.066 0.061 0.048 0.063 0.052 0.063 0.080 0.067 0.051 0.060 0.052 0.032 0.061 0.123 0.091 0.098 0.086 0.068 0.081 0.075 0.107 0.093 0.115 0.136 0.119 0.137 0.151 0.155 0.139 0.133 0.190 0.138 0.151 0.140 0.167 0.134 0.148 0.139 0.165 0.164 0.116 0.138 0.155)  0.051 0.063 0.042 0.094 0.062 0.070 0.069 0.054 0.114 0.098 0.082 0.058 0.028 0.024 0.029 0.028 0.028 0.061 0.072 0.064 0.087 0.046 0.035 0.031 0.058 0.085 0.029 0.026 0.024 0.026 0.031 0.056 0.038 0.044 0.082 0.050 0.027 0.030 0.035 0.035 0.047 0.059 0.036 0.045 0.042 0.056 0.057 0.046 0.044 0.058 0.051 0.046 0.082 0.041 0.030 0.047 0.031 0.033 0.043 0.034 0.057 0.061 0.043 0.038 0.035 0.040 0.107 0.089 0.029 0.028 0.024 0.026 0.024 0.038 0.023 0.034 0.056 0.037 0.025 0.026 0.028 0.039 0.031 0.033 0.048 0.040 0.038 0.065 0.047 0.053 0.182 0.117 0.188 0.184 0.205 0.125 0.058 0.106 0.104 0.068 0.129 0.149 0.078 0.107 0.276 0.135 0.202 0.112 0.174 0.076 0.104 0.250 0.035 0.172 0.106 0.134 0.224 0.171 0.070 0.115 0.084 0.094 0.055 0.072 0.029 0.042 0.060 0.146 0.118 0.054 0.103 0.054 0.043 0.033 0.101 0.090 0.118 0.088 0.038 0.065 0.044 0.060 0.056 0.069 0.059 0.066 0.052 0.059 0.066 0.040 0.092 0.075)  0.207 0.208 0.199 0.182 0.178 0.188 0.207 0.193 0.177 0.192 0.208 0.242 0.121 0.152 0.158 0.148 0.122 0.189 0.157 0.146 0.176 0.144 0.148 0.194 0.186 0.189 0.099 0.117 0.124 0.163 0.147 0.161 0.145 0.154 0.131 0.128 0.155 0.125 0.138 0.146 0.181 0.170 0.144 0.176 0.173 0.228 0.163 0.186 0.213 0.169 0.201 0.209 0.217 0.164 0.119 0.165 0.132 0.148 0.123 0.155 0.151 0.159 0.156 0.165 0.145 0.168 0.168 0.188 0.108 0.142 0.124 0.120 0.104 0.121 0.142 0.160 0.154 0.139 0.188 0.173 0.172 0.211 0.160 0.207 0.177 0.203 0.207 0.208 0.177 0.202 0.140 0.182 0.153 0.141 0.139 0.188 0.160 0.150 0.163 0.173 0.211 0.169 0.156 0.181 0.148 0.211 0.214 0.169 0.225 0.231 0.357 0.300 0.240 0.221 0.148 0.232 0.215 0.242 0.248 0.147 0.224 0.190 0.118 0.254 0.120 0.193 0.214 0.171 0.106 0.124 0.128 0.141 0.134 0.183 0.150 0.138 0.143 0.135 0.112 0.140 0.115 0.120 0.107 0.123 0.130 0.151 0.151 0.133 0.146 0.127 0.136 0.128)  0.025 0.033 0.027 0.022 0.022 0.025 0.025 0.025 0.025 0.020 0.029 0.024 0.033 0.044 0.037 0.030 0.033 0.023 0.028 0.028 0.032 0.023 0.022 0.021 0.024 0.023 0.026 0.024 0.037 0.031 0.036 0.032 0.035 0.034 0.029 0.030 0.038 0.029 0.028 0.024 0.027 0.027 0.031 0.033 0.035 0.045 0.029 0.033 0.032 0.036 0.031 0.026 0.031 0.028 0.028 0.030 0.030 0.023 0.025 0.030 0.037 0.031 0.028 0.039 0.029 0.029 0.033 0.053 0.022 0.022 0.028 0.027 0.027 0.028 0.032 0.031 0.028 0.027 0.025 0.028 0.025 0.034 0.024 0.028 0.034 0.023 0.025 0.040 0.027 0.019 0.024 0.028 0.027 0.026 0.032 0.027 0.024 0.027 0.024 0.023 0.020 0.023 0.029 0.019 0.034 0.017 0.024 0.019 0.023 0.035 0.032 0.023 0.028 0.017 0.035 0.034 0.027 0.039 0.031 0.032 0.024 0.021 0.020 0.036 0.022 0.025 0.028 0.016 0.020 0.024 0.023 0.025 0.017 0.022 0.026 0.026 0.023 0.023 0.020 0.027 0.019 0.018 0.018 0.022 0.024 0.024 0.031 0.027 0.026 0.023 0.029 0.023)  0.095 0.085 0.083 0.079 0.078 0.063 0.107 0.099 0.065 0.079 0.069 0.064 0.082 0.094 0.100 0.079 0.087 0.080 0.100 0.093 0.105 0.092 0.079 0.072 0.075 0.085 0.083 0.076 0.082 0.087 0.084 0.089 0.093 0.096 0.085 0.083 0.097 0.087 0.090 0.076 0.073 0.071 0.088 0.088 0.097 0.084 0.073 0.088 0.090 0.105 0.085 0.088 0.070 0.084 0.116 0.088 0.086 0.090 0.085 0.092 0.105 0.093 0.110 0.094 0.096 0.096 0.099 0.096 0.083 0.095 0.089 0.105 0.095 0.098 0.105 0.096 0.101 0.103 0.079 0.103 0.098 0.084 0.086 0.079 0.098 0.075 0.073 0.098 0.073 0.075 0.078 0.084 0.076 0.090 0.075 0.073 0.085 0.090 0.082 0.067 0.065 0.070 0.083 0.068 0.066 0.083 0.066 0.071 0.082 0.098 0.095 0.076 0.079 0.086 0.081 0.118 0.083 0.084 0.120 0.111 0.069 0.086 0.077 0.097 0.082 0.073 0.082 0.069 0.077 0.079 0.072 0.087 0.057 0.073 0.084 0.060 0.066 0.062 0.067 0.082 0.061 0.068 0.063 0.068 0.084 0.076 0.085 0.083 0.079 0.081 0.097 0.076)  0.407 0.466 0.212 0.098 0.251 0.175 0.101 0.357 0.446 0.297 0.258 0.153 0.309 0.297 0.206 0.110 0.446 0.448 0.314 0.400 0.448 0.247 0.117 0.239 0.268 0.383 0.118 0.101 0.254 0.315 0.458 0.490 0.254 0.379 0.498 0.380 0.302 0.168 0.140 0.386 0.478 0.483 0.364 0.267 0.146 0.091 0.394 0.210 0.103 0.219 0.263 0.407 0.433 0.188 0.548 0.437 0.248 0.134 0.264 0.351 0.430 0.343 0.336 0.201 0.127 0.375 0.462 0.310 0.354 0.296 0.216 0.120 0.445 0.573 0.454 0.439 0.559 0.223 0.118 0.302 0.353 0.407 0.517 0.460 0.337 0.266 0.130 0.098 0.400 0.194 0.090 0.192 0.214 0.341 0.375 0.167 0.139 0.098 0.251 0.316 0.351 0.410 0.217 0.338 0.333 0.261 0.229 0.140 0.096 0.343 0.127 0.088 0.440 0.431 0.420 0.269 0.175 0.256 0.370 0.490 0.552 0.302 0.109 0.248 0.352 0.353 0.429 0.366 0.274 0.110 0.223 0.192 0.083 0.311 0.446 0.286 0.223 0.204 0.561 0.424 0.155 0.093 0.233 0.230 0.450 0.323 0.279 0.142 0.098 0.428 0.470 0.305)  
absolute position: (0.259 0.359 0.245 0.114 0.122 0.119 0.116 0.235 0.430 0.269 0.126 0.114 0.183 0.184 0.152 0.181 0.180 0.415 0.241 0.286 0.376 0.234 0.107 0.115 0.119 0.292 0.174 0.156 0.160 0.151 0.222 0.351 0.191 0.206 0.349 0.219 0.158 0.153 0.121 0.218 0.376 0.386 0.237 0.154 0.148 0.141 0.230 0.231 0.132 0.128 0.138 0.247 0.427 0.209 0.276 0.406 0.230 0.163 0.148 0.141 0.234 0.212 0.140 0.130 0.181 0.254 0.367 0.209 0.178 0.186 0.187 0.169 0.180 0.268 0.175 0.252 0.278 0.250 0.151 0.116 0.130 0.261 0.331 0.380 0.227 0.156 0.131 0.083 0.227 0.230 0.092 0.108 0.117 0.297 0.474 0.266 0.127 0.121 0.103 0.152 0.324 0.465 0.246 0.264 0.535 0.293 0.100 0.120 0.093 0.238 0.068 0.081 0.156 0.436 0.208 0.075 0.069 0.071 0.056 0.158 0.312 0.173 0.134 0.086 0.186 0.130 0.299 0.525 0.286 0.131 0.111 0.143 0.213 0.210 0.409 0.297 0.123 0.103 0.320 0.434 0.266 0.118 0.122 0.149 0.269 0.194 0.130 0.105 0.112 0.204 0.368 0.201)  0.189 0.225 0.176 0.142 0.171 0.167 0.130 0.175 0.191 0.191 0.199 0.160 0.215 0.183 0.150 0.162 0.214 0.183 0.214 0.211 0.226 0.194 0.176 0.190 0.233 0.200 0.161 0.177 0.182 0.201 0.228 0.214 0.192 0.188 0.205 0.226 0.197 0.198 0.153 0.189 0.190 0.203 0.223 0.202 0.150 0.123 0.165 0.164 0.139 0.164 0.193 0.202 0.184 0.197 0.235 0.207 0.205 0.144 0.188 0.172 0.215 0.232 0.157 0.126 0.124 0.184 0.223 0.221 0.201 0.201 0.161 0.159 0.211 0.219 0.204 0.197 0.224 0.188 0.153 0.148 0.168 0.207 0.202 0.210 0.217 0.209 0.190 0.124 0.161 0.193 0.118 0.157 0.193 0.197 0.191 0.164 0.136 0.135 0.161 0.177 0.160 0.167 0.176 0.174 0.174 0.168 0.139 0.150 0.094 0.187 0.068 0.062 0.173 0.205 0.180 0.113 0.077 0.076 0.082 0.181 0.180 0.158 0.155 0.126 0.184 0.161 0.166 0.140 0.140 0.208 0.243 0.179 0.116 0.164 0.192 0.250 0.253 0.152 0.164 0.191 0.195 0.160 0.231 0.294 0.220 0.248 0.231 0.165 0.124 0.172 0.215 0.262)  0.265 0.145 0.161 0.172 0.281 0.263 0.145 0.135 0.120 0.300 0.417 0.262 0.292 0.336 0.234 0.166 0.178 0.132 0.285 0.222 0.129 0.161 0.206 0.293 0.379 0.242 0.184 0.215 0.251 0.332 0.237 0.142 0.180 0.171 0.150 0.242 0.343 0.233 0.190 0.174 0.128 0.124 0.236 0.376 0.283 0.143 0.164 0.167 0.153 0.305 0.406 0.262 0.133 0.194 0.155 0.127 0.172 0.173 0.240 0.336 0.248 0.283 0.368 0.246 0.155 0.150 0.132 0.320 0.268 0.316 0.221 0.182 0.181 0.203 0.270 0.242 0.175 0.168 0.177 0.276 0.349 0.257 0.152 0.147 0.286 0.369 0.262 0.186 0.171 0.181 0.174 0.322 0.476 0.281 0.107 0.148 0.167 0.158 0.296 0.355 0.278 0.115 0.157 0.149 0.105 0.329 0.532 0.305 0.124 0.132 0.088 0.073 0.104 0.138 0.261 0.543 0.342 0.306 0.492 0.333 0.209 0.163 0.210 0.377 0.278 0.357 0.231 0.090 0.185 0.163 0.215 0.268 0.200 0.167 0.137 0.226 0.402 0.286 0.131 0.123 0.198 0.212 0.262 0.327 0.216 0.289 0.360 0.301 0.186 0.190 0.144 0.273)  0.147 0.146 0.269 0.414 0.271 0.298 0.450 0.273 0.122 0.124 0.130 0.321 0.154 0.151 0.281 0.325 0.260 0.132 0.134 0.146 0.130 0.235 0.335 0.226 0.138 0.134 0.300 0.297 0.240 0.148 0.157 0.137 0.264 0.255 0.142 0.153 0.152 0.259 0.333 0.243 0.151 0.168 0.154 0.131 0.274 0.441 0.294 0.286 0.410 0.263 0.136 0.145 0.125 0.259 0.169 0.125 0.235 0.319 0.246 0.167 0.152 0.130 0.174 0.307 0.342 0.229 0.129 0.129 0.200 0.161 0.229 0.294 0.219 0.170 0.192 0.173 0.166 0.222 0.343 0.284 0.189 0.148 0.162 0.142 0.137 0.147 0.288 0.439 0.269 0.271 0.472 0.290 0.111 0.115 0.113 0.304 0.369 0.423 0.272 0.148 0.129 0.122 0.255 0.271 0.095 0.117 0.118 0.294 0.532 0.275 0.576 0.636 0.339 0.108 0.103 0.139 0.353 0.383 0.168 0.151 0.168 0.261 0.338 0.248 0.159 0.152 0.158 0.108 0.222 0.329 0.288 0.256 0.350 0.307 0.127 0.116 0.107 0.290 0.188 0.125 0.227 0.368 0.237 0.124 0.161 0.118 0.139 0.302 0.422 0.258 0.126 0.129)  0.140 0.125 0.149 0.158 0.155 0.153 0.159 0.182 0.137 0.116 0.128 0.143 0.155 0.146 0.183 0.166 0.168 0.139 0.127 0.135 0.138 0.176 0.175 0.175 0.131 0.131 0.180 0.156 0.167 0.167 0.157 0.156 0.173 0.181 0.153 0.160 0.149 0.157 0.204 0.176 0.155 0.118 0.149 0.136 0.145 0.151 0.146 0.152 0.166 0.140 0.127 0.145 0.131 0.141 0.165 0.136 0.159 0.200 0.178 0.183 0.150 0.143 0.162 0.191 0.197 0.183 0.149 0.121 0.154 0.135 0.201 0.196 0.209 0.139 0.159 0.135 0.157 0.172 0.176 0.177 0.165 0.128 0.153 0.121 0.133 0.120 0.128 0.168 0.172 0.124 0.144 0.122 0.103 0.110 0.115 0.118 0.201 0.163 0.167 0.168 0.108 0.132 0.166 0.142 0.091 0.093 0.111 0.132 0.157 0.169 0.200 0.148 0.229 0.114 0.248 0.131 0.159 0.164 0.202 0.177 0.131 0.245 0.163 0.164 0.193 0.201 0.147 0.137 0.167 0.169 0.143 0.154 0.121 0.151 0.134 0.112 0.116 0.168 0.197 0.127 0.114 0.142 0.148 0.106 0.133 0.150 0.140 0.127 0.156 0.176 0.147 0.135)  
speed: (0.116 0.127 0.103 0.140 0.109 0.114 0.138 0.125 0.153 0.158 0.148 0.151 0.011 0.030 0.029 0.027 0.023 0.045 0.055 0.042 0.059 0.061 0.060 0.070 0.075 0.075 0.010 0.025 0.022 0.034 0.024 0.023 0.010 0.024 0.011 0.023 0.068 0.028 0.028 0.028 0.057 0.101 0.038 0.038 0.034 0.077 0.056 0.025 0.046 0.039 0.035 0.045 0.050 0.029 0.062 0.038 0.008 0.085 0.028 0.033 0.015 0.016 0.005 0.037 0.029 0.011 0.061 0.114 0.016 0.032 0.052 0.042 0.012 0.063 0.027 0.026 0.079 0.057 0.084 0.071 0.051 0.071 0.055 0.094 0.124 0.133 0.186 0.163 0.125 0.121 0.178 0.158 0.178 0.185 0.160 0.160 0.096 0.096 0.153 0.153 0.258 0.187 0.142 0.190 0.291 0.275 0.275 0.165 0.260 0.198 0.432 0.437 0.154 0.301 0.286 0.249 0.313 0.313 0.254 0.205 0.211 0.201 0.058 0.160 0.134 0.175 0.248 0.403 0.233 0.128 0.202 0.138 0.180 0.158 0.103 0.132 0.156 0.242 0.049 0.029 0.010 0.038 0.024 0.046 0.008 0.031 0.027 0.021 0.013 0.016 0.040 0.058)  0.062 0.062 0.053 0.050 0.052 0.050 0.054 0.060 0.063 0.052 0.052 0.056 0.039 0.074 0.069 0.067 0.056 0.064 0.061 0.059 0.063 0.056 0.051 0.058 0.048 0.062 0.050 0.060 0.054 0.069 0.062 0.073 0.069 0.076 0.068 0.061 0.062 0.058 0.057 0.063 0.087 0.074 0.067 0.070 0.072 0.078 0.084 0.078 0.076 0.079 0.077 0.081 0.088 0.066 0.060 0.069 0.061 0.068 0.059 0.059 0.101 0.094 0.081 0.070 0.070 0.067 0.110 0.130 0.057 0.072 0.059 0.061 0.064 0.100 0.080 0.078 0.079 0.072 0.075 0.084 0.068 0.081 0.065 0.072 0.070 0.065 0.070 0.073 0.057 0.070 0.070 0.064 0.063 0.066 0.075 0.070 0.066 0.086 0.066 0.067 0.061 0.057 0.045 0.061 0.055 0.053 0.072 0.065 0.050 0.050 0.096 0.081 0.129 0.077 0.078 0.066 0.069 0.088 0.104 0.079 0.097 0.080 0.056 0.073 0.161 0.096 0.104 0.130 0.093 0.146 0.117 0.199 0.227 0.199 0.174 0.289 0.311 0.294 0.053 0.134 0.076 0.100 0.059 0.088 0.048 0.073 0.068 0.091 0.091 0.048 0.121 0.095)  0.060 0.072 0.060 0.051 0.055 0.057 0.074 0.066 0.076 0.065 0.080 0.068 0.054 0.060 0.070 0.061 0.069 0.068 0.083 0.064 0.069 0.062 0.051 0.041 0.042 0.068 0.076 0.068 0.062 0.064 0.061 0.127 0.088 0.089 0.124 0.120 0.100 0.070 0.058 0.063 0.146 0.178 0.100 0.101 0.125 0.094 0.078 0.084 0.071 0.080 0.085 0.077 0.103 0.068 0.092 0.137 0.068 0.099 0.106 0.077 0.114 0.140 0.089 0.140 0.104 0.081 0.114 0.145 0.110 0.077 0.071 0.083 0.184 0.241 0.163 0.118 0.191 0.134 0.059 0.073 0.080 0.080 0.088 0.099 0.196 0.124 0.272 0.121 0.083 0.116 0.102 0.107 0.134 0.105 0.099 0.088 0.218 0.231 0.257 0.248 0.135 0.106 0.122 0.173 0.087 0.173 0.160 0.244 0.097 0.087 0.091 0.069 0.099 0.081 0.163 0.145 0.110 0.122 0.124 0.100 0.093 0.105 0.065 0.090 0.274 0.222 0.222 0.177 0.196 0.156 0.176 0.198 0.222 0.150 0.152 0.206 0.173 0.187 0.134 0.283 0.279 0.220 0.295 0.328 0.141 0.170 0.147 0.229 0.162 0.156 0.187 0.294)  0.244 0.222 0.302 0.288 0.304 0.301 0.223 0.226 0.230 0.330 0.310 0.265 0.261 0.141 0.235 0.227 0.329 0.225 0.262 0.251 0.185 0.165 0.462 0.239 0.311 0.201 0.442 0.473 0.404 0.373 0.321 0.207 0.355 0.278 0.166 0.383 0.494 0.449 0.376 0.417 0.299 0.285 0.419 0.252 0.246 0.148 0.156 0.261 0.157 0.217 0.195 0.200 0.119 0.366 0.511 0.338 0.498 0.533 0.464 0.232 0.198 0.264 0.198 0.278 0.280 0.165 0.100 0.181 0.489 0.304 0.391 0.416 0.678 0.556 0.618 0.397 0.584 0.480 0.223 0.258 0.376 0.223 0.440 0.348 0.418 0.443 0.278 0.376 0.434 0.405 0.289 0.282 0.268 0.239 0.219 0.300 0.323 0.233 0.342 0.404 0.317 0.308 0.555 0.390 0.211 0.325 0.185 0.259 0.244 0.269 0.168 0.111 0.375 0.277 0.315 0.226 0.199 0.228 0.280 0.233 0.305 0.324 0.262 0.189 0.378 0.421 0.388 0.288 0.440 0.504 0.338 0.350 0.314 0.472 0.390 0.275 0.198 0.249 0.359 0.176 0.340 0.180 0.282 0.163 0.273 0.219 0.278 0.237 0.227 0.296 0.124 0.182)  0.518 0.516 0.482 0.472 0.479 0.479 0.511 0.522 0.478 0.395 0.411 0.459 0.635 0.695 0.597 0.619 0.523 0.598 0.539 0.583 0.623 0.656 0.375 0.591 0.524 0.594 0.421 0.374 0.457 0.460 0.532 0.570 0.477 0.534 0.630 0.412 0.276 0.395 0.481 0.429 0.411 0.363 0.377 0.538 0.523 0.602 0.626 0.552 0.651 0.585 0.607 0.598 0.640 0.472 0.276 0.418 0.365 0.215 0.344 0.600 0.573 0.486 0.626 0.475 0.517 0.676 0.616 0.430 0.327 0.515 0.427 0.398 0.063 0.039 0.112 0.381 0.067 0.258 0.559 0.514 0.425 0.545 0.352 0.387 0.193 0.234 0.193 0.268 0.301 0.287 0.361 0.388 0.357 0.404 0.447 0.382 0.296 0.355 0.182 0.128 0.229 0.342 0.135 0.187 0.356 0.174 0.308 0.267 0.349 0.396 0.212 0.302 0.244 0.264 0.158 0.315 0.309 0.250 0.238 0.384 0.296 0.290 0.559 0.488 0.053 0.085 0.037 0.002 0.038 0.066 0.168 0.115 0.057 0.021 0.181 0.098 0.162 0.027 0.404 0.378 0.296 0.462 0.340 0.374 0.531 0.508 0.480 0.422 0.507 0.484 0.528 0.371)  
lick: (0.824 0.818 0.787 0.802 0.812 0.786 0.760 0.756 0.762 0.711 0.770 0.763 0.835 0.827 0.844 0.837 0.845 0.845 0.825 0.826 0.797 0.736 0.799 0.740 0.777 0.734 0.867 0.817 0.799 0.809 0.824 0.845 0.789 0.807 0.835 0.799 0.820 0.744 0.831 0.783 0.844 0.753 0.816 0.843 0.832 0.857 0.829 0.820 0.822 0.824 0.821 0.788 0.793 0.726 0.820 0.820 0.798 0.781 0.708 0.786 0.810 0.754 0.771 0.733 0.747 0.755 0.770 0.680 0.795 0.779 0.794 0.793 0.782 0.847 0.824 0.822 0.880 0.784 0.730 0.745 0.794 0.782 0.796 0.833 0.753 0.844 0.795 0.791 0.798 0.781 0.781 0.750 0.746 0.754 0.746 0.737 0.803 0.813 0.799 0.802 0.767 0.754 0.761 0.755 0.688 0.692 0.692 0.725 0.648 0.666 0.804 0.721 0.712 0.769 0.798 0.777 0.742 0.742 0.754 0.766 0.786 0.705 0.868 0.711 0.813 0.805 0.837 0.850 0.912 0.762 0.650 0.779 0.764 0.729 0.740 0.757 0.687 0.483 0.704 0.740 0.704 0.668 0.693 0.684 0.681 0.664 0.684 0.656 0.710 0.687 0.776 0.722)  0.176 0.182 0.213 0.198 0.188 0.214 0.240 0.244 0.238 0.289 0.230 0.237 0.165 0.173 0.156 0.163 0.155 0.155 0.175 0.174 0.203 0.264 0.201 0.260 0.223 0.266 0.133 0.183 0.201 0.191 0.176 0.155 0.211 0.193 0.165 0.201 0.180 0.256 0.169 0.217 0.156 0.247 0.184 0.157 0.168 0.143 0.171 0.180 0.178 0.176 0.179 0.212 0.207 0.274 0.180 0.180 0.202 0.219 0.292 0.214 0.190 0.246 0.229 0.267 0.253 0.245 0.230 0.320 0.205 0.221 0.206 0.207 0.218 0.153 0.176 0.178 0.120 0.216 0.270 0.255 0.206 0.218 0.204 0.167 0.247 0.156 0.205 0.209 0.202 0.219 0.219 0.250 0.254 0.246 0.254 0.263 0.197 0.187 0.201 0.198 0.233 0.246 0.239 0.245 0.312 0.308 0.308 0.275 0.352 0.334 0.196 0.279 0.288 0.231 0.202 0.223 0.258 0.258 0.246 0.234 0.214 0.295 0.132 0.289 0.187 0.195 0.163 0.150 0.088 0.238 0.350 0.221 0.236 0.271 0.260 0.243 0.313 0.517 0.296 0.260 0.296 0.332 0.307 0.316 0.319 0.336 0.316 0.344 0.290 0.313 0.224 0.278)  
reward zone location: (0.578 1.000 0.353 0.000 0.000 0.000 0.000 0.610 1.000 0.354 0.000 0.000 0.000 0.000 0.000 0.000 0.646 1.000 0.330 0.600 1.000 0.337 0.000 0.000 0.000 0.617 0.000 0.000 0.000 0.000 0.616 1.000 0.344 0.598 1.000 0.344 0.000 0.000 0.000 0.607 1.000 1.000 0.336 0.000 0.000 0.000 0.637 0.338 0.000 0.000 0.000 0.596 1.000 0.297 1.000 1.000 0.358 0.000 0.000 0.000 0.599 0.349 0.000 0.000 0.000 0.604 1.000 0.348 0.000 0.000 0.000 0.000 0.613 1.000 0.402 0.583 1.000 0.321 0.000 0.000 0.000 0.606 1.000 1.000 0.325 0.000 0.000 0.000 0.633 0.339 0.000 0.000 0.000 0.596 1.000 0.346 0.000 0.000 0.000 0.000 0.594 1.000 0.332 0.611 1.000 0.315 0.000 0.000 0.000 0.618 0.000 0.000 0.584 1.000 0.336 0.000 0.000 0.000 0.000 0.623 1.000 0.349 0.000 0.000 0.000 0.000 0.685 1.000 0.442 0.000 0.000 0.000 0.000 0.486 1.000 0.367 0.000 0.000 1.000 1.000 0.273 0.000 0.000 0.000 0.707 0.273 0.000 0.000 0.000 0.661 1.000 0.233)  0.422 0.000 0.000 0.000 0.620 0.375 0.000 0.000 0.000 0.646 1.000 0.371 1.000 1.000 0.402 0.000 0.000 0.000 0.670 0.400 0.000 0.000 0.000 0.591 1.000 0.383 0.000 0.000 0.619 1.000 0.384 0.000 0.000 0.000 0.000 0.656 1.000 0.344 0.000 0.000 0.000 0.000 0.664 1.000 0.357 0.000 0.000 0.000 0.000 0.619 1.000 0.404 0.000 0.000 0.000 0.000 0.000 0.000 0.606 1.000 0.401 0.651 1.000 0.333 0.000 0.000 0.000 0.652 1.000 1.000 0.378 0.000 0.000 0.000 0.598 0.417 0.000 0.000 0.000 0.638 1.000 0.394 0.000 0.000 0.675 1.000 0.338 0.000 0.000 0.000 0.000 0.595 1.000 0.404 0.000 0.000 0.000 0.000 0.638 1.000 0.406 0.000 0.000 0.000 0.000 0.685 1.000 0.329 0.000 0.000 0.000 0.000 0.000 0.000 0.664 1.000 0.428 0.576 1.000 0.377 0.000 0.000 0.000 0.701 1.000 1.000 0.315 0.000 0.000 0.000 0.637 0.442 0.000 0.000 0.000 0.633 1.000 0.372 0.000 0.000 0.000 0.000 0.621 1.000 0.293 0.727 1.000 0.349 0.000 0.000 0.000 0.767)  0.000 0.000 0.647 1.000 0.380 0.625 1.000 0.390 0.000 0.000 0.000 0.629 0.000 0.000 0.598 1.000 0.354 0.000 0.000 0.000 0.000 0.663 1.000 0.409 0.000 0.000 1.000 1.000 0.381 0.000 0.000 0.000 0.656 0.402 0.000 0.000 0.000 0.656 1.000 0.393 0.000 0.000 0.000 0.000 0.643 1.000 0.363 0.662 1.000 0.381 0.000 0.000 0.000 0.703 0.000 0.000 0.642 1.000 0.394 0.000 0.000 0.000 0.000 0.667 1.000 0.396 0.000 0.000 0.000 0.000 0.622 1.000 0.387 0.000 0.000 0.000 0.000 0.679 1.000 0.362 0.000 0.000 0.000 0.000 0.000 0.000 0.662 1.000 0.367 0.661 1.000 0.405 0.000 0.000 0.000 0.654 1.000 1.000 0.362 0.000 0.000 0.000 0.668 0.389 0.000 0.000 0.000 0.671 1.000 0.382 1.000 1.000 0.416 0.000 0.000 0.000 0.572 0.424 0.000 0.000 0.000 0.651 1.000 0.299 0.000 0.000 0.000 0.000 0.558 1.000 0.363 0.558 1.000 0.514 0.000 0.000 0.000 0.628 0.000 0.000 0.727 1.000 0.379 0.000 0.000 0.000 0.000 0.651 1.000 0.339 0.000 0.000)  
reward outcome: (0.081 0.239 0.128 0.108 0.177 0.148 0.170 0.118 0.209 0.111 0.183 0.121 0.164 0.110 0.152 0.144 0.120 0.137 0.141 0.227 0.223 0.213 0.154 0.152 0.246 0.172 0.264 0.208 0.156 0.116 0.186 0.164 0.185 0.146 0.267 0.181 0.161 0.243 0.181 0.112 0.169 0.145 0.225 0.211 0.217 0.195 0.123 0.121 0.156 0.228 0.200 0.118 0.155 0.193 0.158 0.199 0.121 0.085 0.134 0.218 0.176 0.164 0.227 0.148 0.207 0.136 0.139 0.183 0.195 0.129 0.135 0.207 0.151 0.191 0.145 0.148 0.143 0.100 0.077 0.170 0.204 0.044 0.155 0.145 0.184 0.202 0.142 0.132 0.109 0.119 0.142 0.188 0.258 0.172 0.144 0.068 0.161 0.185 0.093 0.179 0.127 0.118 0.220 0.130 0.185 0.127 0.119 0.209 0.138 0.192 0.094 0.136 0.105 0.150 0.135 0.161 0.107 0.173 0.161 0.191 0.115 0.165 0.215 0.117 0.171 0.099 0.164 0.107 0.220 0.143 0.165 0.130 0.041 0.154 0.218 0.119 0.131 0.168 0.119 0.180 0.176 0.150 0.150 0.134 0.173 0.091 0.190 0.231 0.130 0.225 0.243 0.179)  0.919 0.761 0.872 0.892 0.823 0.852 0.830 0.882 0.791 0.889 0.817 0.879 0.836 0.890 0.848 0.856 0.880 0.863 0.859 0.773 0.777 0.787 0.846 0.848 0.754 0.828 0.736 0.792 0.844 0.884 0.814 0.836 0.815 0.854 0.733 0.819 0.839 0.757 0.819 0.888 0.831 0.855 0.775 0.789 0.783 0.805 0.877 0.879 0.844 0.772 0.800 0.882 0.845 0.807 0.842 0.801 0.879 0.915 0.866 0.782 0.824 0.836 0.773 0.852 0.793 0.864 0.861 0.817 0.805 0.871 0.865 0.793 0.849 0.809 0.855 0.852 0.857 0.900 0.923 0.830 0.796 0.956 0.845 0.855 0.816 0.798 0.858 0.868 0.891 0.881 0.858 0.812 0.742 0.828 0.856 0.932 0.839 0.815 0.907 0.821 0.873 0.882 0.780 0.870 0.815 0.873 0.881 0.791 0.862 0.808 0.906 0.864 0.895 0.850 0.865 0.839 0.893 0.827 0.839 0.809 0.885 0.835 0.785 0.883 0.829 0.901 0.836 0.893 0.780 0.857 0.835 0.870 0.959 0.846 0.782 0.881 0.869 0.832 0.881 0.820 0.824 0.850 0.850 0.866 0.827 0.909 0.810 0.769 0.870 0.775 0.757 0.821)  
Brain region: CA1: 138678 neurons  
Data verification complete.
