Data format warnings:
  - Session 1, trial 104: all neural data is zero
Number of sessions: 173
Total number of trials: 52990
Number of trials per session: [216, 105, 373, 138, 436, 429, 400, 468, 423, 403, 349, 396, 266, 238, 275, 565, 295, 276, 336, 273, 165, 172, 407, 296, 466, 303, 301, 204, 344, 483, 367, 506, 436, 461, 246, 465, 379, 425, 364, 526, 352, 363, 313, 340, 331, 254, 260, 223, 256, 237, 298, 309, 301, 188, 267, 410, 353, 310, 310, 454, 219, 109, 190, 56, 307, 243, 284, 155, 193, 230, 398, 389, 450, 295, 324, 106, 289, 353, 450, 218, 400, 277, 285, 271, 256, 152, 301, 411, 195, 346, 368, 400, 250, 256, 214, 277, 289, 150, 302, 308, 358, 286, 357, 386, 384, 358, 304, 359, 348, 265, 364, 182, 175, 135, 235, 236, 274, 259, 328, 299, 314, 233, 164, 182, 118, 263, 185, 239, 179, 113, 168, 257, 238, 338, 249, 331, 331, 355, 348, 351, 415, 468, 475, 517, 441, 356, 372, 286, 287, 285, 199, 221, 347, 412, 132, 171, 272, 209, 299, 135, 373, 403, 364, 421, 348, 324, 382, 441, 301, 285, 448, 279, 403]
Number of subjects: 28
Number of brain regions: 7
Number of sessions per subject:
  Subject 440956: 4 sessions
  Subject 440957: 4 sessions
  Subject 440958: 4 sessions
  Subject 440959: 8 sessions
  Subject 441666: 5 sessions
  Subject 442571: 5 sessions
  Subject 449141: 6 sessions
  Subject 455219: 4 sessions
  Subject 455220: 6 sessions
  Subject 456772: 10 sessions
  Subject 456773: 4 sessions
  Subject 456774: 3 sessions
  Subject 460432: 4 sessions
  Subject 460434: 4 sessions
  Subject 460436: 4 sessions
  Subject 479121: 6 sessions
  Subject 479149: 7 sessions
  Subject 480133: 9 sessions
  Subject 480134: 7 sessions
  Subject 480135: 7 sessions
  Subject 480927: 10 sessions
  Subject 480928: 9 sessions
  Subject 484672: 6 sessions
  Subject 484673: 9 sessions
  Subject 484674: 9 sessions
  Subject 484675: 6 sessions
  Subject 484676: 7 sessions
  Subject 484677: 6 sessions
Input dimension: 2
Output dimension: 4
Summary statistics (across all sessions):
  T: mean: 80.00, median: 80.00, min: 80, max: 80
  n_neurons: mean: 401.46', min: 90, max: 923
  Input range:
    time_from_tone_onset: [-1.5, 7.4]
    photostim_on: [0.0, 0.0]
  Output range:
    choice: [0.0, 1.0]
    outcome: [1.0, 2.0]
    early_lick: [0.0, 0.0]
    tongue_y: [0.0, 2.0]
  Unique outputs per dimension (fraction of data):
    choice: {left (0.488), right (0.512)}
    outcome: {miss (0.184), hit (0.816)}
    early_lick: {no (1.000)}
    tongue_y: {low (0.131), mid (0.802), high (0.067)}
  Brain region distribution:
    ALM: 23645 neurons
    BLA: 2610 neurons
    ECT: 4151 neurons
    Medulla: 4800 neurons
    Midbrain: 10630 neurons
    Striatum: 10739 neurons
    Thalamus: 12878 neurons

Per-session statistics:
  Mean T: 80.0, 80.0, 80.0, 80.0, 80.0, 80.0, 80.0, 80.0, 80.0, 80.0, 80.0, 80.0, 80.0, 80.0, 80.0, 80.0, 80.0, 80.0, 80.0, 80.0, 80.0, 80.0, 80.0, 80.0, 80.0, 80.0, 80.0, 80.0, 80.0, 80.0, 80.0, 80.0, 80.0, 80.0, 80.0, 80.0, 80.0, 80.0, 80.0, 80.0, 80.0, 80.0, 80.0, 80.0, 80.0, 80.0, 80.0, 80.0, 80.0, 80.0, 80.0, 80.0, 80.0, 80.0, 80.0, 80.0, 80.0, 80.0, 80.0, 80.0, 80.0, 80.0, 80.0, 80.0, 80.0, 80.0, 80.0, 80.0, 80.0, 80.0, 80.0, 80.0, 80.0, 80.0, 80.0, 80.0, 80.0, 80.0, 80.0, 80.0, 80.0, 80.0, 80.0, 80.0, 80.0, 80.0, 80.0, 80.0, 80.0, 80.0, 80.0, 80.0, 80.0, 80.0, 80.0, 80.0, 80.0, 80.0, 80.0, 80.0, 80.0, 80.0, 80.0, 80.0, 80.0, 80.0, 80.0, 80.0, 80.0, 80.0, 80.0, 80.0, 80.0, 80.0, 80.0, 80.0, 80.0, 80.0, 80.0, 80.0, 80.0, 80.0, 80.0, 80.0, 80.0, 80.0, 80.0, 80.0, 80.0, 80.0, 80.0, 80.0, 80.0, 80.0, 80.0, 80.0, 80.0, 80.0, 80.0, 80.0, 80.0, 80.0, 80.0, 80.0, 80.0, 80.0, 80.0, 80.0, 80.0, 80.0, 80.0, 80.0, 80.0, 80.0, 80.0, 80.0, 80.0, 80.0, 80.0, 80.0, 80.0, 80.0, 80.0, 80.0, 80.0, 80.0, 80.0, 80.0, 80.0, 80.0, 80.0, 80.0, 80.0
  Min T: 80, 80, 80, 80, 80, 80, 80, 80, 80, 80, 80, 80, 80, 80, 80, 80, 80, 80, 80, 80, 80, 80, 80, 80, 80, 80, 80, 80, 80, 80, 80, 80, 80, 80, 80, 80, 80, 80, 80, 80, 80, 80, 80, 80, 80, 80, 80, 80, 80, 80, 80, 80, 80, 80, 80, 80, 80, 80, 80, 80, 80, 80, 80, 80, 80, 80, 80, 80, 80, 80, 80, 80, 80, 80, 80, 80, 80, 80, 80, 80, 80, 80, 80, 80, 80, 80, 80, 80, 80, 80, 80, 80, 80, 80, 80, 80, 80, 80, 80, 80, 80, 80, 80, 80, 80, 80, 80, 80, 80, 80, 80, 80, 80, 80, 80, 80, 80, 80, 80, 80, 80, 80, 80, 80, 80, 80, 80, 80, 80, 80, 80, 80, 80, 80, 80, 80, 80, 80, 80, 80, 80, 80, 80, 80, 80, 80, 80, 80, 80, 80, 80, 80, 80, 80, 80, 80, 80, 80, 80, 80, 80, 80, 80, 80, 80, 80, 80, 80, 80, 80, 80, 80, 80
  Max T: 80, 80, 80, 80, 80, 80, 80, 80, 80, 80, 80, 80, 80, 80, 80, 80, 80, 80, 80, 80, 80, 80, 80, 80, 80, 80, 80, 80, 80, 80, 80, 80, 80, 80, 80, 80, 80, 80, 80, 80, 80, 80, 80, 80, 80, 80, 80, 80, 80, 80, 80, 80, 80, 80, 80, 80, 80, 80, 80, 80, 80, 80, 80, 80, 80, 80, 80, 80, 80, 80, 80, 80, 80, 80, 80, 80, 80, 80, 80, 80, 80, 80, 80, 80, 80, 80, 80, 80, 80, 80, 80, 80, 80, 80, 80, 80, 80, 80, 80, 80, 80, 80, 80, 80, 80, 80, 80, 80, 80, 80, 80, 80, 80, 80, 80, 80, 80, 80, 80, 80, 80, 80, 80, 80, 80, 80, 80, 80, 80, 80, 80, 80, 80, 80, 80, 80, 80, 80, 80, 80, 80, 80, 80, 80, 80, 80, 80, 80, 80, 80, 80, 80, 80, 80, 80, 80, 80, 80, 80, 80, 80, 80, 80, 80, 80, 80, 80, 80, 80, 80, 80, 80, 80
  n_neurons: 459, 375, 205, 552, 526, 505, 192, 169, 347, 342, 432, 367, 214, 160, 383, 452, 537, 396, 391, 292, 300, 290, 314, 501, 278, 279, 603, 433, 425, 436, 553, 499, 571, 533, 675, 496, 498, 530, 463, 599, 224, 478, 488, 427, 433, 428, 106, 157, 217, 194, 344, 253, 343, 477, 332, 442, 452, 272, 414, 346, 532, 279, 178, 259, 322, 368, 184, 156, 150, 190, 141, 365, 254, 323, 269, 605, 378, 537, 374, 322, 90, 110, 180, 233, 459, 480, 304, 328, 148, 237, 371, 439, 639, 618, 205, 523, 555, 532, 420, 683, 480, 495, 675, 749, 630, 733, 765, 538, 502, 257, 219, 477, 376, 516, 688, 350, 219, 469, 366, 483, 268, 432, 358, 407, 509, 650, 731, 923, 724, 850, 256, 385, 213, 330, 492, 215, 486, 633, 497, 532, 285, 227, 342, 430, 390, 308, 298, 638, 208, 452, 238, 206, 404, 269, 365, 393, 483, 288, 325, 182, 537, 473, 302, 317, 530, 437, 339, 445, 390, 308, 787, 472, 368
  Input range:
    0: [-0.6, 3.3] [-0.6, 3.3] [-0.6, 3.3] [-0.6, 3.3] [-0.6, 3.3] [-0.6, 3.3] [-0.6, 3.3] [-0.6, 3.3] [-0.6, 3.3] [-0.6, 3.3] [-0.6, 3.3] [-0.6, 3.3] [-0.6, 3.3] [-0.6, 3.3] [-0.6, 3.3] [-0.6, 7.4] [-0.6, 3.3] [-0.6, 3.3] [-0.6, 3.3] [-0.6, 3.3] [-0.6, 3.3] [-0.6, 3.3] [-0.6, 3.3] [-0.6, 3.3] [-0.6, 3.3] [-0.6, 3.3] [-0.6, 3.3] [-0.6, 3.3] [-0.6, 3.3] [-0.6, 3.3] [-0.6, 3.3] [-0.6, 3.3] [-0.6, 3.3] [-0.6, 3.3] [-0.6, 3.3] [-0.6, 3.3] [-0.6, 3.3] [-0.6, 3.3] [-0.6, 3.3] [-0.6, 3.3] [-0.6, 3.3] [-0.6, 3.3] [-0.6, 3.3] [-0.6, 3.3] [-0.6, 3.3] [-0.6, 3.3] [-1.5, 3.9] [-1.5, 3.9] [-1.5, 3.9] [-1.5, 3.9] [-1.5, 3.9] [-1.5, 3.9] [-1.5, 3.9] [-1.5, 3.9] [-1.5, 3.9] [-1.5, 3.9] [-1.5, 3.9] [-1.5, 3.9] [-1.5, 3.9] [-1.5, 3.9] [-1.5, 3.9] [-1.5, 3.9] [-1.5, 3.9] [-1.5, 3.9] [-1.5, 3.9] [-1.5, 3.9] [-1.5, 3.9] [-1.5, 3.9] [-1.5, 3.9] [-1.5, 3.9] [-1.5, 3.9] [-1.5, 3.9] [-1.5, 3.9] [-1.5, 3.9] [-1.5, 3.9] [-1.5, 3.9] [-1.5, 3.9] [-1.5, 3.9] [-1.5, 3.9] [-1.5, 3.9] [-1.5, 3.9] [-1.5, 5.8] [-1.5, 3.9] [-1.5, 3.9] [-1.5, 3.9] [-1.5, 3.9] [-1.5, 3.9] [-1.5, 3.9] [-1.5, 5.0] [-1.5, 3.9] [-1.5, 3.9] [-1.5, 3.9] [-1.5, 3.9] [-1.5, 3.9] [-1.5, 3.9] [-1.5, 3.9] [-1.5, 3.9] [-1.5, 3.9] [-1.5, 3.9] [-1.5, 3.9] [-1.5, 3.9] [-1.5, 3.9] [-1.5, 3.9] [-1.5, 3.9] [-1.5, 3.9] [-1.5, 3.9] [-1.5, 3.9] [-1.5, 3.9] [-1.5, 3.9] [-1.5, 3.9] [-1.5, 3.9] [-1.5, 3.9] [-1.5, 3.9] [-1.5, 3.9] [-1.5, 3.9] [-1.5, 3.9] [-1.5, 3.9] [-1.5, 3.9] [-1.5, 3.9] [-1.5, 3.9] [-1.5, 3.9] [-1.5, 3.9] [-1.5, 3.9] [-1.5, 3.9] [-1.5, 3.9] [-1.5, 3.9] [-1.5, 3.9] [-1.5, 3.9] [-1.5, 3.9] [-1.5, 3.9] [-1.5, 3.9] [-1.5, 3.9] [-1.5, 3.9] [-1.5, 3.9] [-1.5, 3.9] [-1.5, 3.9] [-1.5, 3.9] [-1.5, 3.9] [-1.5, 3.9] [-1.5, 3.9] [-1.5, 3.9] [-1.5, 3.9] [-1.5, 3.9] [-1.5, 3.9] [-1.5, 3.9] [-1.5, 3.9] [-1.5, 3.9] [-1.5, 3.9] [-1.5, 3.9] [-1.5, 3.9] [-1.5, 3.9] [-1.5, 3.9] [-1.5, 3.9] [-1.5, 3.9] [-1.5, 3.9] [-1.5, 3.9] [-1.5, 3.9] [-1.5, 3.9] [-1.5, 3.9] [-1.5, 3.9] [-1.5, 3.9] [-1.5, 3.9] [-1.5, 3.9] [-1.5, 3.9] [-1.5, 3.9] [-1.5, 3.9] [-1.5, 3.9] [-1.5, 3.9] [-1.5, 3.9] [-1.5, 3.9] [-1.5, 3.9] [-1.5, 3.9] [-1.5, 3.9] 
    1: [0.0, 0.0] [0.0, 0.0] [0.0, 0.0] [0.0, 0.0] [0.0, 0.0] [0.0, 0.0] [0.0, 0.0] [0.0, 0.0] [0.0, 0.0] [0.0, 0.0] [0.0, 0.0] [0.0, 0.0] [0.0, 0.0] [0.0, 0.0] [0.0, 0.0] [0.0, 0.0] [0.0, 0.0] [0.0, 0.0] [0.0, 0.0] [0.0, 0.0] [0.0, 0.0] [0.0, 0.0] [0.0, 0.0] [0.0, 0.0] [0.0, 0.0] [0.0, 0.0] [0.0, 0.0] [0.0, 0.0] [0.0, 0.0] [0.0, 0.0] [0.0, 0.0] [0.0, 0.0] [0.0, 0.0] [0.0, 0.0] [0.0, 0.0] [0.0, 0.0] [0.0, 0.0] [0.0, 0.0] [0.0, 0.0] [0.0, 0.0] [0.0, 0.0] [0.0, 0.0] [0.0, 0.0] [0.0, 0.0] [0.0, 0.0] [0.0, 0.0] [0.0, 0.0] [0.0, 0.0] [0.0, 0.0] [0.0, 0.0] [0.0, 0.0] [0.0, 0.0] [0.0, 0.0] [0.0, 0.0] [0.0, 0.0] [0.0, 0.0] [0.0, 0.0] [0.0, 0.0] [0.0, 0.0] [0.0, 0.0] [0.0, 0.0] [0.0, 0.0] [0.0, 0.0] [0.0, 0.0] [0.0, 0.0] [0.0, 0.0] [0.0, 0.0] [0.0, 0.0] [0.0, 0.0] [0.0, 0.0] [0.0, 0.0] [0.0, 0.0] [0.0, 0.0] [0.0, 0.0] [0.0, 0.0] [0.0, 0.0] [0.0, 0.0] [0.0, 0.0] [0.0, 0.0] [0.0, 0.0] [0.0, 0.0] [0.0, 0.0] [0.0, 0.0] [0.0, 0.0] [0.0, 0.0] [0.0, 0.0] [0.0, 0.0] [0.0, 0.0] [0.0, 0.0] [0.0, 0.0] [0.0, 0.0] [0.0, 0.0] [0.0, 0.0] [0.0, 0.0] [0.0, 0.0] [0.0, 0.0] [0.0, 0.0] [0.0, 0.0] [0.0, 0.0] [0.0, 0.0] [0.0, 0.0] [0.0, 0.0] [0.0, 0.0] [0.0, 0.0] [0.0, 0.0] [0.0, 0.0] [0.0, 0.0] [0.0, 0.0] [0.0, 0.0] [0.0, 0.0] [0.0, 0.0] [0.0, 0.0] [0.0, 0.0] [0.0, 0.0] [0.0, 0.0] [0.0, 0.0] [0.0, 0.0] [0.0, 0.0] [0.0, 0.0] [0.0, 0.0] [0.0, 0.0] [0.0, 0.0] [0.0, 0.0] [0.0, 0.0] [0.0, 0.0] [0.0, 0.0] [0.0, 0.0] [0.0, 0.0] [0.0, 0.0] [0.0, 0.0] [0.0, 0.0] [0.0, 0.0] [0.0, 0.0] [0.0, 0.0] [0.0, 0.0] [0.0, 0.0] [0.0, 0.0] [0.0, 0.0] [0.0, 0.0] [0.0, 0.0] [0.0, 0.0] [0.0, 0.0] [0.0, 0.0] [0.0, 0.0] [0.0, 0.0] [0.0, 0.0] [0.0, 0.0] [0.0, 0.0] [0.0, 0.0] [0.0, 0.0] [0.0, 0.0] [0.0, 0.0] [0.0, 0.0] [0.0, 0.0] [0.0, 0.0] [0.0, 0.0] [0.0, 0.0] [0.0, 0.0] [0.0, 0.0] [0.0, 0.0] [0.0, 0.0] [0.0, 0.0] [0.0, 0.0] [0.0, 0.0] [0.0, 0.0] [0.0, 0.0] [0.0, 0.0] [0.0, 0.0] [0.0, 0.0] [0.0, 0.0] [0.0, 0.0] [0.0, 0.0] [0.0, 0.0] 
  Output range:
    0: [0.0, 1.0] [0.0, 1.0] [0.0, 1.0] [0.0, 1.0] [0.0, 1.0] [0.0, 1.0] [0.0, 1.0] [0.0, 1.0] [0.0, 1.0] [0.0, 1.0] [0.0, 1.0] [0.0, 1.0] [0.0, 1.0] [0.0, 1.0] [0.0, 1.0] [0.0, 1.0] [0.0, 1.0] [0.0, 1.0] [0.0, 1.0] [0.0, 1.0] [0.0, 1.0] [0.0, 1.0] [0.0, 1.0] [0.0, 1.0] [0.0, 1.0] [0.0, 1.0] [0.0, 1.0] [0.0, 1.0] [0.0, 1.0] [0.0, 1.0] [0.0, 1.0] [0.0, 1.0] [0.0, 1.0] [0.0, 1.0] [0.0, 1.0] [0.0, 1.0] [0.0, 1.0] [0.0, 1.0] [0.0, 1.0] [0.0, 1.0] [0.0, 1.0] [0.0, 1.0] [0.0, 1.0] [0.0, 1.0] [0.0, 1.0] [0.0, 1.0] [0.0, 1.0] [0.0, 1.0] [0.0, 1.0] [0.0, 1.0] [0.0, 1.0] [0.0, 1.0] [0.0, 1.0] [0.0, 1.0] [0.0, 1.0] [0.0, 1.0] [0.0, 1.0] [0.0, 1.0] [0.0, 1.0] [0.0, 1.0] [0.0, 1.0] [0.0, 1.0] [0.0, 1.0] [0.0, 1.0] [0.0, 1.0] [0.0, 1.0] [0.0, 1.0] [0.0, 1.0] [0.0, 1.0] [0.0, 1.0] [0.0, 1.0] [0.0, 1.0] [0.0, 1.0] [0.0, 1.0] [0.0, 1.0] [0.0, 1.0] [0.0, 1.0] [0.0, 1.0] [0.0, 1.0] [0.0, 1.0] [0.0, 1.0] [0.0, 1.0] [0.0, 1.0] [0.0, 1.0] [0.0, 1.0] [0.0, 1.0] [0.0, 1.0] [0.0, 1.0] [0.0, 1.0] [0.0, 1.0] [0.0, 1.0] [0.0, 1.0] [0.0, 1.0] [0.0, 1.0] [0.0, 1.0] [0.0, 1.0] [0.0, 1.0] [0.0, 1.0] [0.0, 1.0] [0.0, 1.0] [0.0, 1.0] [0.0, 1.0] [0.0, 1.0] [0.0, 1.0] [0.0, 1.0] [0.0, 1.0] [0.0, 1.0] [0.0, 1.0] [0.0, 1.0] [0.0, 1.0] [0.0, 1.0] [0.0, 1.0] [0.0, 1.0] [0.0, 1.0] [0.0, 1.0] [0.0, 1.0] [0.0, 1.0] [0.0, 1.0] [0.0, 1.0] [0.0, 1.0] [0.0, 1.0] [0.0, 1.0] [0.0, 1.0] [0.0, 1.0] [0.0, 1.0] [0.0, 1.0] [0.0, 1.0] [0.0, 1.0] [0.0, 1.0] [0.0, 1.0] [0.0, 1.0] [0.0, 1.0] [0.0, 1.0] [0.0, 1.0] [0.0, 1.0] [0.0, 1.0] [0.0, 1.0] [0.0, 1.0] [0.0, 1.0] [0.0, 1.0] [0.0, 1.0] [0.0, 1.0] [0.0, 1.0] [0.0, 1.0] [0.0, 1.0] [0.0, 1.0] [0.0, 1.0] [0.0, 1.0] [0.0, 1.0] [0.0, 1.0] [0.0, 1.0] [0.0, 1.0] [0.0, 1.0] [0.0, 1.0] [0.0, 1.0] [0.0, 1.0] [0.0, 1.0] [0.0, 1.0] [0.0, 1.0] [0.0, 1.0] [0.0, 1.0] [0.0, 1.0] [0.0, 1.0] [0.0, 1.0] [0.0, 1.0] [0.0, 1.0] [0.0, 1.0] [0.0, 1.0] [0.0, 1.0] [0.0, 1.0] [0.0, 1.0] [0.0, 1.0] [0.0, 1.0] 
    1: [1.0, 2.0] [1.0, 2.0] [1.0, 2.0] [1.0, 2.0] [1.0, 2.0] [1.0, 2.0] [1.0, 2.0] [1.0, 2.0] [1.0, 2.0] [1.0, 2.0] [1.0, 2.0] [1.0, 2.0] [1.0, 2.0] [1.0, 2.0] [1.0, 2.0] [1.0, 2.0] [1.0, 2.0] [1.0, 2.0] [1.0, 2.0] [1.0, 2.0] [1.0, 2.0] [1.0, 2.0] [1.0, 2.0] [1.0, 2.0] [1.0, 2.0] [1.0, 2.0] [1.0, 2.0] [1.0, 2.0] [1.0, 2.0] [1.0, 2.0] [1.0, 2.0] [1.0, 2.0] [1.0, 2.0] [1.0, 2.0] [1.0, 2.0] [1.0, 2.0] [1.0, 2.0] [1.0, 2.0] [1.0, 2.0] [1.0, 2.0] [1.0, 2.0] [1.0, 2.0] [1.0, 2.0] [1.0, 2.0] [1.0, 2.0] [1.0, 2.0] [1.0, 2.0] [1.0, 2.0] [1.0, 2.0] [1.0, 2.0] [1.0, 2.0] [1.0, 2.0] [1.0, 2.0] [1.0, 2.0] [1.0, 2.0] [1.0, 2.0] [1.0, 2.0] [1.0, 2.0] [1.0, 2.0] [1.0, 2.0] [1.0, 2.0] [1.0, 2.0] [1.0, 2.0] [1.0, 2.0] [1.0, 2.0] [1.0, 2.0] [1.0, 2.0] [1.0, 2.0] [1.0, 2.0] [1.0, 2.0] [1.0, 2.0] [1.0, 2.0] [1.0, 2.0] [1.0, 2.0] [1.0, 2.0] [1.0, 2.0] [1.0, 2.0] [1.0, 2.0] [1.0, 2.0] [1.0, 2.0] [1.0, 2.0] [1.0, 2.0] [1.0, 2.0] [1.0, 2.0] [1.0, 2.0] [1.0, 2.0] [1.0, 2.0] [1.0, 2.0] [1.0, 2.0] [1.0, 2.0] [1.0, 2.0] [1.0, 2.0] [1.0, 2.0] [1.0, 2.0] [1.0, 2.0] [1.0, 2.0] [1.0, 2.0] [1.0, 2.0] [1.0, 2.0] [1.0, 2.0] [1.0, 2.0] [1.0, 2.0] [1.0, 2.0] [1.0, 2.0] [1.0, 2.0] [1.0, 2.0] [1.0, 2.0] [1.0, 2.0] [1.0, 2.0] [1.0, 2.0] [1.0, 2.0] [1.0, 2.0] [1.0, 2.0] [1.0, 2.0] [1.0, 2.0] [1.0, 2.0] [1.0, 2.0] [1.0, 2.0] [1.0, 2.0] [1.0, 2.0] [1.0, 2.0] [1.0, 2.0] [1.0, 2.0] [1.0, 2.0] [1.0, 2.0] [1.0, 2.0] [1.0, 2.0] [1.0, 2.0] [1.0, 2.0] [1.0, 2.0] [1.0, 2.0] [1.0, 2.0] [1.0, 2.0] [1.0, 2.0] [1.0, 2.0] [1.0, 2.0] [1.0, 2.0] [1.0, 2.0] [1.0, 2.0] [1.0, 2.0] [1.0, 2.0] [1.0, 2.0] [1.0, 2.0] [1.0, 2.0] [1.0, 2.0] [1.0, 2.0] [1.0, 2.0] [1.0, 2.0] [1.0, 2.0] [1.0, 2.0] [1.0, 2.0] [1.0, 2.0] [1.0, 2.0] [1.0, 2.0] [1.0, 2.0] [1.0, 2.0] [1.0, 2.0] [1.0, 2.0] [1.0, 2.0] [1.0, 2.0] [1.0, 2.0] [1.0, 2.0] [1.0, 2.0] [1.0, 2.0] [1.0, 2.0] [1.0, 2.0] [1.0, 2.0] [1.0, 2.0] [1.0, 2.0] [1.0, 2.0] [1.0, 2.0] [1.0, 2.0] [1.0, 2.0] 
    2: [0.0, 0.0] [0.0, 0.0] [0.0, 0.0] [0.0, 0.0] [0.0, 0.0] [0.0, 0.0] [0.0, 0.0] [0.0, 0.0] [0.0, 0.0] [0.0, 0.0] [0.0, 0.0] [0.0, 0.0] [0.0, 0.0] [0.0, 0.0] [0.0, 0.0] [0.0, 0.0] [0.0, 0.0] [0.0, 0.0] [0.0, 0.0] [0.0, 0.0] [0.0, 0.0] [0.0, 0.0] [0.0, 0.0] [0.0, 0.0] [0.0, 0.0] [0.0, 0.0] [0.0, 0.0] [0.0, 0.0] [0.0, 0.0] [0.0, 0.0] [0.0, 0.0] [0.0, 0.0] [0.0, 0.0] [0.0, 0.0] [0.0, 0.0] [0.0, 0.0] [0.0, 0.0] [0.0, 0.0] [0.0, 0.0] [0.0, 0.0] [0.0, 0.0] [0.0, 0.0] [0.0, 0.0] [0.0, 0.0] [0.0, 0.0] [0.0, 0.0] [0.0, 0.0] [0.0, 0.0] [0.0, 0.0] [0.0, 0.0] [0.0, 0.0] [0.0, 0.0] [0.0, 0.0] [0.0, 0.0] [0.0, 0.0] [0.0, 0.0] [0.0, 0.0] [0.0, 0.0] [0.0, 0.0] [0.0, 0.0] [0.0, 0.0] [0.0, 0.0] [0.0, 0.0] [0.0, 0.0] [0.0, 0.0] [0.0, 0.0] [0.0, 0.0] [0.0, 0.0] [0.0, 0.0] [0.0, 0.0] [0.0, 0.0] [0.0, 0.0] [0.0, 0.0] [0.0, 0.0] [0.0, 0.0] [0.0, 0.0] [0.0, 0.0] [0.0, 0.0] [0.0, 0.0] [0.0, 0.0] [0.0, 0.0] [0.0, 0.0] [0.0, 0.0] [0.0, 0.0] [0.0, 0.0] [0.0, 0.0] [0.0, 0.0] [0.0, 0.0] [0.0, 0.0] [0.0, 0.0] [0.0, 0.0] [0.0, 0.0] [0.0, 0.0] [0.0, 0.0] [0.0, 0.0] [0.0, 0.0] [0.0, 0.0] [0.0, 0.0] [0.0, 0.0] [0.0, 0.0] [0.0, 0.0] [0.0, 0.0] [0.0, 0.0] [0.0, 0.0] [0.0, 0.0] [0.0, 0.0] [0.0, 0.0] [0.0, 0.0] [0.0, 0.0] [0.0, 0.0] [0.0, 0.0] [0.0, 0.0] [0.0, 0.0] [0.0, 0.0] [0.0, 0.0] [0.0, 0.0] [0.0, 0.0] [0.0, 0.0] [0.0, 0.0] [0.0, 0.0] [0.0, 0.0] [0.0, 0.0] [0.0, 0.0] [0.0, 0.0] [0.0, 0.0] [0.0, 0.0] [0.0, 0.0] [0.0, 0.0] [0.0, 0.0] [0.0, 0.0] [0.0, 0.0] [0.0, 0.0] [0.0, 0.0] [0.0, 0.0] [0.0, 0.0] [0.0, 0.0] [0.0, 0.0] [0.0, 0.0] [0.0, 0.0] [0.0, 0.0] [0.0, 0.0] [0.0, 0.0] [0.0, 0.0] [0.0, 0.0] [0.0, 0.0] [0.0, 0.0] [0.0, 0.0] [0.0, 0.0] [0.0, 0.0] [0.0, 0.0] [0.0, 0.0] [0.0, 0.0] [0.0, 0.0] [0.0, 0.0] [0.0, 0.0] [0.0, 0.0] [0.0, 0.0] [0.0, 0.0] [0.0, 0.0] [0.0, 0.0] [0.0, 0.0] [0.0, 0.0] [0.0, 0.0] [0.0, 0.0] [0.0, 0.0] [0.0, 0.0] [0.0, 0.0] [0.0, 0.0] [0.0, 0.0] [0.0, 0.0] [0.0, 0.0] [0.0, 0.0] [0.0, 0.0] 
    3: [0.0, 2.0] [0.0, 2.0] [0.0, 2.0] [0.0, 2.0] [0.0, 2.0] [0.0, 2.0] [0.0, 2.0] [0.0, 2.0] [0.0, 2.0] [0.0, 2.0] [0.0, 2.0] [0.0, 2.0] [0.0, 2.0] [0.0, 2.0] [0.0, 2.0] [0.0, 2.0] [0.0, 2.0] [0.0, 2.0] [0.0, 2.0] [0.0, 2.0] [0.0, 2.0] [0.0, 2.0] [0.0, 2.0] [0.0, 2.0] [0.0, 2.0] [0.0, 2.0] [0.0, 2.0] [0.0, 2.0] [0.0, 2.0] [0.0, 2.0] [0.0, 2.0] [0.0, 2.0] [0.0, 2.0] [0.0, 2.0] [0.0, 2.0] [0.0, 2.0] [0.0, 2.0] [0.0, 2.0] [0.0, 2.0] [0.0, 2.0] [0.0, 2.0] [0.0, 2.0] [0.0, 2.0] [0.0, 2.0] [0.0, 2.0] [0.0, 2.0] [0.0, 2.0] [0.0, 2.0] [0.0, 2.0] [0.0, 2.0] [0.0, 2.0] [0.0, 2.0] [0.0, 2.0] [0.0, 2.0] [0.0, 2.0] [0.0, 2.0] [0.0, 2.0] [0.0, 2.0] [0.0, 2.0] [0.0, 2.0] [0.0, 2.0] [0.0, 2.0] [0.0, 2.0] [0.0, 2.0] [0.0, 2.0] [0.0, 2.0] [0.0, 2.0] [0.0, 2.0] [0.0, 2.0] [0.0, 2.0] [0.0, 2.0] [0.0, 2.0] [0.0, 2.0] [0.0, 2.0] [0.0, 2.0] [0.0, 2.0] [0.0, 2.0] [0.0, 2.0] [0.0, 2.0] [0.0, 2.0] [0.0, 2.0] [0.0, 2.0] [0.0, 2.0] [0.0, 2.0] [0.0, 2.0] [0.0, 2.0] [0.0, 2.0] [0.0, 2.0] [0.0, 2.0] [0.0, 2.0] [0.0, 2.0] [0.0, 2.0] [0.0, 2.0] [0.0, 2.0] [0.0, 2.0] [0.0, 2.0] [0.0, 2.0] [0.0, 2.0] [0.0, 2.0] [0.0, 2.0] [0.0, 2.0] [0.0, 2.0] [0.0, 2.0] [0.0, 2.0] [0.0, 2.0] [0.0, 2.0] [0.0, 2.0] [0.0, 2.0] [0.0, 2.0] [0.0, 2.0] [0.0, 2.0] [0.0, 2.0] [0.0, 2.0] [0.0, 2.0] [0.0, 2.0] [0.0, 2.0] [0.0, 2.0] [0.0, 2.0] [0.0, 2.0] [0.0, 2.0] [0.0, 2.0] [0.0, 2.0] [0.0, 2.0] [0.0, 2.0] [0.0, 2.0] [0.0, 2.0] [0.0, 2.0] [0.0, 2.0] [0.0, 2.0] [0.0, 2.0] [0.0, 2.0] [0.0, 2.0] [0.0, 2.0] [0.0, 2.0] [0.0, 2.0] [0.0, 2.0] [0.0, 2.0] [0.0, 2.0] [0.0, 2.0] [0.0, 2.0] [0.0, 2.0] [0.0, 2.0] [0.0, 2.0] [0.0, 2.0] [0.0, 2.0] [0.0, 2.0] [0.0, 2.0] [0.0, 2.0] [0.0, 2.0] [0.0, 2.0] [0.0, 2.0] [0.0, 2.0] [0.0, 2.0] [0.0, 2.0] [0.0, 2.0] [0.0, 2.0] [0.0, 2.0] [0.0, 2.0] [0.0, 2.0] [0.0, 2.0] [0.0, 2.0] [0.0, 2.0] [0.0, 2.0] [0.0, 2.0] [0.0, 2.0] [0.0, 2.0] [0.0, 2.0] [0.0, 2.0] [0.0, 2.0] [0.0, 2.0] [0.0, 2.0] [0.0, 2.0] [0.0, 2.0] 
  Output fraction of data:
choice: (0.431 0.590 0.574 0.464 0.599 0.587 0.573 0.547 0.525 0.511 0.559 0.556 0.504 0.714 0.505 0.524 0.559 0.572 0.655 0.579 0.545 0.547 0.376 0.537 0.528 0.469 0.475 0.485 0.494 0.480 0.477 0.518 0.518 0.616 0.366 0.372 0.462 0.511 0.418 0.443 0.631 0.579 0.502 0.526 0.574 0.634 0.419 0.399 0.406 0.464 0.440 0.417 0.492 0.484 0.423 0.373 0.467 0.358 0.468 0.518 0.521 0.550 0.421 0.214 0.384 0.543 0.535 0.490 0.503 0.543 0.671 0.447 0.424 0.624 0.522 0.443 0.453 0.402 0.480 0.349 0.445 0.596 0.656 0.491 0.609 0.474 0.558 0.547 0.456 0.384 0.356 0.362 0.340 0.309 0.411 0.267 0.370 0.420 0.460 0.562 0.623 0.622 0.501 0.604 0.531 0.539 0.474 0.446 0.489 0.411 0.566 0.571 0.549 0.511 0.553 0.364 0.434 0.498 0.634 0.615 0.554 0.558 0.524 0.527 0.449 0.437 0.519 0.460 0.419 0.487 0.339 0.342 0.433 0.373 0.418 0.338 0.544 0.513 0.517 0.524 0.525 0.598 0.581 0.458 0.481 0.489 0.511 0.500 0.443 0.425 0.447 0.394 0.461 0.391 0.492 0.485 0.261 0.335 0.398 0.311 0.520 0.481 0.525 0.456 0.491 0.580 0.560 0.324 0.282 0.379 0.384 0.495 0.464)  0.569 0.410 0.426 0.536 0.401 0.413 0.427 0.453 0.475 0.489 0.441 0.444 0.496 0.286 0.495 0.476 0.441 0.428 0.345 0.421 0.455 0.453 0.624 0.463 0.472 0.531 0.525 0.515 0.506 0.520 0.523 0.482 0.482 0.384 0.634 0.628 0.538 0.489 0.582 0.557 0.369 0.421 0.498 0.474 0.426 0.366 0.581 0.601 0.594 0.536 0.560 0.583 0.508 0.516 0.577 0.627 0.533 0.642 0.532 0.482 0.479 0.450 0.579 0.786 0.616 0.457 0.465 0.510 0.497 0.457 0.329 0.553 0.576 0.376 0.478 0.557 0.547 0.598 0.520 0.651 0.555 0.404 0.344 0.509 0.391 0.526 0.442 0.453 0.544 0.616 0.644 0.637 0.660 0.691 0.589 0.733 0.630 0.580 0.540 0.438 0.377 0.378 0.499 0.396 0.469 0.461 0.526 0.554 0.511 0.589 0.434 0.429 0.451 0.489 0.447 0.636 0.566 0.502 0.366 0.385 0.446 0.442 0.476 0.473 0.551 0.563 0.481 0.540 0.581 0.513 0.661 0.658 0.567 0.627 0.582 0.662 0.456 0.487 0.483 0.476 0.475 0.402 0.419 0.542 0.519 0.511 0.489 0.500 0.557 0.575 0.553 0.606 0.539 0.609 0.508 0.515 0.739 0.665 0.602 0.689 0.480 0.519 0.475 0.544 0.509 0.420 0.440 0.676 0.718 0.621 0.616 0.505 0.536)  
outcome: (0.463 0.114 0.072 0.065 0.174 0.114 0.122 0.075 0.199 0.159 0.132 0.192 0.271 0.294 0.335 0.207 0.254 0.210 0.182 0.168 0.339 0.134 0.174 0.152 0.135 0.215 0.073 0.113 0.099 0.081 0.373 0.330 0.218 0.241 0.289 0.252 0.198 0.179 0.154 0.144 0.145 0.127 0.169 0.115 0.106 0.118 0.146 0.161 0.082 0.194 0.050 0.074 0.120 0.176 0.090 0.122 0.122 0.158 0.135 0.110 0.205 0.202 0.058 0.357 0.336 0.329 0.134 0.161 0.187 0.278 0.291 0.121 0.113 0.122 0.090 0.104 0.145 0.156 0.062 0.216 0.087 0.426 0.389 0.295 0.367 0.270 0.213 0.248 0.369 0.390 0.378 0.297 0.312 0.281 0.243 0.404 0.367 0.473 0.265 0.153 0.391 0.385 0.342 0.326 0.435 0.358 0.332 0.259 0.319 0.404 0.305 0.082 0.040 0.141 0.119 0.110 0.051 0.073 0.070 0.033 0.064 0.305 0.384 0.269 0.415 0.274 0.200 0.310 0.279 0.381 0.363 0.377 0.303 0.201 0.153 0.193 0.030 0.037 0.034 0.057 0.099 0.079 0.072 0.029 0.045 0.059 0.048 0.035 0.094 0.011 0.201 0.176 0.029 0.039 0.356 0.193 0.324 0.201 0.261 0.281 0.059 0.087 0.071 0.100 0.126 0.145 0.162 0.136 0.143 0.119 0.158 0.240 0.112)  0.537 0.886 0.928 0.935 0.826 0.886 0.877 0.925 0.801 0.841 0.868 0.808 0.729 0.706 0.665 0.793 0.746 0.790 0.818 0.832 0.661 0.866 0.826 0.848 0.865 0.785 0.927 0.887 0.901 0.919 0.627 0.670 0.782 0.759 0.711 0.748 0.802 0.821 0.846 0.856 0.855 0.873 0.831 0.885 0.894 0.882 0.854 0.839 0.918 0.806 0.950 0.926 0.880 0.824 0.910 0.878 0.878 0.842 0.865 0.890 0.795 0.798 0.942 0.643 0.664 0.671 0.866 0.839 0.813 0.722 0.709 0.879 0.887 0.878 0.910 0.896 0.855 0.844 0.938 0.784 0.912 0.574 0.611 0.705 0.633 0.730 0.787 0.752 0.631 0.610 0.622 0.703 0.688 0.719 0.757 0.596 0.633 0.527 0.735 0.847 0.609 0.615 0.658 0.674 0.565 0.642 0.668 0.741 0.681 0.596 0.695 0.918 0.960 0.859 0.881 0.890 0.949 0.927 0.930 0.967 0.936 0.695 0.616 0.731 0.585 0.726 0.800 0.690 0.721 0.619 0.637 0.623 0.697 0.799 0.847 0.807 0.970 0.963 0.966 0.943 0.901 0.921 0.928 0.971 0.955 0.941 0.952 0.965 0.906 0.989 0.799 0.824 0.971 0.961 0.644 0.807 0.676 0.799 0.739 0.719 0.941 0.913 0.929 0.900 0.874 0.855 0.838 0.864 0.857 0.881 0.842 0.760 0.888)  
early_lick: (1.000 1.000 1.000 1.000 1.000 1.000 1.000 1.000 1.000 1.000 1.000 1.000 1.000 1.000 1.000 1.000 1.000 1.000 1.000 1.000 1.000 1.000 1.000 1.000 1.000 1.000 1.000 1.000 1.000 1.000 1.000 1.000 1.000 1.000 1.000 1.000 1.000 1.000 1.000 1.000 1.000 1.000 1.000 1.000 1.000 1.000 1.000 1.000 1.000 1.000 1.000 1.000 1.000 1.000 1.000 1.000 1.000 1.000 1.000 1.000 1.000 1.000 1.000 1.000 1.000 1.000 1.000 1.000 1.000 1.000 1.000 1.000 1.000 1.000 1.000 1.000 1.000 1.000 1.000 1.000 1.000 1.000 1.000 1.000 1.000 1.000 1.000 1.000 1.000 1.000 1.000 1.000 1.000 1.000 1.000 1.000 1.000 1.000 1.000 1.000 1.000 1.000 1.000 1.000 1.000 1.000 1.000 1.000 1.000 1.000 1.000 1.000 1.000 1.000 1.000 1.000 1.000 1.000 1.000 1.000 1.000 1.000 1.000 1.000 1.000 1.000 1.000 1.000 1.000 1.000 1.000 1.000 1.000 1.000 1.000 1.000 1.000 1.000 1.000 1.000 1.000 1.000 1.000 1.000 1.000 1.000 1.000 1.000 1.000 1.000 1.000 1.000 1.000 1.000 1.000 1.000 1.000 1.000 1.000 1.000 1.000 1.000 1.000 1.000 1.000 1.000 1.000 1.000 1.000 1.000 1.000 1.000 1.000)  
tongue_y: (0.121 0.149 0.128 0.137 0.151 0.154 0.147 0.149 0.140 0.137 0.127 0.130 0.102 0.102 0.094 0.111 0.111 0.045 0.048 0.043 0.164 0.161 0.221 0.169 0.162 0.082 0.071 0.120 0.131 0.118 0.134 0.134 0.147 0.100 0.118 0.126 0.135 0.117 0.111 0.126 0.120 0.096 0.141 0.095 0.349 0.089 0.112 0.108 0.117 0.099 0.102 0.102 0.106 0.086 0.096 0.099 0.083 0.087 0.083 0.089 0.099 0.085 0.092 0.098 0.094 0.098 0.092 0.106 0.121 0.117 0.117 0.119 0.132 0.110 0.131 0.120 0.116 0.112 0.114 0.093 0.122 0.141 0.118 0.135 0.189 0.146 0.151 0.156 0.124 0.109 0.133 0.123 0.112 0.107 0.105 0.113 0.105 0.084 0.100 0.098 0.120 0.090 0.104 0.095 0.117 0.127 0.124 0.143 0.122 0.102 0.105 0.137 0.136 0.157 0.199 0.228 0.246 0.240 0.198 0.219 0.227 0.151 0.118 0.130 0.129 0.134 0.147 0.135 0.141 0.112 0.127 0.129 0.120 0.130 0.132 0.127 0.148 0.142 0.152 0.141 0.193 0.175 0.175 0.168 0.178 0.166 0.099 0.156 0.148 0.148 0.126 0.128 0.147 0.147 0.096 0.091 0.111 0.124 0.122 0.113 0.001 0.211 0.163 0.177 0.231 0.175 0.228 0.115 0.107 0.115 0.114 0.102 0.112)  0.831 0.798 0.831 0.820 0.809 0.802 0.805 0.801 0.813 0.815 0.831 0.821 0.863 0.862 0.870 0.848 0.852 0.937 0.937 0.937 0.735 0.737 0.652 0.733 0.741 0.872 0.887 0.830 0.819 0.836 0.787 0.791 0.787 0.852 0.825 0.810 0.801 0.831 0.830 0.816 0.834 0.861 0.807 0.862 0.298 0.870 0.827 0.827 0.824 0.846 0.840 0.836 0.839 0.864 0.851 0.846 0.875 0.870 0.875 0.867 0.844 0.865 0.861 0.849 0.851 0.848 0.852 0.820 0.814 0.818 0.816 0.811 0.793 0.819 0.800 0.798 0.813 0.823 0.819 0.854 0.812 0.786 0.806 0.777 0.661 0.772 0.755 0.752 0.800 0.835 0.799 0.817 0.828 0.832 0.839 0.830 0.840 0.869 0.848 0.840 0.825 0.860 0.830 0.857 0.823 0.809 0.815 0.780 0.810 0.822 0.832 0.797 0.801 0.756 0.708 0.667 0.643 0.653 0.716 0.692 0.674 0.775 0.825 0.800 0.804 0.796 0.779 0.800 0.789 0.832 0.800 0.809 0.818 0.812 0.805 0.810 0.780 0.792 0.784 0.801 0.716 0.746 0.742 0.750 0.737 0.756 0.856 0.776 0.786 0.788 0.819 0.816 0.790 0.788 0.850 0.856 0.830 0.813 0.819 0.836 0.998 0.656 0.732 0.714 0.631 0.720 0.638 0.816 0.824 0.817 0.820 0.835 0.823)  0.048 0.052 0.041 0.043 0.040 0.045 0.047 0.049 0.047 0.049 0.043 0.049 0.035 0.036 0.035 0.040 0.037 0.018 0.015 0.020 0.101 0.103 0.128 0.097 0.097 0.046 0.042 0.050 0.050 0.046 0.079 0.074 0.066 0.048 0.057 0.064 0.064 0.052 0.060 0.058 0.046 0.043 0.052 0.044 0.353 0.041 0.061 0.064 0.059 0.055 0.058 0.061 0.055 0.050 0.053 0.055 0.041 0.043 0.042 0.044 0.057 0.049 0.046 0.054 0.054 0.054 0.056 0.074 0.065 0.066 0.067 0.070 0.075 0.071 0.069 0.082 0.070 0.064 0.066 0.053 0.067 0.073 0.076 0.088 0.150 0.082 0.094 0.092 0.076 0.056 0.068 0.060 0.060 0.061 0.056 0.058 0.055 0.046 0.052 0.062 0.055 0.049 0.066 0.048 0.060 0.064 0.061 0.077 0.068 0.075 0.063 0.066 0.063 0.087 0.093 0.104 0.111 0.107 0.086 0.089 0.100 0.074 0.057 0.069 0.067 0.070 0.075 0.066 0.070 0.056 0.072 0.062 0.062 0.058 0.064 0.063 0.072 0.066 0.064 0.058 0.092 0.079 0.083 0.082 0.085 0.078 0.045 0.069 0.066 0.064 0.055 0.056 0.063 0.064 0.054 0.053 0.059 0.063 0.059 0.051 0.001 0.133 0.105 0.110 0.138 0.106 0.134 0.068 0.069 0.068 0.067 0.064 0.065)  
Brain region: ALM: 23645 neurons, BLA: 2610 neurons, ECT: 4151 neurons, Medulla: 4800 neurons, Midbrain: 10630 neurons, Striatum: 10739 neurons, Thalamus: 12878 neurons  
Data verification complete.
