Data format is valid, no errors or warnings.
Number of sessions: 89
Total number of trials: 38110
Number of trials per session: [503, 431, 518, 455, 629, 511, 218, 259, 305, 248, 306, 457, 453, 400, 407, 492, 419, 335, 426, 145, 269, 201, 259, 251, 309, 455, 453, 210, 300, 423, 402, 457, 428, 418, 84, 320, 370, 267, 405, 568, 561, 379, 429, 452, 473, 511, 669, 789, 534, 345, 475, 459, 520, 658, 722, 578, 501, 501, 368, 369, 398, 237, 303, 485, 471, 479, 408, 454, 435, 466, 399, 400, 238, 402, 402, 403, 282, 605, 636, 600, 450, 373, 348, 470, 719, 506, 680, 503, 499]
Number of subjects: 19
Number of brain regions: 4
Number of sessions per subject:
  Subject DR10: 6 sessions
  Subject DR15: 5 sessions
  Subject LZ13: 4 sessions
  Subject LZ16: 4 sessions
  Subject TX104: 2 sessions
  Subject TX105: 5 sessions
  Subject TX108: 7 sessions
  Subject TX109: 6 sessions
  Subject TX119: 8 sessions
  Subject TX123: 8 sessions
  Subject TX124: 3 sessions
  Subject TX139: 2 sessions
  Subject TX140: 1 sessions
  Subject TX60: 5 sessions
  Subject TX61: 5 sessions
  Subject TX83: 3 sessions
  Subject TX85: 2 sessions
  Subject TX88: 6 sessions
  Subject VR2: 7 sessions
Input dimension: 4
Output dimension: 4
Summary statistics (across all sessions):
  T: mean: 60.00, median: 60.00, min: 60, max: 60
  n_neurons: mean: 46128.01', min: 17363, max: 78815
  Input range:
    time_to_sound_cue: [-9.7, 6.4]
    day_of_training: [0.0, 12.0]
    time_since_trial_start: [0.0, 9.8]
    reward_availability: [0.0, 1.0]
  Output range:
    visual_stimulus: [0.0, 14.0]
    licking: [0.0, 1.0]
    position: [0.0, 3.0]
    running_speed: [0.0, 3.0]
  Unique outputs per dimension (fraction of data):
    visual_stimulus: {circle1 (0.246), circle2 (0.048), circle3 (0.010), leaf1 (0.255), leaf1_swap1 (0.021), leaf1_swap2 (0.022), leaf2 (0.127), leaf3 (0.041), rock1 (0.072), rock2 (0.014), wood1 (0.066), wood1_swap1 (0.009), wood1_swap2 (0.011), wood2 (0.042), wood5 (0.015)}
    licking: {not_licking (0.985), licking (0.015)}
    position: {0-1m (0.167), 1-2m (0.167), 2-3m (0.167), 3-4m (0.500)}
    running_speed: {Q1 (0.271), Q2 (0.254), Q3 (0.241), Q4 (0.233)}
  Brain region distribution:
    V1: 1833035 neurons
    mHV: 1108860 neurons
    lHV: 495318 neurons
    aHV: 668180 neurons

Per-session statistics:
  Mean T: 60.0, 60.0, 60.0, 60.0, 60.0, 60.0, 60.0, 60.0, 60.0, 60.0, 60.0, 60.0, 60.0, 60.0, 60.0, 60.0, 60.0, 60.0, 60.0, 60.0, 60.0, 60.0, 60.0, 60.0, 60.0, 60.0, 60.0, 60.0, 60.0, 60.0, 60.0, 60.0, 60.0, 60.0, 60.0, 60.0, 60.0, 60.0, 60.0, 60.0, 60.0, 60.0, 60.0, 60.0, 60.0, 60.0, 60.0, 60.0, 60.0, 60.0, 60.0, 60.0, 60.0, 60.0, 60.0, 60.0, 60.0, 60.0, 60.0, 60.0, 60.0, 60.0, 60.0, 60.0, 60.0, 60.0, 60.0, 60.0, 60.0, 60.0, 60.0, 60.0, 60.0, 60.0, 60.0, 60.0, 60.0, 60.0, 60.0, 60.0, 60.0, 60.0, 60.0, 60.0, 60.0, 60.0, 60.0, 60.0, 60.0
  Min T: 60, 60, 60, 60, 60, 60, 60, 60, 60, 60, 60, 60, 60, 60, 60, 60, 60, 60, 60, 60, 60, 60, 60, 60, 60, 60, 60, 60, 60, 60, 60, 60, 60, 60, 60, 60, 60, 60, 60, 60, 60, 60, 60, 60, 60, 60, 60, 60, 60, 60, 60, 60, 60, 60, 60, 60, 60, 60, 60, 60, 60, 60, 60, 60, 60, 60, 60, 60, 60, 60, 60, 60, 60, 60, 60, 60, 60, 60, 60, 60, 60, 60, 60, 60, 60, 60, 60, 60, 60
  Max T: 60, 60, 60, 60, 60, 60, 60, 60, 60, 60, 60, 60, 60, 60, 60, 60, 60, 60, 60, 60, 60, 60, 60, 60, 60, 60, 60, 60, 60, 60, 60, 60, 60, 60, 60, 60, 60, 60, 60, 60, 60, 60, 60, 60, 60, 60, 60, 60, 60, 60, 60, 60, 60, 60, 60, 60, 60, 60, 60, 60, 60, 60, 60, 60, 60, 60, 60, 60, 60, 60, 60, 60, 60, 60, 60, 60, 60, 60, 60, 60, 60, 60, 60, 60, 60, 60, 60, 60, 60
  n_neurons: 52246, 49472, 44926, 44464, 49931, 42973, 53588, 56607, 61475, 55588, 57220, 30385, 29973, 32956, 33726, 32128, 30469, 34307, 33838, 42795, 41503, 56521, 53233, 58512, 43430, 52567, 63981, 78815, 69080, 72944, 61781, 69762, 59964, 65651, 50153, 68776, 64419, 56487, 61668, 25971, 30803, 28412, 32855, 24452, 26572, 29357, 32090, 43776, 39418, 24739, 36174, 26615, 25767, 22808, 27277, 20995, 17363, 19313, 27160, 25719, 44895, 44919, 51339, 46218, 55513, 47246, 57534, 56265, 64261, 57496, 64969, 32387, 41367, 38809, 52780, 48822, 53710, 42145, 50141, 46452, 53178, 48239, 64112, 55794, 65842, 55525, 57304, 43303, 58878
  Input range:
    0: [-9.2, 5.9] [-9.2, 5.9] [-9.2, 5.9] [-9.2, 5.9] [-9.2, 5.9] [-9.2, 5.9] [-9.2, 5.9] [-9.2, 5.9] [-9.2, 5.9] [-9.2, 5.9] [-9.2, 5.9] [-9.2, 5.9] [-9.2, 5.9] [-9.2, 5.9] [-9.2, 5.9] [-9.2, 5.9] [-9.2, 5.9] [-9.2, 5.9] [-9.2, 5.9] [-9.2, 5.9] [-9.2, 5.9] [-9.2, 5.9] [-9.2, 5.9] [-9.2, 5.9] [-9.2, 5.9] [-9.2, 5.9] [-9.2, 5.9] [-9.2, 5.8] [-9.2, 5.9] [-9.2, 5.9] [-9.2, 5.9] [-9.2, 5.9] [-9.2, 5.9] [-9.2, 5.9] [-9.2, 5.9] [-9.2, 5.9] [-9.2, 5.9] [-9.2, 5.9] [-9.2, 5.9] [-9.2, 5.9] [-9.2, 5.9] [-9.2, 5.9] [-9.2, 5.9] [-9.2, 5.9] [-9.2, 5.9] [-9.2, 5.9] [-9.2, 5.9] [-9.2, 5.9] [-9.2, 5.9] [-9.2, 5.9] [-9.2, 5.9] [-9.2, 5.9] [-9.2, 5.9] [-9.2, 5.9] [-9.2, 5.9] [-9.2, 5.9] [-9.2, 5.9] [-9.2, 5.9] [-9.2, 5.9] [-9.2, 5.9] [-9.2, 5.9] [-9.7, 6.4] [-8.0, 6.4] [-8.6, 5.3] [-8.6, 5.2] [-8.6, 5.3] [-8.2, 5.6] [-8.2, 5.6] [-8.2, 5.6] [-8.2, 5.6] [-8.2, 5.6] [-9.2, 5.9] [-9.2, 5.9] [-9.2, 5.9] [-9.2, 5.9] [-9.2, 5.9] [-9.2, 5.9] [-9.2, 5.9] [-9.2, 5.9] [-9.2, 5.9] [-9.2, 5.9] [-9.2, 5.9] [-8.1, 4.7] [-8.1, 4.8] [-8.1, 6.4] [-8.2, 5.6] [-8.2, 5.6] [-8.2, 5.6] [-8.2, 5.6] 
    1: [0.0, 0.0] [1.0, 1.0] [1.0, 1.0] [0.0, 0.0] [1.0, 1.0] [1.0, 1.0] [0.0, 0.0] [1.0, 1.0] [1.0, 1.0] [0.0, 0.0] [1.0, 1.0] [1.0, 1.0] [2.0, 2.0] [1.0, 1.0] [1.0, 1.0] [1.0, 1.0] [2.0, 2.0] [1.0, 1.0] [1.0, 1.0] [0.0, 0.0] [1.0, 1.0] [0.0, 0.0] [1.0, 1.0] [1.0, 1.0] [0.0, 0.0] [1.0, 1.0] [1.0, 1.0] [0.0, 0.0] [1.0, 1.0] [1.0, 1.0] [6.0, 6.0] [1.0, 1.0] [1.0, 1.0] [1.0, 1.0] [0.0, 0.0] [1.0, 1.0] [1.0, 1.0] [0.0, 0.0] [1.0, 1.0] [1.0, 1.0] [1.0, 1.0] [0.0, 0.0] [1.0, 1.0] [1.0, 1.0] [10.0, 10.0] [1.0, 1.0] [1.0, 1.0] [1.0, 1.0] [3.0, 3.0] [0.0, 0.0] [1.0, 1.0] [1.0, 1.0] [12.0, 12.0] [1.0, 1.0] [1.0, 1.0] [1.0, 1.0] [1.0, 1.0] [1.0, 1.0] [1.0, 1.0] [1.0, 1.0] [1.0, 1.0] [0.0, 0.0] [1.0, 1.0] [1.0, 1.0] [0.0, 0.0] [1.0, 1.0] [1.0, 1.0] [0.0, 0.0] [1.0, 1.0] [1.0, 1.0] [1.0, 1.0] [0.0, 0.0] [1.0, 1.0] [1.0, 1.0] [0.0, 0.0] [1.0, 1.0] [0.0, 0.0] [1.0, 1.0] [1.0, 1.0] [0.0, 0.0] [1.0, 1.0] [2.0, 2.0] [0.0, 0.0] [1.0, 1.0] [1.0, 1.0] [0.0, 0.0] [1.0, 1.0] [1.0, 1.0] [1.0, 1.0] 
    2: [0.0, 9.8] [0.0, 9.8] [0.0, 9.8] [0.0, 9.8] [0.0, 9.8] [0.0, 9.8] [0.0, 9.8] [0.0, 9.8] [0.0, 9.8] [0.0, 9.8] [0.0, 9.8] [0.0, 9.8] [0.0, 9.8] [0.0, 9.8] [0.0, 9.8] [0.0, 9.8] [0.0, 9.8] [0.0, 9.8] [0.0, 9.8] [0.0, 9.8] [0.0, 9.8] [0.0, 9.8] [0.0, 9.8] [0.0, 9.8] [0.0, 9.8] [0.0, 9.8] [0.0, 9.8] [0.0, 9.8] [0.0, 9.8] [0.0, 9.8] [0.0, 9.8] [0.0, 9.8] [0.0, 9.8] [0.0, 9.8] [0.0, 9.8] [0.0, 9.8] [0.0, 9.8] [0.0, 9.8] [0.0, 9.8] [0.0, 9.8] [0.0, 9.8] [0.0, 9.8] [0.0, 9.8] [0.0, 9.8] [0.0, 9.8] [0.0, 9.8] [0.0, 9.8] [0.0, 9.8] [0.0, 9.8] [0.0, 9.8] [0.0, 9.8] [0.0, 9.8] [0.0, 9.8] [0.0, 9.8] [0.0, 9.8] [0.0, 9.8] [0.0, 9.8] [0.0, 9.8] [0.0, 9.8] [0.0, 9.8] [0.0, 9.8] [0.0, 9.8] [0.0, 9.8] [0.0, 9.8] [0.0, 9.8] [0.0, 9.8] [0.0, 9.8] [0.0, 9.8] [0.0, 9.8] [0.0, 9.8] [0.0, 9.8] [0.0, 9.8] [0.0, 9.8] [0.0, 9.8] [0.0, 9.8] [0.0, 9.8] [0.0, 9.8] [0.0, 9.8] [0.0, 9.8] [0.0, 9.8] [0.0, 9.8] [0.0, 9.8] [0.0, 9.8] [0.0, 9.8] [0.0, 9.8] [0.0, 9.8] [0.0, 9.8] [0.0, 9.8] [0.0, 9.8] 
    3: [0.0, 0.0] [0.0, 0.0] [0.0, 0.0] [0.0, 0.0] [0.0, 0.0] [0.0, 0.0] [0.0, 0.0] [0.0, 0.0] [0.0, 0.0] [0.0, 0.0] [0.0, 0.0] [0.0, 0.0] [0.0, 0.0] [0.0, 0.0] [0.0, 0.0] [0.0, 0.0] [0.0, 0.0] [0.0, 0.0] [0.0, 0.0] [0.0, 0.0] [0.0, 0.0] [0.0, 0.0] [0.0, 0.0] [0.0, 0.0] [0.0, 0.0] [0.0, 0.0] [0.0, 0.0] [0.0, 1.0] [0.0, 1.0] [0.0, 1.0] [0.0, 1.0] [0.0, 1.0] [0.0, 1.0] [0.0, 0.0] [0.0, 1.0] [0.0, 1.0] [0.0, 1.0] [0.0, 1.0] [0.0, 1.0] [0.0, 0.0] [0.0, 0.0] [0.0, 0.0] [0.0, 0.0] [0.0, 0.0] [0.0, 0.0] [0.0, 0.0] [0.0, 0.0] [0.0, 0.0] [0.0, 0.0] [0.0, 0.0] [0.0, 0.0] [0.0, 0.0] [0.0, 0.0] [0.0, 0.0] [0.0, 0.0] [0.0, 0.0] [0.0, 0.0] [0.0, 0.0] [0.0, 0.0] [0.0, 0.0] [0.0, 0.0] [0.0, 1.0] [0.0, 1.0] [0.0, 1.0] [0.0, 1.0] [0.0, 1.0] [0.0, 1.0] [0.0, 1.0] [0.0, 1.0] [0.0, 1.0] [0.0, 1.0] [0.0, 0.0] [0.0, 0.0] [0.0, 0.0] [0.0, 0.0] [0.0, 0.0] [0.0, 0.0] [0.0, 0.0] [0.0, 0.0] [0.0, 0.0] [0.0, 0.0] [0.0, 0.0] [0.0, 1.0] [0.0, 1.0] [0.0, 1.0] [0.0, 1.0] [0.0, 1.0] [0.0, 1.0] [0.0, 1.0] 
  Output range:
    0: [0.0, 3.0] [0.0, 3.0] [0.0, 6.0] [0.0, 6.0] [0.0, 7.0] [0.0, 6.0] [0.0, 3.0] [0.0, 3.0] [0.0, 6.0] [0.0, 6.0] [0.0, 7.0] [0.0, 7.0] [8.0, 14.0] [0.0, 7.0] [8.0, 14.0] [0.0, 7.0] [8.0, 14.0] [0.0, 7.0] [8.0, 14.0] [3.0, 8.0] [3.0, 8.0] [0.0, 3.0] [0.0, 3.0] [0.0, 6.0] [0.0, 6.0] [0.0, 7.0] [0.0, 6.0] [8.0, 10.0] [8.0, 10.0] [8.0, 13.0] [8.0, 13.0] [8.0, 14.0] [8.0, 13.0] [0.0, 6.0] [0.0, 3.0] [0.0, 3.0] [0.0, 6.0] [0.0, 3.0] [0.0, 6.0] [8.0, 14.0] [0.0, 6.0] [8.0, 10.0] [8.0, 10.0] [8.0, 13.0] [8.0, 13.0] [8.0, 14.0] [8.0, 13.0] [0.0, 7.0] [8.0, 13.0] [0.0, 3.0] [0.0, 3.0] [0.0, 6.0] [0.0, 6.0] [0.0, 7.0] [0.0, 6.0] [0.0, 7.0] [0.0, 6.0] [8.0, 13.0] [0.0, 7.0] [0.0, 7.0] [0.0, 7.0] [0.0, 3.0] [0.0, 3.0] [0.0, 6.0] [0.0, 6.0] [0.0, 7.0] [0.0, 6.0] [0.0, 6.0] [0.0, 7.0] [0.0, 6.0] [0.0, 6.0] [0.0, 3.0] [0.0, 3.0] [0.0, 6.0] [0.0, 3.0] [0.0, 3.0] [0.0, 3.0] [0.0, 3.0] [0.0, 8.0] [0.0, 6.0] [0.0, 7.0] [0.0, 6.0] [0.0, 3.0] [0.0, 3.0] [0.0, 6.0] [0.0, 6.0] [0.0, 7.0] [0.0, 6.0] [0.0, 6.0] 
    1: [0.0, 0.0] [0.0, 0.0] [0.0, 0.0] [0.0, 0.0] [0.0, 0.0] [0.0, 0.0] [0.0, 0.0] [0.0, 0.0] [0.0, 0.0] [0.0, 0.0] [0.0, 0.0] [0.0, 0.0] [0.0, 0.0] [0.0, 0.0] [0.0, 0.0] [0.0, 0.0] [0.0, 0.0] [0.0, 0.0] [0.0, 0.0] [0.0, 0.0] [0.0, 0.0] [0.0, 0.0] [0.0, 0.0] [0.0, 0.0] [0.0, 0.0] [0.0, 0.0] [0.0, 0.0] [0.0, 1.0] [0.0, 1.0] [0.0, 1.0] [0.0, 1.0] [0.0, 1.0] [0.0, 1.0] [0.0, 0.0] [0.0, 1.0] [0.0, 1.0] [0.0, 1.0] [0.0, 1.0] [0.0, 1.0] [0.0, 0.0] [0.0, 0.0] [0.0, 0.0] [0.0, 0.0] [0.0, 0.0] [0.0, 0.0] [0.0, 0.0] [0.0, 0.0] [0.0, 0.0] [0.0, 0.0] [0.0, 0.0] [0.0, 0.0] [0.0, 0.0] [0.0, 0.0] [0.0, 0.0] [0.0, 0.0] [0.0, 0.0] [0.0, 0.0] [0.0, 0.0] [0.0, 0.0] [0.0, 0.0] [0.0, 0.0] [0.0, 1.0] [0.0, 1.0] [0.0, 1.0] [0.0, 1.0] [0.0, 1.0] [0.0, 1.0] [0.0, 1.0] [0.0, 1.0] [0.0, 1.0] [0.0, 1.0] [0.0, 0.0] [0.0, 0.0] [0.0, 0.0] [0.0, 0.0] [0.0, 0.0] [0.0, 0.0] [0.0, 0.0] [0.0, 0.0] [0.0, 0.0] [0.0, 0.0] [0.0, 0.0] [0.0, 1.0] [0.0, 1.0] [0.0, 1.0] [0.0, 1.0] [0.0, 1.0] [0.0, 1.0] [0.0, 1.0] 
    2: [0.0, 3.0] [0.0, 3.0] [0.0, 3.0] [0.0, 3.0] [0.0, 3.0] [0.0, 3.0] [0.0, 3.0] [0.0, 3.0] [0.0, 3.0] [0.0, 3.0] [0.0, 3.0] [0.0, 3.0] [0.0, 3.0] [0.0, 3.0] [0.0, 3.0] [0.0, 3.0] [0.0, 3.0] [0.0, 3.0] [0.0, 3.0] [0.0, 3.0] [0.0, 3.0] [0.0, 3.0] [0.0, 3.0] [0.0, 3.0] [0.0, 3.0] [0.0, 3.0] [0.0, 3.0] [0.0, 3.0] [0.0, 3.0] [0.0, 3.0] [0.0, 3.0] [0.0, 3.0] [0.0, 3.0] [0.0, 3.0] [0.0, 3.0] [0.0, 3.0] [0.0, 3.0] [0.0, 3.0] [0.0, 3.0] [0.0, 3.0] [0.0, 3.0] [0.0, 3.0] [0.0, 3.0] [0.0, 3.0] [0.0, 3.0] [0.0, 3.0] [0.0, 3.0] [0.0, 3.0] [0.0, 3.0] [0.0, 3.0] [0.0, 3.0] [0.0, 3.0] [0.0, 3.0] [0.0, 3.0] [0.0, 3.0] [0.0, 3.0] [0.0, 3.0] [0.0, 3.0] [0.0, 3.0] [0.0, 3.0] [0.0, 3.0] [0.0, 3.0] [0.0, 3.0] [0.0, 3.0] [0.0, 3.0] [0.0, 3.0] [0.0, 3.0] [0.0, 3.0] [0.0, 3.0] [0.0, 3.0] [0.0, 3.0] [0.0, 3.0] [0.0, 3.0] [0.0, 3.0] [0.0, 3.0] [0.0, 3.0] [0.0, 3.0] [0.0, 3.0] [0.0, 3.0] [0.0, 3.0] [0.0, 3.0] [0.0, 3.0] [0.0, 3.0] [0.0, 3.0] [0.0, 3.0] [0.0, 3.0] [0.0, 3.0] [0.0, 3.0] [0.0, 3.0] 
    3: [0.0, 2.0] [0.0, 3.0] [0.0, 3.0] [0.0, 3.0] [0.0, 3.0] [0.0, 3.0] [0.0, 2.0] [0.0, 3.0] [0.0, 3.0] [0.0, 3.0] [0.0, 3.0] [0.0, 3.0] [0.0, 3.0] [0.0, 3.0] [0.0, 3.0] [0.0, 3.0] [0.0, 3.0] [0.0, 3.0] [0.0, 3.0] [0.0, 3.0] [0.0, 3.0] [0.0, 3.0] [0.0, 3.0] [0.0, 3.0] [0.0, 3.0] [0.0, 3.0] [0.0, 3.0] [0.0, 3.0] [0.0, 3.0] [0.0, 3.0] [0.0, 3.0] [0.0, 3.0] [0.0, 3.0] [0.0, 3.0] [0.0, 2.0] [0.0, 3.0] [0.0, 3.0] [0.0, 3.0] [0.0, 3.0] [0.0, 3.0] [0.0, 3.0] [0.0, 3.0] [0.0, 3.0] [0.0, 3.0] [0.0, 3.0] [0.0, 3.0] [0.0, 3.0] [0.0, 3.0] [0.0, 3.0] [0.0, 3.0] [0.0, 3.0] [0.0, 3.0] [0.0, 3.0] [0.0, 3.0] [0.0, 3.0] [0.0, 3.0] [0.0, 3.0] [0.0, 3.0] [0.0, 3.0] [0.0, 3.0] [0.0, 3.0] [0.0, 3.0] [0.0, 3.0] [0.0, 3.0] [0.0, 3.0] [0.0, 3.0] [0.0, 3.0] [0.0, 3.0] [0.0, 3.0] [0.0, 3.0] [0.0, 3.0] [0.0, 3.0] [0.0, 3.0] [0.0, 3.0] [0.0, 3.0] [0.0, 3.0] [0.0, 3.0] [0.0, 3.0] [0.0, 3.0] [0.0, 3.0] [0.0, 3.0] [0.0, 3.0] [0.0, 3.0] [0.0, 3.0] [0.0, 3.0] [0.0, 3.0] [0.0, 3.0] [0.0, 3.0] [0.0, 3.0] 
  Output fraction of data:
visual_stimulus: (0.485 0.508 0.257 0.323 0.269 0.196 0.468 0.502 0.203 0.343 0.255 0.228 0.000 0.275 0.000 0.191 0.000 0.188 0.000 0.000 0.000 0.468 0.467 0.331 0.337 0.220 0.280 0.000 0.000 0.000 0.000 0.000 0.000 0.244 0.536 0.519 0.357 0.307 0.375 0.000 0.198 0.000 0.000 0.000 0.000 0.000 0.000 0.124 0.000 0.487 0.497 0.233 0.290 0.233 0.202 0.166 0.198 0.000 0.185 0.263 0.239 0.536 0.512 0.390 0.376 0.299 0.400 0.414 0.303 0.300 0.301 0.522 0.500 0.231 0.525 0.521 0.532 0.507 0.297 0.305 0.269 0.257 0.489 0.502 0.402 0.366 0.193 0.213 0.160)  0.000 0.000 0.232 0.000 0.000 0.000 0.000 0.000 0.262 0.000 0.000 0.201 0.000 0.138 0.000 0.189 0.000 0.167 0.000 0.000 0.000 0.000 0.000 0.231 0.000 0.000 0.238 0.000 0.000 0.000 0.000 0.000 0.000 0.234 0.000 0.000 0.157 0.326 0.170 0.000 0.000 0.000 0.000 0.000 0.000 0.000 0.000 0.137 0.000 0.000 0.000 0.240 0.000 0.000 0.000 0.149 0.000 0.000 0.228 0.106 0.141 0.000 0.000 0.132 0.000 0.000 0.147 0.000 0.000 0.000 0.000 0.000 0.000 0.244 0.000 0.000 0.000 0.000 0.127 0.000 0.000 0.000 0.000 0.000 0.106 0.000 0.000 0.000 0.000)  0.000 0.000 0.000 0.000 0.000 0.000 0.000 0.000 0.000 0.000 0.000 0.000 0.000 0.000 0.000 0.118 0.000 0.164 0.000 0.000 0.000 0.000 0.000 0.000 0.000 0.000 0.000 0.000 0.000 0.000 0.000 0.000 0.000 0.000 0.000 0.000 0.000 0.000 0.200 0.000 0.000 0.000 0.000 0.000 0.000 0.000 0.000 0.131 0.000 0.000 0.000 0.000 0.000 0.000 0.000 0.161 0.000 0.000 0.000 0.000 0.000 0.000 0.000 0.000 0.000 0.000 0.000 0.000 0.000 0.000 0.000 0.000 0.000 0.000 0.000 0.000 0.000 0.000 0.000 0.000 0.000 0.000 0.000 0.000 0.000 0.000 0.000 0.000 0.000)  0.515 0.492 0.247 0.369 0.251 0.170 0.532 0.498 0.243 0.290 0.245 0.171 0.000 0.203 0.000 0.213 0.000 0.146 0.000 0.455 0.539 0.532 0.533 0.235 0.282 0.246 0.245 0.000 0.000 0.000 0.000 0.000 0.000 0.256 0.464 0.481 0.343 0.367 0.148 0.000 0.164 0.000 0.000 0.000 0.000 0.000 0.000 0.114 0.000 0.513 0.503 0.253 0.373 0.245 0.212 0.189 0.170 0.000 0.245 0.274 0.241 0.464 0.488 0.361 0.331 0.357 0.338 0.280 0.375 0.352 0.373 0.477 0.500 0.251 0.475 0.479 0.468 0.493 0.308 0.348 0.260 0.196 0.511 0.498 0.367 0.320 0.396 0.390 0.417)  0.000 0.000 0.000 0.000 0.000 0.213 0.000 0.000 0.000 0.000 0.000 0.000 0.000 0.000 0.000 0.000 0.000 0.000 0.000 0.000 0.000 0.000 0.000 0.000 0.000 0.000 0.000 0.000 0.000 0.000 0.000 0.000 0.000 0.000 0.000 0.000 0.000 0.000 0.000 0.000 0.212 0.000 0.000 0.000 0.000 0.000 0.000 0.120 0.000 0.000 0.000 0.000 0.000 0.000 0.190 0.000 0.214 0.000 0.000 0.000 0.000 0.000 0.000 0.000 0.000 0.000 0.000 0.000 0.000 0.202 0.000 0.000 0.000 0.000 0.000 0.000 0.000 0.000 0.000 0.000 0.000 0.153 0.000 0.000 0.000 0.000 0.000 0.199 0.000)  0.000 0.000 0.000 0.000 0.000 0.205 0.000 0.000 0.000 0.000 0.000 0.000 0.000 0.000 0.000 0.000 0.000 0.000 0.000 0.000 0.000 0.000 0.000 0.000 0.000 0.000 0.000 0.000 0.000 0.000 0.000 0.000 0.000 0.000 0.000 0.000 0.000 0.000 0.000 0.000 0.209 0.000 0.000 0.000 0.000 0.000 0.000 0.128 0.000 0.000 0.000 0.000 0.000 0.000 0.193 0.000 0.208 0.000 0.000 0.000 0.000 0.000 0.000 0.000 0.000 0.000 0.000 0.000 0.000 0.000 0.155 0.000 0.000 0.000 0.000 0.000 0.000 0.000 0.000 0.000 0.000 0.244 0.000 0.000 0.000 0.000 0.000 0.000 0.204)  0.000 0.000 0.264 0.308 0.242 0.215 0.000 0.000 0.292 0.367 0.275 0.206 0.000 0.250 0.000 0.199 0.000 0.188 0.000 0.000 0.000 0.000 0.000 0.203 0.382 0.229 0.236 0.000 0.000 0.000 0.000 0.000 0.000 0.266 0.000 0.000 0.143 0.000 0.106 0.000 0.217 0.000 0.000 0.000 0.000 0.000 0.000 0.132 0.000 0.000 0.000 0.275 0.337 0.257 0.204 0.156 0.212 0.000 0.166 0.228 0.234 0.000 0.000 0.118 0.293 0.157 0.115 0.306 0.163 0.146 0.170 0.000 0.000 0.274 0.000 0.000 0.000 0.000 0.132 0.347 0.227 0.150 0.000 0.000 0.125 0.314 0.203 0.199 0.218)  0.000 0.000 0.000 0.000 0.238 0.000 0.000 0.000 0.000 0.000 0.225 0.195 0.000 0.135 0.000 0.089 0.000 0.146 0.000 0.000 0.000 0.000 0.000 0.000 0.000 0.305 0.000 0.000 0.000 0.000 0.000 0.000 0.000 0.000 0.000 0.000 0.000 0.000 0.000 0.000 0.000 0.000 0.000 0.000 0.000 0.000 0.000 0.114 0.000 0.000 0.000 0.000 0.000 0.266 0.000 0.180 0.000 0.000 0.177 0.130 0.146 0.000 0.000 0.000 0.000 0.188 0.000 0.000 0.159 0.000 0.000 0.000 0.000 0.000 0.000 0.000 0.000 0.000 0.000 0.000 0.244 0.000 0.000 0.000 0.000 0.000 0.209 0.000 0.000)  0.000 0.000 0.000 0.000 0.000 0.000 0.000 0.000 0.000 0.000 0.000 0.000 0.214 0.000 0.260 0.000 0.255 0.000 0.246 0.545 0.461 0.000 0.000 0.000 0.000 0.000 0.000 0.467 0.560 0.376 0.356 0.254 0.252 0.000 0.000 0.000 0.000 0.000 0.000 0.217 0.000 0.472 0.483 0.243 0.309 0.258 0.211 0.000 0.193 0.000 0.000 0.000 0.000 0.000 0.000 0.000 0.000 0.212 0.000 0.000 0.000 0.000 0.000 0.000 0.000 0.000 0.000 0.000 0.000 0.000 0.000 0.000 0.000 0.000 0.000 0.000 0.000 0.000 0.135 0.000 0.000 0.000 0.000 0.000 0.000 0.000 0.000 0.000 0.000)  0.000 0.000 0.000 0.000 0.000 0.000 0.000 0.000 0.000 0.000 0.000 0.000 0.159 0.000 0.118 0.000 0.172 0.000 0.131 0.000 0.000 0.000 0.000 0.000 0.000 0.000 0.000 0.000 0.000 0.142 0.000 0.000 0.000 0.000 0.000 0.000 0.000 0.000 0.000 0.195 0.000 0.000 0.000 0.257 0.000 0.000 0.000 0.000 0.000 0.000 0.000 0.000 0.000 0.000 0.000 0.000 0.000 0.000 0.000 0.000 0.000 0.000 0.000 0.000 0.000 0.000 0.000 0.000 0.000 0.000 0.000 0.000 0.000 0.000 0.000 0.000 0.000 0.000 0.000 0.000 0.000 0.000 0.000 0.000 0.000 0.000 0.000 0.000 0.000)  0.000 0.000 0.000 0.000 0.000 0.000 0.000 0.000 0.000 0.000 0.000 0.000 0.194 0.000 0.236 0.000 0.224 0.000 0.242 0.000 0.000 0.000 0.000 0.000 0.000 0.000 0.000 0.533 0.440 0.338 0.323 0.385 0.383 0.000 0.000 0.000 0.000 0.000 0.000 0.194 0.000 0.528 0.517 0.257 0.321 0.252 0.215 0.000 0.200 0.000 0.000 0.000 0.000 0.000 0.000 0.000 0.000 0.198 0.000 0.000 0.000 0.000 0.000 0.000 0.000 0.000 0.000 0.000 0.000 0.000 0.000 0.000 0.000 0.000 0.000 0.000 0.000 0.000 0.000 0.000 0.000 0.000 0.000 0.000 0.000 0.000 0.000 0.000 0.000)  0.000 0.000 0.000 0.000 0.000 0.000 0.000 0.000 0.000 0.000 0.000 0.000 0.000 0.000 0.000 0.000 0.000 0.000 0.000 0.000 0.000 0.000 0.000 0.000 0.000 0.000 0.000 0.000 0.000 0.000 0.000 0.000 0.000 0.000 0.000 0.000 0.000 0.000 0.000 0.000 0.000 0.000 0.000 0.000 0.000 0.000 0.206 0.000 0.206 0.000 0.000 0.000 0.000 0.000 0.000 0.000 0.000 0.214 0.000 0.000 0.000 0.000 0.000 0.000 0.000 0.000 0.000 0.000 0.000 0.000 0.000 0.000 0.000 0.000 0.000 0.000 0.000 0.000 0.000 0.000 0.000 0.000 0.000 0.000 0.000 0.000 0.000 0.000 0.000)  0.000 0.000 0.000 0.000 0.000 0.000 0.000 0.000 0.000 0.000 0.000 0.000 0.000 0.000 0.000 0.000 0.000 0.000 0.000 0.000 0.000 0.000 0.000 0.000 0.000 0.000 0.000 0.000 0.000 0.000 0.000 0.000 0.196 0.000 0.000 0.000 0.000 0.000 0.000 0.000 0.000 0.000 0.000 0.000 0.000 0.000 0.176 0.000 0.215 0.000 0.000 0.000 0.000 0.000 0.000 0.000 0.000 0.208 0.000 0.000 0.000 0.000 0.000 0.000 0.000 0.000 0.000 0.000 0.000 0.000 0.000 0.000 0.000 0.000 0.000 0.000 0.000 0.000 0.000 0.000 0.000 0.000 0.000 0.000 0.000 0.000 0.000 0.000 0.000)  0.000 0.000 0.000 0.000 0.000 0.000 0.000 0.000 0.000 0.000 0.000 0.000 0.230 0.000 0.248 0.000 0.222 0.000 0.246 0.000 0.000 0.000 0.000 0.000 0.000 0.000 0.000 0.000 0.000 0.144 0.321 0.188 0.168 0.000 0.000 0.000 0.000 0.000 0.000 0.211 0.000 0.000 0.000 0.243 0.370 0.243 0.191 0.000 0.185 0.000 0.000 0.000 0.000 0.000 0.000 0.000 0.000 0.170 0.000 0.000 0.000 0.000 0.000 0.000 0.000 0.000 0.000 0.000 0.000 0.000 0.000 0.000 0.000 0.000 0.000 0.000 0.000 0.000 0.000 0.000 0.000 0.000 0.000 0.000 0.000 0.000 0.000 0.000 0.000)  0.000 0.000 0.000 0.000 0.000 0.000 0.000 0.000 0.000 0.000 0.000 0.000 0.203 0.000 0.138 0.000 0.126 0.000 0.134 0.000 0.000 0.000 0.000 0.000 0.000 0.000 0.000 0.000 0.000 0.000 0.000 0.173 0.000 0.000 0.000 0.000 0.000 0.000 0.000 0.183 0.000 0.000 0.000 0.000 0.000 0.247 0.000 0.000 0.000 0.000 0.000 0.000 0.000 0.000 0.000 0.000 0.000 0.000 0.000 0.000 0.000 0.000 0.000 0.000 0.000 0.000 0.000 0.000 0.000 0.000 0.000 0.000 0.000 0.000 0.000 0.000 0.000 0.000 0.000 0.000 0.000 0.000 0.000 0.000 0.000 0.000 0.000 0.000 0.000)  
licking: (1.000 1.000 1.000 1.000 1.000 1.000 1.000 1.000 1.000 1.000 1.000 1.000 1.000 1.000 1.000 1.000 1.000 1.000 1.000 1.000 1.000 1.000 1.000 1.000 1.000 1.000 1.000 0.740 0.928 0.954 0.972 0.957 0.968 1.000 0.830 0.830 0.894 0.937 0.958 1.000 1.000 1.000 1.000 1.000 1.000 1.000 1.000 1.000 1.000 1.000 1.000 1.000 1.000 1.000 1.000 1.000 1.000 1.000 1.000 1.000 1.000 0.935 0.941 0.930 0.980 0.955 0.942 0.975 0.967 0.955 0.974 1.000 1.000 1.000 1.000 1.000 1.000 1.000 1.000 1.000 1.000 1.000 0.960 0.976 0.974 0.972 0.975 0.968 0.976)  0.000 0.000 0.000 0.000 0.000 0.000 0.000 0.000 0.000 0.000 0.000 0.000 0.000 0.000 0.000 0.000 0.000 0.000 0.000 0.000 0.000 0.000 0.000 0.000 0.000 0.000 0.000 0.260 0.072 0.046 0.028 0.043 0.032 0.000 0.170 0.170 0.106 0.063 0.042 0.000 0.000 0.000 0.000 0.000 0.000 0.000 0.000 0.000 0.000 0.000 0.000 0.000 0.000 0.000 0.000 0.000 0.000 0.000 0.000 0.000 0.000 0.065 0.059 0.070 0.020 0.045 0.058 0.025 0.033 0.045 0.026 0.000 0.000 0.000 0.000 0.000 0.000 0.000 0.000 0.000 0.000 0.000 0.040 0.024 0.026 0.028 0.025 0.032 0.024)  
position: (0.167 0.167 0.167 0.167 0.167 0.167 0.167 0.167 0.167 0.167 0.167 0.167 0.167 0.167 0.167 0.167 0.167 0.167 0.167 0.167 0.167 0.167 0.167 0.167 0.167 0.167 0.167 0.167 0.167 0.167 0.167 0.167 0.167 0.167 0.167 0.167 0.167 0.167 0.167 0.167 0.167 0.167 0.167 0.167 0.167 0.167 0.167 0.167 0.167 0.167 0.167 0.167 0.167 0.167 0.167 0.167 0.167 0.167 0.167 0.167 0.167 0.167 0.167 0.167 0.167 0.167 0.167 0.167 0.167 0.167 0.167 0.167 0.167 0.167 0.167 0.167 0.167 0.167 0.167 0.167 0.167 0.167 0.167 0.167 0.167 0.167 0.167 0.167 0.167)  0.167 0.167 0.167 0.167 0.167 0.167 0.167 0.167 0.167 0.167 0.167 0.167 0.167 0.167 0.167 0.167 0.167 0.167 0.167 0.167 0.167 0.167 0.167 0.167 0.167 0.167 0.167 0.167 0.167 0.167 0.167 0.167 0.167 0.167 0.167 0.167 0.167 0.167 0.167 0.167 0.167 0.167 0.167 0.167 0.167 0.167 0.167 0.167 0.167 0.167 0.167 0.167 0.167 0.167 0.167 0.167 0.167 0.167 0.167 0.167 0.167 0.167 0.167 0.167 0.167 0.167 0.167 0.167 0.167 0.167 0.167 0.167 0.167 0.167 0.167 0.167 0.167 0.167 0.167 0.167 0.167 0.167 0.167 0.167 0.167 0.167 0.167 0.167 0.167)  0.167 0.167 0.167 0.167 0.167 0.167 0.167 0.167 0.167 0.167 0.167 0.167 0.167 0.167 0.167 0.167 0.167 0.167 0.167 0.167 0.167 0.167 0.167 0.167 0.167 0.167 0.167 0.167 0.167 0.167 0.167 0.167 0.167 0.167 0.167 0.167 0.167 0.167 0.167 0.167 0.167 0.167 0.167 0.167 0.167 0.167 0.167 0.167 0.167 0.167 0.167 0.167 0.167 0.167 0.167 0.167 0.167 0.167 0.167 0.167 0.167 0.167 0.167 0.167 0.167 0.167 0.167 0.167 0.167 0.167 0.167 0.167 0.167 0.167 0.167 0.167 0.167 0.167 0.167 0.167 0.167 0.167 0.167 0.167 0.167 0.167 0.167 0.167 0.167)  0.500 0.500 0.500 0.500 0.500 0.500 0.500 0.500 0.500 0.500 0.500 0.500 0.500 0.500 0.500 0.500 0.500 0.500 0.500 0.500 0.500 0.500 0.500 0.500 0.500 0.500 0.500 0.500 0.500 0.500 0.500 0.500 0.500 0.500 0.500 0.500 0.500 0.500 0.500 0.500 0.500 0.500 0.500 0.500 0.500 0.500 0.500 0.500 0.500 0.500 0.500 0.500 0.500 0.500 0.500 0.500 0.500 0.500 0.500 0.500 0.500 0.500 0.500 0.500 0.500 0.500 0.500 0.500 0.500 0.500 0.500 0.500 0.500 0.500 0.500 0.500 0.500 0.500 0.500 0.500 0.500 0.500 0.500 0.500 0.500 0.500 0.500 0.500 0.500)  
running_speed: (0.997 0.422 0.272 0.362 0.284 0.256 0.624 0.617 0.515 0.572 0.526 0.141 0.213 0.206 0.163 0.082 0.069 0.146 0.074 0.683 0.166 0.795 0.469 0.510 0.447 0.392 0.256 0.803 0.508 0.487 0.336 0.434 0.477 0.471 0.936 0.502 0.432 0.629 0.588 0.104 0.148 0.119 0.095 0.092 0.109 0.237 0.199 0.120 0.175 0.146 0.495 0.419 0.114 0.047 0.092 0.221 0.189 0.167 0.105 0.256 0.232 0.289 0.381 0.421 0.223 0.244 0.421 0.203 0.224 0.430 0.390 0.211 0.718 0.476 0.191 0.207 0.182 0.141 0.159 0.178 0.204 0.258 0.155 0.027 0.049 0.139 0.111 0.130 0.126)  0.003 0.241 0.301 0.287 0.257 0.235 0.279 0.340 0.428 0.281 0.302 0.226 0.301 0.215 0.173 0.088 0.078 0.215 0.139 0.287 0.353 0.178 0.388 0.341 0.318 0.316 0.396 0.178 0.386 0.347 0.396 0.400 0.364 0.304 0.063 0.363 0.453 0.309 0.314 0.149 0.219 0.159 0.097 0.109 0.121 0.258 0.213 0.129 0.151 0.121 0.255 0.372 0.492 0.261 0.416 0.226 0.178 0.183 0.138 0.356 0.316 0.368 0.289 0.254 0.198 0.192 0.356 0.314 0.331 0.424 0.469 0.418 0.233 0.293 0.333 0.287 0.308 0.162 0.209 0.229 0.226 0.237 0.152 0.113 0.102 0.202 0.207 0.250 0.242)  0.000 0.267 0.345 0.241 0.233 0.231 0.097 0.043 0.057 0.116 0.125 0.261 0.298 0.358 0.260 0.148 0.163 0.350 0.351 0.030 0.381 0.027 0.143 0.141 0.209 0.259 0.333 0.015 0.103 0.155 0.245 0.145 0.146 0.185 0.001 0.128 0.109 0.061 0.094 0.196 0.213 0.194 0.147 0.199 0.163 0.239 0.213 0.456 0.262 0.160 0.141 0.151 0.116 0.119 0.118 0.314 0.321 0.290 0.209 0.258 0.351 0.217 0.212 0.271 0.424 0.419 0.219 0.399 0.425 0.145 0.141 0.365 0.048 0.196 0.348 0.436 0.388 0.460 0.424 0.325 0.271 0.229 0.172 0.208 0.172 0.366 0.400 0.363 0.351)  0.000 0.070 0.082 0.110 0.226 0.278 0.000 0.000 0.000 0.031 0.047 0.372 0.188 0.221 0.404 0.682 0.690 0.289 0.437 0.000 0.100 0.000 0.000 0.009 0.026 0.034 0.014 0.004 0.003 0.011 0.024 0.021 0.013 0.039 0.000 0.006 0.006 0.000 0.004 0.552 0.420 0.529 0.661 0.600 0.607 0.266 0.375 0.295 0.412 0.574 0.109 0.057 0.278 0.573 0.374 0.240 0.312 0.360 0.548 0.130 0.101 0.126 0.119 0.054 0.155 0.145 0.005 0.084 0.019 0.001 0.000 0.006 0.001 0.035 0.128 0.070 0.122 0.237 0.208 0.268 0.299 0.276 0.521 0.652 0.677 0.293 0.282 0.258 0.281)  
Brain region: V1: 1833035 neurons, mHV: 1108860 neurons, lHV: 495318 neurons, aHV: 668180 neurons  
Data verification complete.
