Data format is valid, no errors or warnings.
Number of sessions: 89
Total number of trials: 38110
Number of trials per session: [400, 282, 201, 145, 379, 345, 503, 218, 402, 238, 605, 259, 269, 429, 475, 431, 259, 403, 348, 237, 210, 84, 470, 303, 300, 320, 402, 636, 251, 452, 459, 518, 305, 485, 408, 423, 370, 719, 453, 418, 568, 789, 578, 457, 453, 492, 419, 368, 398, 450, 455, 511, 658, 629, 306, 479, 435, 457, 405, 680, 373, 511, 669, 722, 466, 399, 428, 503, 499, 561, 534, 501, 501, 600, 309, 473, 520, 455, 248, 471, 454, 402, 267, 506, 400, 407, 335, 426, 369]
Number of subjects: 19
Number of brain regions: 5
Number of sessions per subject:
  Subject TX83: 3 sessions
  Subject TX88: 6 sessions
  Subject TX105: 5 sessions
  Subject TX104: 2 sessions
  Subject TX119: 8 sessions
  Subject TX123: 8 sessions
  Subject DR10: 6 sessions
  Subject DR15: 5 sessions
  Subject TX85: 2 sessions
  Subject VR2: 7 sessions
  Subject TX60: 5 sessions
  Subject TX108: 7 sessions
  Subject TX109: 6 sessions
  Subject TX61: 5 sessions
  Subject TX124: 3 sessions
  Subject LZ13: 4 sessions
  Subject LZ16: 4 sessions
  Subject TX139: 2 sessions
  Subject TX140: 1 sessions
Input dimension: 4
Output dimension: 4
Summary statistics (across all sessions):
  T: mean: 22.25, median: 22.63, min: 11, max: 178
  n_neurons: mean: 52708.25', min: 20547, max: 89577
  Input range:
    time_to_sound_cue: [-722.7, 1762.0]
    day_of_training: [0.0, 15.0]
    time_since_trial_start: [0.0, 1763.7]
    reward_availability: [0.0, 1.0]
  Output range:
    visual_stimulus: [0.0, 14.0]
    licking: [0.0, 1.0]
    position: [0.0, 3.0]
    running_speed: [0.0, 3.0]
  Unique outputs per dimension (fraction of data):
    visual_stimulus: {circle1 (0.252), circle2 (0.049), circle3 (0.010), leaf1 (0.264), leaf1_swap1 (0.019), leaf1_swap2 (0.019), leaf2 (0.128), leaf3 (0.040), rock1 (0.071), rock2 (0.013), wood1 (0.065), wood1_swap1 (0.008), wood1_swap2 (0.010), wood2 (0.038), wood5 (0.014)}
    licking: {no_lick (0.964), lick (0.036)}
    position: {0-1m (0.250), 1-2m (0.249), 2-3m (0.250), 3-4m (0.252)}
    running_speed: {Q1 (0.249), Q2 (0.250), Q3 (0.250), Q4 (0.250)}
  Brain region distribution:
    V1: 1833035 neurons
    mHV: 1108860 neurons
    aHV: 668180 neurons
    lHV: 495318 neurons
    unassigned: 585641 neurons

Per-session statistics:
  Mean T: 22.1, 24.8, 26.8, 24.6, 21.8, 18.8, 16.3, 26.5, 24.3, 25.3, 22.1, 24.9, 22.0, 17.6, 18.6, 23.5, 26.7, 23.3, 27.6, 22.5, 27.9, 36.1, 20.0, 17.2, 24.5, 25.3, 23.7, 22.6, 27.6, 17.6, 17.5, 22.6, 24.2, 22.6, 25.2, 24.6, 22.4, 19.6, 22.9, 25.9, 17.7, 17.5, 17.5, 22.0, 21.9, 23.3, 22.3, 22.6, 23.0, 22.8, 24.3, 19.4, 16.7, 23.0, 27.2, 22.1, 23.1, 23.0, 23.5, 19.5, 23.0, 22.9, 19.0, 16.9, 24.4, 24.7, 23.4, 19.5, 19.0, 17.9, 17.7, 16.9, 17.2, 22.6, 26.3, 17.7, 17.0, 22.8, 26.6, 22.0, 22.6, 23.3, 23.5, 20.3, 23.0, 22.0, 21.6, 21.3, 22.9
  Min T: 20, 20, 20, 21, 17, 15, 12, 17, 20, 15, 20, 20, 20, 15, 16, 20, 21, 20, 15, 12, 21, 20, 14, 11, 20, 20, 15, 20, 16, 15, 15, 20, 16, 20, 20, 21, 20, 14, 20, 20, 15, 15, 15, 20, 19, 20, 19, 20, 20, 20, 20, 16, 15, 20, 21, 20, 20, 20, 21, 14, 15, 20, 16, 15, 20, 20, 20, 14, 13, 15, 15, 15, 15, 20, 18, 15, 15, 20, 16, 20, 20, 20, 21, 14, 20, 20, 20, 19, 20
  Max T: 30, 41, 38, 34, 57, 69, 26, 50, 38, 46, 36, 39, 31, 55, 65, 38, 66, 33, 90, 34, 43, 51, 33, 36, 33, 57, 40, 38, 66, 39, 58, 39, 48, 31, 59, 36, 31, 36, 62, 40, 45, 125, 64, 56, 57, 93, 178, 57, 40, 37, 53, 70, 48, 36, 54, 31, 40, 35, 31, 29, 47, 34, 54, 48, 54, 74, 35, 35, 29, 35, 46, 51, 50, 43, 69, 74, 40, 45, 48, 29, 40, 32, 33, 32, 40, 62, 29, 54, 48
  n_neurons: 44059, 62606, 58941, 43834, 31672, 28696, 58224, 55746, 59560, 52954, 48824, 55653, 42565, 36935, 43103, 54741, 58930, 55163, 81473, 48732, 85481, 63625, 71069, 57368, 75480, 89577, 50689, 58099, 61115, 27281, 30931, 50347, 64130, 47785, 62256, 79417, 83309, 76108, 68553, 85468, 28907, 52044, 24383, 34658, 34575, 33577, 31859, 35126, 49311, 61456, 55457, 32547, 26756, 56106, 59251, 48742, 72193, 76530, 76296, 65287, 55592, 47963, 36238, 32329, 68951, 79586, 65861, 55650, 76775, 34222, 46975, 20547, 23176, 53028, 45207, 29587, 30252, 50195, 57540, 60924, 67669, 68045, 71687, 63897, 38489, 39358, 35918, 35291, 34522
  Input range:
    0: [-39.1, 29.7] [-64.7, 79.9] [-274.9, 305.5] [-232.5, 387.4] [-73.4, 37.3] [-79.1, 111.3] [-93.6, 61.2] [-401.6, 399.1] [-65.4, 49.0] [-203.6, 110.5] [-68.6, 53.0] [-41.3, 38.1] [-118.5, 104.0] [-60.2, 129.4] [-400.9, 242.3] [-46.8, 29.2] [-270.6, 252.5] [-114.6, 164.9] [-83.1, 301.2] [-220.1, 333.1] [-199.7, 195.8] [-400.1, 65.2] [-15.1, 19.4] [-201.9, 59.4] [-76.6, 209.3] [-400.0, 398.0] [-203.0, 183.7] [-144.9, 125.8] [-199.9, 145.2] [-35.2, 37.5] [-150.1, 78.4] [-38.7, 51.3] [-203.5, 191.2] [-42.9, 70.6] [-50.1, 75.3] [-149.5, 36.1] [-15.1, 282.1] [-28.5, 23.0] [-76.3, 81.1] [-238.3, 79.8] [-30.2, 69.6] [-400.4, 328.3] [-157.1, 179.1] [-41.9, 48.9] [-170.2, 53.4] [-104.9, 80.8] [-27.9, 219.7] [-172.8, 130.1] [-125.8, 134.5] [-93.0, 1762.0] [-126.6, 67.7] [-250.5, 166.8] [-25.0, 16.4] [-34.7, 20.9] [-150.0, 251.4] [-44.9, 33.5] [-39.8, 21.2] [-19.8, 59.2] [-23.2, 249.6] [-27.4, 22.8] [-202.9, 199.3] [-35.0, 29.2] [-127.8, 171.0] [-53.0, 8.2] [-91.3, 78.2] [-722.7, 695.8] [-13.4, 36.3] [-24.9, 55.5] [-17.6, 19.4] [-213.2, 33.0] [-109.8, 280.2] [-161.3, 246.8] [-52.7, 146.4] [-76.4, 48.4] [-402.7, 363.9] [-401.7, 160.0] [-25.6, 10.8] [-36.7, 76.7] [-403.0, 84.0] [-29.3, 17.9] [-24.8, 18.6] [-15.7, 21.6] [-272.7, 400.3] [-35.2, 21.0] [-42.9, 52.4] [-33.4, 101.8] [-14.7, 43.9] [-103.9, 300.5] [-184.1, 65.4] 
    1: [0.0, 0.0] [0.0, 0.0] [0.0, 0.0] [0.0, 0.0] [0.0, 0.0] [0.0, 0.0] [0.0, 0.0] [0.0, 0.0] [0.0, 0.0] [1.0, 1.0] [1.0, 1.0] [1.0, 1.0] [1.0, 1.0] [1.0, 1.0] [1.0, 1.0] [1.0, 1.0] [1.0, 1.0] [1.0, 1.0] [0.0, 0.0] [0.0, 0.0] [0.0, 0.0] [0.0, 0.0] [1.0, 1.0] [1.0, 1.0] [1.0, 1.0] [1.0, 1.0] [1.0, 1.0] [1.0, 1.0] [1.0, 1.0] [1.0, 1.0] [1.0, 1.0] [1.0, 1.0] [1.0, 1.0] [1.0, 1.0] [1.0, 1.0] [1.0, 1.0] [1.0, 1.0] [1.0, 1.0] [1.0, 1.0] [1.0, 1.0] [1.0, 1.0] [1.0, 1.0] [1.0, 1.0] [1.0, 1.0] [2.0, 2.0] [1.0, 1.0] [2.0, 2.0] [1.0, 1.0] [1.0, 1.0] [1.0, 1.0] [1.0, 1.0] [1.0, 1.0] [1.0, 1.0] [1.0, 1.0] [1.0, 1.0] [1.0, 1.0] [1.0, 1.0] [1.0, 1.0] [1.0, 1.0] [1.0, 1.0] [2.0, 2.0] [1.0, 1.0] [1.0, 1.0] [1.0, 1.0] [1.0, 1.0] [1.0, 1.0] [1.0, 1.0] [1.0, 1.0] [1.0, 1.0] [1.0, 1.0] [3.0, 3.0] [1.0, 1.0] [1.0, 1.0] [7.0, 7.0] [13.0, 13.0] [10.0, 10.0] [12.0, 12.0] [6.0, 6.0] [9.0, 9.0] [10.0, 10.0] [8.0, 8.0] [6.0, 6.0] [15.0, 15.0] [9.0, 9.0] [1.0, 1.0] [1.0, 1.0] [1.0, 1.0] [1.0, 1.0] [1.0, 1.0] 
    2: [0.0, 43.1] [0.0, 83.1] [0.0, 307.8] [0.0, 399.9] [0.0, 74.4] [0.0, 112.6] [0.0, 97.9] [0.0, 404.3] [0.0, 69.2] [0.0, 204.2] [0.0, 81.8] [0.0, 69.5] [0.0, 129.6] [0.0, 132.4] [0.0, 402.6] [0.0, 49.7] [0.0, 341.3] [0.0, 181.6] [0.0, 304.6] [0.0, 337.7] [0.0, 204.2] [0.0, 404.0] [0.0, 22.0] [0.0, 203.8] [0.0, 212.1] [0.0, 404.1] [0.0, 204.2] [0.0, 150.7] [0.0, 203.6] [0.0, 39.7] [0.0, 150.7] [0.0, 55.1] [0.0, 205.1] [0.0, 113.6] [0.0, 78.0] [0.0, 164.3] [0.0, 284.4] [0.0, 32.7] [0.0, 114.9] [0.0, 242.9] [0.0, 71.6] [0.0, 402.3] [0.0, 182.2] [0.0, 50.4] [0.0, 171.5] [0.0, 105.9] [0.0, 232.0] [0.0, 173.4] [0.0, 135.8] [0.0, 1763.7] [0.0, 127.5] [0.0, 252.2] [0.0, 25.9] [0.0, 36.2] [0.0, 255.5] [0.0, 48.8] [0.0, 49.1] [0.0, 59.8] [0.0, 250.7] [0.0, 29.3] [0.0, 204.3] [0.0, 54.1] [0.0, 174.4] [0.0, 53.6] [0.0, 93.1] [0.0, 739.3] [0.0, 49.7] [0.0, 56.9] [0.0, 24.9] [0.0, 216.6] [0.0, 291.3] [0.0, 249.1] [0.0, 149.1] [0.0, 97.2] [0.0, 404.6] [0.0, 402.6] [0.0, 26.2] [0.0, 95.3] [0.0, 404.6] [0.0, 32.1] [0.0, 34.6] [0.0, 27.7] [0.0, 402.7] [0.0, 37.8] [0.0, 54.2] [0.0, 103.4] [0.0, 44.8] [0.0, 302.3] [0.0, 186.9] 
    3: [0.0, 0.0] [0.0, 0.0] [0.0, 0.0] [0.0, 0.0] [0.0, 0.0] [0.0, 0.0] [0.0, 0.0] [0.0, 0.0] [0.0, 0.0] [0.0, 0.0] [0.0, 0.0] [0.0, 0.0] [0.0, 0.0] [0.0, 0.0] [0.0, 0.0] [0.0, 0.0] [0.0, 0.0] [0.0, 0.0] [0.0, 1.0] [0.0, 1.0] [0.0, 1.0] [0.0, 1.0] [0.0, 1.0] [0.0, 1.0] [0.0, 1.0] [0.0, 1.0] [0.0, 0.0] [0.0, 0.0] [0.0, 0.0] [0.0, 0.0] [0.0, 0.0] [0.0, 0.0] [0.0, 0.0] [0.0, 1.0] [0.0, 1.0] [0.0, 1.0] [0.0, 1.0] [0.0, 1.0] [0.0, 0.0] [0.0, 0.0] [0.0, 0.0] [0.0, 0.0] [0.0, 0.0] [0.0, 0.0] [0.0, 0.0] [0.0, 0.0] [0.0, 0.0] [0.0, 0.0] [0.0, 0.0] [0.0, 0.0] [0.0, 0.0] [0.0, 0.0] [0.0, 0.0] [0.0, 0.0] [0.0, 0.0] [0.0, 1.0] [0.0, 1.0] [0.0, 1.0] [0.0, 1.0] [0.0, 1.0] [0.0, 0.0] [0.0, 0.0] [0.0, 0.0] [0.0, 0.0] [0.0, 1.0] [0.0, 1.0] [0.0, 1.0] [0.0, 1.0] [0.0, 1.0] [0.0, 0.0] [0.0, 0.0] [0.0, 0.0] [0.0, 0.0] [0.0, 0.0] [0.0, 0.0] [0.0, 0.0] [0.0, 0.0] [0.0, 0.0] [0.0, 0.0] [0.0, 1.0] [0.0, 1.0] [0.0, 1.0] [0.0, 1.0] [0.0, 1.0] [0.0, 0.0] [0.0, 0.0] [0.0, 0.0] [0.0, 0.0] [0.0, 0.0] 
  Output range:
    0: [0.0, 3.0] [0.0, 3.0] [0.0, 3.0] [3.0, 8.0] [8.0, 10.0] [0.0, 3.0] [0.0, 3.0] [0.0, 3.0] [0.0, 3.0] [0.0, 3.0] [0.0, 3.0] [0.0, 3.0] [3.0, 8.0] [8.0, 10.0] [0.0, 3.0] [0.0, 3.0] [0.0, 3.0] [0.0, 3.0] [0.0, 3.0] [0.0, 3.0] [8.0, 10.0] [0.0, 3.0] [0.0, 3.0] [0.0, 3.0] [8.0, 10.0] [0.0, 3.0] [0.0, 6.0] [0.0, 8.0] [0.0, 6.0] [8.0, 13.0] [0.0, 6.0] [0.0, 6.0] [0.0, 6.0] [0.0, 6.0] [0.0, 6.0] [8.0, 13.0] [0.0, 6.0] [0.0, 6.0] [0.0, 6.0] [0.0, 6.0] [8.0, 14.0] [0.0, 7.0] [0.0, 7.0] [0.0, 7.0] [8.0, 14.0] [0.0, 7.0] [8.0, 14.0] [0.0, 7.0] [0.0, 7.0] [0.0, 7.0] [0.0, 7.0] [8.0, 14.0] [0.0, 7.0] [0.0, 7.0] [0.0, 7.0] [0.0, 7.0] [0.0, 7.0] [8.0, 14.0] [0.0, 6.0] [0.0, 7.0] [0.0, 6.0] [0.0, 6.0] [8.0, 13.0] [0.0, 6.0] [0.0, 6.0] [0.0, 6.0] [8.0, 13.0] [0.0, 6.0] [0.0, 6.0] [0.0, 6.0] [8.0, 13.0] [0.0, 6.0] [8.0, 13.0] [0.0, 6.0] [0.0, 6.0] [8.0, 13.0] [0.0, 6.0] [0.0, 6.0] [0.0, 6.0] [0.0, 6.0] [0.0, 6.0] [8.0, 13.0] [0.0, 3.0] [0.0, 6.0] [0.0, 7.0] [8.0, 14.0] [0.0, 7.0] [8.0, 14.0] [0.0, 7.0] 
    1: [0.0, 0.0] [0.0, 0.0] [0.0, 0.0] [0.0, 0.0] [0.0, 0.0] [0.0, 0.0] [0.0, 0.0] [0.0, 0.0] [0.0, 0.0] [0.0, 0.0] [0.0, 0.0] [0.0, 0.0] [0.0, 0.0] [0.0, 0.0] [0.0, 0.0] [0.0, 0.0] [0.0, 0.0] [0.0, 0.0] [0.0, 1.0] [0.0, 1.0] [0.0, 1.0] [0.0, 1.0] [0.0, 1.0] [0.0, 1.0] [0.0, 1.0] [0.0, 1.0] [0.0, 0.0] [0.0, 0.0] [0.0, 0.0] [0.0, 0.0] [0.0, 0.0] [0.0, 0.0] [0.0, 0.0] [0.0, 1.0] [0.0, 1.0] [0.0, 1.0] [0.0, 1.0] [0.0, 1.0] [0.0, 0.0] [0.0, 0.0] [0.0, 0.0] [0.0, 0.0] [0.0, 0.0] [0.0, 0.0] [0.0, 0.0] [0.0, 0.0] [0.0, 0.0] [0.0, 0.0] [0.0, 0.0] [0.0, 0.0] [0.0, 0.0] [0.0, 0.0] [0.0, 0.0] [0.0, 0.0] [0.0, 0.0] [0.0, 1.0] [0.0, 1.0] [0.0, 1.0] [0.0, 1.0] [0.0, 1.0] [0.0, 0.0] [0.0, 0.0] [0.0, 0.0] [0.0, 0.0] [0.0, 1.0] [0.0, 1.0] [0.0, 1.0] [0.0, 1.0] [0.0, 1.0] [0.0, 0.0] [0.0, 0.0] [0.0, 0.0] [0.0, 0.0] [0.0, 0.0] [0.0, 0.0] [0.0, 0.0] [0.0, 0.0] [0.0, 0.0] [0.0, 0.0] [0.0, 1.0] [0.0, 1.0] [0.0, 1.0] [0.0, 1.0] [0.0, 1.0] [0.0, 0.0] [0.0, 0.0] [0.0, 0.0] [0.0, 0.0] [0.0, 0.0] 
    2: [0.0, 3.0] [0.0, 3.0] [0.0, 3.0] [0.0, 3.0] [0.0, 3.0] [0.0, 3.0] [0.0, 3.0] [0.0, 3.0] [0.0, 3.0] [0.0, 3.0] [0.0, 3.0] [0.0, 3.0] [0.0, 3.0] [0.0, 3.0] [0.0, 3.0] [0.0, 3.0] [0.0, 3.0] [0.0, 3.0] [0.0, 3.0] [0.0, 3.0] [0.0, 3.0] [0.0, 3.0] [0.0, 3.0] [0.0, 3.0] [0.0, 3.0] [0.0, 3.0] [0.0, 3.0] [0.0, 3.0] [0.0, 3.0] [0.0, 3.0] [0.0, 3.0] [0.0, 3.0] [0.0, 3.0] [0.0, 3.0] [0.0, 3.0] [0.0, 3.0] [0.0, 3.0] [0.0, 3.0] [0.0, 3.0] [0.0, 3.0] [0.0, 3.0] [0.0, 3.0] [0.0, 3.0] [0.0, 3.0] [0.0, 3.0] [0.0, 3.0] [0.0, 3.0] [0.0, 3.0] [0.0, 3.0] [0.0, 3.0] [0.0, 3.0] [0.0, 3.0] [0.0, 3.0] [0.0, 3.0] [0.0, 3.0] [0.0, 3.0] [0.0, 3.0] [0.0, 3.0] [0.0, 3.0] [0.0, 3.0] [0.0, 3.0] [0.0, 3.0] [0.0, 3.0] [0.0, 3.0] [0.0, 3.0] [0.0, 3.0] [0.0, 3.0] [0.0, 3.0] [0.0, 3.0] [0.0, 3.0] [0.0, 3.0] [0.0, 3.0] [0.0, 3.0] [0.0, 3.0] [0.0, 3.0] [0.0, 3.0] [0.0, 3.0] [0.0, 3.0] [0.0, 3.0] [0.0, 3.0] [0.0, 3.0] [0.0, 3.0] [0.0, 3.0] [0.0, 3.0] [0.0, 3.0] [0.0, 3.0] [0.0, 3.0] [0.0, 3.0] [0.0, 3.0] 
    3: [0.0, 3.0] [0.0, 3.0] [0.0, 3.0] [0.0, 2.0] [0.0, 3.0] [0.0, 3.0] [0.0, 2.0] [0.0, 3.0] [0.0, 3.0] [0.0, 3.0] [0.0, 3.0] [0.0, 3.0] [0.0, 3.0] [0.0, 3.0] [0.0, 3.0] [0.0, 3.0] [0.0, 3.0] [0.0, 3.0] [0.0, 3.0] [0.0, 3.0] [0.0, 3.0] [0.0, 2.0] [0.0, 3.0] [0.0, 3.0] [0.0, 3.0] [0.0, 3.0] [0.0, 3.0] [0.0, 3.0] [0.0, 3.0] [0.0, 3.0] [0.0, 3.0] [0.0, 3.0] [0.0, 3.0] [0.0, 3.0] [0.0, 3.0] [0.0, 3.0] [0.0, 3.0] [0.0, 3.0] [0.0, 3.0] [0.0, 3.0] [0.0, 3.0] [0.0, 3.0] [0.0, 3.0] [0.0, 3.0] [0.0, 3.0] [0.0, 3.0] [0.0, 3.0] [0.0, 3.0] [0.0, 3.0] [0.0, 3.0] [0.0, 3.0] [0.0, 3.0] [0.0, 3.0] [0.0, 3.0] [0.0, 3.0] [0.0, 3.0] [0.0, 3.0] [0.0, 3.0] [0.0, 3.0] [0.0, 3.0] [0.0, 3.0] [0.0, 3.0] [0.0, 3.0] [0.0, 3.0] [0.0, 3.0] [0.0, 3.0] [0.0, 3.0] [0.0, 3.0] [0.0, 3.0] [0.0, 3.0] [0.0, 3.0] [0.0, 3.0] [0.0, 3.0] [0.0, 3.0] [0.0, 3.0] [0.0, 3.0] [0.0, 3.0] [0.0, 3.0] [0.0, 3.0] [0.0, 3.0] [0.0, 3.0] [0.0, 3.0] [0.0, 3.0] [0.0, 3.0] [0.0, 3.0] [0.0, 3.0] [0.0, 3.0] [0.0, 3.0] [0.0, 3.0] 
  Output fraction of data:
visual_stimulus: (0.524 0.532 0.459 0.000 0.000 0.484 0.483 0.466 0.524 0.495 0.515 0.464 0.000 0.000 0.497 0.503 0.497 0.517 0.454 0.535 0.000 0.541 0.481 0.495 0.000 0.554 0.226 0.307 0.339 0.000 0.236 0.248 0.200 0.375 0.404 0.000 0.372 0.409 0.279 0.250 0.000 0.120 0.165 0.228 0.000 0.189 0.000 0.185 0.239 0.264 0.217 0.000 0.233 0.264 0.255 0.296 0.295 0.000 0.383 0.188 0.256 0.197 0.000 0.200 0.299 0.290 0.000 0.203 0.156 0.199 0.000 0.197 0.000 0.302 0.331 0.000 0.288 0.319 0.341 0.374 0.402 0.000 0.318 0.347 0.273 0.000 0.186 0.000 0.253)  0.000 0.000 0.000 0.000 0.000 0.000 0.000 0.000 0.000 0.000 0.000 0.000 0.000 0.000 0.000 0.000 0.000 0.000 0.000 0.000 0.000 0.000 0.000 0.000 0.000 0.000 0.238 0.123 0.227 0.000 0.238 0.236 0.268 0.126 0.145 0.000 0.154 0.105 0.236 0.234 0.000 0.140 0.145 0.194 0.000 0.185 0.000 0.220 0.148 0.000 0.000 0.000 0.000 0.000 0.000 0.000 0.000 0.000 0.167 0.000 0.000 0.000 0.000 0.000 0.000 0.000 0.000 0.000 0.000 0.000 0.000 0.000 0.000 0.000 0.000 0.000 0.000 0.000 0.000 0.000 0.000 0.000 0.317 0.000 0.135 0.000 0.167 0.000 0.108)  0.000 0.000 0.000 0.000 0.000 0.000 0.000 0.000 0.000 0.000 0.000 0.000 0.000 0.000 0.000 0.000 0.000 0.000 0.000 0.000 0.000 0.000 0.000 0.000 0.000 0.000 0.000 0.000 0.000 0.000 0.000 0.000 0.000 0.000 0.000 0.000 0.000 0.000 0.000 0.000 0.000 0.140 0.161 0.000 0.000 0.117 0.000 0.000 0.000 0.000 0.000 0.000 0.000 0.000 0.000 0.000 0.000 0.000 0.196 0.000 0.000 0.000 0.000 0.000 0.000 0.000 0.000 0.000 0.000 0.000 0.000 0.000 0.000 0.000 0.000 0.000 0.000 0.000 0.000 0.000 0.000 0.000 0.000 0.000 0.000 0.000 0.163 0.000 0.000)  0.476 0.468 0.541 0.454 0.000 0.516 0.517 0.534 0.476 0.505 0.485 0.536 0.537 0.000 0.503 0.497 0.503 0.483 0.546 0.465 0.000 0.459 0.519 0.505 0.000 0.446 0.259 0.311 0.234 0.000 0.253 0.254 0.244 0.381 0.342 0.000 0.335 0.370 0.244 0.255 0.000 0.114 0.191 0.172 0.000 0.220 0.000 0.250 0.237 0.263 0.249 0.000 0.251 0.252 0.253 0.370 0.389 0.000 0.150 0.399 0.194 0.169 0.000 0.215 0.351 0.374 0.000 0.396 0.421 0.168 0.000 0.165 0.000 0.348 0.282 0.000 0.376 0.373 0.295 0.340 0.292 0.000 0.365 0.351 0.205 0.000 0.148 0.000 0.274)  0.000 0.000 0.000 0.000 0.000 0.000 0.000 0.000 0.000 0.000 0.000 0.000 0.000 0.000 0.000 0.000 0.000 0.000 0.000 0.000 0.000 0.000 0.000 0.000 0.000 0.000 0.000 0.000 0.000 0.000 0.000 0.000 0.000 0.000 0.000 0.000 0.000 0.000 0.000 0.000 0.000 0.117 0.000 0.000 0.000 0.000 0.000 0.000 0.000 0.000 0.000 0.000 0.000 0.000 0.000 0.000 0.000 0.000 0.000 0.000 0.153 0.212 0.000 0.188 0.196 0.000 0.000 0.199 0.000 0.211 0.000 0.219 0.000 0.000 0.000 0.000 0.000 0.000 0.000 0.000 0.000 0.000 0.000 0.000 0.000 0.000 0.000 0.000 0.000)  0.000 0.000 0.000 0.000 0.000 0.000 0.000 0.000 0.000 0.000 0.000 0.000 0.000 0.000 0.000 0.000 0.000 0.000 0.000 0.000 0.000 0.000 0.000 0.000 0.000 0.000 0.000 0.000 0.000 0.000 0.000 0.000 0.000 0.000 0.000 0.000 0.000 0.000 0.000 0.000 0.000 0.124 0.000 0.000 0.000 0.000 0.000 0.000 0.000 0.000 0.000 0.000 0.000 0.000 0.000 0.000 0.000 0.000 0.000 0.000 0.240 0.205 0.000 0.190 0.000 0.152 0.000 0.000 0.211 0.206 0.000 0.206 0.000 0.000 0.000 0.000 0.000 0.000 0.000 0.000 0.000 0.000 0.000 0.000 0.000 0.000 0.000 0.000 0.000)  0.000 0.000 0.000 0.000 0.000 0.000 0.000 0.000 0.000 0.000 0.000 0.000 0.000 0.000 0.000 0.000 0.000 0.000 0.000 0.000 0.000 0.000 0.000 0.000 0.000 0.000 0.278 0.128 0.200 0.000 0.273 0.262 0.288 0.119 0.110 0.000 0.138 0.116 0.241 0.260 0.000 0.134 0.156 0.210 0.000 0.201 0.000 0.166 0.230 0.234 0.234 0.000 0.258 0.244 0.278 0.152 0.165 0.000 0.105 0.205 0.157 0.217 0.000 0.208 0.154 0.183 0.000 0.203 0.212 0.216 0.000 0.213 0.000 0.351 0.387 0.000 0.336 0.308 0.364 0.286 0.306 0.000 0.000 0.302 0.252 0.000 0.191 0.000 0.235)  0.000 0.000 0.000 0.000 0.000 0.000 0.000 0.000 0.000 0.000 0.000 0.000 0.000 0.000 0.000 0.000 0.000 0.000 0.000 0.000 0.000 0.000 0.000 0.000 0.000 0.000 0.000 0.000 0.000 0.000 0.000 0.000 0.000 0.000 0.000 0.000 0.000 0.000 0.000 0.000 0.000 0.112 0.182 0.196 0.000 0.088 0.000 0.178 0.145 0.238 0.301 0.000 0.258 0.240 0.215 0.183 0.151 0.000 0.000 0.208 0.000 0.000 0.000 0.000 0.000 0.000 0.000 0.000 0.000 0.000 0.000 0.000 0.000 0.000 0.000 0.000 0.000 0.000 0.000 0.000 0.000 0.000 0.000 0.000 0.135 0.000 0.145 0.000 0.130)  0.000 0.000 0.000 0.546 0.482 0.000 0.000 0.000 0.000 0.000 0.000 0.000 0.463 0.505 0.000 0.000 0.000 0.000 0.000 0.000 0.462 0.000 0.000 0.000 0.556 0.000 0.000 0.130 0.000 0.251 0.000 0.000 0.000 0.000 0.000 0.379 0.000 0.000 0.000 0.000 0.214 0.000 0.000 0.000 0.215 0.000 0.262 0.000 0.000 0.000 0.000 0.264 0.000 0.000 0.000 0.000 0.000 0.244 0.000 0.000 0.000 0.000 0.224 0.000 0.000 0.000 0.247 0.000 0.000 0.000 0.196 0.000 0.212 0.000 0.000 0.327 0.000 0.000 0.000 0.000 0.000 0.345 0.000 0.000 0.000 0.254 0.000 0.245 0.000)  0.000 0.000 0.000 0.000 0.000 0.000 0.000 0.000 0.000 0.000 0.000 0.000 0.000 0.000 0.000 0.000 0.000 0.000 0.000 0.000 0.000 0.000 0.000 0.000 0.000 0.000 0.000 0.000 0.000 0.259 0.000 0.000 0.000 0.000 0.000 0.142 0.000 0.000 0.000 0.000 0.197 0.000 0.000 0.000 0.163 0.000 0.170 0.000 0.000 0.000 0.000 0.000 0.000 0.000 0.000 0.000 0.000 0.000 0.000 0.000 0.000 0.000 0.000 0.000 0.000 0.000 0.000 0.000 0.000 0.000 0.000 0.000 0.000 0.000 0.000 0.000 0.000 0.000 0.000 0.000 0.000 0.000 0.000 0.000 0.000 0.120 0.000 0.135 0.000)  0.000 0.000 0.000 0.000 0.518 0.000 0.000 0.000 0.000 0.000 0.000 0.000 0.000 0.495 0.000 0.000 0.000 0.000 0.000 0.000 0.538 0.000 0.000 0.000 0.444 0.000 0.000 0.000 0.000 0.252 0.000 0.000 0.000 0.000 0.000 0.338 0.000 0.000 0.000 0.000 0.196 0.000 0.000 0.000 0.192 0.000 0.233 0.000 0.000 0.000 0.000 0.258 0.000 0.000 0.000 0.000 0.000 0.409 0.000 0.000 0.000 0.000 0.212 0.000 0.000 0.000 0.397 0.000 0.000 0.000 0.199 0.000 0.198 0.000 0.000 0.317 0.000 0.000 0.000 0.000 0.000 0.354 0.000 0.000 0.000 0.243 0.000 0.239 0.000)  0.000 0.000 0.000 0.000 0.000 0.000 0.000 0.000 0.000 0.000 0.000 0.000 0.000 0.000 0.000 0.000 0.000 0.000 0.000 0.000 0.000 0.000 0.000 0.000 0.000 0.000 0.000 0.000 0.000 0.000 0.000 0.000 0.000 0.000 0.000 0.000 0.000 0.000 0.000 0.000 0.000 0.000 0.000 0.000 0.000 0.000 0.000 0.000 0.000 0.000 0.000 0.000 0.000 0.000 0.000 0.000 0.000 0.000 0.000 0.000 0.000 0.000 0.209 0.000 0.000 0.000 0.000 0.000 0.000 0.000 0.204 0.000 0.215 0.000 0.000 0.000 0.000 0.000 0.000 0.000 0.000 0.000 0.000 0.000 0.000 0.000 0.000 0.000 0.000)  0.000 0.000 0.000 0.000 0.000 0.000 0.000 0.000 0.000 0.000 0.000 0.000 0.000 0.000 0.000 0.000 0.000 0.000 0.000 0.000 0.000 0.000 0.000 0.000 0.000 0.000 0.000 0.000 0.000 0.000 0.000 0.000 0.000 0.000 0.000 0.000 0.000 0.000 0.000 0.000 0.000 0.000 0.000 0.000 0.000 0.000 0.000 0.000 0.000 0.000 0.000 0.000 0.000 0.000 0.000 0.000 0.000 0.000 0.000 0.000 0.000 0.000 0.172 0.000 0.000 0.000 0.190 0.000 0.000 0.000 0.216 0.000 0.205 0.000 0.000 0.000 0.000 0.000 0.000 0.000 0.000 0.000 0.000 0.000 0.000 0.000 0.000 0.000 0.000)  0.000 0.000 0.000 0.000 0.000 0.000 0.000 0.000 0.000 0.000 0.000 0.000 0.000 0.000 0.000 0.000 0.000 0.000 0.000 0.000 0.000 0.000 0.000 0.000 0.000 0.000 0.000 0.000 0.000 0.238 0.000 0.000 0.000 0.000 0.000 0.140 0.000 0.000 0.000 0.000 0.205 0.000 0.000 0.000 0.232 0.000 0.216 0.000 0.000 0.000 0.000 0.236 0.000 0.000 0.000 0.000 0.000 0.185 0.000 0.000 0.000 0.000 0.183 0.000 0.000 0.000 0.166 0.000 0.000 0.000 0.185 0.000 0.170 0.000 0.000 0.356 0.000 0.000 0.000 0.000 0.000 0.302 0.000 0.000 0.000 0.247 0.000 0.251 0.000)  0.000 0.000 0.000 0.000 0.000 0.000 0.000 0.000 0.000 0.000 0.000 0.000 0.000 0.000 0.000 0.000 0.000 0.000 0.000 0.000 0.000 0.000 0.000 0.000 0.000 0.000 0.000 0.000 0.000 0.000 0.000 0.000 0.000 0.000 0.000 0.000 0.000 0.000 0.000 0.000 0.188 0.000 0.000 0.000 0.199 0.000 0.119 0.000 0.000 0.000 0.000 0.242 0.000 0.000 0.000 0.000 0.000 0.162 0.000 0.000 0.000 0.000 0.000 0.000 0.000 0.000 0.000 0.000 0.000 0.000 0.000 0.000 0.000 0.000 0.000 0.000 0.000 0.000 0.000 0.000 0.000 0.000 0.000 0.000 0.000 0.137 0.000 0.130 0.000)  
licking: (1.000 1.000 1.000 1.000 1.000 1.000 1.000 1.000 1.000 1.000 1.000 1.000 1.000 1.000 1.000 1.000 1.000 1.000 0.921 0.853 0.606 0.784 0.932 0.842 0.836 0.653 1.000 1.000 1.000 1.000 1.000 1.000 1.000 0.842 0.882 0.903 0.766 0.930 1.000 1.000 1.000 1.000 1.000 1.000 1.000 1.000 1.000 1.000 1.000 1.000 1.000 1.000 1.000 1.000 1.000 0.898 0.908 0.893 0.904 0.935 1.000 1.000 1.000 1.000 0.895 0.930 0.915 0.908 0.924 1.000 1.000 1.000 1.000 1.000 1.000 1.000 1.000 1.000 1.000 0.947 0.935 0.924 0.880 0.917 1.000 1.000 1.000 1.000 1.000)  0.000 0.000 0.000 0.000 0.000 0.000 0.000 0.000 0.000 0.000 0.000 0.000 0.000 0.000 0.000 0.000 0.000 0.000 0.079 0.147 0.394 0.216 0.068 0.158 0.164 0.347 0.000 0.000 0.000 0.000 0.000 0.000 0.000 0.158 0.118 0.097 0.234 0.070 0.000 0.000 0.000 0.000 0.000 0.000 0.000 0.000 0.000 0.000 0.000 0.000 0.000 0.000 0.000 0.000 0.000 0.102 0.092 0.107 0.096 0.065 0.000 0.000 0.000 0.000 0.105 0.070 0.085 0.092 0.076 0.000 0.000 0.000 0.000 0.000 0.000 0.000 0.000 0.000 0.000 0.053 0.065 0.076 0.120 0.083 0.000 0.000 0.000 0.000 0.000)  
position: (0.252 0.254 0.234 0.240 0.246 0.238 0.250 0.268 0.255 0.266 0.253 0.258 0.248 0.240 0.253 0.249 0.259 0.252 0.245 0.247 0.253 0.255 0.238 0.254 0.241 0.227 0.262 0.252 0.279 0.253 0.251 0.251 0.260 0.248 0.257 0.237 0.238 0.248 0.247 0.251 0.250 0.261 0.252 0.258 0.263 0.259 0.252 0.261 0.261 0.244 0.261 0.250 0.250 0.252 0.243 0.245 0.241 0.237 0.236 0.247 0.250 0.249 0.250 0.259 0.252 0.244 0.235 0.240 0.239 0.251 0.242 0.255 0.246 0.249 0.276 0.249 0.247 0.247 0.242 0.245 0.244 0.242 0.241 0.244 0.248 0.246 0.267 0.254 0.267)  0.251 0.256 0.250 0.249 0.248 0.248 0.250 0.252 0.255 0.253 0.255 0.259 0.248 0.246 0.234 0.248 0.247 0.247 0.235 0.253 0.254 0.255 0.256 0.250 0.250 0.249 0.253 0.249 0.264 0.247 0.243 0.251 0.247 0.245 0.252 0.245 0.248 0.251 0.248 0.252 0.244 0.246 0.247 0.247 0.253 0.248 0.247 0.246 0.252 0.250 0.246 0.246 0.249 0.253 0.251 0.242 0.246 0.252 0.243 0.245 0.257 0.254 0.250 0.256 0.248 0.254 0.256 0.250 0.253 0.245 0.237 0.250 0.244 0.250 0.248 0.240 0.249 0.255 0.252 0.244 0.246 0.253 0.242 0.253 0.239 0.240 0.245 0.244 0.246)  0.249 0.250 0.253 0.252 0.241 0.247 0.250 0.245 0.247 0.244 0.249 0.247 0.252 0.272 0.236 0.252 0.251 0.248 0.249 0.248 0.247 0.243 0.255 0.252 0.255 0.257 0.244 0.250 0.242 0.252 0.237 0.250 0.246 0.253 0.247 0.252 0.248 0.250 0.251 0.248 0.248 0.247 0.251 0.247 0.244 0.246 0.249 0.252 0.248 0.249 0.244 0.255 0.255 0.252 0.256 0.252 0.258 0.255 0.245 0.253 0.247 0.251 0.254 0.248 0.251 0.255 0.256 0.259 0.260 0.248 0.245 0.248 0.250 0.248 0.238 0.250 0.247 0.249 0.254 0.249 0.260 0.255 0.251 0.253 0.236 0.240 0.241 0.246 0.243)  0.248 0.241 0.264 0.260 0.265 0.266 0.251 0.235 0.243 0.237 0.243 0.236 0.251 0.243 0.277 0.251 0.243 0.253 0.271 0.252 0.245 0.246 0.251 0.245 0.254 0.267 0.241 0.249 0.215 0.249 0.269 0.248 0.247 0.254 0.243 0.266 0.266 0.251 0.254 0.249 0.259 0.246 0.250 0.248 0.241 0.247 0.252 0.241 0.239 0.257 0.249 0.249 0.245 0.244 0.250 0.261 0.255 0.255 0.275 0.255 0.245 0.246 0.246 0.237 0.249 0.247 0.253 0.252 0.248 0.256 0.276 0.247 0.260 0.253 0.238 0.261 0.257 0.249 0.251 0.262 0.250 0.250 0.265 0.250 0.277 0.274 0.247 0.256 0.243)  
running_speed: (0.135 0.157 0.665 0.488 0.163 0.213 0.956 0.576 0.118 0.557 0.137 0.411 0.125 0.164 0.274 0.350 0.498 0.207 0.343 0.193 0.578 0.817 0.039 0.312 0.378 0.413 0.401 0.164 0.519 0.142 0.184 0.219 0.358 0.326 0.371 0.362 0.233 0.066 0.216 0.409 0.153 0.167 0.222 0.135 0.175 0.156 0.128 0.127 0.198 0.191 0.368 0.272 0.071 0.251 0.477 0.195 0.229 0.267 0.386 0.108 0.247 0.238 0.242 0.123 0.349 0.336 0.376 0.128 0.157 0.187 0.186 0.168 0.174 0.168 0.416 0.161 0.108 0.313 0.503 0.174 0.173 0.225 0.422 0.155 0.155 0.121 0.106 0.088 0.197)  0.253 0.298 0.272 0.445 0.133 0.093 0.042 0.260 0.334 0.355 0.148 0.362 0.188 0.104 0.348 0.281 0.374 0.225 0.121 0.333 0.387 0.178 0.123 0.380 0.408 0.370 0.345 0.181 0.309 0.112 0.441 0.293 0.435 0.309 0.372 0.359 0.519 0.089 0.251 0.293 0.129 0.113 0.200 0.172 0.232 0.087 0.064 0.125 0.233 0.210 0.301 0.250 0.107 0.320 0.310 0.192 0.283 0.431 0.435 0.223 0.223 0.267 0.218 0.246 0.416 0.405 0.397 0.274 0.266 0.200 0.112 0.162 0.154 0.187 0.292 0.128 0.299 0.347 0.313 0.191 0.280 0.350 0.451 0.230 0.150 0.124 0.225 0.102 0.299)  0.553 0.352 0.061 0.067 0.186 0.125 0.002 0.161 0.355 0.082 0.335 0.222 0.425 0.126 0.207 0.223 0.127 0.462 0.124 0.286 0.028 0.005 0.213 0.204 0.198 0.188 0.204 0.335 0.154 0.179 0.241 0.327 0.205 0.252 0.240 0.235 0.228 0.195 0.456 0.217 0.190 0.296 0.258 0.254 0.318 0.142 0.122 0.190 0.364 0.250 0.262 0.244 0.200 0.235 0.163 0.304 0.415 0.235 0.158 0.399 0.241 0.213 0.217 0.236 0.230 0.258 0.184 0.352 0.351 0.227 0.211 0.237 0.237 0.316 0.226 0.162 0.273 0.230 0.139 0.328 0.410 0.317 0.121 0.358 0.332 0.233 0.326 0.290 0.320)  0.059 0.194 0.002 0.000 0.519 0.569 0.000 0.003 0.193 0.006 0.380 0.005 0.262 0.606 0.170 0.146 0.001 0.106 0.413 0.188 0.007 0.000 0.625 0.104 0.016 0.030 0.050 0.319 0.018 0.567 0.134 0.160 0.002 0.113 0.017 0.044 0.020 0.651 0.077 0.081 0.527 0.424 0.320 0.440 0.274 0.615 0.685 0.559 0.206 0.349 0.068 0.233 0.622 0.195 0.050 0.309 0.073 0.067 0.020 0.270 0.289 0.281 0.323 0.395 0.006 0.002 0.043 0.246 0.226 0.386 0.491 0.433 0.434 0.329 0.066 0.549 0.320 0.111 0.045 0.307 0.137 0.108 0.005 0.257 0.363 0.522 0.343 0.521 0.184)  
Brain region: V1: 1833035 neurons, mHV: 1108860 neurons, aHV: 668180 neurons, lHV: 495318 neurons, unassigned: 585641 neurons  
Data verification complete.
