Data format is valid, no errors or warnings.
Number of sessions: 174
Total number of trials: 90997
Number of trials per session: [367, 158, 517, 205, 519, 530, 500, 659, 520, 519, 529, 139, 582, 436, 524, 520, 570, 442, 443, 480, 439, 529, 580, 601, 438, 683, 539, 459, 280, 500, 691, 659, 799, 659, 689, 429, 660, 560, 610, 504, 749, 579, 549, 523, 568, 541, 512, 425, 377, 388, 428, 414, 457, 443, 401, 396, 576, 551, 487, 465, 664, 423, 543, 497, 434, 492, 420, 469, 453, 404, 481, 634, 518, 599, 493, 469, 319, 526, 529, 625, 460, 529, 579, 639, 409, 449, 263, 439, 519, 469, 665, 699, 529, 539, 489, 499, 539, 609, 559, 499, 519, 719, 539, 623, 679, 514, 478, 493, 474, 512, 468, 532, 326, 438, 376, 567, 552, 560, 495, 534, 547, 621, 519, 623, 599, 600, 539, 503, 619, 664, 552, 449, 569, 475, 541, 444, 616, 418, 533, 502, 483, 626, 655, 643, 694, 637, 605, 639, 532, 519, 495, 413, 490, 546, 585, 406, 522, 536, 470, 639, 478, 521, 589, 517, 630, 559, 500, 607, 661, 546, 490, 688, 451, 625]
Number of subjects: 28
Number of brain regions: 14
Number of sessions per subject:
  Subject 440956: 4 sessions
  Subject 440957: 4 sessions
  Subject 440958: 5 sessions
  Subject 440959: 8 sessions
  Subject 441666: 5 sessions
  Subject 442571: 5 sessions
  Subject 449141: 6 sessions
  Subject 455219: 4 sessions
  Subject 455220: 6 sessions
  Subject 456772: 10 sessions
  Subject 456773: 4 sessions
  Subject 456774: 3 sessions
  Subject 460432: 4 sessions
  Subject 460434: 4 sessions
  Subject 460436: 4 sessions
  Subject 479121: 6 sessions
  Subject 479149: 7 sessions
  Subject 480133: 9 sessions
  Subject 480134: 7 sessions
  Subject 480135: 7 sessions
  Subject 480927: 10 sessions
  Subject 480928: 9 sessions
  Subject 484672: 6 sessions
  Subject 484673: 9 sessions
  Subject 484674: 9 sessions
  Subject 484675: 6 sessions
  Subject 484676: 7 sessions
  Subject 484677: 6 sessions
Input dimension: 2
Output dimension: 4
Summary statistics (across all sessions):
  T: mean: 80.00, median: 80.00, min: 80, max: 80
  n_neurons: mean: 890.51', min: 220, max: 1998
  Input range:
    time_from_tone_onset_sec: [-0.6, 3.3]
    photostim_on: [0.0, 1.0]
  Output range:
    choice: [0.0, 1.0]
    outcome: [0.0, 2.0]
    early_lick: [0.0, 1.0]
    tongue_y_pos_discrete: [0.0, 2.0]
  Unique outputs per dimension (fraction of data):
    choice: {left (0.485), right (0.515)}
    outcome: {ignore (0.149), miss (0.166), hit (0.684)}
    early_lick: {no (0.885), yes (0.115)}
    tongue_y_pos_discrete: {lt_40pct (0.080), 40_to_60pct (0.901), gt_60pct (0.019)}
  Brain region distribution:
    left ALM: 25817 neurons
    right ALM: 24428 neurons
    left Striatum: 13050 neurons
    right Striatum: 14951 neurons
    left Thalamus: 13191 neurons
    left Midbrain: 13853 neurons
    right Midbrain: 14130 neurons
    right Thalamus: 10259 neurons
    left Medulla: 7102 neurons
    right Medulla: 5452 neurons
    left ECT: 5543 neurons
    right ECT: 2480 neurons
    left BLA: 2489 neurons
    right BLA: 2203 neurons

Per-session statistics:
  Mean T: 80.0, 80.0, 80.0, 80.0, 80.0, 80.0, 80.0, 80.0, 80.0, 80.0, 80.0, 80.0, 80.0, 80.0, 80.0, 80.0, 80.0, 80.0, 80.0, 80.0, 80.0, 80.0, 80.0, 80.0, 80.0, 80.0, 80.0, 80.0, 80.0, 80.0, 80.0, 80.0, 80.0, 80.0, 80.0, 80.0, 80.0, 80.0, 80.0, 80.0, 80.0, 80.0, 80.0, 80.0, 80.0, 80.0, 80.0, 80.0, 80.0, 80.0, 80.0, 80.0, 80.0, 80.0, 80.0, 80.0, 80.0, 80.0, 80.0, 80.0, 80.0, 80.0, 80.0, 80.0, 80.0, 80.0, 80.0, 80.0, 80.0, 80.0, 80.0, 80.0, 80.0, 80.0, 80.0, 80.0, 80.0, 80.0, 80.0, 80.0, 80.0, 80.0, 80.0, 80.0, 80.0, 80.0, 80.0, 80.0, 80.0, 80.0, 80.0, 80.0, 80.0, 80.0, 80.0, 80.0, 80.0, 80.0, 80.0, 80.0, 80.0, 80.0, 80.0, 80.0, 80.0, 80.0, 80.0, 80.0, 80.0, 80.0, 80.0, 80.0, 80.0, 80.0, 80.0, 80.0, 80.0, 80.0, 80.0, 80.0, 80.0, 80.0, 80.0, 80.0, 80.0, 80.0, 80.0, 80.0, 80.0, 80.0, 80.0, 80.0, 80.0, 80.0, 80.0, 80.0, 80.0, 80.0, 80.0, 80.0, 80.0, 80.0, 80.0, 80.0, 80.0, 80.0, 80.0, 80.0, 80.0, 80.0, 80.0, 80.0, 80.0, 80.0, 80.0, 80.0, 80.0, 80.0, 80.0, 80.0, 80.0, 80.0, 80.0, 80.0, 80.0, 80.0, 80.0, 80.0, 80.0, 80.0, 80.0, 80.0, 80.0, 80.0
  Min T: 80, 80, 80, 80, 80, 80, 80, 80, 80, 80, 80, 80, 80, 80, 80, 80, 80, 80, 80, 80, 80, 80, 80, 80, 80, 80, 80, 80, 80, 80, 80, 80, 80, 80, 80, 80, 80, 80, 80, 80, 80, 80, 80, 80, 80, 80, 80, 80, 80, 80, 80, 80, 80, 80, 80, 80, 80, 80, 80, 80, 80, 80, 80, 80, 80, 80, 80, 80, 80, 80, 80, 80, 80, 80, 80, 80, 80, 80, 80, 80, 80, 80, 80, 80, 80, 80, 80, 80, 80, 80, 80, 80, 80, 80, 80, 80, 80, 80, 80, 80, 80, 80, 80, 80, 80, 80, 80, 80, 80, 80, 80, 80, 80, 80, 80, 80, 80, 80, 80, 80, 80, 80, 80, 80, 80, 80, 80, 80, 80, 80, 80, 80, 80, 80, 80, 80, 80, 80, 80, 80, 80, 80, 80, 80, 80, 80, 80, 80, 80, 80, 80, 80, 80, 80, 80, 80, 80, 80, 80, 80, 80, 80, 80, 80, 80, 80, 80, 80, 80, 80, 80, 80, 80, 80
  Max T: 80, 80, 80, 80, 80, 80, 80, 80, 80, 80, 80, 80, 80, 80, 80, 80, 80, 80, 80, 80, 80, 80, 80, 80, 80, 80, 80, 80, 80, 80, 80, 80, 80, 80, 80, 80, 80, 80, 80, 80, 80, 80, 80, 80, 80, 80, 80, 80, 80, 80, 80, 80, 80, 80, 80, 80, 80, 80, 80, 80, 80, 80, 80, 80, 80, 80, 80, 80, 80, 80, 80, 80, 80, 80, 80, 80, 80, 80, 80, 80, 80, 80, 80, 80, 80, 80, 80, 80, 80, 80, 80, 80, 80, 80, 80, 80, 80, 80, 80, 80, 80, 80, 80, 80, 80, 80, 80, 80, 80, 80, 80, 80, 80, 80, 80, 80, 80, 80, 80, 80, 80, 80, 80, 80, 80, 80, 80, 80, 80, 80, 80, 80, 80, 80, 80, 80, 80, 80, 80, 80, 80, 80, 80, 80, 80, 80, 80, 80, 80, 80, 80, 80, 80, 80, 80, 80, 80, 80, 80, 80, 80, 80, 80, 80, 80, 80, 80, 80, 80, 80, 80, 80, 80, 80
  n_neurons: 1222, 1014, 731, 1160, 1421, 1324, 652, 505, 835, 958, 964, 1201, 1079, 438, 326, 735, 916, 1125, 871, 954, 656, 859, 911, 900, 1211, 794, 853, 1340, 981, 1092, 1057, 1326, 1181, 1102, 1193, 1307, 1076, 975, 995, 884, 1201, 719, 1096, 1137, 896, 937, 934, 220, 360, 425, 366, 564, 315, 568, 662, 572, 528, 1126, 785, 959, 880, 1154, 671, 475, 606, 701, 703, 453, 421, 653, 519, 406, 751, 552, 522, 545, 1189, 745, 1268, 1060, 816, 303, 473, 531, 943, 1140, 989, 619, 572, 322, 484, 813, 938, 1285, 1439, 488, 933, 958, 1061, 988, 1540, 997, 760, 1305, 1428, 1166, 1417, 1451, 1087, 1033, 707, 588, 1309, 835, 1072, 1403, 830, 460, 1110, 786, 958, 577, 1306, 1203, 1078, 1058, 1121, 1340, 1998, 1434, 1688, 525, 1032, 446, 761, 891, 459, 964, 1139, 938, 1027, 690, 600, 857, 1101, 901, 751, 602, 1181, 491, 781, 707, 653, 800, 704, 688, 640, 829, 681, 688, 422, 1201, 983, 740, 723, 1187, 1119, 756, 1167, 895, 810, 1431, 1083, 996
  Input range:
    0: [-0.6, 3.3] [-0.6, 3.3] [-0.6, 3.3] [-0.6, 3.3] [-0.6, 3.3] [-0.6, 3.3] [-0.6, 3.3] [-0.6, 3.3] [-0.6, 3.3] [-0.6, 3.3] [-0.6, 3.3] [-0.6, 3.3] [-0.6, 3.3] [-0.6, 3.3] [-0.6, 3.3] [-0.6, 3.3] [-0.6, 3.3] [-0.6, 3.3] [-0.6, 3.3] [-0.6, 3.3] [-0.6, 3.3] [-0.6, 3.3] [-0.6, 3.3] [-0.6, 3.3] [-0.6, 3.3] [-0.6, 3.3] [-0.6, 3.3] [-0.6, 3.3] [-0.6, 3.3] [-0.6, 3.3] [-0.6, 3.3] [-0.6, 3.3] [-0.6, 3.3] [-0.6, 3.3] [-0.6, 3.3] [-0.6, 3.3] [-0.6, 3.3] [-0.6, 3.3] [-0.6, 3.3] [-0.6, 3.3] [-0.6, 3.3] [-0.6, 3.3] [-0.6, 3.3] [-0.6, 3.3] [-0.6, 3.3] [-0.6, 3.3] [-0.6, 3.3] [-0.6, 3.3] [-0.6, 3.3] [-0.6, 3.3] [-0.6, 3.3] [-0.6, 3.3] [-0.6, 3.3] [-0.6, 3.3] [-0.6, 3.3] [-0.6, 3.3] [-0.6, 3.3] [-0.6, 3.3] [-0.6, 3.3] [-0.6, 3.3] [-0.6, 3.3] [-0.6, 3.3] [-0.6, 3.3] [-0.6, 3.3] [-0.6, 3.3] [-0.6, 3.3] [-0.6, 3.3] [-0.6, 3.3] [-0.6, 3.3] [-0.6, 3.3] [-0.6, 3.3] [-0.6, 3.3] [-0.6, 3.3] [-0.6, 3.3] [-0.6, 3.3] [-0.6, 3.3] [-0.6, 3.3] [-0.6, 3.3] [-0.6, 3.3] [-0.6, 3.3] [-0.6, 3.3] [-0.6, 3.3] [-0.6, 3.3] [-0.6, 3.3] [-0.6, 3.3] [-0.6, 3.3] [-0.6, 3.3] [-0.6, 3.3] [-0.6, 3.3] [-0.6, 3.3] [-0.6, 3.3] [-0.6, 3.3] [-0.6, 3.3] [-0.6, 3.3] [-0.6, 3.3] [-0.6, 3.3] [-0.6, 3.3] [-0.6, 3.3] [-0.6, 3.3] [-0.6, 3.3] [-0.6, 3.3] [-0.6, 3.3] [-0.6, 3.3] [-0.6, 3.3] [-0.6, 3.3] [-0.6, 3.3] [-0.6, 3.3] [-0.6, 3.3] [-0.6, 3.3] [-0.6, 3.3] [-0.6, 3.3] [-0.6, 3.3] [-0.6, 3.3] [-0.6, 3.3] [-0.6, 3.3] [-0.6, 3.3] [-0.6, 3.3] [-0.6, 3.3] [-0.6, 3.3] [-0.6, 3.3] [-0.6, 3.3] [-0.6, 3.3] [-0.6, 3.3] [-0.6, 3.3] [-0.6, 3.3] [-0.6, 3.3] [-0.6, 3.3] [-0.6, 3.3] [-0.6, 3.3] [-0.6, 3.3] [-0.6, 3.3] [-0.6, 3.3] [-0.6, 3.3] [-0.6, 3.3] [-0.6, 3.3] [-0.6, 3.3] [-0.6, 3.3] [-0.6, 3.3] [-0.6, 3.3] [-0.6, 3.3] [-0.6, 3.3] [-0.6, 3.3] [-0.6, 3.3] [-0.6, 3.3] [-0.6, 3.3] [-0.6, 3.3] [-0.6, 3.3] [-0.6, 3.3] [-0.6, 3.3] [-0.6, 3.3] [-0.6, 3.3] [-0.6, 3.3] [-0.6, 3.3] [-0.6, 3.3] [-0.6, 3.3] [-0.6, 3.3] [-0.6, 3.3] [-0.6, 3.3] [-0.6, 3.3] [-0.6, 3.3] [-0.6, 3.3] [-0.6, 3.3] [-0.6, 3.3] [-0.6, 3.3] [-0.6, 3.3] [-0.6, 3.3] [-0.6, 3.3] [-0.6, 3.3] [-0.6, 3.3] [-0.6, 3.3] [-0.6, 3.3] [-0.6, 3.3] [-0.6, 3.3] [-0.6, 3.3] 
    1: [0.0, 1.0] [0.0, 1.0] [0.0, 1.0] [0.0, 1.0] [0.0, 1.0] [0.0, 1.0] [0.0, 1.0] [0.0, 1.0] [0.0, 1.0] [0.0, 1.0] [0.0, 1.0] [0.0, 1.0] [0.0, 1.0] [0.0, 1.0] [0.0, 1.0] [0.0, 1.0] [0.0, 0.0] [0.0, 1.0] [0.0, 1.0] [0.0, 1.0] [0.0, 1.0] [0.0, 1.0] [0.0, 1.0] [0.0, 1.0] [0.0, 1.0] [0.0, 1.0] [0.0, 1.0] [0.0, 1.0] [0.0, 1.0] [0.0, 1.0] [0.0, 1.0] [0.0, 1.0] [0.0, 1.0] [0.0, 1.0] [0.0, 1.0] [0.0, 1.0] [0.0, 1.0] [0.0, 1.0] [0.0, 1.0] [0.0, 1.0] [0.0, 1.0] [0.0, 1.0] [0.0, 1.0] [0.0, 1.0] [0.0, 1.0] [0.0, 1.0] [0.0, 1.0] [0.0, 1.0] [0.0, 1.0] [0.0, 1.0] [0.0, 1.0] [0.0, 1.0] [0.0, 1.0] [0.0, 1.0] [0.0, 1.0] [0.0, 1.0] [0.0, 1.0] [0.0, 1.0] [0.0, 1.0] [0.0, 1.0] [0.0, 1.0] [0.0, 1.0] [0.0, 1.0] [0.0, 1.0] [0.0, 1.0] [0.0, 1.0] [0.0, 1.0] [0.0, 1.0] [0.0, 1.0] [0.0, 1.0] [0.0, 1.0] [0.0, 1.0] [0.0, 1.0] [0.0, 1.0] [0.0, 1.0] [0.0, 1.0] [0.0, 1.0] [0.0, 1.0] [0.0, 1.0] [0.0, 1.0] [0.0, 1.0] [0.0, 1.0] [0.0, 0.0] [0.0, 1.0] [0.0, 0.0] [0.0, 0.0] [0.0, 1.0] [0.0, 1.0] [0.0, 1.0] [0.0, 0.0] [0.0, 1.0] [0.0, 1.0] [0.0, 0.0] [0.0, 1.0] [0.0, 1.0] [0.0, 1.0] [0.0, 1.0] [0.0, 1.0] [0.0, 1.0] [0.0, 1.0] [0.0, 1.0] [0.0, 1.0] [0.0, 1.0] [0.0, 1.0] [0.0, 1.0] [0.0, 1.0] [0.0, 1.0] [0.0, 1.0] [0.0, 1.0] [0.0, 1.0] [0.0, 1.0] [0.0, 1.0] [0.0, 1.0] [0.0, 1.0] [0.0, 1.0] [0.0, 1.0] [0.0, 1.0] [0.0, 1.0] [0.0, 1.0] [0.0, 1.0] [0.0, 1.0] [0.0, 1.0] [0.0, 1.0] [0.0, 1.0] [0.0, 1.0] [0.0, 1.0] [0.0, 1.0] [0.0, 1.0] [0.0, 1.0] [0.0, 1.0] [0.0, 1.0] [0.0, 1.0] [0.0, 1.0] [0.0, 1.0] [0.0, 1.0] [0.0, 1.0] [0.0, 1.0] [0.0, 1.0] [0.0, 1.0] [0.0, 1.0] [0.0, 1.0] [0.0, 1.0] [0.0, 1.0] [0.0, 1.0] [0.0, 1.0] [0.0, 1.0] [0.0, 1.0] [0.0, 1.0] [0.0, 1.0] [0.0, 1.0] [0.0, 1.0] [0.0, 1.0] [0.0, 1.0] [0.0, 1.0] [0.0, 1.0] [0.0, 1.0] [0.0, 1.0] [0.0, 1.0] [0.0, 1.0] [0.0, 1.0] [0.0, 1.0] [0.0, 1.0] [0.0, 1.0] [0.0, 1.0] [0.0, 1.0] [0.0, 1.0] [0.0, 1.0] [0.0, 1.0] [0.0, 1.0] [0.0, 1.0] [0.0, 1.0] [0.0, 1.0] [0.0, 1.0] [0.0, 1.0] 
  Output range:
    0: [0.0, 1.0] [0.0, 1.0] [0.0, 1.0] [0.0, 1.0] [0.0, 1.0] [0.0, 1.0] [0.0, 1.0] [0.0, 1.0] [0.0, 1.0] [0.0, 1.0] [0.0, 1.0] [0.0, 1.0] [0.0, 1.0] [0.0, 1.0] [0.0, 1.0] [0.0, 1.0] [0.0, 1.0] [0.0, 1.0] [0.0, 1.0] [0.0, 1.0] [0.0, 1.0] [0.0, 1.0] [0.0, 1.0] [0.0, 1.0] [0.0, 1.0] [0.0, 1.0] [0.0, 1.0] [0.0, 1.0] [0.0, 1.0] [0.0, 1.0] [0.0, 1.0] [0.0, 1.0] [0.0, 1.0] [0.0, 1.0] [0.0, 1.0] [0.0, 1.0] [0.0, 1.0] [0.0, 1.0] [0.0, 1.0] [0.0, 1.0] [0.0, 1.0] [0.0, 1.0] [0.0, 1.0] [0.0, 1.0] [0.0, 1.0] [0.0, 1.0] [0.0, 1.0] [0.0, 1.0] [0.0, 1.0] [0.0, 1.0] [0.0, 1.0] [0.0, 1.0] [0.0, 1.0] [0.0, 1.0] [0.0, 1.0] [0.0, 1.0] [0.0, 1.0] [0.0, 1.0] [0.0, 1.0] [0.0, 1.0] [0.0, 1.0] [0.0, 1.0] [0.0, 1.0] [0.0, 1.0] [0.0, 1.0] [0.0, 1.0] [0.0, 1.0] [0.0, 1.0] [0.0, 1.0] [0.0, 1.0] [0.0, 1.0] [0.0, 1.0] [0.0, 1.0] [0.0, 1.0] [0.0, 1.0] [0.0, 1.0] [0.0, 1.0] [0.0, 1.0] [0.0, 1.0] [0.0, 1.0] [0.0, 1.0] [0.0, 1.0] [0.0, 1.0] [0.0, 1.0] [0.0, 1.0] [0.0, 1.0] [0.0, 1.0] [0.0, 1.0] [0.0, 1.0] [0.0, 1.0] [0.0, 1.0] [0.0, 1.0] [0.0, 1.0] [0.0, 1.0] [0.0, 1.0] [0.0, 1.0] [0.0, 1.0] [0.0, 1.0] [0.0, 1.0] [0.0, 1.0] [0.0, 1.0] [0.0, 1.0] [0.0, 1.0] [0.0, 1.0] [0.0, 1.0] [0.0, 1.0] [0.0, 1.0] [0.0, 1.0] [0.0, 1.0] [0.0, 1.0] [0.0, 1.0] [0.0, 1.0] [0.0, 1.0] [0.0, 1.0] [0.0, 1.0] [0.0, 1.0] [0.0, 1.0] [0.0, 1.0] [0.0, 1.0] [0.0, 1.0] [0.0, 1.0] [0.0, 1.0] [0.0, 1.0] [0.0, 1.0] [0.0, 1.0] [0.0, 1.0] [0.0, 1.0] [0.0, 1.0] [0.0, 1.0] [0.0, 1.0] [0.0, 1.0] [0.0, 1.0] [0.0, 1.0] [0.0, 1.0] [0.0, 1.0] [0.0, 1.0] [0.0, 1.0] [0.0, 1.0] [0.0, 1.0] [0.0, 1.0] [0.0, 1.0] [0.0, 1.0] [0.0, 1.0] [0.0, 1.0] [0.0, 1.0] [0.0, 1.0] [0.0, 1.0] [0.0, 1.0] [0.0, 1.0] [0.0, 1.0] [0.0, 1.0] [0.0, 1.0] [0.0, 1.0] [0.0, 1.0] [0.0, 1.0] [0.0, 1.0] [0.0, 1.0] [0.0, 1.0] [0.0, 1.0] [0.0, 1.0] [0.0, 1.0] [0.0, 1.0] [0.0, 1.0] [0.0, 1.0] [0.0, 1.0] [0.0, 1.0] [0.0, 1.0] [0.0, 1.0] [0.0, 1.0] [0.0, 1.0] [0.0, 1.0] [0.0, 1.0] [0.0, 1.0] [0.0, 1.0] 
    1: [0.0, 2.0] [0.0, 2.0] [0.0, 2.0] [0.0, 2.0] [0.0, 2.0] [0.0, 2.0] [0.0, 2.0] [0.0, 2.0] [0.0, 2.0] [0.0, 2.0] [0.0, 2.0] [1.0, 2.0] [1.0, 2.0] [0.0, 2.0] [0.0, 2.0] [0.0, 2.0] [0.0, 2.0] [0.0, 2.0] [0.0, 2.0] [0.0, 2.0] [0.0, 2.0] [0.0, 2.0] [0.0, 2.0] [0.0, 2.0] [0.0, 2.0] [0.0, 2.0] [0.0, 2.0] [0.0, 2.0] [0.0, 2.0] [0.0, 2.0] [0.0, 2.0] [0.0, 2.0] [0.0, 2.0] [0.0, 2.0] [0.0, 2.0] [0.0, 2.0] [0.0, 2.0] [0.0, 2.0] [0.0, 2.0] [0.0, 2.0] [0.0, 2.0] [0.0, 2.0] [0.0, 2.0] [0.0, 2.0] [0.0, 2.0] [0.0, 2.0] [0.0, 2.0] [0.0, 2.0] [0.0, 2.0] [0.0, 2.0] [0.0, 2.0] [0.0, 2.0] [0.0, 2.0] [0.0, 2.0] [0.0, 2.0] [0.0, 2.0] [0.0, 2.0] [0.0, 2.0] [0.0, 2.0] [0.0, 2.0] [0.0, 2.0] [0.0, 2.0] [0.0, 2.0] [0.0, 2.0] [0.0, 2.0] [0.0, 2.0] [0.0, 2.0] [0.0, 2.0] [0.0, 2.0] [0.0, 2.0] [0.0, 2.0] [0.0, 2.0] [0.0, 2.0] [0.0, 2.0] [0.0, 2.0] [0.0, 2.0] [0.0, 2.0] [0.0, 2.0] [0.0, 2.0] [0.0, 2.0] [0.0, 2.0] [0.0, 2.0] [0.0, 2.0] [0.0, 2.0] [0.0, 2.0] [0.0, 2.0] [0.0, 2.0] [0.0, 2.0] [0.0, 2.0] [0.0, 2.0] [0.0, 2.0] [0.0, 2.0] [0.0, 2.0] [0.0, 2.0] [0.0, 2.0] [0.0, 2.0] [0.0, 2.0] [0.0, 2.0] [0.0, 2.0] [0.0, 2.0] [0.0, 2.0] [0.0, 2.0] [0.0, 2.0] [0.0, 2.0] [0.0, 2.0] [0.0, 2.0] [0.0, 2.0] [0.0, 2.0] [0.0, 2.0] [0.0, 2.0] [0.0, 2.0] [0.0, 2.0] [0.0, 2.0] [0.0, 2.0] [0.0, 2.0] [0.0, 2.0] [0.0, 2.0] [0.0, 2.0] [0.0, 2.0] [0.0, 2.0] [0.0, 2.0] [0.0, 2.0] [0.0, 2.0] [0.0, 2.0] [0.0, 2.0] [0.0, 2.0] [0.0, 2.0] [0.0, 2.0] [0.0, 2.0] [0.0, 2.0] [0.0, 2.0] [0.0, 2.0] [0.0, 2.0] [0.0, 2.0] [0.0, 2.0] [0.0, 2.0] [0.0, 2.0] [0.0, 2.0] [0.0, 2.0] [0.0, 2.0] [0.0, 2.0] [0.0, 2.0] [0.0, 2.0] [0.0, 2.0] [0.0, 2.0] [0.0, 2.0] [0.0, 2.0] [0.0, 2.0] [0.0, 2.0] [0.0, 2.0] [0.0, 2.0] [0.0, 2.0] [0.0, 2.0] [0.0, 2.0] [0.0, 2.0] [0.0, 2.0] [0.0, 2.0] [0.0, 2.0] [0.0, 2.0] [0.0, 2.0] [0.0, 2.0] [0.0, 2.0] [0.0, 2.0] [0.0, 2.0] [0.0, 2.0] [0.0, 2.0] [0.0, 2.0] [0.0, 2.0] [0.0, 2.0] [0.0, 2.0] [0.0, 2.0] [0.0, 2.0] [0.0, 2.0] [0.0, 2.0] 
    2: [0.0, 1.0] [0.0, 1.0] [0.0, 1.0] [0.0, 1.0] [0.0, 1.0] [0.0, 1.0] [0.0, 1.0] [0.0, 1.0] [0.0, 1.0] [0.0, 1.0] [0.0, 1.0] [0.0, 1.0] [0.0, 1.0] [0.0, 1.0] [0.0, 1.0] [0.0, 1.0] [0.0, 0.0] [0.0, 1.0] [0.0, 1.0] [0.0, 1.0] [0.0, 1.0] [0.0, 1.0] [0.0, 1.0] [0.0, 1.0] [0.0, 1.0] [0.0, 1.0] [0.0, 1.0] [0.0, 1.0] [0.0, 1.0] [0.0, 1.0] [0.0, 1.0] [0.0, 1.0] [0.0, 1.0] [0.0, 1.0] [0.0, 1.0] [0.0, 1.0] [0.0, 1.0] [0.0, 1.0] [0.0, 1.0] [0.0, 1.0] [0.0, 1.0] [0.0, 1.0] [0.0, 1.0] [0.0, 1.0] [0.0, 1.0] [0.0, 1.0] [0.0, 1.0] [0.0, 1.0] [0.0, 1.0] [0.0, 1.0] [0.0, 1.0] [0.0, 1.0] [0.0, 1.0] [0.0, 1.0] [0.0, 1.0] [0.0, 1.0] [0.0, 1.0] [0.0, 1.0] [0.0, 1.0] [0.0, 1.0] [0.0, 1.0] [0.0, 1.0] [0.0, 1.0] [0.0, 1.0] [0.0, 1.0] [0.0, 1.0] [0.0, 1.0] [0.0, 1.0] [0.0, 1.0] [0.0, 1.0] [0.0, 1.0] [0.0, 1.0] [0.0, 1.0] [0.0, 1.0] [0.0, 1.0] [0.0, 1.0] [0.0, 1.0] [0.0, 1.0] [0.0, 1.0] [0.0, 1.0] [0.0, 1.0] [0.0, 1.0] [0.0, 0.0] [0.0, 1.0] [0.0, 1.0] [0.0, 1.0] [0.0, 1.0] [0.0, 1.0] [0.0, 1.0] [0.0, 0.0] [0.0, 1.0] [0.0, 1.0] [0.0, 1.0] [0.0, 1.0] [0.0, 1.0] [0.0, 1.0] [0.0, 1.0] [0.0, 1.0] [0.0, 1.0] [0.0, 1.0] [0.0, 1.0] [0.0, 1.0] [0.0, 1.0] [0.0, 1.0] [0.0, 1.0] [0.0, 1.0] [0.0, 1.0] [0.0, 1.0] [0.0, 1.0] [0.0, 1.0] [0.0, 1.0] [0.0, 1.0] [0.0, 1.0] [0.0, 1.0] [0.0, 1.0] [0.0, 1.0] [0.0, 1.0] [0.0, 1.0] [0.0, 1.0] [0.0, 1.0] [0.0, 1.0] [0.0, 1.0] [0.0, 1.0] [0.0, 1.0] [0.0, 1.0] [0.0, 1.0] [0.0, 1.0] [0.0, 1.0] [0.0, 1.0] [0.0, 1.0] [0.0, 1.0] [0.0, 1.0] [0.0, 1.0] [0.0, 1.0] [0.0, 1.0] [0.0, 1.0] [0.0, 1.0] [0.0, 1.0] [0.0, 1.0] [0.0, 1.0] [0.0, 1.0] [0.0, 1.0] [0.0, 1.0] [0.0, 1.0] [0.0, 1.0] [0.0, 1.0] [0.0, 1.0] [0.0, 1.0] [0.0, 1.0] [0.0, 1.0] [0.0, 1.0] [0.0, 1.0] [0.0, 1.0] [0.0, 1.0] [0.0, 1.0] [0.0, 1.0] [0.0, 1.0] [0.0, 1.0] [0.0, 1.0] [0.0, 1.0] [0.0, 1.0] [0.0, 1.0] [0.0, 1.0] [0.0, 1.0] [0.0, 1.0] [0.0, 1.0] [0.0, 1.0] [0.0, 1.0] [0.0, 1.0] [0.0, 1.0] [0.0, 1.0] [0.0, 1.0] [0.0, 1.0] [0.0, 1.0] 
    3: [0.0, 2.0] [0.0, 2.0] [0.0, 2.0] [0.0, 2.0] [0.0, 2.0] [0.0, 2.0] [0.0, 2.0] [0.0, 2.0] [0.0, 2.0] [0.0, 2.0] [0.0, 2.0] [0.0, 2.0] [0.0, 2.0] [0.0, 2.0] [0.0, 2.0] [0.0, 2.0] [0.0, 2.0] [0.0, 2.0] [0.0, 2.0] [0.0, 2.0] [0.0, 2.0] [0.0, 2.0] [0.0, 2.0] [0.0, 2.0] [0.0, 2.0] [0.0, 2.0] [0.0, 2.0] [0.0, 2.0] [0.0, 2.0] [0.0, 2.0] [0.0, 2.0] [0.0, 2.0] [0.0, 2.0] [0.0, 2.0] [0.0, 2.0] [0.0, 2.0] [0.0, 2.0] [0.0, 2.0] [0.0, 2.0] [0.0, 2.0] [0.0, 2.0] [0.0, 2.0] [0.0, 2.0] [0.0, 2.0] [0.0, 2.0] [0.0, 2.0] [0.0, 2.0] [0.0, 2.0] [0.0, 2.0] [0.0, 2.0] [0.0, 2.0] [0.0, 2.0] [0.0, 2.0] [0.0, 2.0] [0.0, 2.0] [0.0, 2.0] [0.0, 2.0] [0.0, 2.0] [0.0, 2.0] [0.0, 2.0] [0.0, 2.0] [0.0, 2.0] [0.0, 2.0] [0.0, 2.0] [0.0, 2.0] [0.0, 2.0] [0.0, 2.0] [0.0, 2.0] [0.0, 2.0] [0.0, 2.0] [0.0, 2.0] [0.0, 2.0] [0.0, 2.0] [0.0, 2.0] [0.0, 2.0] [0.0, 2.0] [0.0, 2.0] [0.0, 2.0] [0.0, 2.0] [0.0, 2.0] [0.0, 2.0] [0.0, 2.0] [0.0, 2.0] [0.0, 2.0] [0.0, 2.0] [0.0, 2.0] [0.0, 2.0] [0.0, 2.0] [0.0, 2.0] [0.0, 2.0] [0.0, 2.0] [0.0, 2.0] [0.0, 2.0] [0.0, 2.0] [0.0, 2.0] [0.0, 2.0] [0.0, 2.0] [0.0, 2.0] [0.0, 2.0] [0.0, 2.0] [0.0, 2.0] [0.0, 2.0] [0.0, 2.0] [0.0, 2.0] [0.0, 2.0] [0.0, 2.0] [0.0, 2.0] [0.0, 2.0] [0.0, 2.0] [0.0, 2.0] [0.0, 2.0] [0.0, 2.0] [0.0, 2.0] [0.0, 2.0] [0.0, 2.0] [0.0, 2.0] [0.0, 2.0] [0.0, 2.0] [0.0, 2.0] [0.0, 2.0] [0.0, 2.0] [0.0, 2.0] [0.0, 2.0] [0.0, 2.0] [0.0, 2.0] [0.0, 2.0] [0.0, 2.0] [0.0, 2.0] [0.0, 2.0] [0.0, 2.0] [0.0, 2.0] [0.0, 2.0] [0.0, 2.0] [0.0, 2.0] [0.0, 2.0] [0.0, 2.0] [0.0, 2.0] [0.0, 2.0] [0.0, 2.0] [0.0, 2.0] [0.0, 2.0] [0.0, 2.0] [0.0, 2.0] [0.0, 2.0] [0.0, 2.0] [0.0, 2.0] [0.0, 2.0] [0.0, 2.0] [0.0, 2.0] [0.0, 2.0] [0.0, 2.0] [0.0, 2.0] [0.0, 2.0] [0.0, 2.0] [0.0, 2.0] [0.0, 2.0] [0.0, 2.0] [0.0, 2.0] [0.0, 2.0] [0.0, 2.0] [0.0, 2.0] [0.0, 2.0] [0.0, 2.0] [0.0, 2.0] [0.0, 2.0] [0.0, 2.0] [0.0, 2.0] [0.0, 2.0] [0.0, 2.0] [0.0, 2.0] [0.0, 2.0] [0.0, 2.0] [0.0, 2.0] [0.0, 2.0] 
  Output fraction of data:
choice: (0.381 0.620 0.584 0.493 0.582 0.568 0.568 0.545 0.523 0.489 0.529 0.561 0.565 0.456 0.573 0.500 0.519 0.538 0.553 0.637 0.615 0.750 0.795 0.398 0.543 0.536 0.512 0.503 0.521 0.478 0.492 0.449 0.497 0.536 0.631 0.326 0.376 0.487 0.530 0.454 0.498 0.604 0.521 0.455 0.525 0.569 0.654 0.475 0.454 0.464 0.558 0.457 0.444 0.524 0.566 0.465 0.389 0.501 0.376 0.486 0.539 0.454 0.258 0.316 0.124 0.356 0.521 0.518 0.468 0.468 0.584 0.656 0.469 0.407 0.647 0.518 0.301 0.420 0.412 0.469 0.374 0.450 0.596 0.590 0.462 0.572 0.468 0.560 0.530 0.352 0.338 0.358 0.340 0.317 0.319 0.351 0.327 0.374 0.547 0.473 0.586 0.605 0.596 0.496 0.549 0.539 0.540 0.454 0.456 0.486 0.387 0.596 0.641 0.580 0.532 0.520 0.411 0.505 0.517 0.618 0.541 0.480 0.489 0.457 0.538 0.442 0.484 0.592 0.493 0.363 0.462 0.218 0.285 0.455 0.397 0.405 0.375 0.560 0.503 0.536 0.538 0.529 0.605 0.593 0.496 0.505 0.550 0.557 0.547 0.447 0.426 0.370 0.292 0.487 0.439 0.544 0.471 0.326 0.383 0.459 0.347 0.507 0.494 0.505 0.476 0.549 0.556 0.578 0.342 0.262 0.316 0.397 0.517 0.477)  0.619 0.380 0.416 0.507 0.418 0.432 0.432 0.455 0.477 0.511 0.471 0.439 0.435 0.544 0.427 0.500 0.481 0.462 0.447 0.362 0.385 0.250 0.205 0.602 0.457 0.464 0.488 0.497 0.479 0.522 0.508 0.551 0.503 0.464 0.369 0.674 0.624 0.512 0.470 0.546 0.502 0.396 0.479 0.545 0.475 0.431 0.346 0.525 0.546 0.536 0.442 0.543 0.556 0.476 0.434 0.535 0.611 0.499 0.624 0.514 0.461 0.546 0.742 0.684 0.876 0.644 0.479 0.482 0.532 0.532 0.416 0.344 0.531 0.593 0.353 0.482 0.699 0.580 0.588 0.531 0.626 0.550 0.404 0.410 0.538 0.428 0.532 0.440 0.470 0.648 0.662 0.642 0.660 0.683 0.681 0.649 0.673 0.626 0.453 0.527 0.414 0.395 0.404 0.504 0.451 0.461 0.460 0.546 0.544 0.514 0.613 0.404 0.359 0.420 0.468 0.480 0.589 0.495 0.483 0.382 0.459 0.520 0.511 0.543 0.462 0.558 0.516 0.408 0.507 0.637 0.538 0.782 0.715 0.545 0.603 0.595 0.625 0.440 0.497 0.464 0.462 0.471 0.395 0.407 0.504 0.495 0.450 0.443 0.453 0.553 0.574 0.630 0.708 0.513 0.561 0.456 0.529 0.674 0.617 0.541 0.653 0.493 0.506 0.495 0.524 0.451 0.444 0.422 0.658 0.738 0.684 0.603 0.483 0.523)  
outcome: (0.193 0.013 0.025 0.015 0.004 0.004 0.012 0.009 0.013 0.029 0.013 0.000 0.000 0.069 0.071 0.004 0.009 0.005 0.077 0.021 0.134 0.524 0.559 0.067 0.034 0.031 0.167 0.059 0.018 0.026 0.029 0.205 0.019 0.003 0.046 0.170 0.039 0.004 0.005 0.012 0.009 0.038 0.015 0.059 0.118 0.089 0.195 0.035 0.151 0.067 0.236 0.019 0.028 0.005 0.312 0.008 0.009 0.071 0.039 0.024 0.011 0.168 0.678 0.396 0.779 0.104 0.129 0.186 0.479 0.252 0.096 0.017 0.006 0.002 0.099 0.015 0.592 0.232 0.023 0.006 0.322 0.051 0.428 0.264 0.230 0.138 0.171 0.064 0.064 0.525 0.302 0.040 0.096 0.330 0.223 0.347 0.083 0.218 0.594 0.174 0.160 0.214 0.280 0.090 0.071 0.072 0.056 0.142 0.019 0.074 0.235 0.124 0.337 0.432 0.503 0.153 0.132 0.039 0.069 0.066 0.057 0.034 0.301 0.462 0.412 0.655 0.302 0.386 0.457 0.494 0.572 0.508 0.383 0.305 0.122 0.236 0.213 0.134 0.039 0.060 0.151 0.002 0.002 0.040 0.024 0.013 0.041 0.041 0.102 0.121 0.117 0.303 0.351 0.026 0.039 0.480 0.347 0.190 0.215 0.117 0.469 0.038 0.010 0.039 0.052 0.011 0.106 0.049 0.015 0.154 0.196 0.071 0.102 0.085)  0.368 0.139 0.068 0.049 0.173 0.111 0.124 0.090 0.188 0.175 0.130 0.180 0.218 0.280 0.242 0.277 0.205 0.258 0.201 0.196 0.150 0.146 0.057 0.190 0.171 0.142 0.195 0.078 0.093 0.110 0.094 0.297 0.313 0.220 0.235 0.233 0.223 0.207 0.184 0.167 0.144 0.140 0.140 0.172 0.113 0.118 0.119 0.167 0.151 0.119 0.147 0.068 0.092 0.133 0.132 0.111 0.132 0.122 0.166 0.144 0.119 0.175 0.072 0.038 0.062 0.309 0.276 0.126 0.073 0.153 0.241 0.268 0.133 0.119 0.154 0.107 0.050 0.120 0.168 0.069 0.167 0.079 0.218 0.288 0.242 0.325 0.228 0.219 0.239 0.156 0.269 0.359 0.257 0.213 0.223 0.164 0.323 0.281 0.150 0.224 0.133 0.299 0.256 0.281 0.281 0.426 0.354 0.302 0.281 0.318 0.293 0.259 0.058 0.023 0.074 0.141 0.154 0.075 0.065 0.082 0.080 0.108 0.193 0.189 0.185 0.127 0.202 0.127 0.163 0.175 0.139 0.156 0.202 0.211 0.213 0.135 0.170 0.038 0.064 0.062 0.052 0.110 0.116 0.104 0.033 0.052 0.084 0.094 0.060 0.079 0.034 0.157 0.137 0.106 0.058 0.204 0.159 0.244 0.221 0.261 0.146 0.083 0.119 0.091 0.089 0.120 0.138 0.161 0.169 0.130 0.120 0.189 0.220 0.125)  0.439 0.848 0.907 0.937 0.823 0.885 0.864 0.901 0.798 0.796 0.856 0.820 0.782 0.651 0.687 0.719 0.786 0.738 0.722 0.783 0.715 0.331 0.384 0.744 0.795 0.827 0.638 0.863 0.889 0.864 0.877 0.498 0.668 0.777 0.718 0.597 0.738 0.789 0.811 0.821 0.846 0.822 0.845 0.769 0.769 0.793 0.686 0.798 0.698 0.814 0.617 0.913 0.880 0.862 0.556 0.881 0.859 0.808 0.795 0.832 0.870 0.657 0.250 0.565 0.159 0.587 0.595 0.689 0.448 0.594 0.663 0.715 0.861 0.880 0.746 0.878 0.357 0.648 0.809 0.925 0.511 0.870 0.354 0.448 0.528 0.537 0.601 0.718 0.697 0.320 0.429 0.601 0.647 0.456 0.554 0.489 0.594 0.501 0.256 0.601 0.707 0.487 0.464 0.629 0.648 0.502 0.590 0.556 0.700 0.607 0.472 0.617 0.604 0.546 0.423 0.705 0.714 0.886 0.867 0.852 0.863 0.858 0.507 0.348 0.402 0.218 0.495 0.487 0.380 0.331 0.288 0.336 0.415 0.484 0.665 0.628 0.617 0.828 0.897 0.878 0.797 0.888 0.882 0.855 0.942 0.936 0.874 0.865 0.838 0.800 0.848 0.540 0.512 0.868 0.903 0.315 0.494 0.565 0.564 0.621 0.385 0.879 0.871 0.870 0.859 0.869 0.756 0.789 0.815 0.716 0.684 0.740 0.678 0.790)  
early_lick: (0.951 0.924 0.994 0.990 0.988 0.983 0.982 0.970 0.967 0.954 0.890 0.820 0.897 0.844 0.691 0.658 1.000 0.851 0.896 0.925 0.945 0.972 0.978 0.928 0.934 0.950 0.911 0.935 0.968 0.904 0.912 0.932 0.856 0.924 0.949 0.963 0.955 0.896 0.908 0.925 0.916 0.860 0.865 0.880 0.843 0.872 0.867 0.831 0.910 0.889 0.944 0.952 0.910 0.894 0.958 0.886 0.932 0.884 0.830 0.899 0.884 0.856 0.974 0.942 0.963 0.919 0.902 0.962 0.932 0.896 0.773 0.806 0.975 0.978 0.864 0.932 0.987 0.933 0.894 0.957 0.954 0.974 1.000 0.856 0.914 0.710 0.795 0.834 0.923 1.000 0.907 0.700 0.860 0.904 0.861 0.864 0.768 0.810 0.957 0.948 0.911 0.853 0.941 0.827 0.788 0.955 0.971 0.970 0.975 0.941 0.966 0.944 0.893 0.852 0.888 0.628 0.670 0.671 0.774 0.852 0.762 0.713 0.813 0.764 0.763 0.918 0.879 0.861 0.910 0.807 0.851 0.922 0.895 0.802 0.804 0.845 0.847 0.978 0.931 0.930 0.952 0.882 0.921 0.953 0.958 0.934 0.783 0.826 0.820 0.881 0.846 0.935 0.935 0.811 0.846 0.786 0.669 0.797 0.800 0.707 0.883 0.940 0.856 0.948 0.898 0.798 0.910 0.842 0.911 0.866 0.965 0.898 0.920 0.914)  0.049 0.076 0.006 0.010 0.012 0.017 0.018 0.030 0.033 0.046 0.110 0.180 0.103 0.156 0.309 0.342 0.000 0.149 0.104 0.075 0.055 0.028 0.022 0.072 0.066 0.050 0.089 0.065 0.032 0.096 0.088 0.068 0.144 0.076 0.051 0.037 0.045 0.104 0.092 0.075 0.084 0.140 0.135 0.120 0.157 0.128 0.133 0.169 0.090 0.111 0.056 0.048 0.090 0.106 0.042 0.114 0.068 0.116 0.170 0.101 0.116 0.144 0.026 0.058 0.037 0.081 0.098 0.038 0.068 0.104 0.227 0.194 0.025 0.022 0.136 0.068 0.013 0.067 0.106 0.043 0.046 0.026 0.000 0.144 0.086 0.290 0.205 0.166 0.077 0.000 0.093 0.300 0.140 0.096 0.139 0.136 0.232 0.190 0.043 0.052 0.089 0.147 0.059 0.173 0.212 0.045 0.029 0.030 0.025 0.059 0.034 0.056 0.107 0.148 0.112 0.372 0.330 0.329 0.226 0.148 0.238 0.287 0.187 0.236 0.237 0.082 0.121 0.139 0.090 0.193 0.149 0.078 0.105 0.198 0.196 0.155 0.153 0.022 0.069 0.070 0.048 0.118 0.079 0.047 0.042 0.066 0.217 0.174 0.180 0.119 0.154 0.065 0.065 0.189 0.154 0.214 0.331 0.203 0.200 0.293 0.117 0.060 0.144 0.052 0.102 0.202 0.090 0.158 0.089 0.134 0.035 0.102 0.080 0.086)  
tongue_y_pos_discrete: (0.049 0.075 0.042 0.040 0.050 0.048 0.044 0.047 0.036 0.033 0.041 0.058 0.045 0.039 0.043 0.055 0.050 0.054 0.087 0.106 0.079 0.066 0.063 0.219 0.164 0.182 0.145 0.147 0.051 0.057 0.054 0.043 0.061 0.074 0.046 0.032 0.040 0.129 0.056 0.060 0.061 0.179 0.057 0.202 0.050 0.387 0.044 0.061 0.050 0.065 0.059 0.054 0.055 0.060 0.036 0.061 0.060 0.054 0.056 0.057 0.061 0.045 0.011 0.025 0.009 0.046 0.042 0.041 0.027 0.051 0.068 0.074 0.062 0.061 0.056 0.060 0.018 0.043 0.051 0.054 0.034 0.057 0.053 0.047 0.047 0.110 0.101 0.113 0.108 0.019 0.031 0.097 0.062 0.027 0.039 0.031 0.066 0.044 0.015 0.031 0.036 0.088 0.027 0.059 0.048 0.079 0.080 0.082 0.100 0.082 0.038 0.068 0.096 0.059 0.086 0.213 0.239 0.291 0.290 0.192 0.240 0.260 0.085 0.053 0.058 0.025 0.047 0.051 0.039 0.052 0.032 0.030 0.041 0.050 0.054 0.043 0.047 0.057 0.084 0.088 0.056 0.182 0.112 0.112 0.111 0.113 0.145 0.077 0.094 0.057 0.074 0.033 0.023 0.080 0.071 0.043 0.050 0.058 0.063 0.070 0.033 0.001 0.270 0.135 0.181 0.299 0.177 0.278 0.050 0.044 0.038 0.053 0.045 0.049)  0.946 0.916 0.953 0.956 0.942 0.945 0.949 0.944 0.960 0.963 0.954 0.934 0.947 0.957 0.952 0.938 0.945 0.939 0.890 0.869 0.899 0.930 0.934 0.761 0.827 0.808 0.820 0.815 0.946 0.940 0.942 0.946 0.931 0.921 0.948 0.960 0.951 0.845 0.938 0.913 0.927 0.810 0.926 0.756 0.942 0.304 0.946 0.931 0.944 0.926 0.931 0.939 0.932 0.931 0.960 0.931 0.929 0.935 0.931 0.930 0.930 0.942 0.984 0.968 0.988 0.946 0.950 0.953 0.959 0.934 0.914 0.913 0.919 0.900 0.906 0.914 0.978 0.952 0.943 0.940 0.960 0.937 0.854 0.846 0.830 0.699 0.816 0.790 0.810 0.976 0.965 0.888 0.931 0.969 0.953 0.964 0.924 0.947 0.981 0.965 0.957 0.903 0.969 0.928 0.944 0.915 0.915 0.912 0.894 0.912 0.957 0.925 0.863 0.930 0.879 0.741 0.704 0.645 0.645 0.767 0.715 0.688 0.893 0.930 0.925 0.968 0.941 0.936 0.952 0.931 0.958 0.962 0.949 0.938 0.935 0.948 0.943 0.935 0.905 0.901 0.935 0.799 0.873 0.870 0.874 0.870 0.836 0.913 0.893 0.936 0.913 0.960 0.973 0.908 0.917 0.949 0.937 0.933 0.925 0.918 0.963 0.999 0.693 0.847 0.800 0.643 0.791 0.672 0.939 0.946 0.953 0.932 0.944 0.937)  0.006 0.009 0.006 0.004 0.008 0.007 0.007 0.009 0.004 0.004 0.005 0.008 0.008 0.003 0.006 0.007 0.005 0.007 0.023 0.025 0.022 0.004 0.003 0.019 0.009 0.010 0.035 0.038 0.003 0.004 0.004 0.012 0.009 0.005 0.005 0.008 0.009 0.026 0.007 0.027 0.012 0.011 0.017 0.041 0.008 0.309 0.010 0.008 0.007 0.009 0.010 0.007 0.013 0.010 0.005 0.008 0.011 0.011 0.013 0.013 0.009 0.013 0.006 0.007 0.003 0.008 0.008 0.005 0.014 0.015 0.018 0.012 0.020 0.038 0.038 0.026 0.004 0.005 0.007 0.006 0.005 0.006 0.093 0.107 0.124 0.190 0.082 0.097 0.082 0.005 0.004 0.015 0.007 0.004 0.008 0.005 0.010 0.010 0.004 0.004 0.007 0.008 0.004 0.013 0.009 0.007 0.005 0.005 0.006 0.006 0.005 0.007 0.042 0.011 0.035 0.046 0.057 0.064 0.065 0.041 0.045 0.052 0.022 0.017 0.018 0.007 0.012 0.012 0.010 0.018 0.010 0.008 0.010 0.012 0.011 0.009 0.009 0.007 0.011 0.011 0.009 0.019 0.015 0.018 0.015 0.017 0.020 0.009 0.012 0.006 0.013 0.007 0.005 0.012 0.012 0.009 0.012 0.009 0.011 0.012 0.005 0.000 0.038 0.018 0.019 0.058 0.031 0.050 0.012 0.009 0.009 0.015 0.011 0.014)  
Brain region: left ALM: 25817 neurons, right ALM: 24428 neurons, left Striatum: 13050 neurons, right Striatum: 14951 neurons, left Thalamus: 13191 neurons, left Midbrain: 13853 neurons, right Midbrain: 14130 neurons, right Thalamus: 10259 neurons, left Medulla: 7102 neurons, right Medulla: 5452 neurons, left ECT: 5543 neurons, right ECT: 2480 neurons, left BLA: 2489 neurons, right BLA: 2203 neurons  
Data verification complete.
