Data format is valid, no errors or warnings.
Number of sessions: 89
Total number of trials: 38110
Number of trials per session: [503, 431, 518, 455, 629, 511, 218, 259, 305, 248, 306, 457, 453, 400, 407, 492, 419, 335, 426, 145, 269, 201, 259, 251, 309, 455, 453, 210, 300, 423, 402, 457, 428, 418, 84, 320, 370, 267, 405, 568, 561, 379, 429, 452, 473, 511, 669, 789, 534, 345, 475, 459, 520, 658, 722, 578, 501, 501, 368, 369, 398, 237, 303, 485, 471, 479, 408, 454, 435, 466, 399, 400, 238, 402, 402, 403, 282, 605, 636, 600, 450, 373, 348, 470, 719, 506, 680, 503, 499]
Number of subjects: 19
Number of brain regions: 6
Number of sessions per subject:
  Subject DR10: 6 sessions
  Subject DR15: 5 sessions
  Subject LZ13: 4 sessions
  Subject LZ16: 4 sessions
  Subject TX104: 2 sessions
  Subject TX105: 5 sessions
  Subject TX108: 7 sessions
  Subject TX109: 6 sessions
  Subject TX119: 8 sessions
  Subject TX123: 8 sessions
  Subject TX124: 3 sessions
  Subject TX139: 2 sessions
  Subject TX140: 1 sessions
  Subject TX60: 5 sessions
  Subject TX61: 5 sessions
  Subject TX83: 3 sessions
  Subject TX85: 2 sessions
  Subject TX88: 6 sessions
  Subject VR2: 7 sessions
Input dimension: 4
Output dimension: 4
Summary statistics (across all sessions):
  T: mean: 22.25, median: 22.63, min: 11, max: 178
  n_neurons: mean: 52708.25', min: 20547, max: 89577
  Input range:
    time to sound cue: [-1762.0, 722.7]
    day of training: [0.0, 12.0]
    time since trial start: [0.0, 1763.7]
    reward availability: [0.0, 1.0]
  Output range:
    visual stimulus category: [0.0, 14.0]
    licking: [0.0, 1.0]
    position in corridor: [0.0, 3.0]
    running speed quartile: [0.0, 3.0]
  Unique outputs per dimension (fraction of data):
    visual stimulus category: {circle1 (0.252), circle2 (0.049), circle3 (0.010), leaf1 (0.264), leaf1_swap1 (0.019), leaf1_swap2 (0.019), leaf2 (0.128), leaf3 (0.040), rock1 (0.071), rock2 (0.013), wood1 (0.065), wood1_swap1 (0.008), wood1_swap2 (0.010), wood2 (0.038), wood5 (0.014)}
    licking: {not licking (0.965), licking (0.035)}
    position in corridor: {0-1 m (0.250), 1-2 m (0.249), 2-3 m (0.250), 3-4 m (0.252)}
    running speed quartile: {Q1 (0.249), Q2 (0.250), Q3 (0.250), Q4 (0.250)}
  Brain region distribution:
    V1: 1833035 neurons
    medial higher visual: 1108860 neurons
    lateral higher visual: 495318 neurons
    anterior higher visual: 668180 neurons
    other visual area: 188331 neurons
    unassigned: 397310 neurons

Per-session statistics:
  Mean T: 16.3, 23.5, 22.6, 22.8, 23.0, 22.9, 26.5, 26.7, 24.2, 26.6, 27.2, 22.0, 21.9, 23.0, 22.0, 23.3, 22.3, 21.6, 21.3, 24.6, 22.0, 26.8, 24.9, 27.6, 26.3, 24.3, 22.9, 27.9, 24.5, 24.6, 23.3, 23.0, 23.4, 25.9, 36.1, 25.3, 22.4, 23.5, 23.5, 17.7, 17.9, 21.8, 17.6, 17.6, 17.7, 19.4, 19.0, 17.5, 17.7, 18.8, 18.6, 17.5, 17.0, 16.7, 16.9, 17.5, 16.9, 17.2, 22.6, 22.9, 23.0, 22.5, 17.2, 22.6, 22.0, 22.1, 25.2, 22.6, 23.1, 24.4, 24.7, 22.1, 25.3, 23.7, 24.3, 23.3, 24.8, 22.1, 22.6, 22.6, 22.8, 23.0, 27.6, 20.0, 19.6, 20.3, 19.5, 19.5, 19.0
  Min T: 12, 20, 20, 20, 20, 20, 17, 21, 16, 16, 21, 20, 19, 20, 20, 20, 19, 20, 19, 21, 20, 20, 20, 16, 18, 20, 20, 21, 20, 21, 20, 20, 20, 20, 20, 20, 20, 21, 21, 15, 15, 17, 15, 15, 15, 16, 16, 15, 15, 15, 16, 15, 15, 15, 15, 15, 15, 15, 20, 20, 20, 12, 11, 20, 20, 20, 20, 20, 20, 20, 20, 20, 15, 15, 20, 20, 20, 20, 20, 20, 20, 15, 15, 14, 14, 14, 14, 14, 13
  Max T: 26, 38, 39, 45, 36, 34, 50, 66, 48, 48, 54, 56, 57, 40, 62, 93, 178, 29, 54, 34, 31, 38, 39, 66, 69, 53, 62, 43, 33, 36, 32, 35, 35, 40, 51, 57, 31, 33, 31, 45, 35, 57, 55, 39, 74, 70, 54, 125, 46, 69, 65, 58, 40, 48, 48, 64, 51, 50, 57, 48, 40, 34, 36, 31, 29, 31, 59, 40, 40, 54, 74, 30, 46, 40, 38, 33, 41, 36, 38, 43, 37, 47, 90, 33, 36, 32, 29, 35, 29
  n_neurons: 58224, 54741, 50347, 50195, 56106, 47963, 55746, 58930, 64130, 57540, 59251, 34658, 34575, 38489, 39358, 33577, 31859, 35918, 35291, 43834, 42565, 58941, 55653, 61115, 45207, 55457, 68553, 85481, 75480, 79417, 68045, 76530, 65861, 85468, 63625, 89577, 83309, 71687, 76296, 28907, 34222, 31672, 36935, 27281, 29587, 32547, 36238, 52044, 46975, 28696, 43103, 30931, 30252, 26756, 32329, 24383, 20547, 23176, 35126, 34522, 49311, 48732, 57368, 47785, 60924, 48742, 62256, 67669, 72193, 68951, 79586, 44059, 52954, 50689, 59560, 55163, 62606, 48824, 58099, 53028, 61456, 55592, 81473, 71069, 76108, 63897, 65287, 55650, 76775
  Input range:
    0: [-61.2, 93.6] [-29.2, 46.8] [-51.3, 38.7] [-76.7, 36.7] [-20.9, 34.7] [-29.2, 35.0] [-399.1, 401.6] [-252.5, 270.6] [-191.2, 203.5] [-84.0, 403.0] [-251.4, 150.0] [-48.9, 41.9] [-53.4, 170.2] [-52.4, 42.9] [-101.8, 33.4] [-80.8, 104.9] [-219.7, 27.9] [-43.9, 14.7] [-300.5, 103.9] [-387.4, 232.5] [-104.0, 118.5] [-305.5, 274.9] [-38.1, 41.3] [-145.2, 199.9] [-363.9, 402.7] [-67.7, 126.6] [-81.1, 76.3] [-195.8, 199.7] [-209.3, 76.6] [-36.1, 149.5] [-21.6, 15.7] [-59.2, 19.8] [-36.3, 13.4] [-79.8, 238.3] [-65.2, 400.1] [-398.0, 400.0] [-282.1, 15.1] [-400.3, 272.7] [-249.6, 23.2] [-69.6, 30.2] [-33.0, 213.2] [-37.3, 73.4] [-129.4, 60.2] [-37.5, 35.2] [-160.0, 401.7] [-166.8, 250.5] [-171.0, 127.8] [-328.3, 400.4] [-280.2, 109.8] [-111.3, 79.1] [-242.3, 400.9] [-78.4, 150.1] [-10.8, 25.6] [-16.4, 25.0] [-8.2, 53.0] [-179.1, 157.1] [-246.8, 161.3] [-146.4, 52.7] [-130.1, 172.8] [-65.4, 184.1] [-134.5, 125.8] [-333.1, 220.1] [-59.4, 201.9] [-70.6, 42.9] [-17.9, 29.3] [-33.5, 44.9] [-75.3, 50.1] [-18.6, 24.8] [-21.2, 39.8] [-78.2, 91.3] [-695.8, 722.7] [-29.7, 39.1] [-110.5, 203.6] [-183.7, 203.0] [-49.0, 65.4] [-164.9, 114.6] [-79.9, 64.7] [-53.0, 68.6] [-125.8, 144.9] [-48.4, 76.4] [-1762.0, 93.0] [-199.3, 202.9] [-301.2, 83.1] [-19.4, 15.1] [-23.0, 28.5] [-21.0, 35.2] [-22.8, 27.4] [-55.5, 24.9] [-19.4, 17.6] 
    1: [0.0, 0.0] [1.0, 1.0] [1.0, 1.0] [2.0, 2.0] [1.0, 1.0] [1.0, 1.0] [0.0, 0.0] [1.0, 1.0] [1.0, 1.0] [2.0, 2.0] [1.0, 1.0] [1.0, 1.0] [2.0, 2.0] [1.0, 1.0] [1.0, 1.0] [1.0, 1.0] [2.0, 2.0] [1.0, 1.0] [1.0, 1.0] [0.0, 0.0] [1.0, 1.0] [0.0, 0.0] [1.0, 1.0] [1.0, 1.0] [2.0, 2.0] [1.0, 1.0] [1.0, 1.0] [0.0, 0.0] [1.0, 1.0] [1.0, 1.0] [6.0, 6.0] [1.0, 1.0] [1.0, 1.0] [1.0, 1.0] [0.0, 0.0] [1.0, 1.0] [1.0, 1.0] [2.0, 2.0] [1.0, 1.0] [1.0, 1.0] [2.0, 2.0] [0.0, 0.0] [1.0, 1.0] [1.0, 1.0] [10.0, 10.0] [1.0, 1.0] [2.0, 2.0] [2.0, 2.0] [4.0, 4.0] [0.0, 0.0] [1.0, 1.0] [1.0, 1.0] [12.0, 12.0] [1.0, 1.0] [2.0, 2.0] [1.0, 1.0] [2.0, 2.0] [2.0, 2.0] [1.0, 1.0] [1.0, 1.0] [1.0, 1.0] [0.0, 0.0] [1.0, 1.0] [1.0, 1.0] [2.0, 2.0] [1.0, 1.0] [1.0, 1.0] [2.0, 2.0] [1.0, 1.0] [1.0, 1.0] [1.0, 1.0] [0.0, 0.0] [1.0, 1.0] [1.0, 1.0] [0.0, 0.0] [1.0, 1.0] [0.0, 0.0] [1.0, 1.0] [1.0, 1.0] [2.0, 2.0] [1.0, 1.0] [2.0, 2.0] [0.0, 0.0] [1.0, 1.0] [1.0, 1.0] [2.0, 2.0] [1.0, 1.0] [1.0, 1.0] [1.0, 1.0] 
    2: [0.0, 97.9] [0.0, 49.7] [0.0, 55.1] [0.0, 95.3] [0.0, 36.2] [0.0, 54.1] [0.0, 404.3] [0.0, 341.3] [0.0, 205.1] [0.0, 404.6] [0.0, 255.5] [0.0, 50.4] [0.0, 171.5] [0.0, 54.2] [0.0, 103.4] [0.0, 105.9] [0.0, 232.0] [0.0, 44.8] [0.0, 302.3] [0.0, 399.9] [0.0, 129.6] [0.0, 307.8] [0.0, 69.5] [0.0, 203.6] [0.0, 404.6] [0.0, 127.5] [0.0, 114.9] [0.0, 204.2] [0.0, 212.1] [0.0, 164.3] [0.0, 27.7] [0.0, 59.8] [0.0, 49.7] [0.0, 242.9] [0.0, 404.0] [0.0, 404.1] [0.0, 284.4] [0.0, 402.7] [0.0, 250.7] [0.0, 71.6] [0.0, 216.6] [0.0, 74.4] [0.0, 132.4] [0.0, 39.7] [0.0, 402.6] [0.0, 252.2] [0.0, 174.4] [0.0, 402.3] [0.0, 291.3] [0.0, 112.6] [0.0, 402.6] [0.0, 150.7] [0.0, 26.2] [0.0, 25.9] [0.0, 53.6] [0.0, 182.2] [0.0, 249.1] [0.0, 149.1] [0.0, 173.4] [0.0, 186.9] [0.0, 135.8] [0.0, 337.7] [0.0, 203.8] [0.0, 113.6] [0.0, 32.1] [0.0, 48.8] [0.0, 78.0] [0.0, 34.6] [0.0, 49.1] [0.0, 93.1] [0.0, 739.3] [0.0, 43.1] [0.0, 204.2] [0.0, 204.2] [0.0, 69.2] [0.0, 181.6] [0.0, 83.1] [0.0, 81.8] [0.0, 150.7] [0.0, 97.2] [0.0, 1763.7] [0.0, 204.3] [0.0, 304.6] [0.0, 22.0] [0.0, 32.7] [0.0, 37.8] [0.0, 29.3] [0.0, 56.9] [0.0, 24.9] 
    3: [0.0, 0.0] [0.0, 0.0] [0.0, 0.0] [0.0, 0.0] [0.0, 0.0] [0.0, 0.0] [0.0, 0.0] [0.0, 0.0] [0.0, 0.0] [0.0, 0.0] [0.0, 0.0] [0.0, 0.0] [0.0, 0.0] [0.0, 0.0] [0.0, 0.0] [0.0, 0.0] [0.0, 0.0] [0.0, 0.0] [0.0, 0.0] [0.0, 0.0] [0.0, 0.0] [0.0, 0.0] [0.0, 0.0] [0.0, 0.0] [0.0, 0.0] [0.0, 0.0] [0.0, 0.0] [0.0, 1.0] [0.0, 1.0] [0.0, 1.0] [0.0, 1.0] [0.0, 1.0] [0.0, 1.0] [0.0, 0.0] [0.0, 1.0] [0.0, 1.0] [0.0, 1.0] [0.0, 1.0] [0.0, 1.0] [0.0, 0.0] [0.0, 0.0] [0.0, 0.0] [0.0, 0.0] [0.0, 0.0] [0.0, 0.0] [0.0, 0.0] [0.0, 0.0] [0.0, 0.0] [0.0, 0.0] [0.0, 0.0] [0.0, 0.0] [0.0, 0.0] [0.0, 0.0] [0.0, 0.0] [0.0, 0.0] [0.0, 0.0] [0.0, 0.0] [0.0, 0.0] [0.0, 0.0] [0.0, 0.0] [0.0, 0.0] [0.0, 1.0] [0.0, 1.0] [0.0, 1.0] [0.0, 1.0] [0.0, 1.0] [0.0, 1.0] [0.0, 1.0] [0.0, 1.0] [0.0, 1.0] [0.0, 1.0] [0.0, 0.0] [0.0, 0.0] [0.0, 0.0] [0.0, 0.0] [0.0, 0.0] [0.0, 0.0] [0.0, 0.0] [0.0, 0.0] [0.0, 0.0] [0.0, 0.0] [0.0, 0.0] [0.0, 1.0] [0.0, 1.0] [0.0, 1.0] [0.0, 1.0] [0.0, 1.0] [0.0, 1.0] [0.0, 1.0] 
  Output range:
    0: [0.0, 3.0] [0.0, 3.0] [0.0, 6.0] [0.0, 6.0] [0.0, 7.0] [0.0, 6.0] [0.0, 3.0] [0.0, 3.0] [0.0, 6.0] [0.0, 6.0] [0.0, 7.0] [0.0, 7.0] [8.0, 14.0] [0.0, 7.0] [8.0, 14.0] [0.0, 7.0] [8.0, 14.0] [0.0, 7.0] [8.0, 14.0] [3.0, 8.0] [3.0, 8.0] [0.0, 3.0] [0.0, 3.0] [0.0, 6.0] [0.0, 6.0] [0.0, 7.0] [0.0, 6.0] [8.0, 10.0] [8.0, 10.0] [8.0, 13.0] [8.0, 13.0] [8.0, 14.0] [8.0, 13.0] [0.0, 6.0] [0.0, 3.0] [0.0, 3.0] [0.0, 6.0] [0.0, 3.0] [0.0, 6.0] [8.0, 14.0] [0.0, 6.0] [8.0, 10.0] [8.0, 10.0] [8.0, 13.0] [8.0, 13.0] [8.0, 14.0] [8.0, 13.0] [0.0, 7.0] [8.0, 13.0] [0.0, 3.0] [0.0, 3.0] [0.0, 6.0] [0.0, 6.0] [0.0, 7.0] [0.0, 6.0] [0.0, 7.0] [0.0, 6.0] [8.0, 13.0] [0.0, 7.0] [0.0, 7.0] [0.0, 7.0] [0.0, 3.0] [0.0, 3.0] [0.0, 6.0] [0.0, 6.0] [0.0, 7.0] [0.0, 6.0] [0.0, 6.0] [0.0, 7.0] [0.0, 6.0] [0.0, 6.0] [0.0, 3.0] [0.0, 3.0] [0.0, 6.0] [0.0, 3.0] [0.0, 3.0] [0.0, 3.0] [0.0, 3.0] [0.0, 8.0] [0.0, 6.0] [0.0, 7.0] [0.0, 6.0] [0.0, 3.0] [0.0, 3.0] [0.0, 6.0] [0.0, 6.0] [0.0, 7.0] [0.0, 6.0] [0.0, 6.0] 
    1: [0.0, 0.0] [0.0, 0.0] [0.0, 0.0] [0.0, 0.0] [0.0, 0.0] [0.0, 0.0] [0.0, 0.0] [0.0, 0.0] [0.0, 0.0] [0.0, 0.0] [0.0, 0.0] [0.0, 0.0] [0.0, 0.0] [0.0, 0.0] [0.0, 0.0] [0.0, 0.0] [0.0, 0.0] [0.0, 0.0] [0.0, 0.0] [0.0, 0.0] [0.0, 0.0] [0.0, 0.0] [0.0, 0.0] [0.0, 0.0] [0.0, 0.0] [0.0, 0.0] [0.0, 0.0] [0.0, 1.0] [0.0, 1.0] [0.0, 1.0] [0.0, 1.0] [0.0, 1.0] [0.0, 1.0] [0.0, 0.0] [0.0, 1.0] [0.0, 1.0] [0.0, 1.0] [0.0, 1.0] [0.0, 1.0] [0.0, 0.0] [0.0, 0.0] [0.0, 0.0] [0.0, 0.0] [0.0, 0.0] [0.0, 0.0] [0.0, 0.0] [0.0, 0.0] [0.0, 0.0] [0.0, 0.0] [0.0, 0.0] [0.0, 0.0] [0.0, 0.0] [0.0, 0.0] [0.0, 0.0] [0.0, 0.0] [0.0, 0.0] [0.0, 0.0] [0.0, 0.0] [0.0, 0.0] [0.0, 0.0] [0.0, 0.0] [0.0, 1.0] [0.0, 1.0] [0.0, 1.0] [0.0, 1.0] [0.0, 1.0] [0.0, 1.0] [0.0, 1.0] [0.0, 1.0] [0.0, 1.0] [0.0, 1.0] [0.0, 0.0] [0.0, 0.0] [0.0, 0.0] [0.0, 0.0] [0.0, 0.0] [0.0, 0.0] [0.0, 0.0] [0.0, 0.0] [0.0, 0.0] [0.0, 0.0] [0.0, 0.0] [0.0, 1.0] [0.0, 1.0] [0.0, 1.0] [0.0, 1.0] [0.0, 1.0] [0.0, 1.0] [0.0, 1.0] 
    2: [0.0, 3.0] [0.0, 3.0] [0.0, 3.0] [0.0, 3.0] [0.0, 3.0] [0.0, 3.0] [0.0, 3.0] [0.0, 3.0] [0.0, 3.0] [0.0, 3.0] [0.0, 3.0] [0.0, 3.0] [0.0, 3.0] [0.0, 3.0] [0.0, 3.0] [0.0, 3.0] [0.0, 3.0] [0.0, 3.0] [0.0, 3.0] [0.0, 3.0] [0.0, 3.0] [0.0, 3.0] [0.0, 3.0] [0.0, 3.0] [0.0, 3.0] [0.0, 3.0] [0.0, 3.0] [0.0, 3.0] [0.0, 3.0] [0.0, 3.0] [0.0, 3.0] [0.0, 3.0] [0.0, 3.0] [0.0, 3.0] [0.0, 3.0] [0.0, 3.0] [0.0, 3.0] [0.0, 3.0] [0.0, 3.0] [0.0, 3.0] [0.0, 3.0] [0.0, 3.0] [0.0, 3.0] [0.0, 3.0] [0.0, 3.0] [0.0, 3.0] [0.0, 3.0] [0.0, 3.0] [0.0, 3.0] [0.0, 3.0] [0.0, 3.0] [0.0, 3.0] [0.0, 3.0] [0.0, 3.0] [0.0, 3.0] [0.0, 3.0] [0.0, 3.0] [0.0, 3.0] [0.0, 3.0] [0.0, 3.0] [0.0, 3.0] [0.0, 3.0] [0.0, 3.0] [0.0, 3.0] [0.0, 3.0] [0.0, 3.0] [0.0, 3.0] [0.0, 3.0] [0.0, 3.0] [0.0, 3.0] [0.0, 3.0] [0.0, 3.0] [0.0, 3.0] [0.0, 3.0] [0.0, 3.0] [0.0, 3.0] [0.0, 3.0] [0.0, 3.0] [0.0, 3.0] [0.0, 3.0] [0.0, 3.0] [0.0, 3.0] [0.0, 3.0] [0.0, 3.0] [0.0, 3.0] [0.0, 3.0] [0.0, 3.0] [0.0, 3.0] [0.0, 3.0] 
    3: [0.0, 2.0] [0.0, 3.0] [0.0, 3.0] [0.0, 3.0] [0.0, 3.0] [0.0, 3.0] [0.0, 3.0] [0.0, 3.0] [0.0, 3.0] [0.0, 3.0] [0.0, 3.0] [0.0, 3.0] [0.0, 3.0] [0.0, 3.0] [0.0, 3.0] [0.0, 3.0] [0.0, 3.0] [0.0, 3.0] [0.0, 3.0] [0.0, 2.0] [0.0, 3.0] [0.0, 3.0] [0.0, 3.0] [0.0, 3.0] [0.0, 3.0] [0.0, 3.0] [0.0, 3.0] [0.0, 3.0] [0.0, 3.0] [0.0, 3.0] [0.0, 3.0] [0.0, 3.0] [0.0, 3.0] [0.0, 3.0] [0.0, 2.0] [0.0, 3.0] [0.0, 3.0] [0.0, 3.0] [0.0, 3.0] [0.0, 3.0] [0.0, 3.0] [0.0, 3.0] [0.0, 3.0] [0.0, 3.0] [0.0, 3.0] [0.0, 3.0] [0.0, 3.0] [0.0, 3.0] [0.0, 3.0] [0.0, 3.0] [0.0, 3.0] [0.0, 3.0] [0.0, 3.0] [0.0, 3.0] [0.0, 3.0] [0.0, 3.0] [0.0, 3.0] [0.0, 3.0] [0.0, 3.0] [0.0, 3.0] [0.0, 3.0] [0.0, 3.0] [0.0, 3.0] [0.0, 3.0] [0.0, 3.0] [0.0, 3.0] [0.0, 3.0] [0.0, 3.0] [0.0, 3.0] [0.0, 3.0] [0.0, 3.0] [0.0, 3.0] [0.0, 3.0] [0.0, 3.0] [0.0, 3.0] [0.0, 3.0] [0.0, 3.0] [0.0, 3.0] [0.0, 3.0] [0.0, 3.0] [0.0, 3.0] [0.0, 3.0] [0.0, 3.0] [0.0, 3.0] [0.0, 3.0] [0.0, 3.0] [0.0, 3.0] [0.0, 3.0] [0.0, 3.0] 
  Output fraction of data:
visual stimulus category: (0.483 0.503 0.248 0.319 0.264 0.197 0.466 0.497 0.200 0.341 0.255 0.228 0.000 0.273 0.000 0.189 0.000 0.186 0.000 0.000 0.000 0.459 0.464 0.339 0.331 0.217 0.279 0.000 0.000 0.000 0.000 0.000 0.000 0.250 0.541 0.554 0.372 0.318 0.383 0.000 0.199 0.000 0.000 0.000 0.000 0.000 0.000 0.120 0.000 0.484 0.497 0.236 0.288 0.233 0.200 0.165 0.197 0.000 0.185 0.253 0.239 0.535 0.495 0.375 0.374 0.296 0.404 0.402 0.295 0.299 0.290 0.524 0.495 0.226 0.524 0.517 0.532 0.515 0.307 0.302 0.264 0.256 0.454 0.481 0.409 0.347 0.188 0.203 0.156)  0.000 0.000 0.236 0.000 0.000 0.000 0.000 0.000 0.268 0.000 0.000 0.194 0.000 0.135 0.000 0.185 0.000 0.167 0.000 0.000 0.000 0.000 0.000 0.227 0.000 0.000 0.236 0.000 0.000 0.000 0.000 0.000 0.000 0.234 0.000 0.000 0.154 0.317 0.167 0.000 0.000 0.000 0.000 0.000 0.000 0.000 0.000 0.140 0.000 0.000 0.000 0.238 0.000 0.000 0.000 0.145 0.000 0.000 0.220 0.108 0.148 0.000 0.000 0.126 0.000 0.000 0.145 0.000 0.000 0.000 0.000 0.000 0.000 0.238 0.000 0.000 0.000 0.000 0.123 0.000 0.000 0.000 0.000 0.000 0.105 0.000 0.000 0.000 0.000)  0.000 0.000 0.000 0.000 0.000 0.000 0.000 0.000 0.000 0.000 0.000 0.000 0.000 0.000 0.000 0.117 0.000 0.163 0.000 0.000 0.000 0.000 0.000 0.000 0.000 0.000 0.000 0.000 0.000 0.000 0.000 0.000 0.000 0.000 0.000 0.000 0.000 0.000 0.196 0.000 0.000 0.000 0.000 0.000 0.000 0.000 0.000 0.140 0.000 0.000 0.000 0.000 0.000 0.000 0.000 0.161 0.000 0.000 0.000 0.000 0.000 0.000 0.000 0.000 0.000 0.000 0.000 0.000 0.000 0.000 0.000 0.000 0.000 0.000 0.000 0.000 0.000 0.000 0.000 0.000 0.000 0.000 0.000 0.000 0.000 0.000 0.000 0.000 0.000)  0.517 0.497 0.254 0.373 0.252 0.169 0.534 0.503 0.244 0.295 0.253 0.172 0.000 0.205 0.000 0.220 0.000 0.148 0.000 0.454 0.537 0.541 0.536 0.234 0.282 0.249 0.244 0.000 0.000 0.000 0.000 0.000 0.000 0.255 0.459 0.446 0.335 0.365 0.150 0.000 0.168 0.000 0.000 0.000 0.000 0.000 0.000 0.114 0.000 0.516 0.503 0.253 0.376 0.251 0.215 0.191 0.165 0.000 0.250 0.274 0.237 0.465 0.505 0.381 0.340 0.370 0.342 0.292 0.389 0.351 0.374 0.476 0.505 0.259 0.476 0.483 0.468 0.485 0.311 0.348 0.263 0.194 0.546 0.519 0.370 0.351 0.399 0.396 0.421)  0.000 0.000 0.000 0.000 0.000 0.212 0.000 0.000 0.000 0.000 0.000 0.000 0.000 0.000 0.000 0.000 0.000 0.000 0.000 0.000 0.000 0.000 0.000 0.000 0.000 0.000 0.000 0.000 0.000 0.000 0.000 0.000 0.000 0.000 0.000 0.000 0.000 0.000 0.000 0.000 0.211 0.000 0.000 0.000 0.000 0.000 0.000 0.117 0.000 0.000 0.000 0.000 0.000 0.000 0.188 0.000 0.219 0.000 0.000 0.000 0.000 0.000 0.000 0.000 0.000 0.000 0.000 0.000 0.000 0.196 0.000 0.000 0.000 0.000 0.000 0.000 0.000 0.000 0.000 0.000 0.000 0.153 0.000 0.000 0.000 0.000 0.000 0.199 0.000)  0.000 0.000 0.000 0.000 0.000 0.205 0.000 0.000 0.000 0.000 0.000 0.000 0.000 0.000 0.000 0.000 0.000 0.000 0.000 0.000 0.000 0.000 0.000 0.000 0.000 0.000 0.000 0.000 0.000 0.000 0.000 0.000 0.000 0.000 0.000 0.000 0.000 0.000 0.000 0.000 0.206 0.000 0.000 0.000 0.000 0.000 0.000 0.124 0.000 0.000 0.000 0.000 0.000 0.000 0.190 0.000 0.206 0.000 0.000 0.000 0.000 0.000 0.000 0.000 0.000 0.000 0.000 0.000 0.000 0.000 0.152 0.000 0.000 0.000 0.000 0.000 0.000 0.000 0.000 0.000 0.000 0.240 0.000 0.000 0.000 0.000 0.000 0.000 0.211)  0.000 0.000 0.262 0.308 0.244 0.217 0.000 0.000 0.288 0.364 0.278 0.210 0.000 0.252 0.000 0.201 0.000 0.191 0.000 0.000 0.000 0.000 0.000 0.200 0.387 0.234 0.241 0.000 0.000 0.000 0.000 0.000 0.000 0.260 0.000 0.000 0.138 0.000 0.105 0.000 0.216 0.000 0.000 0.000 0.000 0.000 0.000 0.134 0.000 0.000 0.000 0.273 0.336 0.258 0.208 0.156 0.213 0.000 0.166 0.235 0.230 0.000 0.000 0.119 0.286 0.152 0.110 0.306 0.165 0.154 0.183 0.000 0.000 0.278 0.000 0.000 0.000 0.000 0.128 0.351 0.234 0.157 0.000 0.000 0.116 0.302 0.205 0.203 0.212)  0.000 0.000 0.000 0.000 0.240 0.000 0.000 0.000 0.000 0.000 0.215 0.196 0.000 0.135 0.000 0.088 0.000 0.145 0.000 0.000 0.000 0.000 0.000 0.000 0.000 0.301 0.000 0.000 0.000 0.000 0.000 0.000 0.000 0.000 0.000 0.000 0.000 0.000 0.000 0.000 0.000 0.000 0.000 0.000 0.000 0.000 0.000 0.112 0.000 0.000 0.000 0.000 0.000 0.258 0.000 0.182 0.000 0.000 0.178 0.130 0.145 0.000 0.000 0.000 0.000 0.183 0.000 0.000 0.151 0.000 0.000 0.000 0.000 0.000 0.000 0.000 0.000 0.000 0.000 0.000 0.238 0.000 0.000 0.000 0.000 0.000 0.208 0.000 0.000)  0.000 0.000 0.000 0.000 0.000 0.000 0.000 0.000 0.000 0.000 0.000 0.000 0.215 0.000 0.254 0.000 0.262 0.000 0.245 0.546 0.463 0.000 0.000 0.000 0.000 0.000 0.000 0.462 0.556 0.379 0.345 0.244 0.247 0.000 0.000 0.000 0.000 0.000 0.000 0.214 0.000 0.482 0.505 0.251 0.327 0.264 0.224 0.000 0.196 0.000 0.000 0.000 0.000 0.000 0.000 0.000 0.000 0.212 0.000 0.000 0.000 0.000 0.000 0.000 0.000 0.000 0.000 0.000 0.000 0.000 0.000 0.000 0.000 0.000 0.000 0.000 0.000 0.000 0.130 0.000 0.000 0.000 0.000 0.000 0.000 0.000 0.000 0.000 0.000)  0.000 0.000 0.000 0.000 0.000 0.000 0.000 0.000 0.000 0.000 0.000 0.000 0.163 0.000 0.120 0.000 0.170 0.000 0.135 0.000 0.000 0.000 0.000 0.000 0.000 0.000 0.000 0.000 0.000 0.142 0.000 0.000 0.000 0.000 0.000 0.000 0.000 0.000 0.000 0.197 0.000 0.000 0.000 0.259 0.000 0.000 0.000 0.000 0.000 0.000 0.000 0.000 0.000 0.000 0.000 0.000 0.000 0.000 0.000 0.000 0.000 0.000 0.000 0.000 0.000 0.000 0.000 0.000 0.000 0.000 0.000 0.000 0.000 0.000 0.000 0.000 0.000 0.000 0.000 0.000 0.000 0.000 0.000 0.000 0.000 0.000 0.000 0.000 0.000)  0.000 0.000 0.000 0.000 0.000 0.000 0.000 0.000 0.000 0.000 0.000 0.000 0.192 0.000 0.243 0.000 0.233 0.000 0.239 0.000 0.000 0.000 0.000 0.000 0.000 0.000 0.000 0.538 0.444 0.338 0.354 0.409 0.397 0.000 0.000 0.000 0.000 0.000 0.000 0.196 0.000 0.518 0.495 0.252 0.317 0.258 0.212 0.000 0.199 0.000 0.000 0.000 0.000 0.000 0.000 0.000 0.000 0.198 0.000 0.000 0.000 0.000 0.000 0.000 0.000 0.000 0.000 0.000 0.000 0.000 0.000 0.000 0.000 0.000 0.000 0.000 0.000 0.000 0.000 0.000 0.000 0.000 0.000 0.000 0.000 0.000 0.000 0.000 0.000)  0.000 0.000 0.000 0.000 0.000 0.000 0.000 0.000 0.000 0.000 0.000 0.000 0.000 0.000 0.000 0.000 0.000 0.000 0.000 0.000 0.000 0.000 0.000 0.000 0.000 0.000 0.000 0.000 0.000 0.000 0.000 0.000 0.000 0.000 0.000 0.000 0.000 0.000 0.000 0.000 0.000 0.000 0.000 0.000 0.000 0.000 0.209 0.000 0.204 0.000 0.000 0.000 0.000 0.000 0.000 0.000 0.000 0.215 0.000 0.000 0.000 0.000 0.000 0.000 0.000 0.000 0.000 0.000 0.000 0.000 0.000 0.000 0.000 0.000 0.000 0.000 0.000 0.000 0.000 0.000 0.000 0.000 0.000 0.000 0.000 0.000 0.000 0.000 0.000)  0.000 0.000 0.000 0.000 0.000 0.000 0.000 0.000 0.000 0.000 0.000 0.000 0.000 0.000 0.000 0.000 0.000 0.000 0.000 0.000 0.000 0.000 0.000 0.000 0.000 0.000 0.000 0.000 0.000 0.000 0.000 0.000 0.190 0.000 0.000 0.000 0.000 0.000 0.000 0.000 0.000 0.000 0.000 0.000 0.000 0.000 0.172 0.000 0.216 0.000 0.000 0.000 0.000 0.000 0.000 0.000 0.000 0.205 0.000 0.000 0.000 0.000 0.000 0.000 0.000 0.000 0.000 0.000 0.000 0.000 0.000 0.000 0.000 0.000 0.000 0.000 0.000 0.000 0.000 0.000 0.000 0.000 0.000 0.000 0.000 0.000 0.000 0.000 0.000)  0.000 0.000 0.000 0.000 0.000 0.000 0.000 0.000 0.000 0.000 0.000 0.000 0.232 0.000 0.247 0.000 0.216 0.000 0.251 0.000 0.000 0.000 0.000 0.000 0.000 0.000 0.000 0.000 0.000 0.140 0.302 0.185 0.166 0.000 0.000 0.000 0.000 0.000 0.000 0.205 0.000 0.000 0.000 0.238 0.356 0.236 0.183 0.000 0.185 0.000 0.000 0.000 0.000 0.000 0.000 0.000 0.000 0.170 0.000 0.000 0.000 0.000 0.000 0.000 0.000 0.000 0.000 0.000 0.000 0.000 0.000 0.000 0.000 0.000 0.000 0.000 0.000 0.000 0.000 0.000 0.000 0.000 0.000 0.000 0.000 0.000 0.000 0.000 0.000)  0.000 0.000 0.000 0.000 0.000 0.000 0.000 0.000 0.000 0.000 0.000 0.000 0.199 0.000 0.137 0.000 0.119 0.000 0.130 0.000 0.000 0.000 0.000 0.000 0.000 0.000 0.000 0.000 0.000 0.000 0.000 0.162 0.000 0.000 0.000 0.000 0.000 0.000 0.000 0.188 0.000 0.000 0.000 0.000 0.000 0.242 0.000 0.000 0.000 0.000 0.000 0.000 0.000 0.000 0.000 0.000 0.000 0.000 0.000 0.000 0.000 0.000 0.000 0.000 0.000 0.000 0.000 0.000 0.000 0.000 0.000 0.000 0.000 0.000 0.000 0.000 0.000 0.000 0.000 0.000 0.000 0.000 0.000 0.000 0.000 0.000 0.000 0.000 0.000)  
licking: (1.000 1.000 1.000 1.000 1.000 1.000 1.000 1.000 1.000 1.000 1.000 1.000 1.000 1.000 1.000 1.000 1.000 1.000 1.000 1.000 1.000 1.000 1.000 1.000 1.000 1.000 1.000 0.622 0.838 0.905 0.926 0.894 0.920 1.000 0.803 0.656 0.768 0.883 0.907 1.000 1.000 1.000 1.000 1.000 1.000 1.000 1.000 1.000 1.000 1.000 1.000 1.000 1.000 1.000 1.000 1.000 1.000 1.000 1.000 1.000 1.000 0.860 0.848 0.845 0.948 0.899 0.890 0.939 0.912 0.899 0.936 1.000 1.000 1.000 1.000 1.000 1.000 1.000 1.000 1.000 1.000 1.000 0.924 0.936 0.934 0.924 0.939 0.913 0.934)  0.000 0.000 0.000 0.000 0.000 0.000 0.000 0.000 0.000 0.000 0.000 0.000 0.000 0.000 0.000 0.000 0.000 0.000 0.000 0.000 0.000 0.000 0.000 0.000 0.000 0.000 0.000 0.378 0.162 0.095 0.074 0.106 0.080 0.000 0.197 0.344 0.232 0.117 0.093 0.000 0.000 0.000 0.000 0.000 0.000 0.000 0.000 0.000 0.000 0.000 0.000 0.000 0.000 0.000 0.000 0.000 0.000 0.000 0.000 0.000 0.000 0.140 0.152 0.155 0.052 0.101 0.110 0.061 0.088 0.101 0.064 0.000 0.000 0.000 0.000 0.000 0.000 0.000 0.000 0.000 0.000 0.000 0.076 0.064 0.066 0.076 0.061 0.087 0.066)  
position in corridor: (0.250 0.249 0.251 0.247 0.252 0.249 0.268 0.259 0.260 0.242 0.243 0.258 0.262 0.248 0.246 0.259 0.252 0.267 0.254 0.240 0.248 0.233 0.258 0.279 0.276 0.261 0.247 0.253 0.241 0.237 0.242 0.237 0.235 0.251 0.255 0.227 0.238 0.241 0.236 0.250 0.251 0.246 0.240 0.253 0.249 0.250 0.250 0.261 0.242 0.238 0.253 0.251 0.247 0.250 0.259 0.252 0.255 0.246 0.261 0.267 0.261 0.247 0.254 0.248 0.245 0.245 0.257 0.244 0.241 0.252 0.244 0.252 0.266 0.262 0.255 0.252 0.254 0.253 0.252 0.249 0.244 0.250 0.245 0.238 0.248 0.244 0.247 0.240 0.239)  0.250 0.248 0.250 0.255 0.253 0.254 0.252 0.247 0.247 0.252 0.251 0.247 0.253 0.239 0.240 0.248 0.247 0.245 0.244 0.249 0.248 0.250 0.259 0.264 0.248 0.246 0.248 0.254 0.250 0.245 0.253 0.252 0.256 0.252 0.255 0.249 0.248 0.242 0.243 0.244 0.245 0.248 0.246 0.247 0.240 0.246 0.250 0.246 0.237 0.248 0.234 0.243 0.249 0.249 0.256 0.247 0.250 0.244 0.246 0.246 0.252 0.253 0.250 0.245 0.244 0.242 0.252 0.246 0.246 0.248 0.254 0.251 0.253 0.253 0.255 0.247 0.256 0.255 0.249 0.250 0.250 0.257 0.235 0.256 0.251 0.253 0.245 0.250 0.253)  0.250 0.252 0.250 0.249 0.252 0.251 0.245 0.251 0.246 0.254 0.256 0.247 0.244 0.236 0.240 0.246 0.249 0.241 0.246 0.252 0.252 0.253 0.247 0.242 0.238 0.244 0.251 0.247 0.255 0.253 0.255 0.255 0.256 0.248 0.244 0.257 0.248 0.251 0.246 0.248 0.248 0.240 0.272 0.252 0.250 0.255 0.254 0.247 0.245 0.247 0.236 0.237 0.247 0.255 0.248 0.251 0.248 0.250 0.252 0.243 0.248 0.248 0.252 0.253 0.249 0.252 0.247 0.260 0.258 0.251 0.255 0.249 0.244 0.244 0.247 0.248 0.250 0.249 0.250 0.248 0.249 0.247 0.249 0.255 0.250 0.253 0.253 0.259 0.260)  0.251 0.251 0.248 0.249 0.244 0.246 0.235 0.243 0.247 0.251 0.250 0.248 0.241 0.277 0.274 0.247 0.252 0.247 0.256 0.260 0.251 0.264 0.236 0.215 0.238 0.249 0.254 0.245 0.254 0.266 0.250 0.255 0.253 0.249 0.246 0.267 0.266 0.265 0.275 0.259 0.256 0.266 0.243 0.249 0.261 0.249 0.246 0.246 0.276 0.266 0.277 0.269 0.257 0.245 0.237 0.250 0.247 0.260 0.241 0.243 0.239 0.252 0.245 0.254 0.262 0.261 0.243 0.250 0.255 0.249 0.247 0.248 0.237 0.241 0.243 0.253 0.241 0.243 0.249 0.253 0.257 0.245 0.271 0.251 0.251 0.250 0.255 0.252 0.248)  
running speed quartile: (0.956 0.350 0.219 0.313 0.251 0.238 0.576 0.498 0.358 0.503 0.477 0.135 0.175 0.155 0.121 0.156 0.128 0.106 0.088 0.488 0.125 0.665 0.411 0.519 0.416 0.368 0.216 0.578 0.378 0.362 0.225 0.267 0.376 0.409 0.817 0.413 0.233 0.422 0.386 0.153 0.187 0.163 0.164 0.142 0.161 0.272 0.242 0.167 0.186 0.213 0.274 0.184 0.108 0.071 0.123 0.222 0.168 0.174 0.127 0.197 0.198 0.193 0.312 0.326 0.174 0.195 0.371 0.173 0.229 0.349 0.336 0.135 0.557 0.401 0.118 0.207 0.157 0.137 0.164 0.168 0.191 0.247 0.343 0.039 0.066 0.155 0.108 0.128 0.157)  0.042 0.281 0.293 0.347 0.320 0.267 0.260 0.374 0.435 0.313 0.310 0.172 0.232 0.150 0.124 0.087 0.064 0.225 0.102 0.445 0.188 0.272 0.362 0.309 0.292 0.301 0.251 0.387 0.408 0.359 0.350 0.431 0.397 0.293 0.178 0.370 0.519 0.451 0.435 0.129 0.200 0.133 0.104 0.112 0.128 0.250 0.218 0.113 0.112 0.093 0.348 0.441 0.299 0.107 0.246 0.200 0.162 0.154 0.125 0.299 0.233 0.333 0.380 0.309 0.191 0.192 0.372 0.280 0.283 0.416 0.405 0.253 0.355 0.345 0.334 0.225 0.298 0.148 0.181 0.187 0.210 0.223 0.121 0.123 0.089 0.230 0.223 0.274 0.266)  0.002 0.223 0.327 0.230 0.235 0.213 0.161 0.127 0.205 0.139 0.163 0.254 0.318 0.332 0.233 0.142 0.122 0.326 0.290 0.067 0.425 0.061 0.222 0.154 0.226 0.262 0.456 0.028 0.198 0.235 0.317 0.235 0.184 0.217 0.005 0.188 0.228 0.121 0.158 0.190 0.227 0.186 0.126 0.179 0.162 0.244 0.217 0.296 0.211 0.125 0.207 0.241 0.273 0.200 0.236 0.258 0.237 0.237 0.190 0.320 0.364 0.286 0.204 0.252 0.328 0.304 0.240 0.410 0.415 0.230 0.258 0.553 0.082 0.204 0.355 0.462 0.352 0.335 0.335 0.316 0.250 0.241 0.124 0.213 0.195 0.358 0.399 0.352 0.351)  0.000 0.146 0.160 0.111 0.195 0.281 0.003 0.001 0.002 0.045 0.050 0.440 0.274 0.363 0.522 0.615 0.685 0.343 0.521 0.000 0.262 0.002 0.005 0.018 0.066 0.068 0.077 0.007 0.016 0.044 0.108 0.067 0.043 0.081 0.000 0.030 0.020 0.005 0.020 0.527 0.386 0.519 0.606 0.567 0.549 0.233 0.323 0.424 0.491 0.569 0.170 0.134 0.320 0.622 0.395 0.320 0.433 0.434 0.559 0.184 0.206 0.188 0.104 0.113 0.307 0.309 0.017 0.137 0.073 0.006 0.002 0.059 0.006 0.050 0.193 0.106 0.194 0.380 0.319 0.329 0.349 0.289 0.413 0.625 0.651 0.257 0.270 0.246 0.226)  
Brain region: V1: 1833035 neurons, medial higher visual: 1108860 neurons, lateral higher visual: 495318 neurons, anterior higher visual: 668180 neurons, other visual area: 188331 neurons, unassigned: 397310 neurons  
Data verification complete.
