Data format is valid, no errors or warnings.
Number of sessions: 12
Total number of trials: 3116
Number of trials per session: [302, 245, 210, 252, 390, 214, 226, 230, 250, 297, 216, 284]
Number of subjects: 7
Number of brain regions: 1
Number of sessions per subject:
  Subject JEB6: 1 sessions
  Subject JEB7: 2 sessions
  Subject EKH1: 1 sessions
  Subject EKH3: 1 sessions
  Subject JGR2: 2 sessions
  Subject JGR3: 1 sessions
  Subject JEB19: 4 sessions
Input dimension: 1
Output dimension: 6
Summary statistics (across all sessions):
  T: mean: 550.00, median: 550.00, min: 550, max: 550
  n_neurons: mean: 42.92', min: 27, max: 67
  Input range:
    time_from_go_cue_s: [-3.0, 2.5]
  Output range:
    lick_direction: [0.0, 2.0]
    behavioral_context: [0.0, 1.0]
    outcome: [0.0, 2.0]
    tongue_velocity: [0.0, 2.0]
    paw_velocity: [0.0, 2.0]
    motion_energy: [0.0, 2.0]
  Unique outputs per dimension (fraction of data):
    lick_direction: {left (0.400), right (0.377), none (0.223)}
    behavioral_context: {DR (0.685), WC (0.315)}
    outcome: {incorrect (0.106), correct (0.669), ignore (0.225)}
    tongue_velocity: {below_session_median (0.038), at_or_above_session_median (0.038), not_visible (0.923)}
    paw_velocity: {below_session_median (0.388), at_or_above_session_median (0.388), not_visible (0.223)}
    motion_energy: {below_session_median (0.385), at_or_above_session_median (0.399), no_video (0.216)}
  Brain region distribution:
    ALM: 515 neurons

Per-session statistics:
  Mean T: 550.0, 550.0, 550.0, 550.0, 550.0, 550.0, 550.0, 550.0, 550.0, 550.0, 550.0, 550.0
  Min T: 550, 550, 550, 550, 550, 550, 550, 550, 550, 550, 550, 550
  Max T: 550, 550, 550, 550, 550, 550, 550, 550, 550, 550, 550, 550
  n_neurons: 29, 66, 27, 48, 65, 29, 52, 27, 33, 67, 36, 36
  Input range:
    0: [-3.0, 2.5] [-3.0, 2.5] [-3.0, 2.5] [-3.0, 2.5] [-3.0, 2.5] [-3.0, 2.5] [-3.0, 2.5] [-3.0, 2.5] [-3.0, 2.5] [-3.0, 2.5] [-3.0, 2.5] [-3.0, 2.5] 
  Output range:
    0: [0.0, 2.0] [0.0, 2.0] [0.0, 2.0] [0.0, 2.0] [0.0, 2.0] [0.0, 2.0] [0.0, 2.0] [0.0, 2.0] [0.0, 2.0] [0.0, 2.0] [0.0, 2.0] [0.0, 2.0] 
    1: [0.0, 1.0] [0.0, 1.0] [0.0, 1.0] [0.0, 1.0] [0.0, 1.0] [0.0, 1.0] [0.0, 1.0] [0.0, 1.0] [0.0, 1.0] [0.0, 1.0] [0.0, 1.0] [0.0, 1.0] 
    2: [0.0, 2.0] [0.0, 2.0] [0.0, 2.0] [0.0, 2.0] [0.0, 2.0] [0.0, 2.0] [0.0, 2.0] [0.0, 2.0] [0.0, 2.0] [0.0, 2.0] [0.0, 2.0] [0.0, 2.0] 
    3: [0.0, 2.0] [0.0, 2.0] [0.0, 2.0] [0.0, 2.0] [0.0, 2.0] [0.0, 2.0] [0.0, 2.0] [0.0, 2.0] [0.0, 2.0] [0.0, 2.0] [0.0, 2.0] [0.0, 2.0] 
    4: [0.0, 2.0] [0.0, 2.0] [0.0, 2.0] [0.0, 2.0] [0.0, 2.0] [0.0, 2.0] [0.0, 2.0] [0.0, 2.0] [0.0, 2.0] [0.0, 2.0] [0.0, 2.0] [0.0, 2.0] 
    5: [0.0, 2.0] [0.0, 2.0] [0.0, 2.0] [0.0, 2.0] [0.0, 2.0] [0.0, 2.0] [0.0, 2.0] [0.0, 2.0] [0.0, 2.0] [0.0, 2.0] [0.0, 2.0] [0.0, 2.0] 
  Output fraction of data:
lick_direction: (0.424 0.392 0.357 0.413 0.446 0.467 0.473 0.465 0.336 0.246 0.352 0.426)  0.437 0.461 0.390 0.437 0.382 0.402 0.389 0.374 0.336 0.316 0.324 0.289)  0.139 0.147 0.252 0.151 0.172 0.131 0.137 0.161 0.328 0.438 0.324 0.285)  
behavioral_context: (0.672 0.669 0.657 0.726 0.774 0.720 0.748 0.696 0.664 0.640 0.611 0.609)  0.328 0.331 0.343 0.274 0.226 0.280 0.252 0.304 0.336 0.360 0.389 0.391)  
outcome: (0.079 0.167 0.105 0.071 0.054 0.126 0.102 0.196 0.080 0.071 0.111 0.151)  0.781 0.686 0.643 0.778 0.772 0.738 0.761 0.643 0.592 0.488 0.565 0.553)  0.139 0.147 0.252 0.151 0.174 0.136 0.137 0.161 0.328 0.441 0.324 0.296)  
tongue_velocity: (0.055 0.061 0.057 0.051 0.051 0.029 0.032 0.042 0.021 0.015 0.016 0.024)  0.055 0.061 0.057 0.051 0.051 0.029 0.032 0.042 0.021 0.015 0.016 0.024)  0.890 0.878 0.887 0.899 0.899 0.941 0.935 0.915 0.957 0.970 0.967 0.952)  
paw_velocity: (0.407 0.407 0.407 0.377 0.407 0.404 0.402 0.401 0.362 0.362 0.360 0.362)  0.407 0.407 0.407 0.377 0.407 0.404 0.402 0.401 0.362 0.362 0.360 0.362)  0.186 0.186 0.185 0.246 0.186 0.192 0.195 0.199 0.276 0.276 0.280 0.276)  
motion_energy: (0.401 0.404 0.405 0.401 0.402 0.404 0.399 0.403 0.352 0.354 0.343 0.347)  0.413 0.410 0.410 0.413 0.412 0.411 0.416 0.411 0.372 0.370 0.377 0.376)  0.185 0.186 0.185 0.186 0.186 0.185 0.185 0.185 0.276 0.276 0.280 0.276)  
Brain region: ALM: 515 neurons  
Data verification complete.
