Data format warnings:
  - Session 254, trial 242: all neural data is zero
  - Session 254, trial 243: all neural data is zero
  - Session 254, trial 244: all neural data is zero
Number of sessions: 444
Total number of trials: 188985
Number of trials per session: [198, 446, 564, 307, 267, 438, 631, 372, 348, 441, 271, 126, 286, 431, 435, 421, 307, 674, 628, 467, 515, 444, 444, 211, 288, 618, 396, 593, 365, 304, 678, 420, 370, 632, 566, 261, 183, 610, 482, 353, 362, 397, 443, 618, 395, 289, 412, 379, 537, 248, 926, 434, 232, 406, 414, 612, 1085, 578, 346, 439, 369, 346, 299, 361, 360, 255, 313, 356, 428, 499, 217, 506, 338, 466, 730, 710, 330, 270, 347, 633, 307, 422, 333, 192, 466, 349, 444, 255, 304, 320, 515, 341, 403, 538, 367, 427, 394, 278, 594, 309, 480, 358, 262, 453, 384, 268, 446, 237, 422, 402, 216, 467, 326, 326, 308, 148, 532, 304, 310, 428, 359, 535, 532, 378, 535, 398, 574, 210, 370, 547, 559, 569, 442, 342, 624, 335, 284, 654, 657, 203, 190, 351, 285, 354, 234, 682, 428, 258, 358, 232, 1054, 509, 244, 413, 641, 369, 565, 244, 426, 204, 418, 584, 751, 132, 843, 257, 640, 695, 319, 662, 586, 375, 356, 388, 727, 322, 335, 193, 498, 342, 359, 304, 379, 407, 543, 257, 563, 467, 448, 454, 389, 617, 410, 449, 328, 463, 663, 324, 324, 439, 411, 603, 393, 317, 193, 488, 765, 358, 245, 370, 467, 247, 518, 481, 297, 242, 311, 461, 259, 590, 323, 627, 591, 321, 435, 348, 325, 312, 472, 274, 445, 341, 347, 626, 168, 298, 919, 496, 473, 585, 344, 260, 576, 407, 457, 608, 589, 355, 319, 470, 241, 282, 288, 288, 245, 486, 329, 289, 399, 823, 651, 387, 331, 659, 432, 383, 258, 373, 380, 536, 419, 366, 383, 382, 722, 286, 565, 531, 1033, 267, 434, 449, 274, 241, 610, 493, 278, 243, 501, 514, 392, 412, 264, 246, 269, 501, 476, 338, 270, 392, 459, 341, 660, 285, 455, 337, 372, 578, 305, 484, 483, 386, 548, 499, 814, 625, 221, 316, 490, 461, 794, 198, 373, 410, 444, 273, 296, 385, 507, 311, 251, 592, 388, 194, 375, 586, 496, 855, 529, 1093, 326, 265, 561, 423, 226, 280, 258, 679, 524, 407, 346, 317, 628, 304, 280, 286, 415, 513, 585, 355, 131, 298, 687, 579, 390, 295, 326, 325, 358, 394, 288, 505, 262, 508, 555, 436, 314, 511, 371, 467, 320, 698, 529, 290, 882, 293, 404, 338, 347, 439, 379, 677, 248, 456, 351, 386, 232, 657, 327, 398, 352, 313, 511, 231, 338, 519, 419, 475, 226, 294, 389, 457, 328, 284, 679, 462, 236, 697, 306, 708, 533, 490, 185, 254, 350, 226, 519, 257, 407, 493, 741, 267, 484, 277, 373, 407, 1201, 383, 364, 1445, 601, 733, 265, 401]
Number of subjects: 136
Number of brain regions: 281
Number of sessions per subject:
  Subject MFD_05: 3 sessions
  Subject DY_010: 5 sessions
  Subject SWC_038: 2 sessions
  Subject SWC_053: 3 sessions
  Subject NYU-12: 4 sessions
  Subject CSHL045: 5 sessions
  Subject ibl_witten_20: 3 sessions
  Subject UCLA014: 1 sessions
  Subject PL035: 4 sessions
  Subject KS042: 2 sessions
  Subject ZFM-02373: 1 sessions
  Subject ibl_witten_32: 1 sessions
  Subject UCLA049: 2 sessions
  Subject PL015: 5 sessions
  Subject ibl_witten_26: 5 sessions
  Subject ZFM-01577: 3 sessions
  Subject KS051: 2 sessions
  Subject KS046: 4 sessions
  Subject ZFM-01937: 2 sessions
  Subject UCLA015: 1 sessions
  Subject CSHL055: 1 sessions
  Subject ibl_witten_29: 9 sessions
  Subject PL050: 9 sessions
  Subject CSHL053: 4 sessions
  Subject DY_008: 2 sessions
  Subject NR_0027: 4 sessions
  Subject PL017: 6 sessions
  Subject MFD_07: 3 sessions
  Subject UCLA033: 3 sessions
  Subject CSHL060: 5 sessions
  Subject PL037: 6 sessions
  Subject SWC_065: 1 sessions
  Subject CSH_ZAD_026: 6 sessions
  Subject DY_009: 9 sessions
  Subject NYU-47: 3 sessions
  Subject KS022: 1 sessions
  Subject KS014: 3 sessions
  Subject KS016: 3 sessions
  Subject SWC_052: 7 sessions
  Subject ZM_2240: 4 sessions
  Subject KS091: 2 sessions
  Subject UCLA034: 4 sessions
  Subject UCLA006: 1 sessions
  Subject ZFM-01935: 4 sessions
  Subject KS084: 1 sessions
  Subject KS096: 5 sessions
  Subject NR_0021: 3 sessions
  Subject CSH_ZAD_022: 7 sessions
  Subject CSH_ZAD_029: 7 sessions
  Subject UCLA012: 1 sessions
  Subject PL030: 8 sessions
  Subject CSH_ZAD_025: 7 sessions
  Subject NYU-37: 5 sessions
  Subject ZM_1898: 2 sessions
  Subject ZFM-04308: 2 sessions
  Subject UCLA044: 2 sessions
  Subject DY_016: 5 sessions
  Subject ibl_witten_27: 5 sessions
  Subject ibl_witten_18: 3 sessions
  Subject DY_020: 8 sessions
  Subject NR_0028: 5 sessions
  Subject CSHL058: 3 sessions
  Subject PL033: 13 sessions
  Subject UCLA037: 4 sessions
  Subject ZFM-01936: 5 sessions
  Subject CSHL047: 2 sessions
  Subject NR_0024: 4 sessions
  Subject DY_013: 3 sessions
  Subject PL024: 1 sessions
  Subject NYU-39: 5 sessions
  Subject MFD_06: 4 sessions
  Subject SWC_061: 3 sessions
  Subject DY_011: 4 sessions
  Subject SWC_058: 4 sessions
  Subject CSHL052: 5 sessions
  Subject CSHL059: 5 sessions
  Subject NR_0029: 5 sessions
  Subject PL034: 3 sessions
  Subject NYU-48: 3 sessions
  Subject NR_0020: 4 sessions
  Subject CSH_ZAD_001: 1 sessions
  Subject KS094: 4 sessions
  Subject ZM_2241: 5 sessions
  Subject DY_014: 7 sessions
  Subject ibl_witten_13: 2 sessions
  Subject CSH_ZAD_019: 4 sessions
  Subject CSHL049: 4 sessions
  Subject ibl_witten_19: 2 sessions
  Subject SWC_043: 7 sessions
  Subject NYU-40: 4 sessions
  Subject NYU-45: 3 sessions
  Subject ibl_witten_25: 1 sessions
  Subject DY_018: 3 sessions
  Subject NYU-30: 3 sessions
  Subject NYU-11: 2 sessions
  Subject SWC_054: 6 sessions
  Subject ZFM-01592: 3 sessions
  Subject PL016: 1 sessions
  Subject MFD_08: 2 sessions
  Subject CSH_ZAD_011: 1 sessions
  Subject NR_0019: 3 sessions
  Subject NR_0031: 2 sessions
  Subject NYU-46: 4 sessions
  Subject SWC_042: 2 sessions
  Subject UCLA052: 1 sessions
  Subject UCLA035: 2 sessions
  Subject ZFM-02370: 2 sessions
  Subject ZFM-02369: 1 sessions
  Subject SWC_039: 1 sessions
  Subject KS044: 2 sessions
  Subject ZFM-02372: 2 sessions
  Subject UCLA030: 1 sessions
  Subject SWC_060: 3 sessions
  Subject CSH_ZAD_024: 1 sessions
  Subject UCLA011: 1 sessions
  Subject NYU-65: 3 sessions
  Subject NYU-21: 2 sessions
  Subject ZM_3003: 2 sessions
  Subject KS043: 2 sessions
  Subject ZFM-01576: 2 sessions
  Subject PL031: 5 sessions
  Subject KS023: 4 sessions
  Subject SWC_066: 2 sessions
  Subject ZFM-02368: 1 sessions
  Subject CSHL054: 1 sessions
  Subject ibl_witten_17: 2 sessions
  Subject KS055: 1 sessions
  Subject UCLA017: 1 sessions
  Subject ZM_2245: 1 sessions
  Subject UCLA005: 1 sessions
  Subject UCLA048: 1 sessions
  Subject UCLA036: 1 sessions
  Subject KS086: 2 sessions
  Subject NR_0017: 1 sessions
  Subject MFD_09: 1 sessions
  Subject CSHL051: 1 sessions
Input dimension: 2
Output dimension: 4
Summary statistics (across all sessions):
  T: mean: 100.00, median: 100.00, min: 100, max: 100
  n_neurons: mean: 1351.05', min: 135, max: 3140
  Input range:
    time_since_stim_onset: [-0.5, 1.5]
    trial_number_in_block: [1.0, 99.0]
  Output range:
    choice: [0.0, 1.0]
    prior: [0.0, 2.0]
    wheel_speed: [0.0, 2.0]
    whisker_motion_energy: [0.0, 2.0]
  Unique outputs per dimension (fraction of data):
    choice: {left (0.492), right (0.508)}
    prior: {0.2 (0.417), 0.5 (0.141), 0.8 (0.442)}
    wheel_speed: {low (0.333), medium (0.333), high (0.333)}
    whisker_motion_energy: {low (0.333), medium (0.333), high (0.333)}
  Brain region distribution:
    AAA: 265 neurons
    ACAd: 1926 neurons
    ACAv: 1398 neurons
    ACB: 2655 neurons
    AD: 229 neurons
    ADP: 80 neurons
    AHN: 180 neurons
    AId: 1096 neurons
    AIp: 533 neurons
    AIv: 709 neurons
    AM: 842 neurons
    AMB: 73 neurons
    ANcr1: 2959 neurons
    ANcr2: 4177 neurons
    AOB: 90 neurons
    AON: 3345 neurons
    AP: 183 neurons
    APN: 14095 neurons
    APr: 325 neurons
    AT: 218 neurons
    AUDd: 991 neurons
    AUDp: 1195 neurons
    AUDpo: 425 neurons
    AUDv: 935 neurons
    AV: 1243 neurons
    AVP: 161 neurons
    BLA: 1565 neurons
    BMA: 1645 neurons
    BST: 1697 neurons
    CA1: 22719 neurons
    CA2: 656 neurons
    CA3: 11829 neurons
    CEA: 1101 neurons
    CENT2: 3653 neurons
    CENT3: 4212 neurons
    CL: 433 neurons
    CLA: 359 neurons
    CLI: 361 neurons
    CM: 270 neurons
    COAa: 113 neurons
    COAp: 1893 neurons
    COPY: 3359 neurons
    CP: 25240 neurons
    CS: 2359 neurons
    CU: 434 neurons
    CUL4 5: 9030 neurons
    CUN: 1013 neurons
    DCO: 1672 neurons
    DEC: 1780 neurons
    DG: 17229 neurons
    DMH: 140 neurons
    DMX: 62 neurons
    DN: 603 neurons
    DP: 1203 neurons
    DR: 381 neurons
    DT: 41 neurons
    DTN: 164 neurons
    ECT: 699 neurons
    ECU: 492 neurons
    ENTl: 3998 neurons
    ENTm: 3938 neurons
    EPd: 1261 neurons
    EPv: 822 neurons
    EW: 3 neurons
    Eth: 1729 neurons
    FC: 221 neurons
    FL: 466 neurons
    FN: 242 neurons
    FOTU: 594 neurons
    FRP: 779 neurons
    FS: 162 neurons
    GPe: 1807 neurons
    GPi: 415 neurons
    GR: 32 neurons
    GRN: 3727 neurons
    GU: 445 neurons
    HATA: 517 neurons
    I5: 366 neurons
    IA: 82 neurons
    IAD: 125 neurons
    IAM: 24 neurons
    IC: 5419 neurons
    ICB: 249 neurons
    IF: 127 neurons
    IG: 134 neurons
    IGL: 179 neurons
    III: 47 neurons
    ILA: 1817 neurons
    IMD: 6 neurons
    IO: 94 neurons
    IP: 2487 neurons
    IPN: 561 neurons
    IRN: 6252 neurons
    ISN: 14 neurons
    IntG: 35 neurons
    LA: 583 neurons
    LAV: 840 neurons
    LC: 2 neurons
    LD: 3062 neurons
    LDT: 567 neurons
    LGd: 2799 neurons
    LGv: 1060 neurons
    LH: 787 neurons
    LHA: 1147 neurons
    LIN: 61 neurons
    LING: 216 neurons
    LM: 34 neurons
    LP: 7553 neurons
    LPO: 284 neurons
    LRN: 263 neurons
    LSc: 757 neurons
    LSr: 5686 neurons
    LSv: 1303 neurons
    MA: 363 neurons
    MA3: 6 neurons
    MARN: 449 neurons
    MD: 2917 neurons
    MDRN: 2323 neurons
    MEA: 1435 neurons
    MEPO: 32 neurons
    MG: 1488 neurons
    MH: 306 neurons
    MM: 220 neurons
    MOB: 1227 neurons
    MOp: 8621 neurons
    MOs: 8611 neurons
    MPN: 24 neurons
    MPO: 315 neurons
    MPT: 22 neurons
    MRN: 22456 neurons
    MS: 724 neurons
    MT: 25 neurons
    MV: 4966 neurons
    NB: 280 neurons
    NDB: 309 neurons
    NI: 373 neurons
    NLL: 1888 neurons
    NOD: 1173 neurons
    NOT: 835 neurons
    NPC: 804 neurons
    NTS: 1448 neurons
    OP: 146 neurons
    ORBl: 2133 neurons
    ORBm: 804 neurons
    ORBvl: 2407 neurons
    OT: 862 neurons
    P5: 485 neurons
    PA: 931 neurons
    PAA: 490 neurons
    PAG: 6913 neurons
    PAR: 2118 neurons
    PARN: 2352 neurons
    PAS: 6 neurons
    PB: 3567 neurons
    PBG: 146 neurons
    PC5: 306 neurons
    PCG: 923 neurons
    PCN: 389 neurons
    PDTg: 194 neurons
    PERI: 148 neurons
    PF: 1055 neurons
    PFL: 1264 neurons
    PG: 140 neurons
    PGRN: 1129 neurons
    PH: 712 neurons
    PIL: 181 neurons
    PIR: 3616 neurons
    PL: 1758 neurons
    PMd: 54 neurons
    PMv: 64 neurons
    PO: 10111 neurons
    POL: 1167 neurons
    POST: 3227 neurons
    PP: 104 neurons
    PPN: 2739 neurons
    PPT: 411 neurons
    PR: 196 neurons
    PRE: 1693 neurons
    PRM: 3868 neurons
    PRNc: 1985 neurons
    PRNr: 6555 neurons
    PRP: 918 neurons
    PS: 192 neurons
    PSTN: 98 neurons
    PSV: 1443 neurons
    PT: 19 neurons
    PVH: 67 neurons
    PVHd: 110 neurons
    PVT: 512 neurons
    PVp: 3 neurons
    PYR: 1115 neurons
    Pa4: 67 neurons
    Pa5: 75 neurons
    PeF: 196 neurons
    PoT: 1448 neurons
    ProS: 2641 neurons
    RE: 148 neurons
    RH: 63 neurons
    RL: 40 neurons
    RM: 12 neurons
    RN: 3758 neurons
    RO: 81 neurons
    RPF: 377 neurons
    RR: 430 neurons
    RSPagl: 2252 neurons
    RSPd: 3103 neurons
    RSPv: 4534 neurons
    RT: 3130 neurons
    SAG: 253 neurons
    SCm: 13691 neurons
    SCs: 2177 neurons
    SF: 751 neurons
    SFO: 1 neurons
    SGN: 607 neurons
    SH: 61 neurons
    SI: 1550 neurons
    SIM: 6119 neurons
    SMT: 829 neurons
    SNc: 161 neurons
    SNr: 1366 neurons
    SOC: 1017 neurons
    SPA: 351 neurons
    SPF: 761 neurons
    SPIV: 2000 neurons
    SPVC: 636 neurons
    SPVI: 4057 neurons
    SPVO: 1541 neurons
    SSp-bfd: 5232 neurons
    SSp-ll: 1381 neurons
    SSp-m: 3570 neurons
    SSp-n: 1201 neurons
    SSp-tr: 1872 neurons
    SSp-ul: 1723 neurons
    SSp-un: 611 neurons
    SSs: 3169 neurons
    STN: 93 neurons
    SUB: 5670 neurons
    SUM: 164 neurons
    SUT: 1430 neurons
    SUV: 1502 neurons
    SubG: 48 neurons
    TEa: 1035 neurons
    TR: 506 neurons
    TRN: 1463 neurons
    TRS: 578 neurons
    TTd: 1017 neurons
    TTv: 7 neurons
    TU: 69 neurons
    UVU: 2294 neurons
    V: 1678 neurons
    VAL: 1544 neurons
    VCO: 843 neurons
    VII: 861 neurons
    VISC: 375 neurons
    VISa: 5947 neurons
    VISal: 699 neurons
    VISam: 2458 neurons
    VISl: 1418 neurons
    VISli: 456 neurons
    VISp: 8426 neurons
    VISpl: 523 neurons
    VISpm: 1985 neurons
    VISpor: 751 neurons
    VISrl: 1191 neurons
    VLPO: 16 neurons
    VM: 790 neurons
    VMH: 116 neurons
    VPL: 2804 neurons
    VPLpc: 519 neurons
    VPM: 7464 neurons
    VPMpc: 460 neurons
    VTA: 310 neurons
    VTN: 130 neurons
    VeCB: 427 neurons
    XII: 347 neurons
    Xi: 7 neurons
    ZI: 3175 neurons
    root: 85656 neurons
    void: 12827 neurons
    x: 344 neurons
    y: 18 neurons

Per-session statistics:
  Mean T: 100.0, 100.0, 100.0, 100.0, 100.0, 100.0, 100.0, 100.0, 100.0, 100.0, 100.0, 100.0, 100.0, 100.0, 100.0, 100.0, 100.0, 100.0, 100.0, 100.0, 100.0, 100.0, 100.0, 100.0, 100.0, 100.0, 100.0, 100.0, 100.0, 100.0, 100.0, 100.0, 100.0, 100.0, 100.0, 100.0, 100.0, 100.0, 100.0, 100.0, 100.0, 100.0, 100.0, 100.0, 100.0, 100.0, 100.0, 100.0, 100.0, 100.0, 100.0, 100.0, 100.0, 100.0, 100.0, 100.0, 100.0, 100.0, 100.0, 100.0, 100.0, 100.0, 100.0, 100.0, 100.0, 100.0, 100.0, 100.0, 100.0, 100.0, 100.0, 100.0, 100.0, 100.0, 100.0, 100.0, 100.0, 100.0, 100.0, 100.0, 100.0, 100.0, 100.0, 100.0, 100.0, 100.0, 100.0, 100.0, 100.0, 100.0, 100.0, 100.0, 100.0, 100.0, 100.0, 100.0, 100.0, 100.0, 100.0, 100.0, 100.0, 100.0, 100.0, 100.0, 100.0, 100.0, 100.0, 100.0, 100.0, 100.0, 100.0, 100.0, 100.0, 100.0, 100.0, 100.0, 100.0, 100.0, 100.0, 100.0, 100.0, 100.0, 100.0, 100.0, 100.0, 100.0, 100.0, 100.0, 100.0, 100.0, 100.0, 100.0, 100.0, 100.0, 100.0, 100.0, 100.0, 100.0, 100.0, 100.0, 100.0, 100.0, 100.0, 100.0, 100.0, 100.0, 100.0, 100.0, 100.0, 100.0, 100.0, 100.0, 100.0, 100.0, 100.0, 100.0, 100.0, 100.0, 100.0, 100.0, 100.0, 100.0, 100.0, 100.0, 100.0, 100.0, 100.0, 100.0, 100.0, 100.0, 100.0, 100.0, 100.0, 100.0, 100.0, 100.0, 100.0, 100.0, 100.0, 100.0, 100.0, 100.0, 100.0, 100.0, 100.0, 100.0, 100.0, 100.0, 100.0, 100.0, 100.0, 100.0, 100.0, 100.0, 100.0, 100.0, 100.0, 100.0, 100.0, 100.0, 100.0, 100.0, 100.0, 100.0, 100.0, 100.0, 100.0, 100.0, 100.0, 100.0, 100.0, 100.0, 100.0, 100.0, 100.0, 100.0, 100.0, 100.0, 100.0, 100.0, 100.0, 100.0, 100.0, 100.0, 100.0, 100.0, 100.0, 100.0, 100.0, 100.0, 100.0, 100.0, 100.0, 100.0, 100.0, 100.0, 100.0, 100.0, 100.0, 100.0, 100.0, 100.0, 100.0, 100.0, 100.0, 100.0, 100.0, 100.0, 100.0, 100.0, 100.0, 100.0, 100.0, 100.0, 100.0, 100.0, 100.0, 100.0, 100.0, 100.0, 100.0, 100.0, 100.0, 100.0, 100.0, 100.0, 100.0, 100.0, 100.0, 100.0, 100.0, 100.0, 100.0, 100.0, 100.0, 100.0, 100.0, 100.0, 100.0, 100.0, 100.0, 100.0, 100.0, 100.0, 100.0, 100.0, 100.0, 100.0, 100.0, 100.0, 100.0, 100.0, 100.0, 100.0, 100.0, 100.0, 100.0, 100.0, 100.0, 100.0, 100.0, 100.0, 100.0, 100.0, 100.0, 100.0, 100.0, 100.0, 100.0, 100.0, 100.0, 100.0, 100.0, 100.0, 100.0, 100.0, 100.0, 100.0, 100.0, 100.0, 100.0, 100.0, 100.0, 100.0, 100.0, 100.0, 100.0, 100.0, 100.0, 100.0, 100.0, 100.0, 100.0, 100.0, 100.0, 100.0, 100.0, 100.0, 100.0, 100.0, 100.0, 100.0, 100.0, 100.0, 100.0, 100.0, 100.0, 100.0, 100.0, 100.0, 100.0, 100.0, 100.0, 100.0, 100.0, 100.0, 100.0, 100.0, 100.0, 100.0, 100.0, 100.0, 100.0, 100.0, 100.0, 100.0, 100.0, 100.0, 100.0, 100.0, 100.0, 100.0, 100.0, 100.0, 100.0, 100.0, 100.0, 100.0, 100.0, 100.0, 100.0, 100.0, 100.0, 100.0, 100.0, 100.0, 100.0, 100.0, 100.0, 100.0, 100.0, 100.0, 100.0, 100.0, 100.0, 100.0, 100.0, 100.0, 100.0, 100.0, 100.0, 100.0, 100.0, 100.0, 100.0, 100.0, 100.0, 100.0, 100.0, 100.0, 100.0, 100.0, 100.0, 100.0, 100.0, 100.0, 100.0, 100.0, 100.0, 100.0, 100.0, 100.0, 100.0, 100.0, 100.0, 100.0, 100.0, 100.0, 100.0, 100.0, 100.0, 100.0, 100.0, 100.0, 100.0, 100.0, 100.0, 100.0, 100.0, 100.0, 100.0, 100.0, 100.0, 100.0
  Min T: 100, 100, 100, 100, 100, 100, 100, 100, 100, 100, 100, 100, 100, 100, 100, 100, 100, 100, 100, 100, 100, 100, 100, 100, 100, 100, 100, 100, 100, 100, 100, 100, 100, 100, 100, 100, 100, 100, 100, 100, 100, 100, 100, 100, 100, 100, 100, 100, 100, 100, 100, 100, 100, 100, 100, 100, 100, 100, 100, 100, 100, 100, 100, 100, 100, 100, 100, 100, 100, 100, 100, 100, 100, 100, 100, 100, 100, 100, 100, 100, 100, 100, 100, 100, 100, 100, 100, 100, 100, 100, 100, 100, 100, 100, 100, 100, 100, 100, 100, 100, 100, 100, 100, 100, 100, 100, 100, 100, 100, 100, 100, 100, 100, 100, 100, 100, 100, 100, 100, 100, 100, 100, 100, 100, 100, 100, 100, 100, 100, 100, 100, 100, 100, 100, 100, 100, 100, 100, 100, 100, 100, 100, 100, 100, 100, 100, 100, 100, 100, 100, 100, 100, 100, 100, 100, 100, 100, 100, 100, 100, 100, 100, 100, 100, 100, 100, 100, 100, 100, 100, 100, 100, 100, 100, 100, 100, 100, 100, 100, 100, 100, 100, 100, 100, 100, 100, 100, 100, 100, 100, 100, 100, 100, 100, 100, 100, 100, 100, 100, 100, 100, 100, 100, 100, 100, 100, 100, 100, 100, 100, 100, 100, 100, 100, 100, 100, 100, 100, 100, 100, 100, 100, 100, 100, 100, 100, 100, 100, 100, 100, 100, 100, 100, 100, 100, 100, 100, 100, 100, 100, 100, 100, 100, 100, 100, 100, 100, 100, 100, 100, 100, 100, 100, 100, 100, 100, 100, 100, 100, 100, 100, 100, 100, 100, 100, 100, 100, 100, 100, 100, 100, 100, 100, 100, 100, 100, 100, 100, 100, 100, 100, 100, 100, 100, 100, 100, 100, 100, 100, 100, 100, 100, 100, 100, 100, 100, 100, 100, 100, 100, 100, 100, 100, 100, 100, 100, 100, 100, 100, 100, 100, 100, 100, 100, 100, 100, 100, 100, 100, 100, 100, 100, 100, 100, 100, 100, 100, 100, 100, 100, 100, 100, 100, 100, 100, 100, 100, 100, 100, 100, 100, 100, 100, 100, 100, 100, 100, 100, 100, 100, 100, 100, 100, 100, 100, 100, 100, 100, 100, 100, 100, 100, 100, 100, 100, 100, 100, 100, 100, 100, 100, 100, 100, 100, 100, 100, 100, 100, 100, 100, 100, 100, 100, 100, 100, 100, 100, 100, 100, 100, 100, 100, 100, 100, 100, 100, 100, 100, 100, 100, 100, 100, 100, 100, 100, 100, 100, 100, 100, 100, 100, 100, 100, 100, 100, 100, 100, 100, 100, 100, 100, 100, 100, 100, 100, 100, 100, 100, 100, 100, 100, 100, 100, 100, 100, 100, 100, 100, 100, 100, 100, 100, 100, 100
  Max T: 100, 100, 100, 100, 100, 100, 100, 100, 100, 100, 100, 100, 100, 100, 100, 100, 100, 100, 100, 100, 100, 100, 100, 100, 100, 100, 100, 100, 100, 100, 100, 100, 100, 100, 100, 100, 100, 100, 100, 100, 100, 100, 100, 100, 100, 100, 100, 100, 100, 100, 100, 100, 100, 100, 100, 100, 100, 100, 100, 100, 100, 100, 100, 100, 100, 100, 100, 100, 100, 100, 100, 100, 100, 100, 100, 100, 100, 100, 100, 100, 100, 100, 100, 100, 100, 100, 100, 100, 100, 100, 100, 100, 100, 100, 100, 100, 100, 100, 100, 100, 100, 100, 100, 100, 100, 100, 100, 100, 100, 100, 100, 100, 100, 100, 100, 100, 100, 100, 100, 100, 100, 100, 100, 100, 100, 100, 100, 100, 100, 100, 100, 100, 100, 100, 100, 100, 100, 100, 100, 100, 100, 100, 100, 100, 100, 100, 100, 100, 100, 100, 100, 100, 100, 100, 100, 100, 100, 100, 100, 100, 100, 100, 100, 100, 100, 100, 100, 100, 100, 100, 100, 100, 100, 100, 100, 100, 100, 100, 100, 100, 100, 100, 100, 100, 100, 100, 100, 100, 100, 100, 100, 100, 100, 100, 100, 100, 100, 100, 100, 100, 100, 100, 100, 100, 100, 100, 100, 100, 100, 100, 100, 100, 100, 100, 100, 100, 100, 100, 100, 100, 100, 100, 100, 100, 100, 100, 100, 100, 100, 100, 100, 100, 100, 100, 100, 100, 100, 100, 100, 100, 100, 100, 100, 100, 100, 100, 100, 100, 100, 100, 100, 100, 100, 100, 100, 100, 100, 100, 100, 100, 100, 100, 100, 100, 100, 100, 100, 100, 100, 100, 100, 100, 100, 100, 100, 100, 100, 100, 100, 100, 100, 100, 100, 100, 100, 100, 100, 100, 100, 100, 100, 100, 100, 100, 100, 100, 100, 100, 100, 100, 100, 100, 100, 100, 100, 100, 100, 100, 100, 100, 100, 100, 100, 100, 100, 100, 100, 100, 100, 100, 100, 100, 100, 100, 100, 100, 100, 100, 100, 100, 100, 100, 100, 100, 100, 100, 100, 100, 100, 100, 100, 100, 100, 100, 100, 100, 100, 100, 100, 100, 100, 100, 100, 100, 100, 100, 100, 100, 100, 100, 100, 100, 100, 100, 100, 100, 100, 100, 100, 100, 100, 100, 100, 100, 100, 100, 100, 100, 100, 100, 100, 100, 100, 100, 100, 100, 100, 100, 100, 100, 100, 100, 100, 100, 100, 100, 100, 100, 100, 100, 100, 100, 100, 100, 100, 100, 100, 100, 100, 100, 100, 100, 100, 100, 100, 100, 100, 100, 100, 100, 100, 100, 100, 100, 100, 100, 100, 100, 100, 100, 100, 100, 100, 100, 100, 100, 100, 100, 100, 100, 100, 100, 100, 100
  n_neurons: 1239, 781, 1343, 406, 1673, 1346, 1321, 983, 931, 1821, 1547, 672, 1460, 759, 2461, 1955, 899, 908, 514, 1186, 2846, 1495, 768, 626, 1014, 1807, 878, 1241, 2506, 879, 2068, 489, 1306, 1093, 910, 632, 2023, 1113, 925, 1912, 1141, 2375, 822, 358, 1898, 2175, 1242, 1822, 658, 911, 2298, 668, 1146, 2096, 2769, 986, 2828, 1187, 827, 2793, 867, 860, 2251, 515, 2584, 1939, 657, 2095, 1040, 1816, 1583, 1213, 2093, 1273, 1393, 1035, 1514, 1401, 1299, 1274, 462, 2047, 1441, 1203, 1208, 1525, 1734, 709, 1035, 697, 1353, 1180, 1553, 1363, 1708, 430, 860, 805, 1802, 398, 1528, 1776, 151, 344, 1696, 513, 1571, 737, 1902, 519, 841, 1689, 1860, 717, 2564, 1202, 793, 384, 380, 2634, 1877, 1324, 1284, 646, 1363, 765, 1689, 1807, 1044, 1025, 1499, 1453, 167, 2316, 883, 539, 717, 1068, 1900, 1742, 1189, 2055, 2071, 889, 1602, 1102, 1994, 549, 798, 2736, 1715, 813, 1728, 2220, 731, 967, 549, 1405, 2013, 982, 1927, 736, 1962, 1417, 2962, 2227, 1895, 1469, 838, 1969, 3011, 753, 844, 745, 1425, 1021, 2130, 582, 813, 481, 1186, 888, 1370, 898, 2027, 914, 1559, 1892, 310, 2664, 2055, 1318, 2480, 313, 833, 1931, 1563, 528, 814, 1366, 2361, 2856, 1049, 1232, 1607, 595, 876, 1336, 1701, 1864, 1388, 1213, 566, 2521, 1301, 1711, 556, 499, 2612, 616, 1795, 2245, 1237, 2205, 2120, 615, 1203, 2746, 695, 1333, 978, 603, 1316, 2136, 2076, 1466, 2148, 2522, 1040, 684, 860, 1676, 1051, 1215, 1301, 1091, 362, 1197, 910, 1669, 1543, 2416, 1295, 2185, 658, 2002, 1775, 1114, 1012, 1611, 1532, 563, 1101, 685, 1333, 961, 981, 984, 889, 1193, 1684, 1764, 1358, 529, 1744, 2602, 1112, 2549, 2146, 647, 875, 603, 876, 1038, 644, 1468, 377, 243, 1926, 1504, 1406, 514, 566, 2445, 334, 1254, 1951, 244, 1719, 1846, 2547, 1307, 2520, 1414, 1576, 2017, 2414, 1017, 1504, 1521, 1566, 855, 1739, 2777, 930, 1389, 1255, 2129, 1085, 1615, 1270, 1934, 1124, 790, 1248, 457, 1529, 667, 1308, 1057, 882, 863, 1303, 393, 2617, 1528, 967, 2091, 1637, 1956, 1674, 722, 1487, 818, 1117, 1359, 1044, 1368, 1624, 1410, 730, 329, 518, 735, 379, 1961, 1253, 700, 1088, 1669, 638, 2744, 2177, 1108, 1425, 1323, 931, 135, 1555, 1221, 709, 728, 1242, 214, 1517, 2250, 326, 1651, 652, 1672, 1048, 1405, 1217, 2681, 2377, 1384, 623, 1575, 2199, 1184, 1235, 758, 1213, 987, 995, 1002, 633, 2622, 1230, 1557, 1190, 1805, 1513, 685, 1578, 1934, 1414, 1791, 1083, 667, 2562, 2465, 897, 763, 1257, 1504, 1241, 902, 2212, 603, 448, 1899, 1093, 2051, 1843, 2001, 1570, 1952, 1578, 1357, 1487, 259, 1619, 431, 1399, 1994, 3140, 1186, 891, 2129, 2079, 1400, 2277, 950
  Input range:
    0: [-0.5, 1.5] [-0.5, 1.5] [-0.5, 1.5] [-0.5, 1.5] [-0.5, 1.5] [-0.5, 1.5] [-0.5, 1.5] [-0.5, 1.5] [-0.5, 1.5] [-0.5, 1.5] [-0.5, 1.5] [-0.5, 1.5] [-0.5, 1.5] [-0.5, 1.5] [-0.5, 1.5] [-0.5, 1.5] [-0.5, 1.5] [-0.5, 1.5] [-0.5, 1.5] [-0.5, 1.5] [-0.5, 1.5] [-0.5, 1.5] [-0.5, 1.5] [-0.5, 1.5] [-0.5, 1.5] [-0.5, 1.5] [-0.5, 1.5] [-0.5, 1.5] [-0.5, 1.5] [-0.5, 1.5] [-0.5, 1.5] [-0.5, 1.5] [-0.5, 1.5] [-0.5, 1.5] [-0.5, 1.5] [-0.5, 1.5] [-0.5, 1.5] [-0.5, 1.5] [-0.5, 1.5] [-0.5, 1.5] [-0.5, 1.5] [-0.5, 1.5] [-0.5, 1.5] [-0.5, 1.5] [-0.5, 1.5] [-0.5, 1.5] [-0.5, 1.5] [-0.5, 1.5] [-0.5, 1.5] [-0.5, 1.5] [-0.5, 1.5] [-0.5, 1.5] [-0.5, 1.5] [-0.5, 1.5] [-0.5, 1.5] [-0.5, 1.5] [-0.5, 1.5] [-0.5, 1.5] [-0.5, 1.5] [-0.5, 1.5] [-0.5, 1.5] [-0.5, 1.5] [-0.5, 1.5] [-0.5, 1.5] [-0.5, 1.5] [-0.5, 1.5] [-0.5, 1.5] [-0.5, 1.5] [-0.5, 1.5] [-0.5, 1.5] [-0.5, 1.5] [-0.5, 1.5] [-0.5, 1.5] [-0.5, 1.5] [-0.5, 1.5] [-0.5, 1.5] [-0.5, 1.5] [-0.5, 1.5] [-0.5, 1.5] [-0.5, 1.5] [-0.5, 1.5] [-0.5, 1.5] [-0.5, 1.5] [-0.5, 1.5] [-0.5, 1.5] [-0.5, 1.5] [-0.5, 1.5] [-0.5, 1.5] [-0.5, 1.5] [-0.5, 1.5] [-0.5, 1.5] [-0.5, 1.5] [-0.5, 1.5] [-0.5, 1.5] [-0.5, 1.5] [-0.5, 1.5] [-0.5, 1.5] [-0.5, 1.5] [-0.5, 1.5] [-0.5, 1.5] [-0.5, 1.5] [-0.5, 1.5] [-0.5, 1.5] [-0.5, 1.5] [-0.5, 1.5] [-0.5, 1.5] [-0.5, 1.5] [-0.5, 1.5] [-0.5, 1.5] [-0.5, 1.5] [-0.5, 1.5] [-0.5, 1.5] [-0.5, 1.5] [-0.5, 1.5] [-0.5, 1.5] [-0.5, 1.5] [-0.5, 1.5] [-0.5, 1.5] [-0.5, 1.5] [-0.5, 1.5] [-0.5, 1.5] [-0.5, 1.5] [-0.5, 1.5] [-0.5, 1.5] [-0.5, 1.5] [-0.5, 1.5] [-0.5, 1.5] [-0.5, 1.5] [-0.5, 1.5] [-0.5, 1.5] [-0.5, 1.5] [-0.5, 1.5] [-0.5, 1.5] [-0.5, 1.5] [-0.5, 1.5] [-0.5, 1.5] [-0.5, 1.5] [-0.5, 1.5] [-0.5, 1.5] [-0.5, 1.5] [-0.5, 1.5] [-0.5, 1.5] [-0.5, 1.5] [-0.5, 1.5] [-0.5, 1.5] [-0.5, 1.5] [-0.5, 1.5] [-0.5, 1.5] [-0.5, 1.5] [-0.5, 1.5] [-0.5, 1.5] [-0.5, 1.5] [-0.5, 1.5] [-0.5, 1.5] [-0.5, 1.5] [-0.5, 1.5] [-0.5, 1.5] [-0.5, 1.5] [-0.5, 1.5] [-0.5, 1.5] [-0.5, 1.5] [-0.5, 1.5] [-0.5, 1.5] [-0.5, 1.5] [-0.5, 1.5] [-0.5, 1.5] [-0.5, 1.5] [-0.5, 1.5] [-0.5, 1.5] [-0.5, 1.5] [-0.5, 1.5] [-0.5, 1.5] [-0.5, 1.5] [-0.5, 1.5] [-0.5, 1.5] [-0.5, 1.5] [-0.5, 1.5] [-0.5, 1.5] [-0.5, 1.5] [-0.5, 1.5] [-0.5, 1.5] [-0.5, 1.5] [-0.5, 1.5] [-0.5, 1.5] [-0.5, 1.5] [-0.5, 1.5] [-0.5, 1.5] [-0.5, 1.5] [-0.5, 1.5] [-0.5, 1.5] [-0.5, 1.5] [-0.5, 1.5] [-0.5, 1.5] [-0.5, 1.5] [-0.5, 1.5] [-0.5, 1.5] [-0.5, 1.5] [-0.5, 1.5] [-0.5, 1.5] [-0.5, 1.5] [-0.5, 1.5] [-0.5, 1.5] [-0.5, 1.5] [-0.5, 1.5] [-0.5, 1.5] [-0.5, 1.5] [-0.5, 1.5] [-0.5, 1.5] [-0.5, 1.5] [-0.5, 1.5] [-0.5, 1.5] [-0.5, 1.5] [-0.5, 1.5] [-0.5, 1.5] [-0.5, 1.5] [-0.5, 1.5] [-0.5, 1.5] [-0.5, 1.5] [-0.5, 1.5] [-0.5, 1.5] [-0.5, 1.5] [-0.5, 1.5] [-0.5, 1.5] [-0.5, 1.5] [-0.5, 1.5] [-0.5, 1.5] [-0.5, 1.5] [-0.5, 1.5] [-0.5, 1.5] [-0.5, 1.5] [-0.5, 1.5] [-0.5, 1.5] [-0.5, 1.5] [-0.5, 1.5] [-0.5, 1.5] [-0.5, 1.5] [-0.5, 1.5] [-0.5, 1.5] [-0.5, 1.5] [-0.5, 1.5] [-0.5, 1.5] [-0.5, 1.5] [-0.5, 1.5] [-0.5, 1.5] [-0.5, 1.5] [-0.5, 1.5] [-0.5, 1.5] [-0.5, 1.5] [-0.5, 1.5] [-0.5, 1.5] [-0.5, 1.5] [-0.5, 1.5] [-0.5, 1.5] [-0.5, 1.5] [-0.5, 1.5] [-0.5, 1.5] [-0.5, 1.5] [-0.5, 1.5] [-0.5, 1.5] [-0.5, 1.5] [-0.5, 1.5] [-0.5, 1.5] [-0.5, 1.5] [-0.5, 1.5] [-0.5, 1.5] [-0.5, 1.5] [-0.5, 1.5] [-0.5, 1.5] [-0.5, 1.5] [-0.5, 1.5] [-0.5, 1.5] [-0.5, 1.5] [-0.5, 1.5] [-0.5, 1.5] [-0.5, 1.5] [-0.5, 1.5] [-0.5, 1.5] [-0.5, 1.5] [-0.5, 1.5] [-0.5, 1.5] [-0.5, 1.5] [-0.5, 1.5] [-0.5, 1.5] [-0.5, 1.5] [-0.5, 1.5] [-0.5, 1.5] [-0.5, 1.5] [-0.5, 1.5] [-0.5, 1.5] [-0.5, 1.5] [-0.5, 1.5] [-0.5, 1.5] [-0.5, 1.5] [-0.5, 1.5] [-0.5, 1.5] [-0.5, 1.5] [-0.5, 1.5] [-0.5, 1.5] [-0.5, 1.5] [-0.5, 1.5] [-0.5, 1.5] [-0.5, 1.5] [-0.5, 1.5] [-0.5, 1.5] [-0.5, 1.5] [-0.5, 1.5] [-0.5, 1.5] [-0.5, 1.5] [-0.5, 1.5] [-0.5, 1.5] [-0.5, 1.5] [-0.5, 1.5] [-0.5, 1.5] [-0.5, 1.5] [-0.5, 1.5] [-0.5, 1.5] [-0.5, 1.5] [-0.5, 1.5] [-0.5, 1.5] [-0.5, 1.5] [-0.5, 1.5] [-0.5, 1.5] [-0.5, 1.5] [-0.5, 1.5] [-0.5, 1.5] [-0.5, 1.5] [-0.5, 1.5] [-0.5, 1.5] [-0.5, 1.5] [-0.5, 1.5] [-0.5, 1.5] [-0.5, 1.5] [-0.5, 1.5] [-0.5, 1.5] [-0.5, 1.5] [-0.5, 1.5] [-0.5, 1.5] [-0.5, 1.5] [-0.5, 1.5] [-0.5, 1.5] [-0.5, 1.5] [-0.5, 1.5] [-0.5, 1.5] [-0.5, 1.5] [-0.5, 1.5] [-0.5, 1.5] [-0.5, 1.5] [-0.5, 1.5] [-0.5, 1.5] [-0.5, 1.5] [-0.5, 1.5] [-0.5, 1.5] [-0.5, 1.5] [-0.5, 1.5] [-0.5, 1.5] [-0.5, 1.5] [-0.5, 1.5] [-0.5, 1.5] [-0.5, 1.5] [-0.5, 1.5] [-0.5, 1.5] [-0.5, 1.5] [-0.5, 1.5] [-0.5, 1.5] [-0.5, 1.5] [-0.5, 1.5] [-0.5, 1.5] [-0.5, 1.5] [-0.5, 1.5] [-0.5, 1.5] [-0.5, 1.5] [-0.5, 1.5] [-0.5, 1.5] [-0.5, 1.5] [-0.5, 1.5] [-0.5, 1.5] [-0.5, 1.5] [-0.5, 1.5] [-0.5, 1.5] [-0.5, 1.5] [-0.5, 1.5] [-0.5, 1.5] [-0.5, 1.5] [-0.5, 1.5] [-0.5, 1.5] [-0.5, 1.5] [-0.5, 1.5] [-0.5, 1.5] [-0.5, 1.5] [-0.5, 1.5] [-0.5, 1.5] [-0.5, 1.5] [-0.5, 1.5] [-0.5, 1.5] [-0.5, 1.5] [-0.5, 1.5] [-0.5, 1.5] [-0.5, 1.5] [-0.5, 1.5] [-0.5, 1.5] [-0.5, 1.5] [-0.5, 1.5] [-0.5, 1.5] [-0.5, 1.5] [-0.5, 1.5] [-0.5, 1.5] [-0.5, 1.5] [-0.5, 1.5] [-0.5, 1.5] [-0.5, 1.5] [-0.5, 1.5] [-0.5, 1.5] [-0.5, 1.5] [-0.5, 1.5] [-0.5, 1.5] [-0.5, 1.5] [-0.5, 1.5] [-0.5, 1.5] [-0.5, 1.5] [-0.5, 1.5] [-0.5, 1.5] [-0.5, 1.5] [-0.5, 1.5] [-0.5, 1.5] [-0.5, 1.5] [-0.5, 1.5] [-0.5, 1.5] [-0.5, 1.5] [-0.5, 1.5] [-0.5, 1.5] [-0.5, 1.5] [-0.5, 1.5] [-0.5, 1.5] [-0.5, 1.5] [-0.5, 1.5] [-0.5, 1.5] [-0.5, 1.5] [-0.5, 1.5] [-0.5, 1.5] [-0.5, 1.5] [-0.5, 1.5] [-0.5, 1.5] [-0.5, 1.5] [-0.5, 1.5] 
    1: [1.0, 90.0] [1.0, 95.0] [1.0, 89.0] [1.0, 90.0] [1.0, 96.0] [1.0, 94.0] [1.0, 89.0] [1.0, 89.0] [1.0, 89.0] [1.0, 87.0] [1.0, 93.0] [1.0, 91.0] [1.0, 90.0] [1.0, 94.0] [1.0, 85.0] [1.0, 96.0] [1.0, 96.0] [1.0, 99.0] [1.0, 96.0] [1.0, 96.0] [1.0, 99.0] [1.0, 90.0] [1.0, 99.0] [1.0, 91.0] [1.0, 87.0] [1.0, 94.0] [1.0, 93.0] [1.0, 96.0] [1.0, 96.0] [1.0, 89.0] [1.0, 99.0] [1.0, 96.0] [1.0, 96.0] [1.0, 93.0] [1.0, 95.0] [1.0, 89.0] [1.0, 93.0] [1.0, 93.0] [1.0, 90.0] [1.0, 90.0] [1.0, 89.0] [1.0, 90.0] [1.0, 96.0] [1.0, 99.0] [1.0, 90.0] [1.0, 90.0] [1.0, 93.0] [1.0, 96.0] [1.0, 94.0] [1.0, 90.0] [1.0, 99.0] [1.0, 90.0] [1.0, 90.0] [1.0, 96.0] [1.0, 90.0] [1.0, 96.0] [1.0, 90.0] [1.0, 97.0] [1.0, 90.0] [1.0, 99.0] [1.0, 95.0] [1.0, 99.0] [1.0, 88.0] [1.0, 93.0] [1.0, 87.0] [1.0, 96.0] [1.0, 89.0] [1.0, 90.0] [1.0, 95.0] [1.0, 93.0] [1.0, 88.0] [1.0, 96.0] [1.0, 90.0] [1.0, 90.0] [1.0, 96.0] [1.0, 93.0] [1.0, 93.0] [1.0, 96.0] [1.0, 91.0] [1.0, 90.0] [1.0, 90.0] [1.0, 90.0] [1.0, 90.0] [1.0, 90.0] [1.0, 90.0] [1.0, 90.0] [1.0, 90.0] [1.0, 91.0] [1.0, 93.0] [1.0, 88.0] [1.0, 93.0] [1.0, 91.0] [1.0, 90.0] [1.0, 93.0] [1.0, 94.0] [1.0, 95.0] [1.0, 96.0] [1.0, 96.0] [1.0, 96.0] [1.0, 90.0] [1.0, 96.0] [1.0, 89.0] [1.0, 90.0] [1.0, 93.0] [1.0, 93.0] [1.0, 90.0] [1.0, 87.0] [1.0, 90.0] [1.0, 93.0] [1.0, 97.0] [1.0, 91.0] [1.0, 96.0] [1.0, 90.0] [1.0, 92.0] [1.0, 92.0] [1.0, 90.0] [1.0, 90.0] [1.0, 90.0] [1.0, 85.0] [1.0, 89.0] [1.0, 90.0] [1.0, 90.0] [1.0, 93.0] [1.0, 89.0] [1.0, 93.0] [1.0, 93.0] [1.0, 87.0] [1.0, 91.0] [1.0, 96.0] [1.0, 88.0] [1.0, 94.0] [1.0, 92.0] [1.0, 90.0] [1.0, 92.0] [1.0, 99.0] [1.0, 93.0] [1.0, 92.0] [1.0, 99.0] [1.0, 95.0] [1.0, 93.0] [1.0, 90.0] [1.0, 90.0] [1.0, 93.0] [1.0, 93.0] [1.0, 95.0] [1.0, 99.0] [1.0, 96.0] [1.0, 90.0] [1.0, 98.0] [1.0, 90.0] [1.0, 95.0] [1.0, 99.0] [1.0, 90.0] [1.0, 90.0] [1.0, 96.0] [1.0, 90.0] [1.0, 90.0] [1.0, 89.0] [1.0, 96.0] [1.0, 98.0] [1.0, 93.0] [1.0, 88.0] [1.0, 90.0] [2.0, 92.0] [1.0, 96.0] [1.0, 89.0] [1.0, 93.0] [1.0, 99.0] [1.0, 89.0] [1.0, 90.0] [1.0, 96.0] [1.0, 96.0] [1.0, 89.0] [1.0, 90.0] [1.0, 90.0] [1.0, 90.0] [1.0, 92.0] [1.0, 87.0] [1.0, 95.0] [1.0, 86.0] [1.0, 90.0] [1.0, 89.0] [1.0, 89.0] [1.0, 90.0] [1.0, 99.0] [1.0, 90.0] [1.0, 90.0] [1.0, 93.0] [1.0, 96.0] [1.0, 93.0] [1.0, 95.0] [1.0, 93.0] [1.0, 96.0] [1.0, 99.0] [1.0, 96.0] [1.0, 98.0] [1.0, 93.0] [1.0, 90.0] [1.0, 91.0] [1.0, 96.0] [1.0, 96.0] [1.0, 90.0] [1.0, 96.0] [1.0, 90.0] [1.0, 80.0] [1.0, 89.0] [1.0, 85.0] [1.0, 95.0] [1.0, 85.0] [1.0, 98.0] [1.0, 90.0] [1.0, 89.0] [1.0, 90.0] [1.0, 93.0] [1.0, 90.0] [1.0, 89.0] [1.0, 88.0] [1.0, 89.0] [1.0, 90.0] [1.0, 98.0] [1.0, 90.0] [1.0, 93.0] [1.0, 90.0] [1.0, 90.0] [1.0, 95.0] [1.0, 90.0] [1.0, 83.0] [1.0, 95.0] [1.0, 96.0] [1.0, 90.0] [1.0, 89.0] [1.0, 90.0] [1.0, 96.0] [1.0, 99.0] [1.0, 89.0] [1.0, 94.0] [1.0, 96.0] [1.0, 93.0] [1.0, 95.0] [1.0, 96.0] [1.0, 89.0] [1.0, 96.0] [1.0, 95.0] [1.0, 93.0] [1.0, 90.0] [1.0, 99.0] [1.0, 95.0] [1.0, 93.0] [1.0, 93.0] [1.0, 96.0] [1.0, 91.0] [1.0, 90.0] [1.0, 90.0] [1.0, 90.0] [1.0, 96.0] [1.0, 90.0] [1.0, 95.0] [1.0, 91.0] [1.0, 96.0] [1.0, 90.0] [1.0, 90.0] [1.0, 95.0] [1.0, 90.0] [1.0, 90.0] [1.0, 98.0] [1.0, 90.0] [1.0, 93.0] [1.0, 90.0] [1.0, 90.0] [1.0, 93.0] [1.0, 90.0] [1.0, 93.0] [1.0, 88.0] [1.0, 96.0] [1.0, 92.0] [1.0, 93.0] [1.0, 99.0] [1.0, 90.0] [1.0, 90.0] [1.0, 95.0] [1.0, 92.0] [1.0, 96.0] [1.0, 93.0] [1.0, 90.0] [1.0, 94.0] [1.0, 90.0] [1.0, 92.0] [1.0, 93.0] [1.0, 93.0] [1.0, 89.0] [1.0, 90.0] [1.0, 90.0] [1.0, 92.0] [1.0, 90.0] [1.0, 86.0] [1.0, 93.0] [1.0, 89.0] [1.0, 93.0] [1.0, 90.0] [1.0, 89.0] [1.0, 97.0] [1.0, 93.0] [1.0, 92.0] [1.0, 92.0] [1.0, 91.0] [1.0, 93.0] [1.0, 89.0] [1.0, 97.0] [1.0, 88.0] [1.0, 96.0] [1.0, 90.0] [1.0, 91.0] [1.0, 90.0] [1.0, 96.0] [1.0, 90.0] [1.0, 99.0] [1.0, 88.0] [1.0, 96.0] [1.0, 90.0] [1.0, 90.0] [1.0, 99.0] [1.0, 90.0] [1.0, 92.0] [1.0, 90.0] [1.0, 95.0] [1.0, 88.0] [1.0, 89.0] [1.0, 89.0] [1.0, 93.0] [1.0, 90.0] [1.0, 90.0] [1.0, 90.0] [1.0, 89.0] [1.0, 88.0] [1.0, 96.0] [1.0, 93.0] [1.0, 90.0] [1.0, 93.0] [1.0, 93.0] [1.0, 90.0] [1.0, 93.0] [1.0, 87.0] [1.0, 96.0] [1.0, 93.0] [1.0, 93.0] [1.0, 96.0] [1.0, 93.0] [1.0, 99.0] [1.0, 96.0] [1.0, 90.0] [1.0, 93.0] [1.0, 90.0] [1.0, 92.0] [1.0, 89.0] [1.0, 89.0] [1.0, 90.0] [1.0, 89.0] [1.0, 93.0] [1.0, 98.0] [1.0, 96.0] [1.0, 86.0] [1.0, 90.0] [1.0, 98.0] [1.0, 99.0] [1.0, 95.0] [1.0, 90.0] [1.0, 89.0] [1.0, 92.0] [1.0, 92.0] [1.0, 90.0] [1.0, 90.0] [1.0, 89.0] [1.0, 89.0] [1.0, 93.0] [1.0, 95.0] [1.0, 88.0] [1.0, 96.0] [1.0, 90.0] [1.0, 90.0] [1.0, 95.0] [1.0, 90.0] [1.0, 99.0] [1.0, 96.0] [1.0, 90.0] [1.0, 93.0] [1.0, 96.0] [1.0, 96.0] [1.0, 90.0] [1.0, 90.0] [1.0, 96.0] [1.0, 90.0] [1.0, 99.0] [1.0, 90.0] [1.0, 89.0] [1.0, 90.0] [1.0, 93.0] [1.0, 96.0] [1.0, 96.0] [1.0, 90.0] [1.0, 92.0] [1.0, 94.0] [1.0, 89.0] [1.0, 93.0] [1.0, 96.0] [1.0, 88.0] [1.0, 93.0] [1.0, 90.0] [1.0, 99.0] [1.0, 90.0] [1.0, 93.0] [1.0, 95.0] [1.0, 89.0] [1.0, 96.0] [1.0, 90.0] [1.0, 90.0] [1.0, 89.0] [1.0, 87.0] [1.0, 93.0] [1.0, 90.0] [1.0, 99.0] [1.0, 98.0] [1.0, 98.0] [1.0, 90.0] [1.0, 93.0] [1.0, 90.0] [1.0, 90.0] [1.0, 89.0] [1.0, 90.0] [1.0, 97.0] [1.0, 92.0] [1.0, 93.0] [1.0, 90.0] [1.0, 97.0] [1.0, 90.0] [1.0, 90.0] [1.0, 96.0] [1.0, 96.0] [1.0, 92.0] [1.0, 88.0] [1.0, 90.0] [1.0, 99.0] [1.0, 90.0] [1.0, 93.0] [1.0, 90.0] 
  Output range:
    0: [0.0, 1.0] [0.0, 1.0] [0.0, 1.0] [0.0, 1.0] [0.0, 1.0] [0.0, 1.0] [0.0, 1.0] [0.0, 1.0] [0.0, 1.0] [0.0, 1.0] [0.0, 1.0] [0.0, 1.0] [0.0, 1.0] [0.0, 1.0] [0.0, 1.0] [0.0, 1.0] [0.0, 1.0] [0.0, 1.0] [0.0, 1.0] [0.0, 1.0] [0.0, 1.0] [0.0, 1.0] [0.0, 1.0] [0.0, 1.0] [0.0, 1.0] [0.0, 1.0] [0.0, 1.0] [0.0, 1.0] [0.0, 1.0] [0.0, 1.0] [0.0, 1.0] [0.0, 1.0] [0.0, 1.0] [0.0, 1.0] [0.0, 1.0] [0.0, 1.0] [0.0, 1.0] [0.0, 1.0] [0.0, 1.0] [0.0, 1.0] [0.0, 1.0] [0.0, 1.0] [0.0, 1.0] [0.0, 1.0] [0.0, 1.0] [0.0, 1.0] [0.0, 1.0] [0.0, 1.0] [0.0, 1.0] [0.0, 1.0] [0.0, 1.0] [0.0, 1.0] [0.0, 1.0] [0.0, 1.0] [0.0, 1.0] [0.0, 1.0] [0.0, 1.0] [0.0, 1.0] [0.0, 1.0] [0.0, 1.0] [0.0, 1.0] [0.0, 1.0] [0.0, 1.0] [0.0, 1.0] [0.0, 1.0] [0.0, 1.0] [0.0, 1.0] [0.0, 1.0] [0.0, 1.0] [0.0, 1.0] [0.0, 1.0] [0.0, 1.0] [0.0, 1.0] [0.0, 1.0] [0.0, 1.0] [0.0, 1.0] [0.0, 1.0] [0.0, 1.0] [0.0, 1.0] [0.0, 1.0] [0.0, 1.0] [0.0, 1.0] [0.0, 1.0] [0.0, 1.0] [0.0, 1.0] [0.0, 1.0] [0.0, 1.0] [0.0, 1.0] [0.0, 1.0] [0.0, 1.0] [0.0, 1.0] [0.0, 1.0] [0.0, 1.0] [0.0, 1.0] [0.0, 1.0] [0.0, 1.0] [0.0, 1.0] [0.0, 1.0] [0.0, 1.0] [0.0, 1.0] [0.0, 1.0] [0.0, 1.0] [0.0, 1.0] [0.0, 1.0] [0.0, 1.0] [0.0, 1.0] [0.0, 1.0] [0.0, 1.0] [0.0, 1.0] [0.0, 1.0] [0.0, 1.0] [0.0, 1.0] [0.0, 1.0] [0.0, 1.0] [0.0, 1.0] [0.0, 1.0] [0.0, 1.0] [0.0, 1.0] [0.0, 1.0] [0.0, 1.0] [0.0, 1.0] [0.0, 1.0] [0.0, 1.0] [0.0, 1.0] [0.0, 1.0] [0.0, 1.0] [0.0, 1.0] [0.0, 1.0] [0.0, 1.0] [0.0, 1.0] [0.0, 1.0] [0.0, 1.0] [0.0, 1.0] [0.0, 1.0] [0.0, 1.0] [0.0, 1.0] [0.0, 1.0] [0.0, 1.0] [0.0, 1.0] [0.0, 1.0] [0.0, 1.0] [0.0, 1.0] [0.0, 1.0] [0.0, 1.0] [0.0, 1.0] [0.0, 1.0] [0.0, 1.0] [0.0, 1.0] [0.0, 1.0] [0.0, 1.0] [0.0, 1.0] [0.0, 1.0] [0.0, 1.0] [0.0, 1.0] [0.0, 1.0] [0.0, 1.0] [0.0, 1.0] [0.0, 1.0] [0.0, 1.0] [0.0, 1.0] [0.0, 1.0] [0.0, 1.0] [0.0, 1.0] [0.0, 1.0] [0.0, 1.0] [0.0, 1.0] [0.0, 1.0] [0.0, 1.0] [0.0, 1.0] [0.0, 1.0] [0.0, 1.0] [0.0, 1.0] [0.0, 1.0] [0.0, 1.0] [0.0, 1.0] [0.0, 1.0] [0.0, 1.0] [0.0, 1.0] [0.0, 1.0] [0.0, 1.0] [0.0, 1.0] [0.0, 1.0] [0.0, 1.0] [0.0, 1.0] [0.0, 1.0] [0.0, 1.0] [0.0, 1.0] [0.0, 1.0] [0.0, 1.0] [0.0, 1.0] [0.0, 1.0] [0.0, 1.0] [0.0, 1.0] [0.0, 1.0] [0.0, 1.0] [0.0, 1.0] [0.0, 1.0] [0.0, 1.0] [0.0, 1.0] [0.0, 1.0] [0.0, 1.0] [0.0, 1.0] [0.0, 1.0] [0.0, 1.0] [0.0, 1.0] [0.0, 1.0] [0.0, 1.0] [0.0, 1.0] [0.0, 1.0] [0.0, 1.0] [0.0, 1.0] [0.0, 1.0] [0.0, 1.0] [0.0, 1.0] [0.0, 1.0] [0.0, 1.0] [0.0, 1.0] [0.0, 1.0] [0.0, 1.0] [0.0, 1.0] [0.0, 1.0] [0.0, 1.0] [0.0, 1.0] [0.0, 1.0] [0.0, 1.0] [0.0, 1.0] [0.0, 1.0] [0.0, 1.0] [0.0, 1.0] [0.0, 1.0] [0.0, 1.0] [0.0, 1.0] [0.0, 1.0] [0.0, 1.0] [0.0, 1.0] [0.0, 1.0] [0.0, 1.0] [0.0, 1.0] [0.0, 1.0] [0.0, 1.0] [0.0, 1.0] [0.0, 1.0] [0.0, 1.0] [0.0, 1.0] [0.0, 1.0] [0.0, 1.0] [0.0, 1.0] [0.0, 1.0] [0.0, 1.0] [0.0, 1.0] [0.0, 1.0] [0.0, 1.0] [0.0, 1.0] [0.0, 1.0] [0.0, 1.0] [0.0, 1.0] [0.0, 1.0] [0.0, 1.0] [0.0, 1.0] [0.0, 1.0] [0.0, 1.0] [0.0, 1.0] [0.0, 1.0] [0.0, 1.0] [0.0, 1.0] [0.0, 1.0] [0.0, 1.0] [0.0, 1.0] [0.0, 1.0] [0.0, 1.0] [0.0, 1.0] [0.0, 1.0] [0.0, 1.0] [0.0, 1.0] [0.0, 1.0] [0.0, 1.0] [0.0, 1.0] [0.0, 1.0] [0.0, 1.0] [0.0, 1.0] [0.0, 1.0] [0.0, 1.0] [0.0, 1.0] [0.0, 1.0] [0.0, 1.0] [0.0, 1.0] [0.0, 1.0] [0.0, 1.0] [0.0, 1.0] [0.0, 1.0] [0.0, 1.0] [0.0, 1.0] [0.0, 1.0] [0.0, 1.0] [0.0, 1.0] [0.0, 1.0] [0.0, 1.0] [0.0, 1.0] [0.0, 1.0] [0.0, 1.0] [0.0, 1.0] [0.0, 1.0] [0.0, 1.0] [0.0, 1.0] [0.0, 1.0] [0.0, 1.0] [0.0, 1.0] [0.0, 1.0] [0.0, 1.0] [0.0, 1.0] [0.0, 1.0] [0.0, 1.0] [0.0, 1.0] [0.0, 1.0] [0.0, 1.0] [0.0, 1.0] [0.0, 1.0] [0.0, 1.0] [0.0, 1.0] [0.0, 1.0] [0.0, 1.0] [0.0, 1.0] [0.0, 1.0] [0.0, 1.0] [0.0, 1.0] [0.0, 1.0] [0.0, 1.0] [0.0, 1.0] [0.0, 1.0] [0.0, 1.0] [0.0, 1.0] [0.0, 1.0] [0.0, 1.0] [0.0, 1.0] [0.0, 1.0] [0.0, 1.0] [0.0, 1.0] [0.0, 1.0] [0.0, 1.0] [0.0, 1.0] [0.0, 1.0] [0.0, 1.0] [0.0, 1.0] [0.0, 1.0] [0.0, 1.0] [0.0, 1.0] [0.0, 1.0] [0.0, 1.0] [0.0, 1.0] [0.0, 1.0] [0.0, 1.0] [0.0, 1.0] [0.0, 1.0] [0.0, 1.0] [0.0, 1.0] [0.0, 1.0] [0.0, 1.0] [0.0, 1.0] [0.0, 1.0] [0.0, 1.0] [0.0, 1.0] [0.0, 1.0] [0.0, 1.0] [0.0, 1.0] [0.0, 1.0] [0.0, 1.0] [0.0, 1.0] [0.0, 1.0] [0.0, 1.0] [0.0, 1.0] [0.0, 1.0] [0.0, 1.0] [0.0, 1.0] [0.0, 1.0] [0.0, 1.0] [0.0, 1.0] [0.0, 1.0] [0.0, 1.0] [0.0, 1.0] [0.0, 1.0] [0.0, 1.0] [0.0, 1.0] [0.0, 1.0] [0.0, 1.0] [0.0, 1.0] [0.0, 1.0] [0.0, 1.0] [0.0, 1.0] [0.0, 1.0] [0.0, 1.0] [0.0, 1.0] [0.0, 1.0] [0.0, 1.0] [0.0, 1.0] [0.0, 1.0] [0.0, 1.0] [0.0, 1.0] [0.0, 1.0] [0.0, 1.0] [0.0, 1.0] [0.0, 1.0] [0.0, 1.0] [0.0, 1.0] [0.0, 1.0] [0.0, 1.0] [0.0, 1.0] [0.0, 1.0] [0.0, 1.0] [0.0, 1.0] [0.0, 1.0] [0.0, 1.0] [0.0, 1.0] [0.0, 1.0] [0.0, 1.0] [0.0, 1.0] [0.0, 1.0] [0.0, 1.0] [0.0, 1.0] [0.0, 1.0] [0.0, 1.0] [0.0, 1.0] [0.0, 1.0] [0.0, 1.0] [0.0, 1.0] [0.0, 1.0] [0.0, 1.0] [0.0, 1.0] [0.0, 1.0] [0.0, 1.0] [0.0, 1.0] [0.0, 1.0] [0.0, 1.0] [0.0, 1.0] [0.0, 1.0] [0.0, 1.0] [0.0, 1.0] [0.0, 1.0] [0.0, 1.0] [0.0, 1.0] [0.0, 1.0] [0.0, 1.0] [0.0, 1.0] [0.0, 1.0] [0.0, 1.0] 
    1: [0.0, 2.0] [0.0, 2.0] [0.0, 2.0] [0.0, 2.0] [0.0, 2.0] [0.0, 2.0] [0.0, 2.0] [0.0, 2.0] [0.0, 2.0] [0.0, 2.0] [0.0, 2.0] [0.0, 2.0] [0.0, 2.0] [0.0, 2.0] [0.0, 2.0] [0.0, 2.0] [0.0, 2.0] [0.0, 2.0] [0.0, 2.0] [0.0, 2.0] [0.0, 2.0] [0.0, 2.0] [0.0, 2.0] [0.0, 2.0] [0.0, 2.0] [0.0, 2.0] [0.0, 2.0] [0.0, 2.0] [0.0, 2.0] [0.0, 2.0] [0.0, 2.0] [0.0, 2.0] [0.0, 2.0] [0.0, 2.0] [0.0, 2.0] [0.0, 2.0] [0.0, 2.0] [0.0, 2.0] [0.0, 2.0] [0.0, 2.0] [0.0, 2.0] [0.0, 2.0] [0.0, 2.0] [0.0, 2.0] [0.0, 2.0] [0.0, 2.0] [0.0, 2.0] [0.0, 2.0] [0.0, 2.0] [0.0, 2.0] [0.0, 2.0] [0.0, 2.0] [0.0, 2.0] [0.0, 2.0] [0.0, 2.0] [0.0, 2.0] [0.0, 2.0] [0.0, 2.0] [0.0, 2.0] [0.0, 2.0] [0.0, 2.0] [0.0, 2.0] [0.0, 2.0] [0.0, 2.0] [0.0, 2.0] [0.0, 2.0] [0.0, 2.0] [0.0, 2.0] [0.0, 2.0] [0.0, 2.0] [0.0, 2.0] [0.0, 2.0] [0.0, 2.0] [0.0, 2.0] [0.0, 2.0] [0.0, 2.0] [0.0, 2.0] [0.0, 2.0] [0.0, 2.0] [0.0, 2.0] [0.0, 2.0] [0.0, 2.0] [0.0, 2.0] [0.0, 2.0] [0.0, 2.0] [0.0, 2.0] [0.0, 2.0] [0.0, 2.0] [0.0, 2.0] [0.0, 2.0] [0.0, 2.0] [0.0, 2.0] [0.0, 2.0] [0.0, 2.0] [0.0, 2.0] [0.0, 2.0] [0.0, 2.0] [0.0, 2.0] [0.0, 2.0] [0.0, 2.0] [0.0, 2.0] [0.0, 2.0] [0.0, 2.0] [0.0, 2.0] [0.0, 2.0] [0.0, 2.0] [0.0, 2.0] [0.0, 2.0] [0.0, 2.0] [0.0, 2.0] [0.0, 2.0] [0.0, 2.0] [0.0, 2.0] [0.0, 2.0] [0.0, 2.0] [0.0, 2.0] [0.0, 2.0] [0.0, 2.0] [0.0, 2.0] [0.0, 2.0] [0.0, 2.0] [0.0, 2.0] [0.0, 2.0] [0.0, 2.0] [0.0, 2.0] [0.0, 2.0] [0.0, 2.0] [0.0, 2.0] [0.0, 2.0] [0.0, 2.0] [0.0, 2.0] [0.0, 2.0] [0.0, 2.0] [0.0, 2.0] [0.0, 2.0] [0.0, 2.0] [0.0, 2.0] [0.0, 2.0] [0.0, 2.0] [0.0, 2.0] [0.0, 2.0] [0.0, 2.0] [0.0, 2.0] [0.0, 2.0] [0.0, 2.0] [0.0, 2.0] [0.0, 2.0] [0.0, 2.0] [0.0, 2.0] [0.0, 2.0] [0.0, 2.0] [0.0, 2.0] [0.0, 2.0] [0.0, 2.0] [0.0, 2.0] [0.0, 2.0] [0.0, 2.0] [0.0, 2.0] [0.0, 2.0] [0.0, 2.0] [0.0, 2.0] [0.0, 2.0] [0.0, 2.0] [0.0, 2.0] [0.0, 2.0] [0.0, 2.0] [0.0, 2.0] [0.0, 2.0] [0.0, 2.0] [0.0, 2.0] [0.0, 2.0] [0.0, 2.0] [0.0, 2.0] [0.0, 2.0] [0.0, 2.0] [0.0, 2.0] [0.0, 2.0] [0.0, 2.0] [0.0, 2.0] [0.0, 2.0] [0.0, 2.0] [0.0, 2.0] [0.0, 2.0] [0.0, 2.0] [0.0, 2.0] [0.0, 2.0] [0.0, 2.0] [0.0, 2.0] [0.0, 2.0] [0.0, 2.0] [0.0, 2.0] [0.0, 2.0] [0.0, 2.0] [0.0, 2.0] [0.0, 2.0] [0.0, 2.0] [0.0, 2.0] [0.0, 2.0] [0.0, 2.0] [0.0, 2.0] [0.0, 2.0] [0.0, 2.0] [0.0, 2.0] [0.0, 2.0] [0.0, 2.0] [0.0, 2.0] [0.0, 2.0] [0.0, 2.0] [0.0, 2.0] [0.0, 2.0] [0.0, 2.0] [0.0, 2.0] [0.0, 2.0] [0.0, 2.0] [0.0, 2.0] [0.0, 2.0] [0.0, 2.0] [0.0, 2.0] [0.0, 2.0] [0.0, 2.0] [0.0, 2.0] [0.0, 2.0] [0.0, 2.0] [0.0, 2.0] [0.0, 2.0] [0.0, 2.0] [0.0, 2.0] [0.0, 2.0] [0.0, 2.0] [0.0, 2.0] [0.0, 2.0] [0.0, 2.0] [0.0, 2.0] [0.0, 2.0] [0.0, 2.0] [0.0, 2.0] [0.0, 2.0] [0.0, 2.0] [0.0, 2.0] [0.0, 2.0] [0.0, 2.0] [0.0, 2.0] [0.0, 2.0] [0.0, 2.0] [0.0, 2.0] [0.0, 2.0] [0.0, 2.0] [0.0, 2.0] [0.0, 2.0] [0.0, 2.0] [0.0, 2.0] [0.0, 2.0] [0.0, 2.0] [0.0, 2.0] [0.0, 2.0] [0.0, 2.0] [0.0, 2.0] [0.0, 2.0] [0.0, 2.0] [0.0, 2.0] [0.0, 2.0] [0.0, 2.0] [0.0, 2.0] [0.0, 2.0] [0.0, 2.0] [0.0, 2.0] [0.0, 2.0] [0.0, 2.0] [0.0, 2.0] [0.0, 2.0] [0.0, 2.0] [0.0, 2.0] [0.0, 2.0] [0.0, 2.0] [0.0, 2.0] [0.0, 2.0] [0.0, 2.0] [0.0, 2.0] [0.0, 2.0] [0.0, 2.0] [0.0, 2.0] [0.0, 2.0] [0.0, 2.0] [0.0, 2.0] [0.0, 2.0] [0.0, 2.0] [0.0, 2.0] [0.0, 2.0] [0.0, 2.0] [0.0, 2.0] [0.0, 2.0] [0.0, 2.0] [0.0, 2.0] [0.0, 2.0] [0.0, 2.0] [0.0, 2.0] [0.0, 2.0] [0.0, 2.0] [0.0, 2.0] [0.0, 2.0] [0.0, 2.0] [0.0, 2.0] [0.0, 2.0] [0.0, 2.0] [0.0, 2.0] [0.0, 2.0] [0.0, 2.0] [0.0, 2.0] [0.0, 2.0] [0.0, 2.0] [0.0, 2.0] [0.0, 2.0] [0.0, 2.0] [0.0, 2.0] [0.0, 2.0] [0.0, 2.0] [0.0, 2.0] [0.0, 2.0] [0.0, 2.0] [0.0, 2.0] [0.0, 2.0] [0.0, 2.0] [0.0, 2.0] [0.0, 2.0] [0.0, 2.0] [0.0, 2.0] [0.0, 2.0] [0.0, 2.0] [0.0, 2.0] [0.0, 2.0] [0.0, 2.0] [0.0, 2.0] [0.0, 2.0] [0.0, 2.0] [0.0, 2.0] [0.0, 2.0] [0.0, 2.0] [0.0, 2.0] [0.0, 2.0] [0.0, 2.0] [0.0, 2.0] [0.0, 2.0] [0.0, 2.0] [0.0, 2.0] [0.0, 2.0] [0.0, 2.0] [0.0, 2.0] [0.0, 2.0] [0.0, 2.0] [0.0, 2.0] [0.0, 2.0] [0.0, 2.0] [0.0, 2.0] [0.0, 2.0] [0.0, 2.0] [0.0, 2.0] [0.0, 2.0] [0.0, 2.0] [0.0, 2.0] [0.0, 2.0] [0.0, 2.0] [0.0, 2.0] [0.0, 2.0] [0.0, 2.0] [0.0, 2.0] [0.0, 2.0] [0.0, 2.0] [0.0, 2.0] [0.0, 2.0] [0.0, 2.0] [0.0, 2.0] [0.0, 2.0] [0.0, 2.0] [0.0, 2.0] [0.0, 2.0] [0.0, 2.0] [0.0, 2.0] [0.0, 2.0] [0.0, 2.0] [0.0, 2.0] [0.0, 2.0] [0.0, 2.0] [0.0, 2.0] [0.0, 2.0] [0.0, 2.0] [0.0, 2.0] [0.0, 2.0] [0.0, 2.0] [0.0, 2.0] [0.0, 2.0] [0.0, 2.0] [0.0, 2.0] [0.0, 2.0] [0.0, 2.0] [0.0, 2.0] [0.0, 2.0] [0.0, 2.0] [0.0, 2.0] [0.0, 2.0] [0.0, 2.0] [0.0, 2.0] [0.0, 2.0] [0.0, 2.0] [0.0, 2.0] [0.0, 2.0] [0.0, 2.0] [0.0, 2.0] [0.0, 2.0] [0.0, 2.0] [0.0, 2.0] [0.0, 2.0] [0.0, 2.0] [0.0, 2.0] [0.0, 2.0] [0.0, 2.0] [0.0, 2.0] [0.0, 2.0] [0.0, 2.0] [0.0, 2.0] [0.0, 2.0] [0.0, 2.0] [0.0, 2.0] [0.0, 2.0] [0.0, 2.0] [0.0, 2.0] [0.0, 2.0] [0.0, 2.0] [0.0, 2.0] [0.0, 2.0] [0.0, 2.0] [0.0, 2.0] [0.0, 2.0] [0.0, 2.0] [0.0, 2.0] [0.0, 2.0] [0.0, 2.0] [0.0, 2.0] [0.0, 2.0] [0.0, 2.0] [0.0, 2.0] [0.0, 2.0] [0.0, 2.0] [0.0, 2.0] [0.0, 2.0] 
    2: [0.0, 2.0] [0.0, 2.0] [0.0, 2.0] [0.0, 2.0] [0.0, 2.0] [0.0, 2.0] [0.0, 2.0] [0.0, 2.0] [0.0, 2.0] [0.0, 2.0] [0.0, 2.0] [0.0, 2.0] [0.0, 2.0] [0.0, 2.0] [0.0, 2.0] [0.0, 2.0] [0.0, 2.0] [0.0, 2.0] [0.0, 2.0] [0.0, 2.0] [0.0, 2.0] [0.0, 2.0] [0.0, 2.0] [0.0, 2.0] [0.0, 2.0] [0.0, 2.0] [0.0, 2.0] [0.0, 2.0] [0.0, 2.0] [0.0, 2.0] [0.0, 2.0] [0.0, 2.0] [0.0, 2.0] [0.0, 2.0] [0.0, 2.0] [0.0, 2.0] [0.0, 2.0] [0.0, 2.0] [0.0, 2.0] [0.0, 2.0] [0.0, 2.0] [0.0, 2.0] [0.0, 2.0] [0.0, 2.0] [0.0, 2.0] [0.0, 2.0] [0.0, 2.0] [0.0, 2.0] [0.0, 2.0] [0.0, 2.0] [0.0, 2.0] [0.0, 2.0] [0.0, 2.0] [0.0, 2.0] [0.0, 2.0] [0.0, 2.0] [0.0, 2.0] [0.0, 2.0] [0.0, 2.0] [0.0, 2.0] [0.0, 2.0] [0.0, 2.0] [0.0, 2.0] [0.0, 2.0] [0.0, 2.0] [0.0, 2.0] [0.0, 2.0] [0.0, 2.0] [0.0, 2.0] [0.0, 2.0] [0.0, 2.0] [0.0, 2.0] [0.0, 2.0] [0.0, 2.0] [0.0, 2.0] [0.0, 2.0] [0.0, 2.0] [0.0, 2.0] [0.0, 2.0] [0.0, 2.0] [0.0, 2.0] [0.0, 2.0] [0.0, 2.0] [0.0, 2.0] [0.0, 2.0] [0.0, 2.0] [0.0, 2.0] [0.0, 2.0] [0.0, 2.0] [0.0, 2.0] [0.0, 2.0] [0.0, 2.0] [0.0, 2.0] [0.0, 2.0] [0.0, 2.0] [0.0, 2.0] [0.0, 2.0] [0.0, 2.0] [0.0, 2.0] [0.0, 2.0] [0.0, 2.0] [0.0, 2.0] [0.0, 2.0] [0.0, 2.0] [0.0, 2.0] [0.0, 2.0] [0.0, 2.0] [0.0, 2.0] [0.0, 2.0] [0.0, 2.0] [0.0, 2.0] [0.0, 2.0] [0.0, 2.0] [0.0, 2.0] [0.0, 2.0] [0.0, 2.0] [0.0, 2.0] [0.0, 2.0] [0.0, 2.0] [0.0, 2.0] [0.0, 2.0] [0.0, 2.0] [0.0, 2.0] [0.0, 2.0] [0.0, 2.0] [0.0, 2.0] [0.0, 2.0] [0.0, 2.0] [0.0, 2.0] [0.0, 2.0] [0.0, 2.0] [0.0, 2.0] [0.0, 2.0] [0.0, 2.0] [0.0, 2.0] [0.0, 2.0] [0.0, 2.0] [0.0, 2.0] [0.0, 2.0] [0.0, 2.0] [0.0, 2.0] [0.0, 2.0] [0.0, 2.0] [0.0, 2.0] [0.0, 2.0] [0.0, 2.0] [0.0, 2.0] [0.0, 2.0] [0.0, 2.0] [0.0, 2.0] [0.0, 2.0] [0.0, 2.0] [0.0, 2.0] [0.0, 2.0] [0.0, 2.0] [0.0, 2.0] [0.0, 2.0] [0.0, 2.0] [0.0, 2.0] [0.0, 2.0] [0.0, 2.0] [0.0, 2.0] [0.0, 2.0] [0.0, 2.0] [0.0, 2.0] [0.0, 2.0] [0.0, 2.0] [0.0, 2.0] [0.0, 2.0] [0.0, 2.0] [0.0, 2.0] [0.0, 2.0] [0.0, 2.0] [0.0, 2.0] [0.0, 2.0] [0.0, 2.0] [0.0, 2.0] [0.0, 2.0] [0.0, 2.0] [0.0, 2.0] [0.0, 2.0] [0.0, 2.0] [0.0, 2.0] [0.0, 2.0] [0.0, 2.0] [0.0, 2.0] [0.0, 2.0] [0.0, 2.0] [0.0, 2.0] [0.0, 2.0] [0.0, 2.0] [0.0, 2.0] [0.0, 2.0] [0.0, 2.0] [0.0, 2.0] [0.0, 2.0] [0.0, 2.0] [0.0, 2.0] [0.0, 2.0] [0.0, 2.0] [0.0, 2.0] [0.0, 2.0] [0.0, 2.0] [0.0, 2.0] [0.0, 2.0] [0.0, 2.0] [0.0, 2.0] [0.0, 2.0] [0.0, 2.0] [0.0, 2.0] [0.0, 2.0] [0.0, 2.0] [0.0, 2.0] [0.0, 2.0] [0.0, 2.0] [0.0, 2.0] [0.0, 2.0] [0.0, 2.0] [0.0, 2.0] [0.0, 2.0] [0.0, 2.0] [0.0, 2.0] [0.0, 2.0] [0.0, 2.0] [0.0, 2.0] [0.0, 2.0] [0.0, 2.0] [0.0, 2.0] [0.0, 2.0] [0.0, 2.0] [0.0, 2.0] [0.0, 2.0] [0.0, 2.0] [0.0, 2.0] [0.0, 2.0] [0.0, 2.0] [0.0, 2.0] [0.0, 2.0] [0.0, 2.0] [0.0, 2.0] [0.0, 2.0] [0.0, 2.0] [0.0, 2.0] [0.0, 2.0] [0.0, 2.0] [0.0, 2.0] [0.0, 2.0] [0.0, 2.0] [0.0, 2.0] [0.0, 2.0] [0.0, 2.0] [0.0, 2.0] [0.0, 2.0] [0.0, 2.0] [0.0, 2.0] [0.0, 2.0] [0.0, 2.0] [0.0, 2.0] [0.0, 2.0] [0.0, 2.0] [0.0, 2.0] [0.0, 2.0] [0.0, 2.0] [0.0, 2.0] [0.0, 2.0] [0.0, 2.0] [0.0, 2.0] [0.0, 2.0] [0.0, 2.0] [0.0, 2.0] [0.0, 2.0] [0.0, 2.0] [0.0, 2.0] [0.0, 2.0] [0.0, 2.0] [0.0, 2.0] [0.0, 2.0] [0.0, 2.0] [0.0, 2.0] [0.0, 2.0] [0.0, 2.0] [0.0, 2.0] [0.0, 2.0] [0.0, 2.0] [0.0, 2.0] [0.0, 2.0] [0.0, 2.0] [0.0, 2.0] [0.0, 2.0] [0.0, 2.0] [0.0, 2.0] [0.0, 2.0] [0.0, 2.0] [0.0, 2.0] [0.0, 2.0] [0.0, 2.0] [0.0, 2.0] [0.0, 2.0] [0.0, 2.0] [0.0, 2.0] [0.0, 2.0] [0.0, 2.0] [0.0, 2.0] [0.0, 2.0] [0.0, 2.0] [0.0, 2.0] [0.0, 2.0] [0.0, 2.0] [0.0, 2.0] [0.0, 2.0] [0.0, 2.0] [0.0, 2.0] [0.0, 2.0] [0.0, 2.0] [0.0, 2.0] [0.0, 2.0] [0.0, 2.0] [0.0, 2.0] [0.0, 2.0] [0.0, 2.0] [0.0, 2.0] [0.0, 2.0] [0.0, 2.0] [0.0, 2.0] [0.0, 2.0] [0.0, 2.0] [0.0, 2.0] [0.0, 2.0] [0.0, 2.0] [0.0, 2.0] [0.0, 2.0] [0.0, 2.0] [0.0, 2.0] [0.0, 2.0] [0.0, 2.0] [0.0, 2.0] [0.0, 2.0] [0.0, 2.0] [0.0, 2.0] [0.0, 2.0] [0.0, 2.0] [0.0, 2.0] [0.0, 2.0] [0.0, 2.0] [0.0, 2.0] [0.0, 2.0] [0.0, 2.0] [0.0, 2.0] [0.0, 2.0] [0.0, 2.0] [0.0, 2.0] [0.0, 2.0] [0.0, 2.0] [0.0, 2.0] [0.0, 2.0] [0.0, 2.0] [0.0, 2.0] [0.0, 2.0] [0.0, 2.0] [0.0, 2.0] [0.0, 2.0] [0.0, 2.0] [0.0, 2.0] [0.0, 2.0] [0.0, 2.0] [0.0, 2.0] [0.0, 2.0] [0.0, 2.0] [0.0, 2.0] [0.0, 2.0] [0.0, 2.0] [0.0, 2.0] [0.0, 2.0] [0.0, 2.0] [0.0, 2.0] [0.0, 2.0] [0.0, 2.0] [0.0, 2.0] [0.0, 2.0] [0.0, 2.0] [0.0, 2.0] [0.0, 2.0] [0.0, 2.0] [0.0, 2.0] [0.0, 2.0] [0.0, 2.0] [0.0, 2.0] [0.0, 2.0] [0.0, 2.0] [0.0, 2.0] [0.0, 2.0] [0.0, 2.0] [0.0, 2.0] [0.0, 2.0] [0.0, 2.0] [0.0, 2.0] [0.0, 2.0] [0.0, 2.0] [0.0, 2.0] [0.0, 2.0] [0.0, 2.0] [0.0, 2.0] [0.0, 2.0] [0.0, 2.0] [0.0, 2.0] [0.0, 2.0] [0.0, 2.0] [0.0, 2.0] [0.0, 2.0] [0.0, 2.0] [0.0, 2.0] [0.0, 2.0] [0.0, 2.0] [0.0, 2.0] [0.0, 2.0] [0.0, 2.0] [0.0, 2.0] [0.0, 2.0] [0.0, 2.0] [0.0, 2.0] [0.0, 2.0] [0.0, 2.0] [0.0, 2.0] [0.0, 2.0] [0.0, 2.0] [0.0, 2.0] [0.0, 2.0] [0.0, 2.0] [0.0, 2.0] [0.0, 2.0] [0.0, 2.0] [0.0, 2.0] [0.0, 2.0] [0.0, 2.0] [0.0, 2.0] [0.0, 2.0] [0.0, 2.0] [0.0, 2.0] [0.0, 2.0] [0.0, 2.0] [0.0, 2.0] [0.0, 2.0] [0.0, 2.0] [0.0, 2.0] 
    3: [0.0, 2.0] [0.0, 2.0] [0.0, 2.0] [0.0, 2.0] [0.0, 2.0] [0.0, 2.0] [0.0, 2.0] [0.0, 1.0] [0.0, 2.0] [0.0, 2.0] [0.0, 2.0] [0.0, 2.0] [0.0, 2.0] [0.0, 2.0] [0.0, 2.0] [0.0, 2.0] [0.0, 2.0] [0.0, 2.0] [0.0, 2.0] [0.0, 2.0] [0.0, 2.0] [0.0, 2.0] [0.0, 2.0] [0.0, 2.0] [0.0, 2.0] [0.0, 2.0] [0.0, 2.0] [0.0, 2.0] [0.0, 2.0] [0.0, 2.0] [0.0, 2.0] [0.0, 2.0] [0.0, 2.0] [0.0, 2.0] [0.0, 2.0] [0.0, 2.0] [0.0, 2.0] [0.0, 2.0] [0.0, 2.0] [0.0, 2.0] [0.0, 2.0] [0.0, 2.0] [0.0, 2.0] [0.0, 2.0] [0.0, 2.0] [0.0, 2.0] [0.0, 2.0] [0.0, 2.0] [0.0, 2.0] [0.0, 2.0] [0.0, 2.0] [0.0, 2.0] [0.0, 2.0] [0.0, 2.0] [0.0, 2.0] [0.0, 2.0] [0.0, 2.0] [0.0, 2.0] [0.0, 2.0] [0.0, 1.0] [0.0, 2.0] [0.0, 2.0] [0.0, 2.0] [0.0, 2.0] [0.0, 2.0] [0.0, 2.0] [0.0, 1.0] [0.0, 2.0] [0.0, 2.0] [0.0, 2.0] [0.0, 2.0] [0.0, 2.0] [0.0, 2.0] [0.0, 2.0] [0.0, 1.0] [0.0, 2.0] [0.0, 2.0] [0.0, 2.0] [0.0, 2.0] [0.0, 2.0] [0.0, 2.0] [0.0, 2.0] [0.0, 2.0] [0.0, 2.0] [0.0, 2.0] [0.0, 2.0] [0.0, 2.0] [0.0, 2.0] [0.0, 2.0] [0.0, 2.0] [0.0, 2.0] [0.0, 2.0] [0.0, 2.0] [0.0, 2.0] [0.0, 2.0] [0.0, 2.0] [0.0, 2.0] [0.0, 2.0] [0.0, 2.0] [0.0, 2.0] [0.0, 2.0] [0.0, 2.0] [0.0, 2.0] [0.0, 2.0] [0.0, 2.0] [0.0, 2.0] [0.0, 2.0] [0.0, 2.0] [0.0, 2.0] [0.0, 2.0] [0.0, 2.0] [0.0, 2.0] [0.0, 2.0] [0.0, 2.0] [0.0, 2.0] [0.0, 2.0] [0.0, 2.0] [0.0, 2.0] [0.0, 2.0] [0.0, 2.0] [0.0, 2.0] [0.0, 2.0] [0.0, 2.0] [0.0, 2.0] [0.0, 2.0] [0.0, 2.0] [0.0, 2.0] [0.0, 2.0] [0.0, 2.0] [0.0, 2.0] [0.0, 2.0] [0.0, 2.0] [0.0, 2.0] [0.0, 2.0] [0.0, 2.0] [0.0, 2.0] [0.0, 2.0] [0.0, 2.0] [0.0, 2.0] [0.0, 2.0] [0.0, 2.0] [0.0, 2.0] [0.0, 2.0] [0.0, 2.0] [0.0, 2.0] [0.0, 2.0] [0.0, 2.0] [0.0, 2.0] [0.0, 2.0] [0.0, 1.0] [0.0, 2.0] [0.0, 2.0] [0.0, 2.0] [0.0, 2.0] [0.0, 2.0] [0.0, 2.0] [0.0, 2.0] [0.0, 2.0] [0.0, 2.0] [0.0, 2.0] [0.0, 0.0] [0.0, 2.0] [0.0, 2.0] [0.0, 2.0] [0.0, 2.0] [0.0, 1.0] [0.0, 2.0] [0.0, 2.0] [0.0, 2.0] [0.0, 2.0] [0.0, 2.0] [0.0, 2.0] [0.0, 2.0] [0.0, 2.0] [0.0, 2.0] [0.0, 2.0] [0.0, 2.0] [0.0, 2.0] [0.0, 2.0] [0.0, 2.0] [0.0, 2.0] [0.0, 2.0] [0.0, 2.0] [0.0, 2.0] [0.0, 2.0] [0.0, 2.0] [0.0, 2.0] [0.0, 2.0] [0.0, 2.0] [0.0, 2.0] [0.0, 2.0] [0.0, 2.0] [0.0, 2.0] [0.0, 2.0] [0.0, 2.0] [0.0, 2.0] [0.0, 2.0] [0.0, 2.0] [0.0, 2.0] [0.0, 2.0] [0.0, 2.0] [0.0, 2.0] [0.0, 2.0] [0.0, 2.0] [0.0, 2.0] [0.0, 2.0] [0.0, 2.0] [0.0, 2.0] [0.0, 2.0] [0.0, 2.0] [0.0, 2.0] [0.0, 2.0] [0.0, 2.0] [0.0, 2.0] [0.0, 2.0] [0.0, 2.0] [0.0, 2.0] [0.0, 2.0] [0.0, 2.0] [0.0, 2.0] [0.0, 2.0] [0.0, 2.0] [0.0, 2.0] [0.0, 1.0] [0.0, 2.0] [0.0, 2.0] [0.0, 2.0] [0.0, 2.0] [0.0, 2.0] [0.0, 2.0] [0.0, 2.0] [0.0, 2.0] [0.0, 2.0] [0.0, 2.0] [0.0, 2.0] [0.0, 2.0] [0.0, 2.0] [0.0, 2.0] [0.0, 2.0] [0.0, 2.0] [0.0, 2.0] [0.0, 2.0] [0.0, 2.0] [0.0, 2.0] [0.0, 2.0] [0.0, 2.0] [0.0, 2.0] [0.0, 2.0] [0.0, 2.0] [0.0, 2.0] [0.0, 2.0] [0.0, 2.0] [0.0, 2.0] [0.0, 2.0] [0.0, 2.0] [0.0, 2.0] [0.0, 2.0] [0.0, 2.0] [0.0, 1.0] [0.0, 2.0] [0.0, 2.0] [0.0, 2.0] [0.0, 2.0] [0.0, 2.0] [0.0, 2.0] [0.0, 2.0] [0.0, 2.0] [0.0, 2.0] [0.0, 2.0] [0.0, 2.0] [0.0, 2.0] [0.0, 2.0] [0.0, 2.0] [0.0, 2.0] [0.0, 2.0] [0.0, 2.0] [0.0, 2.0] [0.0, 2.0] [0.0, 2.0] [0.0, 2.0] [0.0, 2.0] [0.0, 2.0] [0.0, 2.0] [0.0, 2.0] [0.0, 2.0] [0.0, 2.0] [0.0, 2.0] [0.0, 2.0] [0.0, 2.0] [0.0, 2.0] [0.0, 2.0] [0.0, 2.0] [0.0, 2.0] [0.0, 2.0] [0.0, 2.0] [0.0, 2.0] [0.0, 2.0] [0.0, 2.0] [0.0, 2.0] [0.0, 2.0] [0.0, 2.0] [0.0, 2.0] [0.0, 2.0] [0.0, 2.0] [0.0, 2.0] [0.0, 2.0] [0.0, 2.0] [0.0, 2.0] [0.0, 2.0] [0.0, 2.0] [0.0, 2.0] [0.0, 2.0] [0.0, 2.0] [0.0, 1.0] [0.0, 2.0] [0.0, 2.0] [0.0, 1.0] [0.0, 2.0] [0.0, 2.0] [0.0, 2.0] [0.0, 2.0] [0.0, 2.0] [0.0, 2.0] [0.0, 2.0] [0.0, 2.0] [0.0, 2.0] [0.0, 2.0] [0.0, 2.0] [0.0, 2.0] [0.0, 2.0] [0.0, 2.0] [0.0, 2.0] [0.0, 2.0] [0.0, 2.0] [0.0, 2.0] [0.0, 2.0] [0.0, 2.0] [0.0, 2.0] [0.0, 2.0] [0.0, 2.0] [0.0, 2.0] [0.0, 2.0] [0.0, 2.0] [0.0, 2.0] [0.0, 2.0] [0.0, 2.0] [0.0, 2.0] [0.0, 2.0] [0.0, 2.0] [0.0, 2.0] [0.0, 2.0] [0.0, 2.0] [0.0, 2.0] [0.0, 2.0] [0.0, 2.0] [0.0, 2.0] [0.0, 2.0] [0.0, 2.0] [0.0, 2.0] [0.0, 2.0] [0.0, 2.0] [0.0, 2.0] [0.0, 2.0] [0.0, 2.0] [0.0, 2.0] [0.0, 2.0] [0.0, 2.0] [0.0, 2.0] [0.0, 2.0] [0.0, 2.0] [0.0, 2.0] [0.0, 2.0] [0.0, 2.0] [0.0, 2.0] [0.0, 2.0] [0.0, 2.0] [0.0, 2.0] [0.0, 2.0] [0.0, 2.0] [0.0, 2.0] [0.0, 2.0] [0.0, 2.0] [0.0, 2.0] [0.0, 1.0] [0.0, 2.0] [0.0, 2.0] [0.0, 2.0] [0.0, 2.0] [0.0, 2.0] [0.0, 2.0] [0.0, 2.0] [0.0, 2.0] [0.0, 2.0] [0.0, 2.0] [0.0, 2.0] [0.0, 2.0] [0.0, 2.0] [0.0, 2.0] [0.0, 2.0] [0.0, 2.0] [0.0, 2.0] [0.0, 2.0] [0.0, 2.0] [0.0, 2.0] [0.0, 2.0] [0.0, 2.0] [0.0, 2.0] [0.0, 2.0] [0.0, 2.0] [0.0, 2.0] [0.0, 2.0] [0.0, 2.0] [0.0, 2.0] [0.0, 2.0] [0.0, 2.0] [0.0, 2.0] [0.0, 2.0] [0.0, 2.0] [0.0, 2.0] [0.0, 2.0] [0.0, 2.0] [0.0, 2.0] [0.0, 2.0] [0.0, 2.0] [0.0, 2.0] [0.0, 1.0] [0.0, 2.0] [0.0, 2.0] [0.0, 2.0] [0.0, 2.0] [0.0, 2.0] [0.0, 1.0] [0.0, 2.0] [0.0, 2.0] [0.0, 2.0] [0.0, 2.0] [0.0, 2.0] [0.0, 2.0] [0.0, 2.0] [0.0, 2.0] [0.0, 2.0] [0.0, 2.0] [0.0, 2.0] [0.0, 2.0] 
  Output fraction of data:
choice: (0.551 0.478 0.333 0.492 0.416 0.454 0.434 0.522 0.506 0.270 0.513 0.333 0.360 0.541 0.609 0.539 0.404 0.641 0.400 0.469 0.435 0.471 0.453 0.464 0.472 0.409 0.515 0.410 0.238 0.411 0.513 0.424 0.441 0.574 0.318 0.548 0.672 0.451 0.521 0.584 0.442 0.579 0.483 0.351 0.461 0.623 0.481 0.348 0.428 0.548 0.443 0.477 0.496 0.495 0.413 0.451 0.509 0.374 0.500 0.661 0.509 0.460 0.599 0.471 0.439 0.396 0.393 0.702 0.554 0.527 0.691 0.445 0.544 0.440 0.548 0.572 0.364 0.393 0.418 0.518 0.603 0.493 0.535 0.594 0.472 0.556 0.493 0.616 0.579 0.494 0.402 0.592 0.427 0.582 0.477 0.623 0.558 0.414 0.335 0.595 0.404 0.489 0.592 0.433 0.370 0.496 0.572 0.414 0.540 0.550 0.495 0.537 0.521 0.561 0.380 0.419 0.513 0.454 0.532 0.528 0.474 0.583 0.632 0.503 0.557 0.452 0.512 0.395 0.551 0.495 0.335 0.534 0.527 0.491 0.524 0.546 0.461 0.529 0.451 0.498 0.458 0.581 0.772 0.438 0.500 0.422 0.593 0.442 0.466 0.500 0.498 0.468 0.574 0.433 0.382 0.393 0.561 0.447 0.458 0.593 0.388 0.478 0.485 0.508 0.547 0.300 0.562 0.482 0.282 0.399 0.334 0.531 0.612 0.606 0.553 0.571 0.558 0.554 0.420 0.506 0.507 0.405 0.491 0.428 0.394 0.490 0.432 0.426 0.467 0.650 0.617 0.520 0.376 0.588 0.317 0.482 0.457 0.454 0.648 0.428 0.387 0.436 0.201 0.492 0.632 0.334 0.429 0.430 0.424 0.378 0.552 0.575 0.550 0.561 0.455 0.504 0.482 0.679 0.622 0.408 0.464 0.372 0.548 0.520 0.637 0.540 0.505 0.231 0.405 0.631 0.458 0.581 0.654 0.535 0.494 0.466 0.359 0.450 0.412 0.381 0.672 0.331 0.491 0.430 0.611 0.484 0.423 0.515 0.527 0.587 0.311 0.511 0.479 0.521 0.494 0.695 0.122 0.412 0.361 0.434 0.521 0.408 0.480 0.492 0.521 0.595 0.492 0.499 0.453 0.558 0.539 0.462 0.616 0.469 0.470 0.815 0.414 0.542 0.531 0.502 0.512 0.428 0.540 0.440 0.379 0.531 0.622 0.449 0.555 0.611 0.559 0.653 0.595 0.573 0.565 0.599 0.506 0.509 0.563 0.464 0.516 0.387 0.562 0.526 0.440 0.383 0.532 0.524 0.731 0.587 0.542 0.503 0.407 0.383 0.416 0.426 0.538 0.655 0.614 0.497 0.555 0.354 0.568 0.527 0.360 0.516 0.439 0.439 0.692 0.389 0.542 0.497 0.505 0.515 0.587 0.444 0.500 0.574 0.495 0.513 0.531 0.532 0.531 0.482 0.611 0.532 0.450 0.462 0.538 0.764 0.532 0.562 0.404 0.599 0.432 0.741 0.492 0.462 0.369 0.346 0.389 0.463 0.662 0.509 0.292 0.485 0.500 0.517 0.570 0.594 0.424 0.602 0.798 0.679 0.526 0.390 0.519 0.554 0.356 0.649 0.503 0.385 0.363 0.524 0.454 0.430 0.475 0.476 0.331 0.408 0.425 0.397 0.484 0.518 0.464 0.635 0.284 0.425 0.642 0.618 0.543 0.441 0.458 0.377 0.521 0.403 0.542 0.537 0.540 0.527 0.563 0.608 0.537 0.454 0.558 0.517 0.559 0.403 0.480 0.626 0.546 0.576 0.395 0.642 0.557 0.381 0.593 0.350 0.440 0.511 0.429 0.509 0.440 0.599 0.657 0.327 0.483 0.501 0.558 0.473 0.494 0.487 0.460 0.397)  0.449 0.522 0.667 0.508 0.584 0.546 0.566 0.478 0.494 0.730 0.487 0.667 0.640 0.459 0.391 0.461 0.596 0.359 0.600 0.531 0.565 0.529 0.547 0.536 0.528 0.591 0.485 0.590 0.762 0.589 0.487 0.576 0.559 0.426 0.682 0.452 0.328 0.549 0.479 0.416 0.558 0.421 0.517 0.649 0.539 0.377 0.519 0.652 0.572 0.452 0.557 0.523 0.504 0.505 0.587 0.549 0.491 0.626 0.500 0.339 0.491 0.540 0.401 0.529 0.561 0.604 0.607 0.298 0.446 0.473 0.309 0.555 0.456 0.560 0.452 0.428 0.636 0.607 0.582 0.482 0.397 0.507 0.465 0.406 0.528 0.444 0.507 0.384 0.421 0.506 0.598 0.408 0.573 0.418 0.523 0.377 0.442 0.586 0.665 0.405 0.596 0.511 0.408 0.567 0.630 0.504 0.428 0.586 0.460 0.450 0.505 0.463 0.479 0.439 0.620 0.581 0.487 0.546 0.468 0.472 0.526 0.417 0.368 0.497 0.443 0.548 0.488 0.605 0.449 0.505 0.665 0.466 0.473 0.509 0.476 0.454 0.539 0.471 0.549 0.502 0.542 0.419 0.228 0.562 0.500 0.578 0.407 0.558 0.534 0.500 0.502 0.532 0.426 0.567 0.618 0.607 0.439 0.553 0.542 0.407 0.612 0.522 0.515 0.492 0.453 0.700 0.438 0.518 0.718 0.601 0.666 0.469 0.388 0.394 0.447 0.429 0.442 0.446 0.580 0.494 0.493 0.595 0.509 0.572 0.606 0.510 0.568 0.574 0.533 0.350 0.383 0.480 0.624 0.412 0.683 0.518 0.543 0.546 0.352 0.572 0.613 0.564 0.799 0.508 0.368 0.666 0.571 0.570 0.576 0.622 0.448 0.425 0.450 0.439 0.545 0.496 0.518 0.321 0.378 0.592 0.536 0.628 0.452 0.480 0.363 0.460 0.495 0.769 0.595 0.369 0.542 0.419 0.346 0.465 0.506 0.534 0.641 0.550 0.588 0.619 0.328 0.669 0.509 0.570 0.389 0.516 0.577 0.485 0.473 0.413 0.689 0.489 0.521 0.479 0.506 0.305 0.878 0.588 0.639 0.566 0.479 0.592 0.520 0.508 0.479 0.405 0.508 0.501 0.547 0.442 0.461 0.538 0.384 0.531 0.530 0.185 0.586 0.458 0.469 0.498 0.488 0.572 0.460 0.560 0.621 0.469 0.378 0.551 0.445 0.389 0.441 0.347 0.405 0.427 0.435 0.401 0.494 0.491 0.437 0.536 0.484 0.613 0.438 0.474 0.560 0.617 0.468 0.476 0.269 0.413 0.458 0.497 0.593 0.617 0.584 0.574 0.462 0.345 0.386 0.503 0.445 0.646 0.432 0.473 0.640 0.484 0.561 0.561 0.308 0.611 0.458 0.503 0.495 0.485 0.413 0.556 0.500 0.426 0.505 0.487 0.469 0.468 0.469 0.518 0.389 0.468 0.550 0.538 0.462 0.236 0.468 0.438 0.596 0.401 0.568 0.259 0.508 0.538 0.631 0.654 0.611 0.537 0.338 0.491 0.708 0.515 0.500 0.483 0.430 0.406 0.576 0.398 0.202 0.321 0.474 0.610 0.481 0.446 0.644 0.351 0.497 0.615 0.637 0.476 0.546 0.570 0.525 0.524 0.669 0.592 0.575 0.603 0.516 0.482 0.536 0.365 0.716 0.575 0.358 0.382 0.457 0.559 0.542 0.623 0.479 0.597 0.458 0.463 0.460 0.473 0.437 0.392 0.463 0.546 0.442 0.483 0.441 0.597 0.520 0.374 0.454 0.424 0.605 0.358 0.443 0.619 0.407 0.650 0.560 0.489 0.571 0.491 0.560 0.401 0.343 0.673 0.517 0.499 0.442 0.527 0.506 0.513 0.540 0.603)  
prior: (0.470 0.430 0.420 0.430 0.307 0.317 0.404 0.422 0.477 0.472 0.358 0.270 0.364 0.545 0.616 0.328 0.303 0.427 0.341 0.304 0.501 0.405 0.441 0.427 0.410 0.529 0.399 0.327 0.299 0.372 0.414 0.331 0.322 0.432 0.339 0.414 0.536 0.441 0.467 0.450 0.401 0.418 0.300 0.515 0.511 0.394 0.420 0.298 0.313 0.565 0.397 0.408 0.297 0.389 0.459 0.426 0.497 0.420 0.410 0.456 0.474 0.465 0.418 0.465 0.528 0.227 0.495 0.438 0.505 0.435 0.498 0.344 0.373 0.386 0.429 0.441 0.418 0.230 0.467 0.400 0.489 0.422 0.505 0.302 0.433 0.421 0.439 0.392 0.530 0.403 0.363 0.364 0.385 0.418 0.477 0.508 0.322 0.277 0.338 0.411 0.335 0.506 0.435 0.419 0.396 0.384 0.525 0.245 0.403 0.502 0.394 0.323 0.491 0.417 0.269 0.304 0.442 0.362 0.403 0.397 0.457 0.484 0.419 0.370 0.441 0.357 0.422 0.257 0.327 0.468 0.349 0.425 0.437 0.468 0.401 0.421 0.468 0.491 0.412 0.305 0.368 0.390 0.449 0.458 0.372 0.452 0.320 0.298 0.534 0.341 0.482 0.481 0.541 0.409 0.326 0.501 0.437 0.414 0.275 0.485 0.340 0.447 0.407 0.447 0.386 0.202 0.434 0.436 0.354 0.468 0.282 0.269 0.396 0.482 0.470 0.438 0.433 0.518 0.349 0.485 0.398 0.368 0.462 0.440 0.413 0.463 0.519 0.467 0.388 0.416 0.568 0.413 0.383 0.443 0.348 0.460 0.465 0.352 0.460 0.305 0.343 0.393 0.290 0.413 0.363 0.355 0.412 0.288 0.518 0.381 0.415 0.425 0.490 0.407 0.360 0.521 0.415 0.479 0.336 0.437 0.471 0.477 0.467 0.480 0.499 0.440 0.406 0.250 0.305 0.445 0.357 0.393 0.314 0.395 0.399 0.272 0.368 0.405 0.438 0.337 0.500 0.281 0.488 0.489 0.575 0.429 0.365 0.400 0.420 0.336 0.357 0.252 0.403 0.372 0.343 0.490 0.267 0.343 0.293 0.546 0.515 0.305 0.384 0.530 0.456 0.413 0.450 0.413 0.405 0.442 0.513 0.429 0.460 0.272 0.485 0.493 0.444 0.503 0.534 0.292 0.456 0.336 0.405 0.402 0.389 0.442 0.460 0.366 0.411 0.424 0.401 0.527 0.443 0.386 0.442 0.449 0.458 0.376 0.507 0.452 0.475 0.478 0.447 0.382 0.418 0.404 0.489 0.410 0.423 0.331 0.462 0.350 0.447 0.391 0.457 0.414 0.421 0.361 0.506 0.386 0.406 0.288 0.426 0.512 0.295 0.440 0.338 0.468 0.531 0.341 0.406 0.470 0.482 0.490 0.248 0.437 0.446 0.523 0.431 0.518 0.491 0.540 0.412 0.449 0.456 0.300 0.341 0.414 0.282 0.447 0.353 0.382 0.470 0.434 0.393 0.420 0.455 0.442 0.417 0.307 0.443 0.460 0.389 0.449 0.405 0.441 0.426 0.388 0.405 0.462 0.358 0.475 0.366 0.453 0.476 0.470 0.280 0.401 0.294 0.471 0.369 0.380 0.259 0.431 0.418 0.304 0.302 0.414 0.331 0.296 0.356 0.411 0.379 0.463 0.436 0.420 0.216 0.336 0.489 0.359 0.312 0.470 0.448 0.238 0.426 0.408 0.379 0.446 0.522 0.497 0.326 0.453 0.262 0.570 0.449 0.463 0.432 0.442 0.441 0.446 0.426 0.437 0.368 0.429 0.449 0.407 0.489 0.389 0.403 0.394 0.425 0.386 0.436 0.509 0.426 0.388 0.440 0.420 0.429 0.428 0.388 0.460 0.460 0.421)  0.126 0.114 0.115 0.215 0.112 0.144 0.114 0.175 0.098 0.136 0.266 0.325 0.154 0.160 0.110 0.164 0.199 0.096 0.092 0.161 0.105 0.173 0.146 0.118 0.208 0.102 0.144 0.111 0.115 0.220 0.088 0.095 0.103 0.111 0.104 0.295 0.191 0.115 0.110 0.198 0.174 0.136 0.149 0.087 0.144 0.225 0.102 0.121 0.117 0.206 0.076 0.171 0.228 0.123 0.150 0.080 0.080 0.125 0.182 0.164 0.154 0.058 0.211 0.155 0.100 0.278 0.153 0.188 0.121 0.132 0.253 0.067 0.166 0.155 0.104 0.096 0.200 0.256 0.182 0.103 0.150 0.168 0.135 0.234 0.142 0.166 0.164 0.290 0.145 0.212 0.087 0.211 0.203 0.102 0.098 0.183 0.175 0.173 0.104 0.194 0.129 0.162 0.233 0.130 0.146 0.261 0.132 0.316 0.171 0.157 0.236 0.139 0.175 0.215 0.136 0.250 0.113 0.227 0.145 0.161 0.170 0.105 0.158 0.124 0.150 0.178 0.099 0.229 0.151 0.112 0.102 0.127 0.183 0.170 0.119 0.179 0.183 0.099 0.059 0.222 0.195 0.177 0.196 0.121 0.145 0.081 0.143 0.182 0.078 0.306 0.073 0.112 0.184 0.148 0.067 0.133 0.135 0.242 0.141 0.176 0.165 0.120 0.080 0.129 0.081 0.187 0.103 0.096 0.176 0.100 0.118 0.131 0.185 0.170 0.088 0.205 0.203 0.135 0.092 0.149 0.220 0.243 0.148 0.147 0.109 0.198 0.114 0.141 0.163 0.156 0.100 0.120 0.144 0.145 0.192 0.136 0.101 0.241 0.225 0.164 0.144 0.075 0.191 0.205 0.104 0.129 0.094 0.170 0.139 0.130 0.161 0.186 0.158 0.143 0.202 0.190 0.148 0.145 0.266 0.117 0.204 0.100 0.112 0.206 0.124 0.193 0.148 0.199 0.155 0.208 0.108 0.129 0.176 0.093 0.185 0.221 0.073 0.105 0.169 0.113 0.142 0.219 0.099 0.071 0.153 0.104 0.112 0.220 0.172 0.132 0.261 0.227 0.233 0.233 0.290 0.101 0.234 0.142 0.128 0.062 0.103 0.127 0.181 0.080 0.160 0.178 0.132 0.198 0.166 0.134 0.150 0.145 0.193 0.128 0.082 0.119 0.120 0.132 0.079 0.266 0.143 0.160 0.230 0.307 0.098 0.120 0.234 0.160 0.110 0.113 0.191 0.175 0.186 0.325 0.134 0.152 0.151 0.237 0.156 0.110 0.111 0.091 0.082 0.140 0.110 0.136 0.105 0.112 0.177 0.147 0.164 0.127 0.141 0.128 0.090 0.090 0.204 0.120 0.129 0.143 0.105 0.268 0.193 0.154 0.110 0.216 0.253 0.101 0.150 0.158 0.223 0.110 0.144 0.196 0.149 0.108 0.123 0.082 0.132 0.071 0.178 0.109 0.107 0.147 0.146 0.232 0.229 0.109 0.124 0.197 0.173 0.256 0.094 0.145 0.157 0.231 0.142 0.136 0.109 0.180 0.168 0.221 0.092 0.105 0.156 0.220 0.199 0.231 0.193 0.188 0.257 0.105 0.160 0.142 0.137 0.096 0.245 0.123 0.208 0.120 0.231 0.086 0.140 0.262 0.087 0.188 0.186 0.216 0.190 0.178 0.158 0.099 0.343 0.127 0.177 0.171 0.276 0.104 0.199 0.196 0.196 0.182 0.102 0.277 0.172 0.118 0.153 0.147 0.146 0.075 0.149 0.131 0.250 0.169 0.102 0.149 0.131 0.083 0.170 0.105 0.109 0.124 0.270 0.209 0.154 0.270 0.137 0.230 0.088 0.154 0.074 0.206 0.140 0.134 0.190 0.113 0.070 0.141 0.170 0.056 0.092 0.111 0.208 0.150)  0.404 0.455 0.465 0.355 0.581 0.539 0.482 0.403 0.425 0.392 0.376 0.405 0.483 0.295 0.274 0.508 0.498 0.476 0.567 0.535 0.394 0.421 0.412 0.455 0.382 0.369 0.457 0.562 0.586 0.408 0.497 0.574 0.576 0.457 0.557 0.291 0.273 0.444 0.423 0.351 0.425 0.446 0.551 0.398 0.344 0.381 0.478 0.580 0.570 0.230 0.527 0.422 0.474 0.488 0.391 0.493 0.423 0.455 0.408 0.380 0.371 0.477 0.371 0.380 0.372 0.494 0.351 0.374 0.374 0.433 0.249 0.589 0.462 0.459 0.467 0.463 0.382 0.515 0.352 0.498 0.362 0.410 0.360 0.464 0.425 0.413 0.396 0.318 0.326 0.384 0.550 0.425 0.412 0.480 0.425 0.309 0.503 0.550 0.557 0.395 0.535 0.332 0.332 0.450 0.458 0.354 0.343 0.439 0.427 0.341 0.370 0.537 0.334 0.368 0.594 0.446 0.445 0.411 0.452 0.442 0.373 0.411 0.423 0.505 0.409 0.465 0.479 0.514 0.522 0.420 0.549 0.448 0.380 0.363 0.481 0.400 0.349 0.410 0.528 0.473 0.437 0.433 0.354 0.421 0.483 0.468 0.537 0.519 0.388 0.353 0.445 0.407 0.275 0.443 0.607 0.366 0.428 0.344 0.585 0.338 0.495 0.433 0.513 0.424 0.534 0.611 0.463 0.468 0.470 0.432 0.601 0.600 0.419 0.348 0.442 0.357 0.364 0.347 0.558 0.365 0.382 0.388 0.391 0.413 0.479 0.339 0.368 0.392 0.449 0.427 0.332 0.467 0.473 0.412 0.460 0.404 0.434 0.407 0.315 0.531 0.513 0.532 0.519 0.382 0.534 0.516 0.494 0.542 0.343 0.489 0.424 0.389 0.351 0.449 0.438 0.289 0.437 0.375 0.398 0.446 0.325 0.423 0.421 0.315 0.377 0.368 0.446 0.551 0.540 0.347 0.535 0.478 0.510 0.513 0.417 0.507 0.559 0.490 0.393 0.550 0.358 0.500 0.413 0.440 0.271 0.467 0.523 0.380 0.408 0.532 0.382 0.521 0.365 0.396 0.367 0.409 0.498 0.516 0.579 0.392 0.382 0.568 0.435 0.390 0.384 0.410 0.419 0.389 0.429 0.424 0.337 0.426 0.347 0.599 0.434 0.388 0.435 0.365 0.386 0.442 0.401 0.503 0.365 0.290 0.513 0.438 0.306 0.473 0.479 0.463 0.408 0.299 0.371 0.289 0.424 0.399 0.391 0.388 0.337 0.439 0.414 0.431 0.471 0.477 0.473 0.460 0.406 0.478 0.400 0.523 0.375 0.523 0.412 0.481 0.453 0.496 0.376 0.519 0.365 0.471 0.490 0.444 0.381 0.334 0.595 0.344 0.409 0.431 0.320 0.502 0.371 0.421 0.374 0.314 0.603 0.456 0.431 0.395 0.437 0.411 0.331 0.351 0.481 0.404 0.398 0.468 0.430 0.477 0.594 0.356 0.474 0.363 0.436 0.421 0.450 0.350 0.402 0.421 0.474 0.513 0.389 0.319 0.520 0.446 0.438 0.339 0.374 0.382 0.402 0.350 0.385 0.420 0.473 0.406 0.387 0.433 0.475 0.476 0.499 0.409 0.400 0.534 0.601 0.307 0.494 0.509 0.512 0.370 0.478 0.526 0.485 0.490 0.278 0.410 0.387 0.409 0.509 0.560 0.312 0.445 0.491 0.348 0.450 0.485 0.402 0.474 0.468 0.406 0.332 0.429 0.524 0.416 0.488 0.261 0.449 0.387 0.436 0.475 0.389 0.449 0.465 0.439 0.362 0.362 0.397 0.323 0.374 0.381 0.509 0.452 0.501 0.408 0.424 0.357 0.383 0.499 0.490 0.439 0.401 0.516 0.521 0.430 0.332 0.429)  
wheel_speed: (0.369 0.338 0.308 0.584 0.505 0.332 0.300 0.349 0.239 0.121 0.374 0.304 0.312 0.492 0.406 0.366 0.489 0.247 0.436 0.384 0.410 0.216 0.466 0.430 0.359 0.374 0.232 0.460 0.471 0.444 0.327 0.423 0.260 0.177 0.324 0.262 0.302 0.366 0.503 0.448 0.305 0.271 0.451 0.394 0.181 0.470 0.385 0.222 0.281 0.225 0.400 0.415 0.411 0.425 0.326 0.572 0.342 0.266 0.323 0.211 0.342 0.354 0.331 0.427 0.330 0.431 0.307 0.301 0.425 0.515 0.284 0.253 0.181 0.375 0.326 0.176 0.283 0.377 0.351 0.162 0.228 0.497 0.342 0.452 0.225 0.247 0.363 0.235 0.594 0.250 0.297 0.413 0.209 0.374 0.369 0.304 0.399 0.277 0.382 0.341 0.491 0.307 0.462 0.438 0.342 0.324 0.313 0.273 0.330 0.443 0.382 0.401 0.286 0.291 0.351 0.462 0.236 0.505 0.320 0.374 0.384 0.264 0.154 0.267 0.307 0.350 0.336 0.278 0.354 0.217 0.323 0.380 0.306 0.217 0.263 0.360 0.238 0.423 0.465 0.292 0.351 0.386 0.298 0.330 0.389 0.323 0.247 0.340 0.365 0.388 0.363 0.306 0.442 0.294 0.471 0.387 0.219 0.428 0.406 0.474 0.478 0.316 0.397 0.453 0.282 0.319 0.316 0.312 0.258 0.274 0.381 0.268 0.277 0.192 0.366 0.392 0.417 0.423 0.449 0.380 0.313 0.259 0.392 0.472 0.165 0.362 0.361 0.257 0.195 0.237 0.295 0.459 0.330 0.265 0.214 0.249 0.531 0.453 0.233 0.221 0.299 0.268 0.192 0.434 0.431 0.285 0.248 0.315 0.424 0.405 0.377 0.223 0.239 0.323 0.353 0.393 0.271 0.154 0.315 0.272 0.354 0.179 0.433 0.264 0.303 0.410 0.326 0.369 0.466 0.477 0.308 0.214 0.298 0.421 0.490 0.254 0.229 0.453 0.138 0.280 0.211 0.403 0.296 0.427 0.255 0.293 0.533 0.393 0.229 0.254 0.406 0.620 0.423 0.389 0.459 0.214 0.100 0.455 0.378 0.398 0.274 0.487 0.542 0.304 0.344 0.231 0.258 0.428 0.376 0.297 0.238 0.368 0.242 0.243 0.240 0.290 0.380 0.401 0.378 0.240 0.427 0.446 0.357 0.398 0.268 0.288 0.233 0.314 0.294 0.401 0.283 0.259 0.375 0.318 0.247 0.562 0.255 0.140 0.281 0.355 0.409 0.344 0.318 0.493 0.357 0.526 0.490 0.361 0.216 0.223 0.410 0.283 0.376 0.306 0.221 0.330 0.513 0.537 0.168 0.453 0.181 0.248 0.415 0.359 0.382 0.401 0.427 0.259 0.150 0.431 0.282 0.464 0.270 0.329 0.267 0.269 0.489 0.349 0.239 0.338 0.362 0.252 0.210 0.331 0.398 0.439 0.217 0.484 0.367 0.239 0.274 0.280 0.232 0.359 0.305 0.261 0.248 0.349 0.333 0.220 0.370 0.523 0.355 0.364 0.207 0.318 0.364 0.345 0.453 0.321 0.294 0.437 0.214 0.225 0.260 0.349 0.377 0.197 0.487 0.209 0.259 0.390 0.524 0.335 0.308 0.375 0.391 0.250 0.302 0.329 0.309 0.291 0.388 0.477 0.424 0.233 0.247 0.356 0.616 0.513 0.189 0.448 0.277 0.407 0.376 0.303 0.195 0.192 0.409 0.252 0.338 0.382 0.242 0.382 0.270 0.272 0.350 0.430 0.275 0.146 0.280 0.232 0.268 0.232 0.298 0.335 0.357 0.283 0.283 0.158 0.410 0.401 0.326 0.261 0.263 0.338 0.342 0.296 0.291 0.356 0.352 0.290 0.512 0.382)  0.505 0.279 0.326 0.413 0.262 0.383 0.315 0.530 0.251 0.133 0.302 0.662 0.327 0.504 0.301 0.250 0.475 0.279 0.446 0.544 0.363 0.200 0.495 0.326 0.322 0.304 0.219 0.505 0.423 0.504 0.309 0.534 0.306 0.193 0.332 0.295 0.221 0.395 0.447 0.402 0.337 0.282 0.544 0.332 0.241 0.527 0.557 0.312 0.223 0.186 0.340 0.312 0.403 0.434 0.335 0.365 0.349 0.281 0.269 0.314 0.325 0.328 0.313 0.568 0.336 0.522 0.297 0.198 0.467 0.483 0.273 0.291 0.159 0.343 0.264 0.274 0.281 0.367 0.271 0.278 0.240 0.499 0.298 0.483 0.302 0.214 0.333 0.299 0.395 0.282 0.278 0.569 0.196 0.338 0.329 0.277 0.329 0.284 0.384 0.336 0.484 0.313 0.351 0.312 0.329 0.249 0.248 0.292 0.301 0.511 0.270 0.417 0.256 0.267 0.253 0.284 0.230 0.468 0.282 0.338 0.296 0.307 0.169 0.285 0.357 0.421 0.354 0.221 0.508 0.249 0.337 0.368 0.296 0.309 0.242 0.366 0.233 0.317 0.527 0.262 0.281 0.305 0.222 0.309 0.531 0.316 0.268 0.318 0.523 0.586 0.363 0.296 0.447 0.246 0.454 0.337 0.232 0.517 0.373 0.511 0.502 0.272 0.285 0.546 0.361 0.385 0.302 0.266 0.202 0.326 0.375 0.265 0.324 0.172 0.313 0.251 0.374 0.568 0.491 0.381 0.365 0.272 0.331 0.487 0.183 0.581 0.250 0.307 0.152 0.351 0.351 0.483 0.578 0.251 0.157 0.227 0.281 0.459 0.358 0.246 0.328 0.272 0.241 0.375 0.477 0.304 0.245 0.343 0.556 0.269 0.199 0.242 0.248 0.326 0.391 0.337 0.278 0.260 0.345 0.296 0.315 0.215 0.491 0.260 0.335 0.512 0.280 0.359 0.480 0.516 0.281 0.233 0.251 0.376 0.477 0.318 0.251 0.477 0.139 0.265 0.221 0.260 0.356 0.391 0.290 0.304 0.395 0.334 0.242 0.261 0.585 0.380 0.280 0.534 0.345 0.185 0.134 0.536 0.381 0.531 0.308 0.498 0.458 0.316 0.255 0.238 0.272 0.327 0.504 0.405 0.254 0.365 0.199 0.243 0.207 0.422 0.389 0.322 0.518 0.262 0.527 0.327 0.346 0.294 0.346 0.239 0.262 0.290 0.215 0.349 0.309 0.254 0.346 0.307 0.267 0.436 0.236 0.186 0.206 0.273 0.327 0.239 0.310 0.505 0.297 0.393 0.420 0.335 0.241 0.344 0.391 0.283 0.320 0.310 0.150 0.330 0.484 0.462 0.156 0.399 0.144 0.283 0.354 0.361 0.565 0.578 0.534 0.117 0.156 0.504 0.276 0.473 0.215 0.272 0.258 0.301 0.456 0.393 0.276 0.354 0.263 0.223 0.336 0.356 0.547 0.353 0.283 0.510 0.329 0.255 0.242 0.298 0.258 0.374 0.339 0.238 0.285 0.367 0.363 0.251 0.621 0.477 0.316 0.512 0.219 0.277 0.349 0.389 0.294 0.301 0.309 0.247 0.256 0.236 0.335 0.328 0.375 0.240 0.481 0.192 0.343 0.346 0.470 0.642 0.334 0.563 0.303 0.258 0.295 0.361 0.260 0.364 0.369 0.437 0.361 0.242 0.263 0.280 0.384 0.486 0.126 0.502 0.355 0.371 0.309 0.250 0.176 0.244 0.368 0.251 0.343 0.539 0.199 0.278 0.250 0.327 0.396 0.338 0.326 0.188 0.313 0.337 0.218 0.242 0.278 0.262 0.293 0.323 0.269 0.169 0.496 0.548 0.357 0.229 0.320 0.270 0.342 0.296 0.383 0.341 0.305 0.245 0.473 0.593)  0.126 0.382 0.366 0.003 0.233 0.286 0.386 0.122 0.510 0.746 0.324 0.033 0.361 0.004 0.293 0.384 0.036 0.474 0.117 0.072 0.228 0.584 0.039 0.244 0.318 0.322 0.549 0.035 0.106 0.052 0.364 0.042 0.434 0.630 0.344 0.443 0.477 0.239 0.050 0.150 0.357 0.447 0.005 0.273 0.578 0.003 0.057 0.466 0.496 0.589 0.261 0.274 0.186 0.141 0.339 0.063 0.309 0.453 0.408 0.476 0.333 0.318 0.355 0.005 0.334 0.047 0.396 0.501 0.108 0.002 0.442 0.455 0.660 0.282 0.411 0.550 0.436 0.257 0.378 0.560 0.532 0.004 0.360 0.064 0.473 0.539 0.304 0.466 0.011 0.469 0.425 0.018 0.595 0.288 0.302 0.418 0.272 0.439 0.234 0.323 0.024 0.380 0.186 0.250 0.329 0.427 0.439 0.435 0.369 0.046 0.348 0.181 0.458 0.442 0.395 0.255 0.535 0.026 0.398 0.288 0.320 0.429 0.677 0.448 0.336 0.229 0.310 0.501 0.138 0.533 0.341 0.252 0.398 0.474 0.496 0.274 0.529 0.260 0.008 0.446 0.368 0.309 0.480 0.360 0.080 0.362 0.484 0.342 0.112 0.026 0.274 0.398 0.110 0.460 0.075 0.276 0.549 0.055 0.221 0.016 0.020 0.412 0.317 0.001 0.357 0.296 0.383 0.422 0.541 0.400 0.243 0.467 0.398 0.637 0.321 0.356 0.209 0.009 0.060 0.238 0.323 0.469 0.277 0.041 0.652 0.057 0.389 0.435 0.653 0.413 0.353 0.058 0.092 0.484 0.629 0.524 0.188 0.088 0.408 0.534 0.373 0.459 0.567 0.192 0.092 0.411 0.507 0.343 0.020 0.326 0.424 0.535 0.513 0.351 0.256 0.270 0.451 0.586 0.340 0.432 0.331 0.606 0.077 0.475 0.362 0.078 0.394 0.272 0.054 0.007 0.412 0.553 0.451 0.202 0.033 0.427 0.520 0.070 0.724 0.455 0.567 0.337 0.348 0.182 0.455 0.404 0.072 0.273 0.529 0.485 0.009 0.000 0.296 0.077 0.196 0.601 0.767 0.009 0.241 0.070 0.417 0.015 0.000 0.381 0.401 0.530 0.470 0.245 0.119 0.298 0.508 0.267 0.559 0.513 0.553 0.288 0.231 0.277 0.104 0.498 0.046 0.227 0.297 0.308 0.386 0.473 0.505 0.396 0.491 0.250 0.408 0.487 0.278 0.375 0.486 0.002 0.509 0.674 0.512 0.372 0.264 0.417 0.372 0.002 0.346 0.081 0.090 0.304 0.543 0.434 0.199 0.434 0.304 0.384 0.629 0.340 0.003 0.001 0.677 0.148 0.675 0.469 0.230 0.280 0.053 0.021 0.038 0.624 0.694 0.065 0.442 0.063 0.516 0.399 0.474 0.430 0.055 0.258 0.485 0.308 0.375 0.524 0.454 0.312 0.055 0.208 0.499 0.006 0.304 0.506 0.484 0.422 0.511 0.267 0.356 0.501 0.466 0.283 0.304 0.529 0.010 0.000 0.330 0.124 0.574 0.405 0.287 0.266 0.253 0.378 0.398 0.316 0.530 0.540 0.404 0.323 0.247 0.563 0.031 0.600 0.398 0.265 0.006 0.023 0.358 0.062 0.306 0.493 0.403 0.310 0.430 0.345 0.244 0.087 0.215 0.525 0.490 0.365 0.000 0.001 0.685 0.050 0.368 0.223 0.316 0.448 0.629 0.564 0.223 0.498 0.318 0.079 0.559 0.341 0.479 0.401 0.254 0.232 0.399 0.666 0.408 0.432 0.514 0.526 0.424 0.403 0.350 0.394 0.448 0.673 0.095 0.051 0.317 0.510 0.417 0.392 0.317 0.408 0.326 0.303 0.343 0.465 0.016 0.025)  
whisker_motion_energy: (0.235 0.033 0.124 0.179 0.789 0.415 0.310 0.436 0.059 0.249 0.349 0.302 0.365 0.277 0.224 0.205 0.035 0.240 0.332 0.472 0.293 0.348 0.111 0.078 0.284 0.131 0.095 0.122 0.634 0.413 0.232 0.138 0.084 0.133 0.999 0.296 0.215 0.098 0.103 0.419 0.357 0.188 0.082 0.157 0.147 0.362 0.385 0.219 0.021 0.094 0.205 0.164 0.266 0.111 0.140 0.175 0.950 0.333 0.405 0.968 0.799 0.185 0.155 0.339 0.151 0.416 0.638 0.383 0.057 0.098 0.480 0.440 0.357 0.249 0.981 0.227 0.479 0.309 0.216 0.220 0.284 0.384 0.253 0.187 0.240 0.372 0.305 0.306 0.321 0.257 0.634 0.226 0.317 0.153 0.092 0.100 0.163 0.056 0.440 0.262 0.050 0.269 0.356 0.031 0.208 0.234 0.167 0.260 0.193 0.996 0.229 0.266 0.113 0.285 0.329 0.723 0.252 0.053 0.269 0.182 0.203 0.388 0.334 0.241 0.116 0.562 0.990 0.309 0.268 0.433 0.396 0.303 0.523 0.229 0.408 0.078 0.372 0.016 0.267 0.136 0.073 0.060 0.457 0.241 0.179 0.453 0.450 0.064 0.664 0.935 0.942 0.206 0.227 0.115 0.094 0.267 0.583 0.223 0.941 0.096 1.000 0.076 0.121 0.045 0.244 0.982 0.241 0.245 0.476 0.987 0.967 0.314 0.119 0.240 0.298 0.197 0.279 0.243 0.249 0.262 0.226 0.226 0.231 0.272 0.147 0.432 0.328 0.285 0.497 0.218 0.265 0.005 0.037 0.133 0.421 0.141 0.101 0.072 0.403 0.315 0.175 0.390 0.308 0.165 0.197 0.229 0.388 0.075 0.233 0.159 0.321 0.179 0.087 0.253 0.110 0.132 0.254 0.311 0.212 0.223 0.172 0.176 0.241 0.894 0.333 0.086 0.160 0.165 0.169 0.211 0.134 0.349 0.703 0.773 0.108 0.130 0.998 0.318 0.486 0.194 0.374 0.738 0.445 0.403 0.600 0.110 0.020 0.206 0.251 0.211 0.405 0.439 0.125 0.305 0.236 0.783 0.340 0.097 0.332 0.297 0.961 0.095 0.326 0.348 0.152 0.229 0.472 0.286 0.104 0.382 0.206 0.288 0.391 0.178 0.308 0.144 0.255 0.119 0.978 0.329 0.162 0.230 0.259 0.372 0.323 0.359 0.373 0.326 0.342 0.185 0.304 0.247 0.066 0.321 0.232 0.352 0.292 0.283 0.228 0.297 0.133 0.042 0.356 0.100 0.349 0.955 0.192 0.316 0.398 0.186 0.322 0.232 0.117 0.825 0.450 0.340 0.996 0.065 0.302 0.207 0.351 0.930 0.281 0.378 0.385 0.073 0.346 0.427 0.349 0.337 0.144 0.066 0.395 0.315 0.413 0.364 0.088 0.972 0.236 0.956 0.005 0.309 0.180 0.394 0.301 0.292 0.431 0.285 0.304 0.444 0.318 0.099 0.247 0.270 0.273 0.379 0.179 0.321 0.362 0.382 0.261 0.048 0.103 0.331 0.499 0.153 0.184 0.412 0.129 0.078 0.226 0.099 0.400 0.235 0.383 0.264 0.367 0.182 0.416 0.395 0.275 0.329 0.401 0.762 0.944 0.073 0.230 0.364 0.952 0.339 0.243 0.273 0.523 0.030 0.198 0.407 0.406 0.130 0.459 0.182 0.310 0.182 0.942 0.305 0.121 0.169 0.326 0.128 0.141 0.196 0.233 0.149 0.327 0.549 0.276 0.243 0.180 0.176 0.224 0.299 0.290 0.179 0.313 0.194 0.162 0.643 0.251 0.168 0.354 0.368 0.390 0.393 0.325 0.276 0.197 0.191 0.982 0.125 0.367 0.985 0.173 0.949 0.255 0.166)  0.324 0.261 0.324 0.557 0.210 0.488 0.489 0.564 0.329 0.259 0.173 0.216 0.634 0.484 0.490 0.137 0.584 0.304 0.114 0.483 0.695 0.322 0.808 0.412 0.240 0.200 0.381 0.359 0.366 0.090 0.552 0.568 0.271 0.504 0.001 0.180 0.651 0.347 0.416 0.206 0.212 0.366 0.214 0.176 0.238 0.638 0.606 0.186 0.545 0.303 0.117 0.246 0.476 0.772 0.347 0.760 0.050 0.572 0.492 0.032 0.200 0.147 0.335 0.615 0.331 0.108 0.362 0.412 0.845 0.196 0.409 0.458 0.505 0.194 0.019 0.129 0.357 0.272 0.696 0.133 0.371 0.616 0.095 0.234 0.199 0.511 0.564 0.295 0.376 0.218 0.366 0.771 0.483 0.375 0.399 0.230 0.404 0.326 0.530 0.421 0.846 0.516 0.153 0.261 0.192 0.210 0.336 0.225 0.155 0.004 0.094 0.207 0.236 0.203 0.608 0.276 0.123 0.626 0.487 0.423 0.149 0.542 0.297 0.362 0.394 0.438 0.010 0.547 0.107 0.525 0.569 0.210 0.086 0.407 0.308 0.234 0.545 0.217 0.695 0.318 0.275 0.174 0.475 0.157 0.485 0.503 0.427 0.343 0.336 0.065 0.058 0.324 0.312 0.394 0.283 0.487 0.415 0.289 0.059 0.458 0.000 0.138 0.213 0.236 0.137 0.018 0.128 0.587 0.457 0.013 0.032 0.505 0.228 0.453 0.187 0.120 0.208 0.728 0.440 0.735 0.157 0.228 0.405 0.194 0.326 0.566 0.645 0.369 0.498 0.316 0.671 0.167 0.127 0.380 0.317 0.331 0.155 0.254 0.229 0.418 0.358 0.610 0.122 0.406 0.348 0.146 0.273 0.304 0.756 0.204 0.262 0.388 0.248 0.118 0.183 0.377 0.469 0.327 0.314 0.545 0.222 0.203 0.655 0.106 0.636 0.247 0.304 0.203 0.251 0.428 0.317 0.495 0.297 0.212 0.369 0.324 0.002 0.563 0.505 0.725 0.432 0.262 0.548 0.573 0.383 0.343 0.239 0.181 0.396 0.176 0.381 0.560 0.397 0.463 0.508 0.069 0.213 0.317 0.668 0.648 0.039 0.310 0.380 0.592 0.403 0.476 0.528 0.545 0.257 0.132 0.390 0.173 0.514 0.362 0.185 0.286 0.200 0.777 0.021 0.273 0.388 0.148 0.113 0.131 0.115 0.505 0.435 0.536 0.479 0.213 0.192 0.149 0.372 0.611 0.358 0.187 0.708 0.524 0.186 0.660 0.265 0.674 0.552 0.342 0.594 0.042 0.386 0.208 0.369 0.330 0.232 0.139 0.189 0.175 0.512 0.586 0.004 0.604 0.269 0.245 0.291 0.070 0.213 0.220 0.613 0.283 0.407 0.350 0.285 0.663 0.389 0.855 0.379 0.552 0.409 0.105 0.431 0.028 0.350 0.044 0.133 0.649 0.180 0.599 0.495 0.271 0.284 0.137 0.186 0.424 0.484 0.255 0.162 0.096 0.449 0.407 0.307 0.377 0.623 0.484 0.734 0.231 0.366 0.576 0.496 0.345 0.382 0.103 0.191 0.331 0.193 0.592 0.575 0.176 0.248 0.474 0.132 0.321 0.446 0.486 0.210 0.618 0.204 0.238 0.056 0.286 0.111 0.254 0.048 0.138 0.234 0.454 0.101 0.834 0.722 0.423 0.259 0.152 0.540 0.376 0.489 0.306 0.058 0.272 0.685 0.125 0.278 0.346 0.347 0.604 0.459 0.386 0.233 0.437 0.306 0.353 0.368 0.483 0.169 0.586 0.150 0.166 0.554 0.169 0.354 0.357 0.126 0.322 0.646 0.553 0.512 0.607 0.298 0.526 0.436 0.804 0.018 0.239 0.129 0.015 0.119 0.051 0.482 0.257)  0.441 0.706 0.553 0.264 0.001 0.097 0.201 0.000 0.612 0.492 0.478 0.483 0.000 0.239 0.285 0.658 0.380 0.456 0.554 0.045 0.013 0.330 0.081 0.510 0.476 0.669 0.523 0.519 0.001 0.497 0.215 0.294 0.645 0.363 0.000 0.524 0.134 0.555 0.480 0.375 0.431 0.446 0.705 0.667 0.615 0.000 0.010 0.595 0.434 0.603 0.678 0.589 0.258 0.116 0.513 0.065 0.000 0.096 0.103 0.000 0.000 0.667 0.510 0.046 0.518 0.476 0.000 0.205 0.097 0.705 0.111 0.102 0.138 0.557 0.000 0.644 0.163 0.419 0.088 0.647 0.345 0.000 0.653 0.579 0.561 0.117 0.130 0.399 0.302 0.525 0.000 0.004 0.200 0.472 0.509 0.670 0.433 0.618 0.029 0.317 0.104 0.215 0.492 0.708 0.600 0.556 0.497 0.516 0.652 0.000 0.676 0.526 0.651 0.512 0.063 0.001 0.625 0.321 0.244 0.395 0.649 0.070 0.369 0.397 0.491 0.000 0.000 0.144 0.625 0.042 0.035 0.487 0.391 0.364 0.284 0.688 0.084 0.767 0.038 0.546 0.651 0.766 0.068 0.603 0.335 0.044 0.124 0.593 0.000 0.000 0.000 0.470 0.462 0.491 0.623 0.247 0.002 0.487 0.000 0.446 0.000 0.786 0.666 0.720 0.619 0.000 0.631 0.168 0.068 0.000 0.000 0.181 0.653 0.308 0.515 0.683 0.513 0.029 0.311 0.003 0.617 0.546 0.364 0.534 0.527 0.001 0.027 0.346 0.005 0.466 0.065 0.829 0.837 0.487 0.263 0.527 0.744 0.674 0.368 0.267 0.466 0.000 0.571 0.429 0.455 0.625 0.339 0.621 0.011 0.637 0.417 0.433 0.665 0.629 0.707 0.491 0.277 0.362 0.473 0.232 0.605 0.620 0.104 0.000 0.030 0.667 0.536 0.633 0.580 0.360 0.549 0.156 0.000 0.015 0.522 0.546 0.000 0.119 0.009 0.081 0.194 0.000 0.007 0.024 0.017 0.547 0.741 0.613 0.353 0.613 0.214 0.000 0.478 0.231 0.256 0.149 0.447 0.586 0.000 0.055 0.000 0.595 0.294 0.060 0.445 0.295 0.000 0.170 0.639 0.486 0.404 0.539 0.095 0.460 0.506 0.570 0.545 0.104 0.000 0.398 0.450 0.622 0.628 0.497 0.562 0.136 0.191 0.138 0.180 0.602 0.504 0.604 0.562 0.068 0.410 0.461 0.000 0.193 0.586 0.044 0.602 0.283 0.092 0.558 0.057 0.003 0.421 0.476 0.233 0.484 0.446 0.628 0.694 0.000 0.039 0.074 0.000 0.331 0.429 0.548 0.357 0.000 0.506 0.402 0.002 0.645 0.247 0.223 0.366 0.000 0.468 0.079 0.226 0.132 0.178 0.531 0.481 0.000 0.415 0.000 0.862 0.042 0.640 0.007 0.203 0.437 0.286 0.578 0.510 0.132 0.198 0.647 0.592 0.634 0.278 0.215 0.515 0.301 0.015 0.134 0.005 0.721 0.531 0.093 0.005 0.502 0.433 0.485 0.679 0.591 0.581 0.309 0.025 0.589 0.369 0.263 0.501 0.497 0.138 0.120 0.515 0.053 0.396 0.000 0.000 0.640 0.660 0.381 0.000 0.523 0.523 0.273 0.375 0.137 0.080 0.170 0.335 0.718 0.001 0.442 0.201 0.512 0.000 0.423 0.194 0.707 0.396 0.526 0.513 0.200 0.308 0.465 0.441 0.015 0.418 0.404 0.453 0.341 0.607 0.115 0.560 0.655 0.133 0.636 0.484 0.000 0.623 0.511 0.000 0.079 0.098 0.000 0.376 0.198 0.367 0.005 0.000 0.636 0.504 0.000 0.707 0.000 0.263 0.577)  
Brain region: AAA: 265 neurons, ACAd: 1926 neurons, ACAv: 1398 neurons, ACB: 2655 neurons, AD: 229 neurons, ADP: 80 neurons, AHN: 180 neurons, AId: 1096 neurons, AIp: 533 neurons, AIv: 709 neurons, AM: 842 neurons, AMB: 73 neurons, ANcr1: 2959 neurons, ANcr2: 4177 neurons, AOB: 90 neurons, AON: 3345 neurons, AP: 183 neurons, APN: 14095 neurons, APr: 325 neurons, AT: 218 neurons, AUDd: 991 neurons, AUDp: 1195 neurons, AUDpo: 425 neurons, AUDv: 935 neurons, AV: 1243 neurons, AVP: 161 neurons, BLA: 1565 neurons, BMA: 1645 neurons, BST: 1697 neurons, CA1: 22719 neurons, CA2: 656 neurons, CA3: 11829 neurons, CEA: 1101 neurons, CENT2: 3653 neurons, CENT3: 4212 neurons, CL: 433 neurons, CLA: 359 neurons, CLI: 361 neurons, CM: 270 neurons, COAa: 113 neurons, COAp: 1893 neurons, COPY: 3359 neurons, CP: 25240 neurons, CS: 2359 neurons, CU: 434 neurons, CUL4 5: 9030 neurons, CUN: 1013 neurons, DCO: 1672 neurons, DEC: 1780 neurons, DG: 17229 neurons, DMH: 140 neurons, DMX: 62 neurons, DN: 603 neurons, DP: 1203 neurons, DR: 381 neurons, DT: 41 neurons, DTN: 164 neurons, ECT: 699 neurons, ECU: 492 neurons, ENTl: 3998 neurons, ENTm: 3938 neurons, EPd: 1261 neurons, EPv: 822 neurons, EW: 3 neurons, Eth: 1729 neurons, FC: 221 neurons, FL: 466 neurons, FN: 242 neurons, FOTU: 594 neurons, FRP: 779 neurons, FS: 162 neurons, GPe: 1807 neurons, GPi: 415 neurons, GR: 32 neurons, GRN: 3727 neurons, GU: 445 neurons, HATA: 517 neurons, I5: 366 neurons, IA: 82 neurons, IAD: 125 neurons, IAM: 24 neurons, IC: 5419 neurons, ICB: 249 neurons, IF: 127 neurons, IG: 134 neurons, IGL: 179 neurons, III: 47 neurons, ILA: 1817 neurons, IMD: 6 neurons, IO: 94 neurons, IP: 2487 neurons, IPN: 561 neurons, IRN: 6252 neurons, ISN: 14 neurons, IntG: 35 neurons, LA: 583 neurons, LAV: 840 neurons, LC: 2 neurons, LD: 3062 neurons, LDT: 567 neurons, LGd: 2799 neurons, LGv: 1060 neurons, LH: 787 neurons, LHA: 1147 neurons, LIN: 61 neurons, LING: 216 neurons, LM: 34 neurons, LP: 7553 neurons, LPO: 284 neurons, LRN: 263 neurons, LSc: 757 neurons, LSr: 5686 neurons, LSv: 1303 neurons, MA: 363 neurons, MA3: 6 neurons, MARN: 449 neurons, MD: 2917 neurons, MDRN: 2323 neurons, MEA: 1435 neurons, MEPO: 32 neurons, MG: 1488 neurons, MH: 306 neurons, MM: 220 neurons, MOB: 1227 neurons, MOp: 8621 neurons, MOs: 8611 neurons, MPN: 24 neurons, MPO: 315 neurons, MPT: 22 neurons, MRN: 22456 neurons, MS: 724 neurons, MT: 25 neurons, MV: 4966 neurons, NB: 280 neurons, NDB: 309 neurons, NI: 373 neurons, NLL: 1888 neurons, NOD: 1173 neurons, NOT: 835 neurons, NPC: 804 neurons, NTS: 1448 neurons, OP: 146 neurons, ORBl: 2133 neurons, ORBm: 804 neurons, ORBvl: 2407 neurons, OT: 862 neurons, P5: 485 neurons, PA: 931 neurons, PAA: 490 neurons, PAG: 6913 neurons, PAR: 2118 neurons, PARN: 2352 neurons, PAS: 6 neurons, PB: 3567 neurons, PBG: 146 neurons, PC5: 306 neurons, PCG: 923 neurons, PCN: 389 neurons, PDTg: 194 neurons, PERI: 148 neurons, PF: 1055 neurons, PFL: 1264 neurons, PG: 140 neurons, PGRN: 1129 neurons, PH: 712 neurons, PIL: 181 neurons, PIR: 3616 neurons, PL: 1758 neurons, PMd: 54 neurons, PMv: 64 neurons, PO: 10111 neurons, POL: 1167 neurons, POST: 3227 neurons, PP: 104 neurons, PPN: 2739 neurons, PPT: 411 neurons, PR: 196 neurons, PRE: 1693 neurons, PRM: 3868 neurons, PRNc: 1985 neurons, PRNr: 6555 neurons, PRP: 918 neurons, PS: 192 neurons, PSTN: 98 neurons, PSV: 1443 neurons, PT: 19 neurons, PVH: 67 neurons, PVHd: 110 neurons, PVT: 512 neurons, PVp: 3 neurons, PYR: 1115 neurons, Pa4: 67 neurons, Pa5: 75 neurons, PeF: 196 neurons, PoT: 1448 neurons, ProS: 2641 neurons, RE: 148 neurons, RH: 63 neurons, RL: 40 neurons, RM: 12 neurons, RN: 3758 neurons, RO: 81 neurons, RPF: 377 neurons, RR: 430 neurons, RSPagl: 2252 neurons, RSPd: 3103 neurons, RSPv: 4534 neurons, RT: 3130 neurons, SAG: 253 neurons, SCm: 13691 neurons, SCs: 2177 neurons, SF: 751 neurons, SFO: 1 neurons, SGN: 607 neurons, SH: 61 neurons, SI: 1550 neurons, SIM: 6119 neurons, SMT: 829 neurons, SNc: 161 neurons, SNr: 1366 neurons, SOC: 1017 neurons, SPA: 351 neurons, SPF: 761 neurons, SPIV: 2000 neurons, SPVC: 636 neurons, SPVI: 4057 neurons, SPVO: 1541 neurons, SSp-bfd: 5232 neurons, SSp-ll: 1381 neurons, SSp-m: 3570 neurons, SSp-n: 1201 neurons, SSp-tr: 1872 neurons, SSp-ul: 1723 neurons, SSp-un: 611 neurons, SSs: 3169 neurons, STN: 93 neurons, SUB: 5670 neurons, SUM: 164 neurons, SUT: 1430 neurons, SUV: 1502 neurons, SubG: 48 neurons, TEa: 1035 neurons, TR: 506 neurons, TRN: 1463 neurons, TRS: 578 neurons, TTd: 1017 neurons, TTv: 7 neurons, TU: 69 neurons, UVU: 2294 neurons, V: 1678 neurons, VAL: 1544 neurons, VCO: 843 neurons, VII: 861 neurons, VISC: 375 neurons, VISa: 5947 neurons, VISal: 699 neurons, VISam: 2458 neurons, VISl: 1418 neurons, VISli: 456 neurons, VISp: 8426 neurons, VISpl: 523 neurons, VISpm: 1985 neurons, VISpor: 751 neurons, VISrl: 1191 neurons, VLPO: 16 neurons, VM: 790 neurons, VMH: 116 neurons, VPL: 2804 neurons, VPLpc: 519 neurons, VPM: 7464 neurons, VPMpc: 460 neurons, VTA: 310 neurons, VTN: 130 neurons, VeCB: 427 neurons, XII: 347 neurons, Xi: 7 neurons, ZI: 3175 neurons, root: 85656 neurons, void: 12827 neurons, x: 344 neurons, y: 18 neurons  
Data verification complete.
