Data format is valid, no errors or warnings.
Number of sessions: 89
Total number of trials: 38110
Number of trials per session: [503, 431, 518, 455, 629, 511, 218, 259, 305, 248, 306, 457, 453, 400, 407, 492, 419, 335, 426, 145, 269, 201, 259, 251, 309, 455, 453, 210, 300, 423, 402, 457, 428, 418, 84, 320, 370, 267, 405, 568, 561, 379, 429, 452, 473, 511, 669, 789, 534, 345, 475, 459, 520, 658, 722, 578, 501, 501, 368, 369, 398, 237, 303, 485, 471, 479, 408, 454, 435, 466, 399, 400, 238, 402, 402, 403, 282, 605, 636, 600, 450, 373, 348, 470, 719, 506, 680, 503, 499]
Number of subjects: 19
Number of brain regions: 4
Number of sessions per subject:
  Subject DR10: 6 sessions
  Subject DR15: 5 sessions
  Subject LZ13: 4 sessions
  Subject LZ16: 4 sessions
  Subject TX104: 2 sessions
  Subject TX105: 5 sessions
  Subject TX108: 7 sessions
  Subject TX109: 6 sessions
  Subject TX119: 8 sessions
  Subject TX123: 8 sessions
  Subject TX124: 3 sessions
  Subject TX139: 2 sessions
  Subject TX140: 1 sessions
  Subject TX60: 5 sessions
  Subject TX61: 5 sessions
  Subject TX83: 3 sessions
  Subject TX85: 2 sessions
  Subject TX88: 6 sessions
  Subject VR2: 7 sessions
Input dimension: 4
Output dimension: 4
Summary statistics (across all sessions):
  T: mean: 33.23, median: 33.89, min: 18, max: 193
  n_neurons: mean: 46128.01', min: 17363, max: 78815
  Input range:
    time_to_sound_cue: [-723.5, 1767.7]
    day_of_training: [0.0, 92.0]
    time_since_trial_start: [0.0, 1769.4]
    reward_availability: [0.0, 1.0]
  Output range:
    visual_stimulus_category: [0.0, 14.0]
    licking: [0.0, 1.0]
    position_bin: [0.0, 3.0]
    running_speed_bin: [0.0, 3.0]
  Unique outputs per dimension (fraction of data):
    visual_stimulus_category: {circle1 (0.253), circle2 (0.050), circle3 (0.010), leaf1 (0.263), leaf1_swap1 (0.019), leaf1_swap2 (0.019), leaf2 (0.128), leaf3 (0.040), rock1 (0.071), rock2 (0.013), wood1 (0.065), wood1_swap1 (0.008), wood1_swap2 (0.010), wood2 (0.038), wood5 (0.014)}
    licking: {no_lick (0.973), lick (0.027)}
    position_bin: {0-1.5m (0.250), 1.5-3m (0.251), 3-4.5m (0.252), 4.5-6m (0.246)}
    running_speed_bin: {Q1 (0.230), Q2 (0.242), Q3 (0.259), Q4 (0.269)}
  Brain region distribution:
    V1: 1833035 neurons
    mHV: 1108860 neurons
    lHV: 495318 neurons
    aHV: 668180 neurons

Per-session statistics:
  Mean T: 24.5, 35.0, 33.9, 33.8, 34.0, 34.0, 39.1, 40.3, 36.8, 38.8, 40.0, 33.0, 32.9, 36.3, 34.6, 34.3, 33.4, 33.2, 32.1, 36.9, 33.3, 39.7, 36.9, 40.0, 39.7, 36.4, 34.5, 42.0, 36.3, 36.5, 34.4, 34.5, 34.4, 38.8, 54.1, 37.1, 33.4, 35.5, 35.3, 26.2, 26.5, 32.4, 25.7, 26.0, 26.1, 28.5, 27.8, 25.7, 26.5, 28.1, 28.7, 26.0, 25.5, 24.7, 25.0, 26.1, 25.5, 25.7, 33.9, 35.6, 35.4, 34.6, 25.5, 33.7, 32.9, 32.9, 36.8, 33.3, 33.9, 36.1, 36.3, 33.5, 37.4, 35.3, 36.9, 34.7, 37.0, 33.2, 33.5, 33.9, 34.1, 34.0, 41.9, 29.6, 29.5, 29.8, 29.0, 28.7, 27.9
  Min T: 18, 31, 31, 31, 31, 31, 25, 31, 24, 24, 31, 30, 29, 31, 30, 30, 29, 30, 29, 32, 31, 31, 31, 24, 25, 31, 31, 29, 31, 31, 31, 31, 31, 31, 28, 31, 31, 30, 31, 23, 23, 27, 23, 23, 23, 24, 23, 23, 23, 23, 24, 23, 23, 23, 23, 23, 23, 23, 30, 30, 30, 18, 18, 31, 31, 31, 31, 31, 31, 31, 31, 31, 22, 22, 31, 31, 31, 31, 31, 31, 31, 22, 22, 22, 22, 22, 22, 21, 19
  Max T: 37, 56, 54, 58, 50, 47, 67, 86, 62, 69, 75, 69, 67, 75, 76, 105, 193, 60, 64, 48, 49, 55, 51, 76, 94, 71, 87, 61, 48, 48, 45, 45, 53, 59, 72, 79, 46, 55, 58, 89, 50, 87, 64, 52, 110, 96, 76, 153, 71, 81, 71, 80, 53, 56, 56, 72, 67, 59, 69, 82, 59, 53, 45, 44, 42, 45, 71, 57, 51, 66, 107, 42, 68, 57, 50, 48, 59, 47, 54, 61, 53, 54, 114, 49, 47, 45, 41, 46, 40
  n_neurons: 52246, 49472, 44926, 44464, 49931, 42973, 53588, 56607, 61475, 55588, 57220, 30385, 29973, 32956, 33726, 32128, 30469, 34307, 33838, 42795, 41503, 56521, 53233, 58512, 43430, 52567, 63981, 78815, 69080, 72944, 61781, 69762, 59964, 65651, 50153, 68776, 64419, 56487, 61668, 25971, 30803, 28412, 32855, 24452, 26572, 29357, 32090, 43776, 39418, 24739, 36174, 26615, 25767, 22808, 27277, 20995, 17363, 19313, 27160, 25719, 44895, 44919, 51339, 46218, 55513, 47246, 57534, 56265, 64261, 57496, 64969, 32387, 41367, 38809, 52780, 48822, 53710, 42145, 50141, 46452, 53178, 48239, 64112, 55794, 65842, 55525, 57304, 43303, 58878
  Input range:
    0: [-94.0, 86.9] [-46.8, 68.8] [-38.7, 55.9] [-36.7, 80.9] [-34.7, 27.7] [-35.0, 33.3] [-401.8, 401.9] [-270.7, 325.8] [-203.9, 198.1] [-403.2, 187.8] [-150.1, 255.9] [-41.9, 66.6] [-170.2, 125.2] [-42.9, 146.3] [-33.4, 226.1] [-104.9, 84.3] [-27.9, 229.8] [-14.7, 231.8] [-103.9, 397.4] [-232.7, 397.7] [-118.5, 120.7] [-275.0, 399.4] [-41.3, 49.7] [-200.0, 150.2] [-403.3, 366.6] [-126.6, 72.4] [-76.3, 170.1] [-199.8, 198.1] [-76.6, 270.7] [-149.6, 264.8] [-15.7, 29.3] [-19.8, 67.9] [-13.4, 39.8] [-238.4, 391.1] [-400.3, 399.9] [-400.2, 400.6] [-15.1, 293.5] [-272.8, 402.8] [-23.2, 253.5] [-30.2, 101.2] [-213.2, 45.1] [-73.4, 127.2] [-60.2, 132.9] [-35.2, 41.0] [-401.7, 162.5] [-250.5, 388.1] [-127.7, 173.5] [-400.5, 377.8] [-109.8, 283.1] [-79.4, 115.1] [-400.9, 399.0] [-150.1, 100.8] [-25.6, 32.2] [-25.0, 18.9] [-53.0, 21.1] [-157.1, 184.8] [-161.2, 256.5] [-52.7, 153.1] [-172.8, 133.6] [-184.1, 395.3] [-125.8, 138.3] [-220.4, 555.2] [-202.4, 283.6] [-43.0, 100.9] [-29.3, 37.4] [-44.9, 45.1] [-50.2, 79.1] [-24.8, 23.7] [-39.8, 25.1] [-91.3, 81.7] [-723.5, 792.0] [-39.1, 109.9] [-203.7, 198.6] [-203.1, 188.2] [-65.4, 98.4] [-114.6, 185.4] [-64.7, 146.6] [-68.7, 83.9] [-144.9, 129.3] [-76.4, 69.8] [-93.1, 1767.7] [-203.0, 201.6] [-83.1, 305.1] [-15.1, 24.9] [-28.5, 38.4] [-35.2, 76.0] [-27.4, 37.2] [-24.9, 59.6] [-17.6, 22.8] 
    1: [0.0, 0.0] [7.0, 7.0] [9.0, 9.0] [16.0, 16.0] [17.0, 17.0] [18.0, 18.0] [0.0, 0.0] [10.0, 10.0] [11.0, 11.0] [24.0, 24.0] [25.0, 25.0] [0.0, 0.0] [1.0, 1.0] [13.0, 13.0] [14.0, 14.0] [0.0, 0.0] [1.0, 1.0] [13.0, 13.0] [14.0, 14.0] [0.0, 0.0] [8.0, 8.0] [0.0, 0.0] [11.0, 11.0] [13.0, 13.0] [28.0, 28.0] [31.0, 31.0] [0.0, 0.0] [67.0, 67.0] [76.0, 76.0] [79.0, 79.0] [86.0, 86.0] [89.0, 89.0] [92.0, 92.0] [0.0, 0.0] [11.0, 11.0] [22.0, 22.0] [33.0, 33.0] [57.0, 57.0] [58.0, 58.0] [0.0, 0.0] [1.0, 1.0] [2.0, 2.0] [11.0, 11.0] [12.0, 12.0] [25.0, 25.0] [26.0, 26.0] [28.0, 28.0] [0.0, 0.0] [2.0, 2.0] [3.0, 3.0] [15.0, 15.0] [16.0, 16.0] [28.0, 28.0] [29.0, 29.0] [30.0, 30.0] [0.0, 0.0] [1.0, 1.0] [3.0, 3.0] [0.0, 0.0] [13.0, 13.0] [0.0, 0.0] [0.0, 0.0] [24.0, 24.0] [58.0, 58.0] [72.0, 72.0] [73.0, 73.0] [0.0, 0.0] [12.0, 12.0] [13.0, 13.0] [16.0, 16.0] [18.0, 18.0] [0.0, 0.0] [12.0, 12.0] [14.0, 14.0] [0.0, 0.0] [3.0, 3.0] [0.0, 0.0] [4.0, 4.0] [7.0, 7.0] [32.0, 32.0] [36.0, 36.0] [39.0, 39.0] [0.0, 0.0] [17.0, 17.0] [22.0, 22.0] [39.0, 39.0] [40.0, 40.0] [45.0, 45.0] [47.0, 47.0] 
    2: [0.0, 138.8] [0.0, 88.2] [0.0, 68.9] [0.0, 99.5] [0.0, 51.6] [0.0, 57.6] [0.0, 407.1] [0.0, 401.3] [0.0, 210.9] [0.0, 407.0] [0.0, 260.0] [0.0, 68.1] [0.0, 175.6] [0.0, 179.7] [0.0, 227.9] [0.0, 118.9] [0.0, 242.0] [0.0, 236.7] [0.0, 401.3] [0.0, 402.3] [0.0, 141.0] [0.0, 401.7] [0.0, 77.1] [0.0, 206.2] [0.0, 407.0] [0.0, 131.6] [0.0, 171.2] [0.0, 206.9] [0.0, 275.8] [0.0, 267.0] [0.0, 31.2] [0.0, 68.9] [0.0, 53.2] [0.0, 402.6] [0.0, 406.8] [0.0, 406.8] [0.0, 295.9] [0.0, 405.4] [0.0, 262.1] [0.0, 103.1] [0.0, 219.1] [0.0, 129.9] [0.0, 135.9] [0.0, 43.2] [0.0, 404.5] [0.0, 389.7] [0.0, 176.8] [0.0, 404.2] [0.0, 294.2] [0.0, 116.3] [0.0, 404.5] [0.0, 153.2] [0.0, 34.7] [0.0, 28.3] [0.0, 56.1] [0.0, 188.2] [0.0, 258.9] [0.0, 154.8] [0.0, 177.1] [0.0, 400.0] [0.0, 139.6] [0.0, 557.6] [0.0, 288.1] [0.0, 143.9] [0.0, 51.9] [0.0, 52.9] [0.0, 82.2] [0.0, 40.3] [0.0, 52.6] [0.0, 97.0] [0.0, 835.6] [0.0, 111.8] [0.0, 206.5] [0.0, 206.5] [0.0, 101.7] [0.0, 202.1] [0.0, 151.1] [0.0, 112.7] [0.0, 154.3] [0.0, 119.6] [0.0, 1769.4] [0.0, 206.6] [0.0, 308.5] [0.0, 28.9] [0.0, 44.1] [0.0, 81.8] [0.0, 39.7] [0.0, 61.4] [0.0, 28.3] 
    3: [0.0, 0.0] [0.0, 0.0] [0.0, 0.0] [0.0, 0.0] [0.0, 0.0] [0.0, 0.0] [0.0, 0.0] [0.0, 0.0] [0.0, 0.0] [0.0, 0.0] [0.0, 0.0] [0.0, 0.0] [0.0, 0.0] [0.0, 0.0] [0.0, 0.0] [0.0, 0.0] [0.0, 0.0] [0.0, 0.0] [0.0, 0.0] [0.0, 0.0] [0.0, 0.0] [0.0, 0.0] [0.0, 0.0] [0.0, 0.0] [0.0, 0.0] [0.0, 0.0] [0.0, 0.0] [0.0, 1.0] [0.0, 1.0] [0.0, 1.0] [0.0, 1.0] [0.0, 1.0] [0.0, 1.0] [0.0, 0.0] [0.0, 1.0] [0.0, 1.0] [0.0, 1.0] [0.0, 1.0] [0.0, 1.0] [0.0, 0.0] [0.0, 0.0] [0.0, 0.0] [0.0, 0.0] [0.0, 0.0] [0.0, 0.0] [0.0, 0.0] [0.0, 0.0] [0.0, 0.0] [0.0, 0.0] [0.0, 0.0] [0.0, 0.0] [0.0, 0.0] [0.0, 0.0] [0.0, 0.0] [0.0, 0.0] [0.0, 0.0] [0.0, 0.0] [0.0, 0.0] [0.0, 0.0] [0.0, 0.0] [0.0, 0.0] [0.0, 1.0] [0.0, 1.0] [0.0, 1.0] [0.0, 1.0] [0.0, 1.0] [0.0, 1.0] [0.0, 1.0] [0.0, 1.0] [0.0, 1.0] [0.0, 1.0] [0.0, 0.0] [0.0, 0.0] [0.0, 0.0] [0.0, 0.0] [0.0, 0.0] [0.0, 0.0] [0.0, 0.0] [0.0, 0.0] [0.0, 0.0] [0.0, 0.0] [0.0, 0.0] [0.0, 1.0] [0.0, 1.0] [0.0, 1.0] [0.0, 1.0] [0.0, 1.0] [0.0, 1.0] [0.0, 1.0] 
  Output range:
    0: [0.0, 3.0] [0.0, 3.0] [0.0, 6.0] [0.0, 6.0] [0.0, 7.0] [0.0, 6.0] [0.0, 3.0] [0.0, 3.0] [0.0, 6.0] [0.0, 6.0] [0.0, 7.0] [0.0, 7.0] [8.0, 14.0] [0.0, 7.0] [8.0, 14.0] [0.0, 7.0] [8.0, 14.0] [0.0, 7.0] [8.0, 14.0] [3.0, 8.0] [3.0, 8.0] [0.0, 3.0] [0.0, 3.0] [0.0, 6.0] [0.0, 6.0] [0.0, 7.0] [0.0, 6.0] [8.0, 10.0] [8.0, 10.0] [8.0, 13.0] [8.0, 13.0] [8.0, 14.0] [8.0, 13.0] [0.0, 6.0] [0.0, 3.0] [0.0, 3.0] [0.0, 6.0] [0.0, 3.0] [0.0, 6.0] [8.0, 14.0] [0.0, 6.0] [8.0, 10.0] [8.0, 10.0] [8.0, 13.0] [8.0, 13.0] [8.0, 14.0] [8.0, 13.0] [0.0, 7.0] [8.0, 13.0] [0.0, 3.0] [0.0, 3.0] [0.0, 6.0] [0.0, 6.0] [0.0, 7.0] [0.0, 6.0] [0.0, 7.0] [0.0, 6.0] [8.0, 13.0] [0.0, 7.0] [0.0, 7.0] [0.0, 7.0] [0.0, 3.0] [0.0, 3.0] [0.0, 6.0] [0.0, 6.0] [0.0, 7.0] [0.0, 6.0] [0.0, 6.0] [0.0, 7.0] [0.0, 6.0] [0.0, 6.0] [0.0, 3.0] [0.0, 3.0] [0.0, 6.0] [0.0, 3.0] [0.0, 3.0] [0.0, 3.0] [0.0, 3.0] [0.0, 8.0] [0.0, 6.0] [0.0, 7.0] [0.0, 6.0] [0.0, 3.0] [0.0, 3.0] [0.0, 6.0] [0.0, 6.0] [0.0, 7.0] [0.0, 6.0] [0.0, 6.0] 
    1: [0.0, 0.0] [0.0, 0.0] [0.0, 0.0] [0.0, 0.0] [0.0, 0.0] [0.0, 0.0] [0.0, 0.0] [0.0, 0.0] [0.0, 0.0] [0.0, 0.0] [0.0, 0.0] [0.0, 0.0] [0.0, 0.0] [0.0, 0.0] [0.0, 0.0] [0.0, 0.0] [0.0, 0.0] [0.0, 0.0] [0.0, 0.0] [0.0, 0.0] [0.0, 0.0] [0.0, 0.0] [0.0, 0.0] [0.0, 0.0] [0.0, 0.0] [0.0, 0.0] [0.0, 0.0] [0.0, 1.0] [0.0, 1.0] [0.0, 1.0] [0.0, 1.0] [0.0, 1.0] [0.0, 1.0] [0.0, 0.0] [0.0, 1.0] [0.0, 1.0] [0.0, 1.0] [0.0, 1.0] [0.0, 1.0] [0.0, 0.0] [0.0, 0.0] [0.0, 0.0] [0.0, 0.0] [0.0, 0.0] [0.0, 0.0] [0.0, 0.0] [0.0, 0.0] [0.0, 0.0] [0.0, 0.0] [0.0, 0.0] [0.0, 0.0] [0.0, 0.0] [0.0, 0.0] [0.0, 0.0] [0.0, 0.0] [0.0, 0.0] [0.0, 0.0] [0.0, 0.0] [0.0, 0.0] [0.0, 0.0] [0.0, 0.0] [0.0, 1.0] [0.0, 1.0] [0.0, 1.0] [0.0, 1.0] [0.0, 1.0] [0.0, 1.0] [0.0, 1.0] [0.0, 1.0] [0.0, 1.0] [0.0, 1.0] [0.0, 0.0] [0.0, 0.0] [0.0, 0.0] [0.0, 0.0] [0.0, 0.0] [0.0, 0.0] [0.0, 0.0] [0.0, 0.0] [0.0, 0.0] [0.0, 0.0] [0.0, 0.0] [0.0, 1.0] [0.0, 1.0] [0.0, 1.0] [0.0, 1.0] [0.0, 1.0] [0.0, 1.0] [0.0, 1.0] 
    2: [0.0, 3.0] [0.0, 3.0] [0.0, 3.0] [0.0, 3.0] [0.0, 3.0] [0.0, 3.0] [0.0, 3.0] [0.0, 3.0] [0.0, 3.0] [0.0, 3.0] [0.0, 3.0] [0.0, 3.0] [0.0, 3.0] [0.0, 3.0] [0.0, 3.0] [0.0, 3.0] [0.0, 3.0] [0.0, 3.0] [0.0, 3.0] [0.0, 3.0] [0.0, 3.0] [0.0, 3.0] [0.0, 3.0] [0.0, 3.0] [0.0, 3.0] [0.0, 3.0] [0.0, 3.0] [0.0, 3.0] [0.0, 3.0] [0.0, 3.0] [0.0, 3.0] [0.0, 3.0] [0.0, 3.0] [0.0, 3.0] [0.0, 3.0] [0.0, 3.0] [0.0, 3.0] [0.0, 3.0] [0.0, 3.0] [0.0, 3.0] [0.0, 3.0] [0.0, 3.0] [0.0, 3.0] [0.0, 3.0] [0.0, 3.0] [0.0, 3.0] [0.0, 3.0] [0.0, 3.0] [0.0, 3.0] [0.0, 3.0] [0.0, 3.0] [0.0, 3.0] [0.0, 3.0] [0.0, 3.0] [0.0, 3.0] [0.0, 3.0] [0.0, 3.0] [0.0, 3.0] [0.0, 3.0] [0.0, 3.0] [0.0, 3.0] [0.0, 3.0] [0.0, 3.0] [0.0, 3.0] [0.0, 3.0] [0.0, 3.0] [0.0, 3.0] [0.0, 3.0] [0.0, 3.0] [0.0, 3.0] [0.0, 3.0] [0.0, 3.0] [0.0, 3.0] [0.0, 3.0] [0.0, 3.0] [0.0, 3.0] [0.0, 3.0] [0.0, 3.0] [0.0, 3.0] [0.0, 3.0] [0.0, 3.0] [0.0, 3.0] [0.0, 3.0] [0.0, 3.0] [0.0, 3.0] [0.0, 3.0] [0.0, 3.0] [0.0, 3.0] [0.0, 3.0] 
    3: [0.0, 3.0] [0.0, 3.0] [0.0, 3.0] [0.0, 3.0] [0.0, 3.0] [0.0, 3.0] [0.0, 3.0] [0.0, 3.0] [0.0, 3.0] [0.0, 3.0] [0.0, 3.0] [0.0, 3.0] [0.0, 3.0] [0.0, 3.0] [0.0, 3.0] [0.0, 3.0] [0.0, 3.0] [0.0, 3.0] [0.0, 3.0] [0.0, 3.0] [0.0, 3.0] [0.0, 3.0] [0.0, 3.0] [0.0, 3.0] [0.0, 3.0] [0.0, 3.0] [0.0, 3.0] [0.0, 3.0] [0.0, 3.0] [0.0, 3.0] [0.0, 3.0] [0.0, 3.0] [0.0, 3.0] [0.0, 3.0] [0.0, 2.0] [0.0, 3.0] [0.0, 3.0] [0.0, 3.0] [0.0, 3.0] [0.0, 3.0] [0.0, 3.0] [0.0, 3.0] [0.0, 3.0] [0.0, 3.0] [0.0, 3.0] [0.0, 3.0] [0.0, 3.0] [0.0, 3.0] [0.0, 3.0] [0.0, 3.0] [0.0, 3.0] [0.0, 3.0] [0.0, 3.0] [0.0, 3.0] [0.0, 3.0] [0.0, 3.0] [0.0, 3.0] [0.0, 3.0] [0.0, 3.0] [0.0, 3.0] [0.0, 3.0] [0.0, 3.0] [0.0, 3.0] [0.0, 3.0] [0.0, 3.0] [0.0, 3.0] [0.0, 3.0] [0.0, 3.0] [0.0, 3.0] [0.0, 3.0] [0.0, 3.0] [0.0, 3.0] [0.0, 3.0] [0.0, 3.0] [0.0, 3.0] [0.0, 3.0] [0.0, 3.0] [0.0, 3.0] [0.0, 3.0] [0.0, 3.0] [0.0, 3.0] [0.0, 3.0] [0.0, 3.0] [0.0, 3.0] [0.0, 3.0] [0.0, 3.0] [0.0, 3.0] [0.0, 3.0] [0.0, 3.0] 
  Output fraction of data:
visual_stimulus_category: (0.484 0.504 0.250 0.319 0.265 0.197 0.469 0.503 0.200 0.338 0.253 0.228 0.000 0.272 0.000 0.188 0.000 0.188 0.000 0.000 0.000 0.463 0.466 0.339 0.335 0.217 0.281 0.000 0.000 0.000 0.000 0.000 0.000 0.249 0.546 0.546 0.367 0.316 0.382 0.000 0.198 0.000 0.000 0.000 0.000 0.000 0.000 0.121 0.000 0.481 0.495 0.237 0.290 0.233 0.200 0.166 0.195 0.000 0.184 0.253 0.240 0.538 0.499 0.381 0.374 0.297 0.400 0.405 0.297 0.299 0.294 0.524 0.495 0.226 0.524 0.516 0.528 0.514 0.304 0.302 0.264 0.256 0.474 0.487 0.410 0.352 0.188 0.204 0.158)  0.000 0.000 0.236 0.000 0.000 0.000 0.000 0.000 0.268 0.000 0.000 0.193 0.000 0.135 0.000 0.186 0.000 0.169 0.000 0.000 0.000 0.000 0.000 0.228 0.000 0.000 0.238 0.000 0.000 0.000 0.000 0.000 0.000 0.235 0.000 0.000 0.156 0.318 0.167 0.000 0.000 0.000 0.000 0.000 0.000 0.000 0.000 0.139 0.000 0.000 0.000 0.237 0.000 0.000 0.000 0.145 0.000 0.000 0.224 0.112 0.146 0.000 0.000 0.127 0.000 0.000 0.147 0.000 0.000 0.000 0.000 0.000 0.000 0.241 0.000 0.000 0.000 0.000 0.125 0.000 0.000 0.000 0.000 0.000 0.106 0.000 0.000 0.000 0.000)  0.000 0.000 0.000 0.000 0.000 0.000 0.000 0.000 0.000 0.000 0.000 0.000 0.000 0.000 0.000 0.117 0.000 0.164 0.000 0.000 0.000 0.000 0.000 0.000 0.000 0.000 0.000 0.000 0.000 0.000 0.000 0.000 0.000 0.000 0.000 0.000 0.000 0.000 0.196 0.000 0.000 0.000 0.000 0.000 0.000 0.000 0.000 0.138 0.000 0.000 0.000 0.000 0.000 0.000 0.000 0.160 0.000 0.000 0.000 0.000 0.000 0.000 0.000 0.000 0.000 0.000 0.000 0.000 0.000 0.000 0.000 0.000 0.000 0.000 0.000 0.000 0.000 0.000 0.000 0.000 0.000 0.000 0.000 0.000 0.000 0.000 0.000 0.000 0.000)  0.516 0.496 0.252 0.373 0.252 0.169 0.531 0.497 0.241 0.293 0.248 0.173 0.000 0.205 0.000 0.222 0.000 0.146 0.000 0.452 0.539 0.537 0.534 0.233 0.282 0.249 0.241 0.000 0.000 0.000 0.000 0.000 0.000 0.254 0.454 0.454 0.337 0.366 0.149 0.000 0.167 0.000 0.000 0.000 0.000 0.000 0.000 0.114 0.000 0.519 0.505 0.254 0.374 0.248 0.214 0.192 0.164 0.000 0.250 0.272 0.239 0.462 0.501 0.374 0.339 0.365 0.341 0.289 0.384 0.346 0.369 0.476 0.505 0.255 0.476 0.484 0.472 0.486 0.309 0.348 0.261 0.195 0.526 0.513 0.366 0.342 0.397 0.394 0.418)  0.000 0.000 0.000 0.000 0.000 0.213 0.000 0.000 0.000 0.000 0.000 0.000 0.000 0.000 0.000 0.000 0.000 0.000 0.000 0.000 0.000 0.000 0.000 0.000 0.000 0.000 0.000 0.000 0.000 0.000 0.000 0.000 0.000 0.000 0.000 0.000 0.000 0.000 0.000 0.000 0.212 0.000 0.000 0.000 0.000 0.000 0.000 0.117 0.000 0.000 0.000 0.000 0.000 0.000 0.189 0.000 0.217 0.000 0.000 0.000 0.000 0.000 0.000 0.000 0.000 0.000 0.000 0.000 0.000 0.199 0.000 0.000 0.000 0.000 0.000 0.000 0.000 0.000 0.000 0.000 0.000 0.152 0.000 0.000 0.000 0.000 0.000 0.199 0.000)  0.000 0.000 0.000 0.000 0.000 0.207 0.000 0.000 0.000 0.000 0.000 0.000 0.000 0.000 0.000 0.000 0.000 0.000 0.000 0.000 0.000 0.000 0.000 0.000 0.000 0.000 0.000 0.000 0.000 0.000 0.000 0.000 0.000 0.000 0.000 0.000 0.000 0.000 0.000 0.000 0.207 0.000 0.000 0.000 0.000 0.000 0.000 0.125 0.000 0.000 0.000 0.000 0.000 0.000 0.191 0.000 0.208 0.000 0.000 0.000 0.000 0.000 0.000 0.000 0.000 0.000 0.000 0.000 0.000 0.000 0.154 0.000 0.000 0.000 0.000 0.000 0.000 0.000 0.000 0.000 0.000 0.242 0.000 0.000 0.000 0.000 0.000 0.000 0.210)  0.000 0.000 0.262 0.308 0.243 0.215 0.000 0.000 0.290 0.368 0.277 0.211 0.000 0.253 0.000 0.199 0.000 0.189 0.000 0.000 0.000 0.000 0.000 0.200 0.383 0.231 0.240 0.000 0.000 0.000 0.000 0.000 0.000 0.262 0.000 0.000 0.140 0.000 0.106 0.000 0.216 0.000 0.000 0.000 0.000 0.000 0.000 0.133 0.000 0.000 0.000 0.272 0.336 0.258 0.207 0.156 0.216 0.000 0.165 0.234 0.230 0.000 0.000 0.118 0.287 0.153 0.112 0.306 0.165 0.156 0.183 0.000 0.000 0.278 0.000 0.000 0.000 0.000 0.129 0.351 0.234 0.155 0.000 0.000 0.117 0.305 0.206 0.203 0.214)  0.000 0.000 0.000 0.000 0.239 0.000 0.000 0.000 0.000 0.000 0.222 0.195 0.000 0.135 0.000 0.087 0.000 0.143 0.000 0.000 0.000 0.000 0.000 0.000 0.000 0.303 0.000 0.000 0.000 0.000 0.000 0.000 0.000 0.000 0.000 0.000 0.000 0.000 0.000 0.000 0.000 0.000 0.000 0.000 0.000 0.000 0.000 0.112 0.000 0.000 0.000 0.000 0.000 0.261 0.000 0.181 0.000 0.000 0.177 0.128 0.145 0.000 0.000 0.000 0.000 0.185 0.000 0.000 0.154 0.000 0.000 0.000 0.000 0.000 0.000 0.000 0.000 0.000 0.000 0.000 0.241 0.000 0.000 0.000 0.000 0.000 0.209 0.000 0.000)  0.000 0.000 0.000 0.000 0.000 0.000 0.000 0.000 0.000 0.000 0.000 0.000 0.215 0.000 0.256 0.000 0.266 0.000 0.246 0.548 0.461 0.000 0.000 0.000 0.000 0.000 0.000 0.464 0.557 0.377 0.348 0.248 0.247 0.000 0.000 0.000 0.000 0.000 0.000 0.213 0.000 0.481 0.498 0.246 0.326 0.263 0.221 0.000 0.194 0.000 0.000 0.000 0.000 0.000 0.000 0.000 0.000 0.213 0.000 0.000 0.000 0.000 0.000 0.000 0.000 0.000 0.000 0.000 0.000 0.000 0.000 0.000 0.000 0.000 0.000 0.000 0.000 0.000 0.132 0.000 0.000 0.000 0.000 0.000 0.000 0.000 0.000 0.000 0.000)  0.000 0.000 0.000 0.000 0.000 0.000 0.000 0.000 0.000 0.000 0.000 0.000 0.165 0.000 0.118 0.000 0.169 0.000 0.135 0.000 0.000 0.000 0.000 0.000 0.000 0.000 0.000 0.000 0.000 0.142 0.000 0.000 0.000 0.000 0.000 0.000 0.000 0.000 0.000 0.196 0.000 0.000 0.000 0.259 0.000 0.000 0.000 0.000 0.000 0.000 0.000 0.000 0.000 0.000 0.000 0.000 0.000 0.000 0.000 0.000 0.000 0.000 0.000 0.000 0.000 0.000 0.000 0.000 0.000 0.000 0.000 0.000 0.000 0.000 0.000 0.000 0.000 0.000 0.000 0.000 0.000 0.000 0.000 0.000 0.000 0.000 0.000 0.000 0.000)  0.000 0.000 0.000 0.000 0.000 0.000 0.000 0.000 0.000 0.000 0.000 0.000 0.190 0.000 0.242 0.000 0.229 0.000 0.242 0.000 0.000 0.000 0.000 0.000 0.000 0.000 0.000 0.536 0.443 0.339 0.345 0.402 0.395 0.000 0.000 0.000 0.000 0.000 0.000 0.198 0.000 0.519 0.502 0.254 0.316 0.257 0.214 0.000 0.198 0.000 0.000 0.000 0.000 0.000 0.000 0.000 0.000 0.197 0.000 0.000 0.000 0.000 0.000 0.000 0.000 0.000 0.000 0.000 0.000 0.000 0.000 0.000 0.000 0.000 0.000 0.000 0.000 0.000 0.000 0.000 0.000 0.000 0.000 0.000 0.000 0.000 0.000 0.000 0.000)  0.000 0.000 0.000 0.000 0.000 0.000 0.000 0.000 0.000 0.000 0.000 0.000 0.000 0.000 0.000 0.000 0.000 0.000 0.000 0.000 0.000 0.000 0.000 0.000 0.000 0.000 0.000 0.000 0.000 0.000 0.000 0.000 0.000 0.000 0.000 0.000 0.000 0.000 0.000 0.000 0.000 0.000 0.000 0.000 0.000 0.000 0.208 0.000 0.205 0.000 0.000 0.000 0.000 0.000 0.000 0.000 0.000 0.213 0.000 0.000 0.000 0.000 0.000 0.000 0.000 0.000 0.000 0.000 0.000 0.000 0.000 0.000 0.000 0.000 0.000 0.000 0.000 0.000 0.000 0.000 0.000 0.000 0.000 0.000 0.000 0.000 0.000 0.000 0.000)  0.000 0.000 0.000 0.000 0.000 0.000 0.000 0.000 0.000 0.000 0.000 0.000 0.000 0.000 0.000 0.000 0.000 0.000 0.000 0.000 0.000 0.000 0.000 0.000 0.000 0.000 0.000 0.000 0.000 0.000 0.000 0.000 0.192 0.000 0.000 0.000 0.000 0.000 0.000 0.000 0.000 0.000 0.000 0.000 0.000 0.000 0.172 0.000 0.217 0.000 0.000 0.000 0.000 0.000 0.000 0.000 0.000 0.206 0.000 0.000 0.000 0.000 0.000 0.000 0.000 0.000 0.000 0.000 0.000 0.000 0.000 0.000 0.000 0.000 0.000 0.000 0.000 0.000 0.000 0.000 0.000 0.000 0.000 0.000 0.000 0.000 0.000 0.000 0.000)  0.000 0.000 0.000 0.000 0.000 0.000 0.000 0.000 0.000 0.000 0.000 0.000 0.230 0.000 0.245 0.000 0.217 0.000 0.247 0.000 0.000 0.000 0.000 0.000 0.000 0.000 0.000 0.000 0.000 0.142 0.307 0.184 0.166 0.000 0.000 0.000 0.000 0.000 0.000 0.206 0.000 0.000 0.000 0.240 0.358 0.238 0.184 0.000 0.185 0.000 0.000 0.000 0.000 0.000 0.000 0.000 0.000 0.171 0.000 0.000 0.000 0.000 0.000 0.000 0.000 0.000 0.000 0.000 0.000 0.000 0.000 0.000 0.000 0.000 0.000 0.000 0.000 0.000 0.000 0.000 0.000 0.000 0.000 0.000 0.000 0.000 0.000 0.000 0.000)  0.000 0.000 0.000 0.000 0.000 0.000 0.000 0.000 0.000 0.000 0.000 0.000 0.200 0.000 0.139 0.000 0.120 0.000 0.130 0.000 0.000 0.000 0.000 0.000 0.000 0.000 0.000 0.000 0.000 0.000 0.000 0.166 0.000 0.000 0.000 0.000 0.000 0.000 0.000 0.186 0.000 0.000 0.000 0.000 0.000 0.242 0.000 0.000 0.000 0.000 0.000 0.000 0.000 0.000 0.000 0.000 0.000 0.000 0.000 0.000 0.000 0.000 0.000 0.000 0.000 0.000 0.000 0.000 0.000 0.000 0.000 0.000 0.000 0.000 0.000 0.000 0.000 0.000 0.000 0.000 0.000 0.000 0.000 0.000 0.000 0.000 0.000 0.000 0.000)  
licking: (1.000 1.000 1.000 1.000 1.000 1.000 1.000 1.000 1.000 1.000 1.000 1.000 1.000 1.000 1.000 1.000 1.000 1.000 1.000 1.000 1.000 1.000 1.000 1.000 1.000 1.000 1.000 0.631 0.885 0.930 0.948 0.924 0.940 1.000 0.810 0.750 0.830 0.906 0.934 1.000 1.000 1.000 1.000 1.000 1.000 1.000 1.000 1.000 1.000 1.000 1.000 1.000 1.000 1.000 1.000 1.000 1.000 1.000 1.000 1.000 1.000 0.891 0.879 0.885 0.963 0.923 0.906 0.952 0.935 0.919 0.952 1.000 1.000 1.000 1.000 1.000 1.000 1.000 1.000 1.000 1.000 1.000 0.928 0.955 0.951 0.944 0.955 0.939 0.953)  0.000 0.000 0.000 0.000 0.000 0.000 0.000 0.000 0.000 0.000 0.000 0.000 0.000 0.000 0.000 0.000 0.000 0.000 0.000 0.000 0.000 0.000 0.000 0.000 0.000 0.000 0.000 0.369 0.115 0.070 0.052 0.076 0.060 0.000 0.190 0.250 0.170 0.094 0.066 0.000 0.000 0.000 0.000 0.000 0.000 0.000 0.000 0.000 0.000 0.000 0.000 0.000 0.000 0.000 0.000 0.000 0.000 0.000 0.000 0.000 0.000 0.109 0.121 0.115 0.037 0.077 0.094 0.048 0.065 0.081 0.048 0.000 0.000 0.000 0.000 0.000 0.000 0.000 0.000 0.000 0.000 0.000 0.072 0.045 0.049 0.056 0.045 0.061 0.047)  
position_bin: (0.249 0.250 0.251 0.252 0.257 0.252 0.269 0.254 0.252 0.251 0.249 0.254 0.258 0.234 0.232 0.258 0.251 0.254 0.248 0.243 0.245 0.240 0.260 0.289 0.266 0.257 0.245 0.253 0.246 0.241 0.249 0.242 0.245 0.252 0.250 0.238 0.241 0.240 0.236 0.251 0.251 0.248 0.247 0.252 0.249 0.252 0.254 0.261 0.240 0.241 0.242 0.253 0.249 0.252 0.263 0.251 0.253 0.247 0.256 0.253 0.251 0.241 0.253 0.248 0.245 0.245 0.262 0.247 0.248 0.252 0.250 0.251 0.269 0.259 0.251 0.252 0.257 0.255 0.254 0.250 0.246 0.255 0.235 0.245 0.247 0.251 0.248 0.246 0.245)  0.249 0.252 0.252 0.254 0.255 0.256 0.251 0.249 0.242 0.261 0.260 0.247 0.248 0.224 0.230 0.252 0.250 0.235 0.245 0.251 0.251 0.257 0.256 0.252 0.240 0.245 0.250 0.249 0.258 0.253 0.259 0.255 0.261 0.250 0.254 0.262 0.250 0.248 0.246 0.250 0.251 0.245 0.272 0.256 0.252 0.259 0.261 0.252 0.245 0.249 0.228 0.241 0.247 0.257 0.253 0.251 0.246 0.247 0.250 0.233 0.243 0.246 0.255 0.251 0.247 0.250 0.257 0.261 0.260 0.255 0.262 0.246 0.247 0.250 0.247 0.250 0.251 0.250 0.252 0.250 0.250 0.255 0.245 0.261 0.252 0.259 0.252 0.261 0.267)  0.251 0.250 0.249 0.249 0.245 0.247 0.235 0.241 0.241 0.253 0.252 0.247 0.246 0.281 0.280 0.247 0.253 0.252 0.260 0.263 0.250 0.264 0.241 0.223 0.236 0.248 0.255 0.251 0.255 0.266 0.251 0.258 0.255 0.251 0.250 0.265 0.263 0.263 0.272 0.260 0.259 0.265 0.244 0.249 0.260 0.249 0.249 0.248 0.274 0.265 0.279 0.263 0.259 0.247 0.240 0.252 0.249 0.259 0.242 0.247 0.236 0.248 0.247 0.253 0.261 0.258 0.246 0.251 0.254 0.251 0.249 0.245 0.241 0.242 0.249 0.253 0.246 0.241 0.250 0.253 0.257 0.247 0.264 0.253 0.248 0.248 0.252 0.250 0.247)  0.251 0.247 0.249 0.244 0.243 0.244 0.245 0.257 0.265 0.234 0.239 0.252 0.248 0.261 0.258 0.243 0.247 0.259 0.247 0.243 0.254 0.239 0.243 0.236 0.259 0.250 0.250 0.247 0.241 0.239 0.241 0.245 0.239 0.247 0.247 0.235 0.247 0.249 0.246 0.239 0.238 0.241 0.237 0.243 0.238 0.240 0.236 0.239 0.241 0.245 0.250 0.243 0.245 0.244 0.244 0.246 0.252 0.247 0.253 0.267 0.270 0.265 0.245 0.248 0.247 0.247 0.236 0.241 0.239 0.242 0.239 0.258 0.242 0.249 0.253 0.245 0.247 0.253 0.245 0.248 0.248 0.243 0.256 0.241 0.253 0.241 0.248 0.243 0.242)  
running_speed_bin: (0.951 0.308 0.195 0.245 0.193 0.192 0.522 0.483 0.365 0.462 0.438 0.134 0.181 0.232 0.192 0.134 0.126 0.128 0.094 0.440 0.131 0.620 0.361 0.451 0.391 0.321 0.216 0.546 0.347 0.346 0.218 0.270 0.311 0.388 0.805 0.355 0.208 0.372 0.353 0.132 0.161 0.156 0.124 0.120 0.132 0.237 0.200 0.140 0.191 0.217 0.361 0.179 0.109 0.056 0.100 0.208 0.179 0.171 0.126 0.240 0.226 0.222 0.261 0.284 0.158 0.175 0.313 0.132 0.175 0.310 0.297 0.143 0.511 0.341 0.115 0.187 0.130 0.120 0.139 0.158 0.178 0.217 0.345 0.029 0.064 0.118 0.083 0.088 0.109)  0.045 0.292 0.273 0.312 0.272 0.241 0.298 0.376 0.430 0.325 0.317 0.165 0.236 0.164 0.143 0.072 0.059 0.184 0.090 0.455 0.221 0.313 0.353 0.310 0.288 0.289 0.253 0.403 0.411 0.365 0.373 0.425 0.403 0.300 0.188 0.391 0.517 0.472 0.453 0.112 0.171 0.120 0.088 0.092 0.110 0.221 0.191 0.104 0.137 0.105 0.339 0.524 0.283 0.127 0.239 0.193 0.156 0.150 0.116 0.272 0.234 0.350 0.347 0.297 0.185 0.188 0.348 0.266 0.249 0.387 0.374 0.273 0.389 0.340 0.336 0.200 0.296 0.140 0.161 0.180 0.194 0.206 0.118 0.099 0.074 0.177 0.168 0.206 0.195)  0.004 0.255 0.355 0.267 0.245 0.225 0.177 0.141 0.203 0.161 0.182 0.272 0.327 0.299 0.221 0.128 0.124 0.297 0.261 0.105 0.453 0.065 0.274 0.209 0.248 0.295 0.465 0.045 0.223 0.242 0.317 0.249 0.237 0.231 0.006 0.228 0.257 0.150 0.176 0.186 0.231 0.194 0.126 0.164 0.147 0.246 0.215 0.290 0.205 0.142 0.173 0.201 0.314 0.233 0.271 0.262 0.253 0.240 0.186 0.324 0.359 0.279 0.249 0.285 0.348 0.326 0.299 0.387 0.448 0.289 0.323 0.535 0.092 0.239 0.340 0.437 0.349 0.321 0.339 0.302 0.266 0.242 0.133 0.208 0.176 0.331 0.366 0.358 0.369)  0.000 0.145 0.177 0.176 0.289 0.342 0.003 0.001 0.002 0.052 0.063 0.429 0.257 0.305 0.444 0.666 0.691 0.391 0.555 0.001 0.195 0.002 0.012 0.030 0.072 0.094 0.065 0.007 0.019 0.047 0.092 0.056 0.049 0.080 0.000 0.026 0.018 0.005 0.019 0.570 0.437 0.530 0.661 0.624 0.610 0.296 0.394 0.467 0.467 0.536 0.127 0.096 0.295 0.584 0.390 0.336 0.411 0.440 0.572 0.164 0.181 0.150 0.144 0.134 0.310 0.312 0.040 0.214 0.127 0.014 0.005 0.049 0.008 0.080 0.209 0.176 0.224 0.419 0.362 0.361 0.362 0.335 0.403 0.664 0.686 0.374 0.382 0.348 0.327)  
Brain region: V1: 1833035 neurons, mHV: 1108860 neurons, lHV: 495318 neurons, aHV: 668180 neurons  
Data verification complete.
