Data format warnings:
  - Session 29, trial 292: all neural data is zero
  - Session 29, trial 293: all neural data is zero
  - Session 29, trial 294: all neural data is zero
  - Session 29, trial 295: all neural data is zero
  - Session 29, trial 296: all neural data is zero
  - Session 29, trial 297: all neural data is zero
  - Session 29, trial 298: all neural data is zero
  - Session 29, trial 299: all neural data is zero
  - Session 29, trial 300: all neural data is zero
  - Session 29, trial 301: all neural data is zero
  - Session 29, trial 302: all neural data is zero
  - Session 29, trial 303: all neural data is zero
  - Session 29, trial 304: all neural data is zero
  - Session 29, trial 305: all neural data is zero
  - Session 29, trial 306: all neural data is zero
  - Session 29, trial 307: all neural data is zero
  - Session 29, trial 308: all neural data is zero
  - Session 29, trial 309: all neural data is zero
  - Session 29, trial 310: all neural data is zero
  - Session 36, trial 288: all neural data is zero
  - Session 36, trial 289: all neural data is zero
  - Session 36, trial 290: all neural data is zero
  - Session 36, trial 291: all neural data is zero
  - Session 36, trial 292: all neural data is zero
  - Session 36, trial 293: all neural data is zero
  - Session 36, trial 294: all neural data is zero
  - Session 36, trial 295: all neural data is zero
  - Session 36, trial 296: all neural data is zero
  - Session 36, trial 297: all neural data is zero
  - Session 36, trial 298: all neural data is zero
Number of sessions: 43
Total number of trials: 11981
Number of trials per session: [214, 322, 265, 263, 260, 287, 352, 274, 225, 345, 323, 472, 445, 296, 233, 235, 241, 157, 137, 200, 168, 335, 364, 300, 239, 361, 308, 308, 363, 311, 316, 370, 276, 286, 410, 222, 299, 260, 209, 157, 185, 195, 193]
Number of subjects: 14
Number of brain regions: 1
Number of sessions per subject:
  Subject EKH1: 1 sessions
  Subject EKH3: 1 sessions
  Subject JEB11: 2 sessions
  Subject JEB12: 2 sessions
  Subject JEB13: 5 sessions
  Subject JEB14: 4 sessions
  Subject JEB15: 4 sessions
  Subject JEB19: 2 sessions
  Subject JEB23: 8 sessions
  Subject JEB24: 8 sessions
  Subject JEB6: 1 sessions
  Subject JEB7: 2 sessions
  Subject JGR2: 2 sessions
  Subject JGR3: 1 sessions
Input dimension: 1
Output dimension: 6
Summary statistics (across all sessions):
  T: mean: 1000.00, median: 1000.00, min: 1000, max: 1000
  n_neurons: mean: 55.77', min: 17, max: 141
  Input range:
    time_from_go_cue: [-2.5, 2.5]
  Output range:
    lick_direction: [0.0, 1.0]
    context: [0.0, 1.0]
    outcome: [0.0, 1.0]
    tongue_velocity: [0.0, 2.0]
    paw_velocity: [0.0, 2.0]
    motion_energy: [0.0, 2.0]
  Unique outputs per dimension (fraction of data):
    lick_direction: {left (0.487), right (0.513)}
    context: {DR (0.926), WC (0.074)}
    outcome: {incorrect (0.136), correct (0.864)}
    tongue_velocity: {low (0.033), high (0.035), not_visible (0.932)}
    paw_velocity: {low (0.409), high (0.418), not_visible (0.173)}
    motion_energy: {low (0.384), high (0.444), no_video (0.172)}
  Brain region distribution:
    ALM: 2398 neurons

Per-session statistics:
  Mean T: 1000.0, 1000.0, 1000.0, 1000.0, 1000.0, 1000.0, 1000.0, 1000.0, 1000.0, 1000.0, 1000.0, 1000.0, 1000.0, 1000.0, 1000.0, 1000.0, 1000.0, 1000.0, 1000.0, 1000.0, 1000.0, 1000.0, 1000.0, 1000.0, 1000.0, 1000.0, 1000.0, 1000.0, 1000.0, 1000.0, 1000.0, 1000.0, 1000.0, 1000.0, 1000.0, 1000.0, 1000.0, 1000.0, 1000.0, 1000.0, 1000.0, 1000.0, 1000.0
  Min T: 1000, 1000, 1000, 1000, 1000, 1000, 1000, 1000, 1000, 1000, 1000, 1000, 1000, 1000, 1000, 1000, 1000, 1000, 1000, 1000, 1000, 1000, 1000, 1000, 1000, 1000, 1000, 1000, 1000, 1000, 1000, 1000, 1000, 1000, 1000, 1000, 1000, 1000, 1000, 1000, 1000, 1000, 1000
  Max T: 1000, 1000, 1000, 1000, 1000, 1000, 1000, 1000, 1000, 1000, 1000, 1000, 1000, 1000, 1000, 1000, 1000, 1000, 1000, 1000, 1000, 1000, 1000, 1000, 1000, 1000, 1000, 1000, 1000, 1000, 1000, 1000, 1000, 1000, 1000, 1000, 1000, 1000, 1000, 1000, 1000, 1000, 1000
  n_neurons: 48, 65, 62, 66, 57, 39, 48, 85, 115, 31, 51, 83, 77, 134, 96, 141, 68, 54, 31, 36, 33, 93, 57, 71, 35, 51, 49, 49, 59, 17, 31, 24, 54, 34, 37, 42, 45, 29, 66, 27, 29, 52, 27
  Input range:
    0: [-2.5, 2.5] [-2.5, 2.5] [-2.5, 2.5] [-2.5, 2.5] [-2.5, 2.5] [-2.5, 2.5] [-2.5, 2.5] [-2.5, 2.5] [-2.5, 2.5] [-2.5, 2.5] [-2.5, 2.5] [-2.5, 2.5] [-2.5, 2.5] [-2.5, 2.5] [-2.5, 2.5] [-2.5, 2.5] [-2.5, 2.5] [-2.5, 2.5] [-2.5, 2.5] [-2.5, 2.5] [-2.5, 2.5] [-2.5, 2.5] [-2.5, 2.5] [-2.5, 2.5] [-2.5, 2.5] [-2.5, 2.5] [-2.5, 2.5] [-2.5, 2.5] [-2.5, 2.5] [-2.5, 2.5] [-2.5, 2.5] [-2.5, 2.5] [-2.5, 2.5] [-2.5, 2.5] [-2.5, 2.5] [-2.5, 2.5] [-2.5, 2.5] [-2.5, 2.5] [-2.5, 2.5] [-2.5, 2.5] [-2.5, 2.5] [-2.5, 2.5] [-2.5, 2.5] 
  Output range:
    0: [0.0, 1.0] [0.0, 1.0] [0.0, 1.0] [0.0, 1.0] [0.0, 1.0] [0.0, 1.0] [0.0, 1.0] [0.0, 1.0] [0.0, 1.0] [0.0, 1.0] [0.0, 1.0] [0.0, 1.0] [0.0, 1.0] [0.0, 1.0] [0.0, 1.0] [0.0, 1.0] [0.0, 1.0] [0.0, 1.0] [0.0, 1.0] [0.0, 1.0] [0.0, 1.0] [0.0, 1.0] [0.0, 1.0] [0.0, 1.0] [0.0, 1.0] [0.0, 1.0] [0.0, 1.0] [0.0, 1.0] [0.0, 1.0] [0.0, 1.0] [0.0, 1.0] [0.0, 1.0] [0.0, 1.0] [0.0, 1.0] [0.0, 1.0] [0.0, 1.0] [0.0, 1.0] [0.0, 1.0] [0.0, 1.0] [0.0, 1.0] [0.0, 1.0] [0.0, 1.0] [0.0, 1.0] 
    1: [0.0, 1.0] [0.0, 1.0] [0.0, 1.0] [0.0, 1.0] [0.0, 1.0] [0.0, 1.0] [0.0, 1.0] [0.0, 1.0] [0.0, 1.0] [0.0, 0.0] [0.0, 0.0] [0.0, 0.0] [0.0, 1.0] [0.0, 1.0] [0.0, 1.0] [0.0, 1.0] [0.0, 1.0] [0.0, 1.0] [0.0, 1.0] [0.0, 1.0] [0.0, 1.0] [0.0, 0.0] [0.0, 0.0] [0.0, 1.0] [0.0, 1.0] [0.0, 0.0] [0.0, 0.0] [0.0, 0.0] [0.0, 0.0] [0.0, 1.0] [0.0, 0.0] [0.0, 0.0] [0.0, 1.0] [0.0, 0.0] [0.0, 0.0] [0.0, 1.0] [0.0, 1.0] [0.0, 1.0] [0.0, 1.0] [0.0, 1.0] [0.0, 1.0] [0.0, 1.0] [0.0, 1.0] 
    2: [0.0, 1.0] [0.0, 1.0] [0.0, 1.0] [0.0, 1.0] [0.0, 1.0] [0.0, 1.0] [0.0, 1.0] [0.0, 1.0] [0.0, 1.0] [0.0, 1.0] [0.0, 1.0] [0.0, 1.0] [0.0, 1.0] [0.0, 1.0] [0.0, 1.0] [0.0, 1.0] [0.0, 1.0] [0.0, 1.0] [0.0, 1.0] [0.0, 1.0] [0.0, 1.0] [0.0, 1.0] [0.0, 1.0] [0.0, 1.0] [0.0, 1.0] [0.0, 1.0] [0.0, 1.0] [0.0, 1.0] [0.0, 1.0] [0.0, 1.0] [0.0, 1.0] [0.0, 1.0] [0.0, 1.0] [0.0, 1.0] [0.0, 1.0] [0.0, 1.0] [0.0, 1.0] [0.0, 1.0] [0.0, 1.0] [0.0, 1.0] [0.0, 1.0] [0.0, 1.0] [0.0, 1.0] 
    3: [0.0, 2.0] [0.0, 2.0] [0.0, 2.0] [0.0, 2.0] [0.0, 2.0] [0.0, 2.0] [0.0, 2.0] [0.0, 2.0] [0.0, 2.0] [0.0, 2.0] [0.0, 2.0] [0.0, 2.0] [0.0, 2.0] [0.0, 2.0] [0.0, 2.0] [0.0, 2.0] [0.0, 2.0] [0.0, 2.0] [0.0, 2.0] [0.0, 2.0] [0.0, 2.0] [0.0, 2.0] [0.0, 2.0] [0.0, 2.0] [0.0, 2.0] [0.0, 2.0] [0.0, 2.0] [0.0, 2.0] [0.0, 2.0] [0.0, 2.0] [0.0, 2.0] [0.0, 2.0] [0.0, 2.0] [0.0, 2.0] [0.0, 2.0] [0.0, 2.0] [0.0, 2.0] [0.0, 2.0] [0.0, 2.0] [0.0, 2.0] [0.0, 2.0] [0.0, 2.0] [0.0, 2.0] 
    4: [0.0, 2.0] [0.0, 2.0] [0.0, 2.0] [0.0, 2.0] [0.0, 2.0] [0.0, 2.0] [0.0, 2.0] [0.0, 2.0] [0.0, 2.0] [0.0, 2.0] [0.0, 2.0] [0.0, 2.0] [0.0, 2.0] [0.0, 2.0] [0.0, 2.0] [0.0, 2.0] [0.0, 2.0] [0.0, 2.0] [0.0, 2.0] [0.0, 2.0] [0.0, 2.0] [0.0, 2.0] [0.0, 2.0] [0.0, 2.0] [0.0, 2.0] [0.0, 2.0] [0.0, 2.0] [0.0, 2.0] [0.0, 2.0] [0.0, 2.0] [0.0, 2.0] [0.0, 2.0] [0.0, 2.0] [0.0, 2.0] [0.0, 2.0] [0.0, 2.0] [0.0, 2.0] [0.0, 2.0] [0.0, 2.0] [0.0, 2.0] [0.0, 2.0] [0.0, 2.0] [0.0, 2.0] 
    5: [0.0, 1.0] [0.0, 1.0] [0.0, 1.0] [0.0, 1.0] [0.0, 1.0] [0.0, 1.0] [0.0, 1.0] [0.0, 1.0] [0.0, 1.0] [0.0, 1.0] [0.0, 1.0] [0.0, 1.0] [0.0, 1.0] [0.0, 1.0] [0.0, 1.0] [2.0, 2.0] [0.0, 1.0] [2.0, 2.0] [0.0, 1.0] [0.0, 1.0] [0.0, 1.0] [2.0, 2.0] [2.0, 2.0] [2.0, 2.0] [2.0, 2.0] [0.0, 1.0] [0.0, 1.0] [0.0, 2.0] [0.0, 1.0] [0.0, 1.0] [0.0, 1.0] [0.0, 1.0] [0.0, 1.0] [0.0, 1.0] [2.0, 2.0] [0.0, 1.0] [0.0, 1.0] [0.0, 1.0] [0.0, 1.0] [0.0, 1.0] [0.0, 1.0] [0.0, 1.0] [0.0, 1.0] 
  Output fraction of data:
lick_direction: (0.486 0.537 0.415 0.445 0.542 0.530 0.381 0.328 0.520 0.472 0.440 0.583 0.465 0.307 0.369 0.604 0.548 0.567 0.533 0.600 0.500 0.528 0.522 0.450 0.586 0.518 0.487 0.487 0.634 0.463 0.424 0.411 0.486 0.469 0.454 0.432 0.482 0.492 0.459 0.478 0.530 0.549 0.554)  0.514 0.463 0.585 0.555 0.458 0.470 0.619 0.672 0.480 0.528 0.560 0.417 0.535 0.693 0.631 0.396 0.452 0.433 0.467 0.400 0.500 0.472 0.478 0.550 0.414 0.482 0.513 0.513 0.366 0.537 0.576 0.589 0.514 0.531 0.546 0.568 0.518 0.508 0.541 0.522 0.470 0.451 0.446)  
context: (0.743 0.776 0.951 0.882 0.969 0.969 0.946 0.847 0.987 1.000 1.000 1.000 0.991 0.959 0.828 0.915 0.871 0.739 0.825 0.640 0.673 1.000 1.000 0.997 0.971 1.000 1.000 1.000 1.000 0.994 1.000 1.000 0.996 1.000 1.000 0.991 0.983 0.723 0.722 0.732 0.730 0.738 0.762)  0.257 0.224 0.049 0.118 0.031 0.031 0.054 0.153 0.013 0.000 0.000 0.000 0.009 0.041 0.172 0.085 0.129 0.261 0.175 0.360 0.327 0.000 0.000 0.003 0.029 0.000 0.000 0.000 0.000 0.006 0.000 0.000 0.004 0.000 0.000 0.009 0.017 0.277 0.278 0.268 0.270 0.262 0.238)  
outcome: (0.084 0.065 0.106 0.125 0.235 0.216 0.256 0.263 0.240 0.197 0.254 0.053 0.094 0.341 0.305 0.102 0.079 0.070 0.058 0.215 0.119 0.051 0.107 0.080 0.121 0.075 0.081 0.081 0.110 0.158 0.098 0.116 0.185 0.094 0.061 0.081 0.097 0.092 0.196 0.140 0.146 0.118 0.233)  0.916 0.935 0.894 0.875 0.765 0.784 0.744 0.737 0.760 0.803 0.746 0.947 0.906 0.659 0.695 0.898 0.921 0.930 0.942 0.785 0.881 0.949 0.893 0.920 0.879 0.925 0.919 0.919 0.890 0.842 0.902 0.884 0.815 0.906 0.939 0.919 0.903 0.908 0.804 0.860 0.854 0.882 0.767)  
tongue_velocity: (0.045 0.046 0.053 0.048 0.033 0.031 0.035 0.029 0.039 0.036 0.031 0.036 0.026 0.016 0.019 0.038 0.021 0.021 0.035 0.014 0.016 0.052 0.036 0.041 0.035 0.032 0.042 0.042 0.030 0.033 0.025 0.027 0.040 0.041 0.027 0.026 0.025 0.021 0.035 0.048 0.018 0.026 0.011)  0.045 0.047 0.053 0.058 0.033 0.031 0.036 0.030 0.039 0.038 0.032 0.036 0.026 0.017 0.030 0.040 0.021 0.024 0.040 0.024 0.020 0.053 0.036 0.042 0.036 0.032 0.042 0.042 0.030 0.033 0.025 0.027 0.040 0.041 0.027 0.026 0.025 0.051 0.053 0.056 0.016 0.027 0.029)  0.910 0.908 0.894 0.894 0.935 0.938 0.929 0.941 0.922 0.926 0.937 0.928 0.948 0.967 0.951 0.922 0.959 0.955 0.925 0.962 0.964 0.895 0.928 0.918 0.929 0.936 0.917 0.917 0.940 0.934 0.949 0.946 0.921 0.918 0.946 0.948 0.950 0.928 0.912 0.896 0.966 0.947 0.959)  
paw_velocity: (0.203 0.499 0.429 0.428 0.441 0.423 0.423 0.263 0.468 0.406 0.334 0.469 0.449 0.426 0.200 0.027 0.115 0.081 0.122 0.305 0.411 0.465 0.461 0.449 0.441 0.466 0.429 0.429 0.458 0.442 0.462 0.436 0.463 0.454 0.457 0.462 0.466 0.491 0.474 0.478 0.472 0.480 0.485)  0.217 0.481 0.489 0.490 0.466 0.455 0.432 0.269 0.465 0.413 0.324 0.460 0.457 0.413 0.185 0.033 0.131 0.104 0.132 0.326 0.537 0.460 0.468 0.456 0.469 0.457 0.440 0.440 0.462 0.452 0.456 0.441 0.454 0.467 0.464 0.454 0.458 0.495 0.512 0.510 0.493 0.465 0.472)  0.581 0.020 0.081 0.081 0.094 0.122 0.145 0.467 0.067 0.181 0.342 0.071 0.093 0.162 0.615 0.940 0.753 0.815 0.747 0.368 0.051 0.076 0.071 0.095 0.091 0.077 0.131 0.131 0.080 0.106 0.082 0.124 0.083 0.079 0.079 0.084 0.076 0.014 0.014 0.012 0.035 0.056 0.043)  
motion_energy: (0.466 0.438 0.435 0.430 0.448 0.424 0.480 0.437 0.499 0.502 0.476 0.505 0.493 0.505 0.494 0.000 0.435 0.000 0.397 0.405 0.382 0.000 0.000 0.000 0.000 0.456 0.459 0.458 0.480 0.488 0.464 0.473 0.491 0.471 0.000 0.472 0.455 0.458 0.450 0.418 0.443 0.441 0.454)  0.534 0.562 0.565 0.570 0.552 0.576 0.520 0.563 0.501 0.498 0.524 0.495 0.507 0.495 0.506 0.000 0.565 0.000 0.603 0.595 0.618 0.000 0.000 0.000 0.000 0.544 0.541 0.467 0.520 0.512 0.536 0.527 0.509 0.529 0.000 0.528 0.545 0.542 0.550 0.582 0.557 0.559 0.546)  0.000 0.000 0.000 0.000 0.000 0.000 0.000 0.000 0.000 0.000 0.000 0.000 0.000 0.000 0.000 1.000 0.000 1.000 0.000 0.000 0.000 1.000 1.000 1.000 1.000 0.000 0.000 0.075 0.000 0.000 0.000 0.000 0.000 0.000 1.000 0.000 0.000 0.000 0.000 0.000 0.000 0.000 0.000)  
Brain region: ALM: 2398 neurons  
Data verification complete.
