Data format is valid, no errors or warnings.
Number of sessions: 89
Total number of trials: 38110
Number of trials per session: [503, 431, 518, 455, 629, 511, 218, 259, 305, 248, 306, 457, 453, 400, 407, 492, 419, 335, 426, 145, 269, 201, 259, 251, 309, 455, 453, 210, 300, 423, 402, 457, 428, 418, 84, 320, 370, 267, 405, 568, 561, 379, 429, 452, 473, 511, 669, 789, 534, 345, 475, 459, 520, 658, 722, 578, 501, 501, 368, 369, 398, 237, 303, 485, 471, 479, 408, 454, 435, 466, 399, 400, 238, 402, 402, 403, 282, 605, 636, 600, 450, 373, 348, 470, 719, 506, 680, 503, 499]
Number of subjects: 19
Number of brain regions: 5
Number of sessions per subject:
  Subject DR10: 6 sessions
  Subject DR15: 5 sessions
  Subject LZ13: 4 sessions
  Subject LZ16: 4 sessions
  Subject TX104: 2 sessions
  Subject TX105: 5 sessions
  Subject TX108: 7 sessions
  Subject TX109: 6 sessions
  Subject TX119: 8 sessions
  Subject TX123: 8 sessions
  Subject TX124: 3 sessions
  Subject TX139: 2 sessions
  Subject TX140: 1 sessions
  Subject TX60: 5 sessions
  Subject TX61: 5 sessions
  Subject TX83: 3 sessions
  Subject TX85: 2 sessions
  Subject TX88: 6 sessions
  Subject VR2: 7 sessions
Input dimension: 4
Output dimension: 4
Summary statistics (across all sessions):
  T: mean: 40.40, median: 32.26, min: 11, max: 5607
  n_neurons: mean: 52708.25', min: 20547, max: 89577
  Input range:
    time to sound cue (s): [-1762.0, 722.7]
    day of training (elapsed days): [0.0, 92.0]
    time since trial start (s): [0.0, 1765.0]
    reward availability: [0.0, 1.0]
  Output range:
    visual stimulus category: [0.0, 14.0]
    licking: [0.0, 1.0]
    position in corridor: [0.0, 3.0]
    running speed quartile: [0.0, 3.0]
  Unique outputs per dimension (fraction of data):
    visual stimulus category: {circle1 (0.264), circle2 (0.047), circle3 (0.008), leaf1 (0.285), leaf1_swap1 (0.017), leaf1_swap2 (0.018), leaf2 (0.130), leaf3 (0.033), rock1 (0.069), rock2 (0.011), wood1 (0.060), wood1_swap1 (0.007), wood1_swap2 (0.008), wood2 (0.031), wood5 (0.010)}
    licking: {not licking (0.965), licking (0.035)}
    position in corridor: {0-1 m (0.285), 1-2 m (0.233), 2-3 m (0.236), 3-4 m (0.246)}
    running speed quartile: {speed Q1 (0.098), speed Q2 (0.402), speed Q3 (0.250), speed Q4 (0.250)}
  Brain region distribution:
    V1: 1833035 neurons
    mHV: 1108860 neurons
    lHV: 495318 neurons
    aHV: 668180 neurons
    unmapped: 585641 neurons

Per-session statistics:
  Mean T: 37.9, 34.8, 31.1, 31.5, 31.8, 32.9, 111.2, 73.2, 58.7, 90.4, 66.2, 24.7, 28.2, 29.2, 28.4, 34.0, 27.4, 27.6, 28.5, 92.8, 40.3, 86.4, 43.0, 79.2, 81.4, 40.1, 32.1, 76.8, 42.6, 41.2, 30.3, 30.4, 29.2, 46.8, 110.5, 49.6, 33.4, 48.6, 34.6, 22.0, 28.6, 26.0, 27.2, 22.4, 25.6, 32.7, 30.0, 29.9, 31.9, 30.7, 47.0, 31.6, 21.3, 18.0, 19.9, 23.1, 24.4, 22.0, 38.9, 37.8, 39.4, 44.4, 34.9, 30.9, 27.4, 27.6, 42.7, 28.4, 31.1, 41.0, 55.4, 31.0, 72.9, 60.9, 35.9, 50.8, 47.1, 30.6, 33.4, 32.3, 50.6, 58.7, 45.1, 27.3, 26.0, 25.4, 25.8, 26.6, 24.7
  Min T: 12, 20, 20, 20, 20, 20, 20, 21, 20, 21, 21, 20, 19, 20, 20, 20, 19, 20, 19, 21, 20, 20, 20, 21, 21, 20, 20, 22, 20, 21, 20, 20, 20, 20, 27, 20, 20, 21, 21, 15, 15, 18, 15, 15, 15, 16, 16, 15, 15, 15, 16, 15, 15, 15, 15, 15, 15, 15, 20, 20, 20, 12, 11, 20, 20, 20, 20, 20, 20, 20, 20, 20, 20, 20, 20, 20, 20, 20, 20, 20, 20, 20, 15, 14, 14, 14, 14, 14, 13
  Max T: 312, 159, 176, 304, 116, 173, 1286, 1089, 653, 1287, 813, 162, 545, 173, 329, 337, 748, 224, 960, 1272, 413, 979, 222, 648, 1287, 406, 366, 650, 675, 523, 89, 191, 159, 1271, 1285, 1285, 905, 1281, 798, 235, 688, 237, 421, 127, 1278, 801, 554, 1277, 925, 358, 1278, 479, 84, 83, 171, 579, 791, 474, 551, 594, 432, 1075, 649, 362, 103, 156, 249, 111, 157, 297, 2352, 138, 650, 650, 221, 635, 265, 261, 480, 310, 5607, 650, 969, 71, 105, 178, 94, 182, 80
  n_neurons: 58224, 54741, 50347, 50195, 56106, 47963, 55746, 58930, 64130, 57540, 59251, 34658, 34575, 38489, 39358, 33577, 31859, 35918, 35291, 43834, 42565, 58941, 55653, 61115, 45207, 55457, 68553, 85481, 75480, 79417, 68045, 76530, 65861, 85468, 63625, 89577, 83309, 71687, 76296, 28907, 34222, 31672, 36935, 27281, 29587, 32547, 36238, 52044, 46975, 28696, 43103, 30931, 30252, 26756, 32329, 24383, 20547, 23176, 35126, 34522, 49311, 48732, 57368, 47785, 60924, 48742, 62256, 67669, 72193, 68951, 79586, 44059, 52954, 50689, 59560, 55163, 62606, 48824, 58099, 53028, 61456, 55592, 81473, 71069, 76108, 63897, 65287, 55650, 76775
  Input range:
    0: [-66.9, 93.6] [-29.2, 46.8] [-51.3, 38.7] [-76.7, 36.7] [-20.9, 34.7] [-29.2, 35.0] [-399.1, 402.7] [-253.4, 270.6] [-191.2, 203.5] [-91.5, 403.0] [-251.4, 150.0] [-49.2, 41.9] [-53.4, 170.2] [-52.4, 42.9] [-101.8, 33.4] [-80.8, 104.9] [-222.8, 27.9] [-69.5, 14.7] [-300.4, 103.9] [-394.9, 232.5] [-104.0, 118.5] [-305.4, 274.9] [-45.3, 41.3] [-145.2, 199.9] [-363.9, 402.7] [-67.7, 126.6] [-82.4, 76.3] [-195.8, 199.7] [-209.3, 76.6] [-36.1, 149.5] [-21.6, 15.7] [-59.2, 19.8] [-36.3, 13.4] [-388.1, 238.3] [-65.2, 400.1] [-398.0, 400.0] [-282.1, 39.4] [-400.3, 272.7] [-249.6, 23.2] [-71.8, 30.2] [-33.0, 213.2] [-38.9, 73.4] [-129.4, 60.2] [-37.5, 35.2] [-160.0, 401.7] [-233.0, 250.5] [-171.0, 127.8] [-328.3, 400.4] [-280.2, 109.8] [-111.3, 79.1] [-242.3, 400.9] [-78.4, 150.1] [-10.8, 25.6] [-16.4, 25.0] [-8.2, 53.0] [-179.1, 157.1] [-246.8, 161.3] [-146.4, 52.7] [-130.1, 172.8] [-65.4, 184.1] [-134.5, 125.8] [-333.1, 220.1] [-59.4, 201.9] [-70.6, 42.9] [-17.9, 29.3] [-33.5, 44.9] [-75.3, 50.1] [-19.9, 24.8] [-21.2, 39.8] [-78.2, 91.3] [-695.9, 722.7] [-29.7, 39.1] [-110.5, 203.6] [-183.7, 203.0] [-49.0, 65.4] [-182.8, 114.6] [-79.9, 64.7] [-53.0, 68.6] [-125.8, 144.9] [-48.4, 76.4] [-1762.0, 93.0] [-199.3, 202.9] [-301.2, 83.1] [-19.4, 15.1] [-23.0, 28.5] [-25.6, 35.2] [-22.8, 27.4] [-55.5, 24.9] [-19.4, 17.6] 
    1: [0.0, 0.0] [7.0, 7.0] [9.0, 9.0] [16.0, 16.0] [17.0, 17.0] [18.0, 18.0] [0.0, 0.0] [10.0, 10.0] [11.0, 11.0] [24.0, 24.0] [25.0, 25.0] [0.0, 0.0] [1.0, 1.0] [13.0, 13.0] [14.0, 14.0] [0.0, 0.0] [1.0, 1.0] [13.0, 13.0] [14.0, 14.0] [0.0, 0.0] [8.0, 8.0] [0.0, 0.0] [11.0, 11.0] [13.0, 13.0] [28.0, 28.0] [31.0, 31.0] [0.0, 0.0] [67.0, 67.0] [76.0, 76.0] [79.0, 79.0] [86.0, 86.0] [89.0, 89.0] [92.0, 92.0] [0.0, 0.0] [11.0, 11.0] [22.0, 22.0] [33.0, 33.0] [57.0, 57.0] [58.0, 58.0] [0.0, 0.0] [1.0, 1.0] [2.0, 2.0] [11.0, 11.0] [12.0, 12.0] [25.0, 25.0] [26.0, 26.0] [28.0, 28.0] [0.0, 0.0] [2.0, 2.0] [3.0, 3.0] [15.0, 15.0] [16.0, 16.0] [28.0, 28.0] [29.0, 29.0] [30.0, 30.0] [0.0, 0.0] [1.0, 1.0] [3.0, 3.0] [0.0, 0.0] [13.0, 13.0] [0.0, 0.0] [0.0, 0.0] [24.0, 24.0] [58.0, 58.0] [72.0, 72.0] [73.0, 73.0] [0.0, 0.0] [12.0, 12.0] [13.0, 13.0] [16.0, 16.0] [18.0, 18.0] [0.0, 0.0] [12.0, 12.0] [14.0, 14.0] [0.0, 0.0] [3.0, 3.0] [0.0, 0.0] [4.0, 4.0] [7.0, 7.0] [32.0, 32.0] [36.0, 36.0] [39.0, 39.0] [0.0, 0.0] [17.0, 17.0] [22.0, 22.0] [39.0, 39.0] [40.0, 40.0] [45.0, 45.0] [47.0, 47.0] 
    2: [0.0, 97.9] [0.0, 49.7] [0.0, 55.1] [0.0, 95.4] [0.0, 36.2] [0.0, 54.2] [0.0, 404.6] [0.0, 342.5] [0.0, 205.2] [0.0, 404.8] [0.0, 255.6] [0.0, 50.8] [0.0, 171.5] [0.0, 54.2] [0.0, 103.4] [0.0, 105.9] [0.0, 235.1] [0.0, 70.3] [0.0, 302.3] [0.0, 400.1] [0.0, 129.7] [0.0, 307.9] [0.0, 69.6] [0.0, 203.7] [0.0, 404.8] [0.0, 127.5] [0.0, 114.9] [0.0, 204.3] [0.0, 212.2] [0.0, 164.4] [0.0, 27.7] [0.0, 59.8] [0.0, 49.7] [0.0, 399.8] [0.0, 404.3] [0.0, 404.3] [0.0, 284.5] [0.0, 402.9] [0.0, 250.9] [0.0, 73.8] [0.0, 216.6] [0.0, 74.4] [0.0, 132.4] [0.0, 39.7] [0.0, 402.6] [0.0, 252.2] [0.0, 174.3] [0.0, 402.3] [0.0, 291.3] [0.0, 112.6] [0.0, 402.6] [0.0, 150.7] [0.0, 26.2] [0.0, 25.8] [0.0, 53.6] [0.0, 182.2] [0.0, 249.1] [0.0, 149.1] [0.0, 173.4] [0.0, 186.9] [0.0, 135.9] [0.0, 338.1] [0.0, 204.0] [0.0, 113.7] [0.0, 32.1] [0.0, 48.8] [0.0, 78.1] [0.0, 34.6] [0.0, 49.1] [0.0, 93.2] [0.0, 740.2] [0.0, 43.1] [0.0, 204.3] [0.0, 204.3] [0.0, 69.3] [0.0, 199.6] [0.0, 83.1] [0.0, 81.8] [0.0, 150.8] [0.0, 97.3] [0.0, 1765.0] [0.0, 204.3] [0.0, 304.7] [0.0, 22.0] [0.0, 32.7] [0.0, 55.7] [0.0, 29.3] [0.0, 57.0] [0.0, 24.9] 
    3: [0.0, 0.0] [0.0, 0.0] [0.0, 0.0] [0.0, 0.0] [0.0, 0.0] [0.0, 0.0] [0.0, 0.0] [0.0, 0.0] [0.0, 0.0] [0.0, 0.0] [0.0, 0.0] [0.0, 0.0] [0.0, 0.0] [0.0, 0.0] [0.0, 0.0] [0.0, 0.0] [0.0, 0.0] [0.0, 0.0] [0.0, 0.0] [0.0, 0.0] [0.0, 0.0] [0.0, 0.0] [0.0, 0.0] [0.0, 0.0] [0.0, 0.0] [0.0, 0.0] [0.0, 0.0] [0.0, 1.0] [0.0, 1.0] [0.0, 1.0] [0.0, 1.0] [0.0, 1.0] [0.0, 1.0] [0.0, 0.0] [0.0, 1.0] [0.0, 1.0] [0.0, 1.0] [0.0, 1.0] [0.0, 1.0] [0.0, 0.0] [0.0, 0.0] [0.0, 0.0] [0.0, 0.0] [0.0, 0.0] [0.0, 0.0] [0.0, 0.0] [0.0, 0.0] [0.0, 0.0] [0.0, 0.0] [0.0, 0.0] [0.0, 0.0] [0.0, 0.0] [0.0, 0.0] [0.0, 0.0] [0.0, 0.0] [0.0, 0.0] [0.0, 0.0] [0.0, 0.0] [0.0, 0.0] [0.0, 0.0] [0.0, 0.0] [0.0, 1.0] [0.0, 1.0] [0.0, 1.0] [0.0, 1.0] [0.0, 1.0] [0.0, 1.0] [0.0, 1.0] [0.0, 1.0] [0.0, 1.0] [0.0, 1.0] [0.0, 0.0] [0.0, 0.0] [0.0, 0.0] [0.0, 0.0] [0.0, 0.0] [0.0, 0.0] [0.0, 0.0] [0.0, 0.0] [0.0, 0.0] [0.0, 0.0] [0.0, 0.0] [0.0, 1.0] [0.0, 1.0] [0.0, 1.0] [0.0, 1.0] [0.0, 1.0] [0.0, 1.0] [0.0, 1.0] 
  Output range:
    0: [0.0, 3.0] [0.0, 3.0] [0.0, 6.0] [0.0, 6.0] [0.0, 7.0] [0.0, 6.0] [0.0, 3.0] [0.0, 3.0] [0.0, 6.0] [0.0, 6.0] [0.0, 7.0] [0.0, 7.0] [8.0, 14.0] [0.0, 7.0] [8.0, 14.0] [0.0, 7.0] [8.0, 14.0] [0.0, 7.0] [8.0, 14.0] [3.0, 8.0] [3.0, 8.0] [0.0, 3.0] [0.0, 3.0] [0.0, 6.0] [0.0, 6.0] [0.0, 7.0] [0.0, 6.0] [8.0, 10.0] [8.0, 10.0] [8.0, 13.0] [8.0, 13.0] [8.0, 14.0] [8.0, 13.0] [0.0, 6.0] [0.0, 3.0] [0.0, 3.0] [0.0, 6.0] [0.0, 3.0] [0.0, 6.0] [8.0, 14.0] [0.0, 6.0] [8.0, 10.0] [8.0, 10.0] [8.0, 13.0] [8.0, 13.0] [8.0, 14.0] [8.0, 13.0] [0.0, 7.0] [8.0, 13.0] [0.0, 3.0] [0.0, 3.0] [0.0, 6.0] [0.0, 6.0] [0.0, 7.0] [0.0, 6.0] [0.0, 7.0] [0.0, 6.0] [8.0, 13.0] [0.0, 7.0] [0.0, 7.0] [0.0, 7.0] [0.0, 3.0] [0.0, 3.0] [0.0, 6.0] [0.0, 6.0] [0.0, 7.0] [0.0, 6.0] [0.0, 6.0] [0.0, 7.0] [0.0, 6.0] [0.0, 6.0] [0.0, 3.0] [0.0, 3.0] [0.0, 6.0] [0.0, 3.0] [0.0, 3.0] [0.0, 3.0] [0.0, 3.0] [0.0, 8.0] [0.0, 6.0] [0.0, 7.0] [0.0, 6.0] [0.0, 3.0] [0.0, 3.0] [0.0, 6.0] [0.0, 6.0] [0.0, 7.0] [0.0, 6.0] [0.0, 6.0] 
    1: [0.0, 0.0] [0.0, 0.0] [0.0, 0.0] [0.0, 0.0] [0.0, 0.0] [0.0, 0.0] [0.0, 0.0] [0.0, 0.0] [0.0, 0.0] [0.0, 0.0] [0.0, 0.0] [0.0, 0.0] [0.0, 0.0] [0.0, 0.0] [0.0, 0.0] [0.0, 0.0] [0.0, 0.0] [0.0, 0.0] [0.0, 0.0] [0.0, 0.0] [0.0, 0.0] [0.0, 0.0] [0.0, 0.0] [0.0, 0.0] [0.0, 0.0] [0.0, 0.0] [0.0, 0.0] [0.0, 1.0] [0.0, 1.0] [0.0, 1.0] [0.0, 1.0] [0.0, 1.0] [0.0, 1.0] [0.0, 0.0] [0.0, 1.0] [0.0, 1.0] [0.0, 1.0] [0.0, 1.0] [0.0, 1.0] [0.0, 0.0] [0.0, 0.0] [0.0, 0.0] [0.0, 0.0] [0.0, 0.0] [0.0, 0.0] [0.0, 0.0] [0.0, 0.0] [0.0, 0.0] [0.0, 0.0] [0.0, 0.0] [0.0, 0.0] [0.0, 0.0] [0.0, 0.0] [0.0, 0.0] [0.0, 0.0] [0.0, 0.0] [0.0, 0.0] [0.0, 0.0] [0.0, 0.0] [0.0, 0.0] [0.0, 0.0] [0.0, 1.0] [0.0, 1.0] [0.0, 1.0] [0.0, 1.0] [0.0, 1.0] [0.0, 1.0] [0.0, 1.0] [0.0, 1.0] [0.0, 1.0] [0.0, 1.0] [0.0, 0.0] [0.0, 0.0] [0.0, 0.0] [0.0, 0.0] [0.0, 0.0] [0.0, 0.0] [0.0, 0.0] [0.0, 0.0] [0.0, 0.0] [0.0, 0.0] [0.0, 0.0] [0.0, 1.0] [0.0, 1.0] [0.0, 1.0] [0.0, 1.0] [0.0, 1.0] [0.0, 1.0] [0.0, 1.0] 
    2: [0.0, 3.0] [0.0, 3.0] [0.0, 3.0] [0.0, 3.0] [0.0, 3.0] [0.0, 3.0] [0.0, 3.0] [0.0, 3.0] [0.0, 3.0] [0.0, 3.0] [0.0, 3.0] [0.0, 3.0] [0.0, 3.0] [0.0, 3.0] [0.0, 3.0] [0.0, 3.0] [0.0, 3.0] [0.0, 3.0] [0.0, 3.0] [0.0, 3.0] [0.0, 3.0] [0.0, 3.0] [0.0, 3.0] [0.0, 3.0] [0.0, 3.0] [0.0, 3.0] [0.0, 3.0] [0.0, 3.0] [0.0, 3.0] [0.0, 3.0] [0.0, 3.0] [0.0, 3.0] [0.0, 3.0] [0.0, 3.0] [0.0, 3.0] [0.0, 3.0] [0.0, 3.0] [0.0, 3.0] [0.0, 3.0] [0.0, 3.0] [0.0, 3.0] [0.0, 3.0] [0.0, 3.0] [0.0, 3.0] [0.0, 3.0] [0.0, 3.0] [0.0, 3.0] [0.0, 3.0] [0.0, 3.0] [0.0, 3.0] [0.0, 3.0] [0.0, 3.0] [0.0, 3.0] [0.0, 3.0] [0.0, 3.0] [0.0, 3.0] [0.0, 3.0] [0.0, 3.0] [0.0, 3.0] [0.0, 3.0] [0.0, 3.0] [0.0, 3.0] [0.0, 3.0] [0.0, 3.0] [0.0, 3.0] [0.0, 3.0] [0.0, 3.0] [0.0, 3.0] [0.0, 3.0] [0.0, 3.0] [0.0, 3.0] [0.0, 3.0] [0.0, 3.0] [0.0, 3.0] [0.0, 3.0] [0.0, 3.0] [0.0, 3.0] [0.0, 3.0] [0.0, 3.0] [0.0, 3.0] [0.0, 3.0] [0.0, 3.0] [0.0, 3.0] [0.0, 3.0] [0.0, 3.0] [0.0, 3.0] [0.0, 3.0] [0.0, 3.0] [0.0, 3.0] 
    3: [0.0, 3.0] [0.0, 3.0] [0.0, 3.0] [0.0, 3.0] [0.0, 3.0] [0.0, 3.0] [0.0, 3.0] [0.0, 3.0] [0.0, 3.0] [0.0, 3.0] [0.0, 3.0] [0.0, 3.0] [0.0, 3.0] [0.0, 3.0] [0.0, 3.0] [0.0, 3.0] [0.0, 3.0] [0.0, 3.0] [0.0, 3.0] [0.0, 3.0] [0.0, 3.0] [0.0, 3.0] [0.0, 3.0] [0.0, 3.0] [0.0, 3.0] [0.0, 3.0] [0.0, 3.0] [0.0, 3.0] [0.0, 3.0] [0.0, 3.0] [0.0, 3.0] [0.0, 3.0] [0.0, 3.0] [0.0, 3.0] [0.0, 3.0] [0.0, 3.0] [0.0, 3.0] [0.0, 3.0] [0.0, 3.0] [0.0, 3.0] [0.0, 3.0] [0.0, 3.0] [0.0, 3.0] [0.0, 3.0] [0.0, 3.0] [0.0, 3.0] [0.0, 3.0] [0.0, 3.0] [0.0, 3.0] [0.0, 3.0] [0.0, 3.0] [0.0, 3.0] [0.0, 3.0] [0.0, 3.0] [0.0, 3.0] [0.0, 3.0] [0.0, 3.0] [0.0, 3.0] [0.0, 3.0] [0.0, 3.0] [0.0, 3.0] [0.0, 3.0] [0.0, 3.0] [0.0, 3.0] [0.0, 3.0] [0.0, 3.0] [0.0, 3.0] [0.0, 3.0] [0.0, 3.0] [0.0, 3.0] [0.0, 3.0] [0.0, 3.0] [0.0, 3.0] [0.0, 3.0] [0.0, 3.0] [0.0, 3.0] [0.0, 3.0] [0.0, 3.0] [0.0, 3.0] [0.0, 3.0] [0.0, 3.0] [0.0, 3.0] [0.0, 3.0] [0.0, 3.0] [0.0, 3.0] [0.0, 3.0] [0.0, 3.0] [0.0, 3.0] [0.0, 3.0] 
  Output fraction of data:
visual stimulus category: (0.481 0.509 0.216 0.311 0.247 0.196 0.541 0.524 0.238 0.313 0.246 0.227 0.000 0.277 0.000 0.203 0.000 0.177 0.000 0.000 0.000 0.517 0.484 0.311 0.320 0.181 0.277 0.000 0.000 0.000 0.000 0.000 0.000 0.223 0.401 0.542 0.423 0.197 0.359 0.000 0.220 0.000 0.000 0.000 0.000 0.000 0.000 0.110 0.000 0.505 0.606 0.221 0.291 0.235 0.200 0.135 0.165 0.000 0.196 0.228 0.254 0.630 0.456 0.327 0.373 0.308 0.428 0.363 0.274 0.324 0.272 0.519 0.516 0.253 0.507 0.490 0.523 0.550 0.324 0.319 0.191 0.210 0.489 0.388 0.386 0.342 0.190 0.177 0.141)  0.000 0.000 0.255 0.000 0.000 0.000 0.000 0.000 0.195 0.000 0.000 0.185 0.000 0.136 0.000 0.168 0.000 0.155 0.000 0.000 0.000 0.000 0.000 0.210 0.000 0.000 0.248 0.000 0.000 0.000 0.000 0.000 0.000 0.201 0.000 0.000 0.110 0.327 0.218 0.000 0.000 0.000 0.000 0.000 0.000 0.000 0.000 0.161 0.000 0.000 0.000 0.242 0.000 0.000 0.000 0.130 0.000 0.000 0.190 0.104 0.154 0.000 0.000 0.107 0.000 0.000 0.142 0.000 0.000 0.000 0.000 0.000 0.000 0.224 0.000 0.000 0.000 0.000 0.103 0.000 0.000 0.000 0.000 0.000 0.098 0.000 0.000 0.000 0.000)  0.000 0.000 0.000 0.000 0.000 0.000 0.000 0.000 0.000 0.000 0.000 0.000 0.000 0.000 0.000 0.125 0.000 0.163 0.000 0.000 0.000 0.000 0.000 0.000 0.000 0.000 0.000 0.000 0.000 0.000 0.000 0.000 0.000 0.000 0.000 0.000 0.000 0.000 0.156 0.000 0.000 0.000 0.000 0.000 0.000 0.000 0.000 0.126 0.000 0.000 0.000 0.000 0.000 0.000 0.000 0.194 0.000 0.000 0.000 0.000 0.000 0.000 0.000 0.000 0.000 0.000 0.000 0.000 0.000 0.000 0.000 0.000 0.000 0.000 0.000 0.000 0.000 0.000 0.000 0.000 0.000 0.000 0.000 0.000 0.000 0.000 0.000 0.000 0.000)  0.519 0.491 0.277 0.392 0.252 0.172 0.459 0.476 0.287 0.246 0.263 0.170 0.000 0.202 0.000 0.212 0.000 0.165 0.000 0.331 0.576 0.483 0.516 0.216 0.306 0.278 0.217 0.000 0.000 0.000 0.000 0.000 0.000 0.307 0.599 0.458 0.351 0.476 0.171 0.000 0.179 0.000 0.000 0.000 0.000 0.000 0.000 0.146 0.000 0.495 0.394 0.277 0.373 0.259 0.216 0.212 0.158 0.000 0.300 0.270 0.237 0.370 0.544 0.455 0.372 0.404 0.333 0.340 0.437 0.345 0.234 0.481 0.484 0.220 0.493 0.510 0.477 0.450 0.348 0.346 0.437 0.182 0.511 0.612 0.423 0.370 0.436 0.472 0.465)  0.000 0.000 0.000 0.000 0.000 0.208 0.000 0.000 0.000 0.000 0.000 0.000 0.000 0.000 0.000 0.000 0.000 0.000 0.000 0.000 0.000 0.000 0.000 0.000 0.000 0.000 0.000 0.000 0.000 0.000 0.000 0.000 0.000 0.000 0.000 0.000 0.000 0.000 0.000 0.000 0.191 0.000 0.000 0.000 0.000 0.000 0.000 0.097 0.000 0.000 0.000 0.000 0.000 0.000 0.181 0.000 0.275 0.000 0.000 0.000 0.000 0.000 0.000 0.000 0.000 0.000 0.000 0.000 0.000 0.136 0.000 0.000 0.000 0.000 0.000 0.000 0.000 0.000 0.000 0.000 0.000 0.201 0.000 0.000 0.000 0.000 0.000 0.153 0.000)  0.000 0.000 0.000 0.000 0.000 0.207 0.000 0.000 0.000 0.000 0.000 0.000 0.000 0.000 0.000 0.000 0.000 0.000 0.000 0.000 0.000 0.000 0.000 0.000 0.000 0.000 0.000 0.000 0.000 0.000 0.000 0.000 0.000 0.000 0.000 0.000 0.000 0.000 0.000 0.000 0.212 0.000 0.000 0.000 0.000 0.000 0.000 0.141 0.000 0.000 0.000 0.000 0.000 0.000 0.184 0.000 0.152 0.000 0.000 0.000 0.000 0.000 0.000 0.000 0.000 0.000 0.000 0.000 0.000 0.000 0.103 0.000 0.000 0.000 0.000 0.000 0.000 0.000 0.000 0.000 0.000 0.250 0.000 0.000 0.000 0.000 0.000 0.000 0.190)  0.000 0.000 0.252 0.297 0.251 0.218 0.000 0.000 0.280 0.441 0.286 0.227 0.000 0.249 0.000 0.205 0.000 0.193 0.000 0.000 0.000 0.000 0.000 0.263 0.375 0.263 0.258 0.000 0.000 0.000 0.000 0.000 0.000 0.269 0.000 0.000 0.117 0.000 0.096 0.000 0.198 0.000 0.000 0.000 0.000 0.000 0.000 0.111 0.000 0.000 0.000 0.260 0.336 0.260 0.220 0.159 0.249 0.000 0.118 0.277 0.218 0.000 0.000 0.110 0.256 0.128 0.098 0.297 0.159 0.194 0.390 0.000 0.000 0.304 0.000 0.000 0.000 0.000 0.104 0.335 0.228 0.157 0.000 0.000 0.093 0.288 0.194 0.197 0.204)  0.000 0.000 0.000 0.000 0.249 0.000 0.000 0.000 0.000 0.000 0.205 0.192 0.000 0.136 0.000 0.086 0.000 0.147 0.000 0.000 0.000 0.000 0.000 0.000 0.000 0.279 0.000 0.000 0.000 0.000 0.000 0.000 0.000 0.000 0.000 0.000 0.000 0.000 0.000 0.000 0.000 0.000 0.000 0.000 0.000 0.000 0.000 0.108 0.000 0.000 0.000 0.000 0.000 0.246 0.000 0.170 0.000 0.000 0.195 0.121 0.137 0.000 0.000 0.000 0.000 0.161 0.000 0.000 0.130 0.000 0.000 0.000 0.000 0.000 0.000 0.000 0.000 0.000 0.000 0.000 0.144 0.000 0.000 0.000 0.000 0.000 0.180 0.000 0.000)  0.000 0.000 0.000 0.000 0.000 0.000 0.000 0.000 0.000 0.000 0.000 0.000 0.206 0.000 0.239 0.000 0.254 0.000 0.239 0.669 0.424 0.000 0.000 0.000 0.000 0.000 0.000 0.516 0.551 0.362 0.337 0.235 0.224 0.000 0.000 0.000 0.000 0.000 0.000 0.205 0.000 0.497 0.596 0.275 0.325 0.271 0.255 0.000 0.183 0.000 0.000 0.000 0.000 0.000 0.000 0.000 0.000 0.200 0.000 0.000 0.000 0.000 0.000 0.000 0.000 0.000 0.000 0.000 0.000 0.000 0.000 0.000 0.000 0.000 0.000 0.000 0.000 0.000 0.121 0.000 0.000 0.000 0.000 0.000 0.000 0.000 0.000 0.000 0.000)  0.000 0.000 0.000 0.000 0.000 0.000 0.000 0.000 0.000 0.000 0.000 0.000 0.172 0.000 0.112 0.000 0.164 0.000 0.147 0.000 0.000 0.000 0.000 0.000 0.000 0.000 0.000 0.000 0.000 0.160 0.000 0.000 0.000 0.000 0.000 0.000 0.000 0.000 0.000 0.201 0.000 0.000 0.000 0.271 0.000 0.000 0.000 0.000 0.000 0.000 0.000 0.000 0.000 0.000 0.000 0.000 0.000 0.000 0.000 0.000 0.000 0.000 0.000 0.000 0.000 0.000 0.000 0.000 0.000 0.000 0.000 0.000 0.000 0.000 0.000 0.000 0.000 0.000 0.000 0.000 0.000 0.000 0.000 0.000 0.000 0.000 0.000 0.000 0.000)  0.000 0.000 0.000 0.000 0.000 0.000 0.000 0.000 0.000 0.000 0.000 0.000 0.191 0.000 0.262 0.000 0.273 0.000 0.203 0.000 0.000 0.000 0.000 0.000 0.000 0.000 0.000 0.484 0.449 0.357 0.399 0.456 0.442 0.000 0.000 0.000 0.000 0.000 0.000 0.203 0.000 0.503 0.404 0.233 0.354 0.314 0.228 0.000 0.240 0.000 0.000 0.000 0.000 0.000 0.000 0.000 0.000 0.192 0.000 0.000 0.000 0.000 0.000 0.000 0.000 0.000 0.000 0.000 0.000 0.000 0.000 0.000 0.000 0.000 0.000 0.000 0.000 0.000 0.000 0.000 0.000 0.000 0.000 0.000 0.000 0.000 0.000 0.000 0.000)  0.000 0.000 0.000 0.000 0.000 0.000 0.000 0.000 0.000 0.000 0.000 0.000 0.000 0.000 0.000 0.000 0.000 0.000 0.000 0.000 0.000 0.000 0.000 0.000 0.000 0.000 0.000 0.000 0.000 0.000 0.000 0.000 0.000 0.000 0.000 0.000 0.000 0.000 0.000 0.000 0.000 0.000 0.000 0.000 0.000 0.000 0.212 0.000 0.186 0.000 0.000 0.000 0.000 0.000 0.000 0.000 0.000 0.259 0.000 0.000 0.000 0.000 0.000 0.000 0.000 0.000 0.000 0.000 0.000 0.000 0.000 0.000 0.000 0.000 0.000 0.000 0.000 0.000 0.000 0.000 0.000 0.000 0.000 0.000 0.000 0.000 0.000 0.000 0.000)  0.000 0.000 0.000 0.000 0.000 0.000 0.000 0.000 0.000 0.000 0.000 0.000 0.000 0.000 0.000 0.000 0.000 0.000 0.000 0.000 0.000 0.000 0.000 0.000 0.000 0.000 0.000 0.000 0.000 0.000 0.000 0.000 0.157 0.000 0.000 0.000 0.000 0.000 0.000 0.000 0.000 0.000 0.000 0.000 0.000 0.000 0.156 0.000 0.227 0.000 0.000 0.000 0.000 0.000 0.000 0.000 0.000 0.196 0.000 0.000 0.000 0.000 0.000 0.000 0.000 0.000 0.000 0.000 0.000 0.000 0.000 0.000 0.000 0.000 0.000 0.000 0.000 0.000 0.000 0.000 0.000 0.000 0.000 0.000 0.000 0.000 0.000 0.000 0.000)  0.000 0.000 0.000 0.000 0.000 0.000 0.000 0.000 0.000 0.000 0.000 0.000 0.259 0.000 0.255 0.000 0.202 0.000 0.303 0.000 0.000 0.000 0.000 0.000 0.000 0.000 0.000 0.000 0.000 0.120 0.264 0.179 0.177 0.000 0.000 0.000 0.000 0.000 0.000 0.194 0.000 0.000 0.000 0.221 0.320 0.216 0.148 0.000 0.164 0.000 0.000 0.000 0.000 0.000 0.000 0.000 0.000 0.153 0.000 0.000 0.000 0.000 0.000 0.000 0.000 0.000 0.000 0.000 0.000 0.000 0.000 0.000 0.000 0.000 0.000 0.000 0.000 0.000 0.000 0.000 0.000 0.000 0.000 0.000 0.000 0.000 0.000 0.000 0.000)  0.000 0.000 0.000 0.000 0.000 0.000 0.000 0.000 0.000 0.000 0.000 0.000 0.172 0.000 0.132 0.000 0.107 0.000 0.108 0.000 0.000 0.000 0.000 0.000 0.000 0.000 0.000 0.000 0.000 0.000 0.000 0.131 0.000 0.000 0.000 0.000 0.000 0.000 0.000 0.196 0.000 0.000 0.000 0.000 0.000 0.198 0.000 0.000 0.000 0.000 0.000 0.000 0.000 0.000 0.000 0.000 0.000 0.000 0.000 0.000 0.000 0.000 0.000 0.000 0.000 0.000 0.000 0.000 0.000 0.000 0.000 0.000 0.000 0.000 0.000 0.000 0.000 0.000 0.000 0.000 0.000 0.000 0.000 0.000 0.000 0.000 0.000 0.000 0.000)  
licking: (1.000 1.000 1.000 1.000 1.000 1.000 1.000 1.000 1.000 1.000 1.000 1.000 1.000 1.000 1.000 1.000 1.000 1.000 1.000 1.000 1.000 1.000 1.000 1.000 1.000 1.000 1.000 0.806 0.823 0.900 0.856 0.841 0.862 1.000 0.864 0.808 0.742 0.930 0.908 1.000 1.000 1.000 1.000 1.000 1.000 1.000 1.000 1.000 1.000 1.000 1.000 1.000 1.000 1.000 1.000 1.000 1.000 1.000 1.000 1.000 1.000 0.922 0.872 0.834 0.908 0.870 0.903 0.873 0.824 0.880 0.944 1.000 1.000 1.000 1.000 1.000 1.000 1.000 1.000 1.000 1.000 1.000 0.950 0.901 0.911 0.905 0.927 0.881 0.871)  0.000 0.000 0.000 0.000 0.000 0.000 0.000 0.000 0.000 0.000 0.000 0.000 0.000 0.000 0.000 0.000 0.000 0.000 0.000 0.000 0.000 0.000 0.000 0.000 0.000 0.000 0.000 0.194 0.177 0.100 0.144 0.159 0.138 0.000 0.136 0.192 0.258 0.070 0.092 0.000 0.000 0.000 0.000 0.000 0.000 0.000 0.000 0.000 0.000 0.000 0.000 0.000 0.000 0.000 0.000 0.000 0.000 0.000 0.000 0.000 0.000 0.078 0.128 0.166 0.092 0.130 0.097 0.127 0.176 0.120 0.056 0.000 0.000 0.000 0.000 0.000 0.000 0.000 0.000 0.000 0.000 0.000 0.050 0.099 0.089 0.095 0.073 0.119 0.129)  
position in corridor: (0.255 0.262 0.269 0.261 0.282 0.254 0.569 0.312 0.513 0.545 0.226 0.273 0.318 0.233 0.231 0.291 0.241 0.248 0.258 0.205 0.205 0.196 0.287 0.378 0.548 0.312 0.203 0.262 0.203 0.177 0.208 0.188 0.211 0.212 0.486 0.275 0.179 0.302 0.172 0.240 0.270 0.228 0.196 0.256 0.340 0.198 0.248 0.378 0.178 0.206 0.377 0.234 0.234 0.250 0.275 0.242 0.257 0.216 0.341 0.366 0.286 0.168 0.236 0.254 0.246 0.244 0.283 0.240 0.215 0.296 0.204 0.277 0.490 0.477 0.249 0.287 0.278 0.295 0.297 0.272 0.171 0.492 0.211 0.193 0.230 0.244 0.240 0.214 0.215)  0.237 0.238 0.242 0.259 0.262 0.275 0.129 0.205 0.170 0.160 0.244 0.233 0.249 0.212 0.209 0.239 0.235 0.198 0.197 0.210 0.285 0.221 0.272 0.296 0.176 0.225 0.281 0.248 0.249 0.238 0.240 0.243 0.252 0.235 0.183 0.175 0.238 0.182 0.181 0.225 0.235 0.257 0.255 0.250 0.214 0.223 0.236 0.236 0.190 0.249 0.112 0.185 0.254 0.252 0.276 0.231 0.302 0.251 0.215 0.228 0.289 0.284 0.264 0.223 0.209 0.210 0.248 0.213 0.238 0.232 0.273 0.245 0.222 0.224 0.274 0.235 0.263 0.284 0.235 0.240 0.414 0.194 0.201 0.275 0.255 0.260 0.213 0.228 0.252)  0.233 0.251 0.261 0.245 0.243 0.244 0.187 0.275 0.129 0.147 0.297 0.250 0.212 0.202 0.211 0.241 0.259 0.201 0.278 0.173 0.245 0.260 0.229 0.178 0.145 0.217 0.227 0.233 0.260 0.239 0.279 0.283 0.282 0.256 0.181 0.262 0.219 0.276 0.199 0.246 0.228 0.233 0.328 0.255 0.206 0.315 0.276 0.183 0.263 0.254 0.173 0.253 0.236 0.263 0.237 0.312 0.210 0.258 0.266 0.188 0.223 0.226 0.265 0.267 0.245 0.249 0.240 0.295 0.278 0.249 0.267 0.239 0.150 0.161 0.252 0.224 0.285 0.239 0.243 0.227 0.198 0.173 0.232 0.324 0.256 0.251 0.272 0.299 0.286)  0.274 0.248 0.228 0.234 0.213 0.226 0.115 0.207 0.188 0.148 0.234 0.244 0.220 0.352 0.349 0.229 0.265 0.354 0.267 0.413 0.265 0.323 0.212 0.147 0.131 0.247 0.289 0.258 0.288 0.345 0.273 0.286 0.254 0.297 0.151 0.288 0.364 0.239 0.448 0.289 0.268 0.283 0.221 0.238 0.241 0.264 0.239 0.203 0.369 0.290 0.338 0.329 0.276 0.235 0.212 0.215 0.231 0.275 0.178 0.218 0.202 0.321 0.236 0.257 0.300 0.298 0.229 0.252 0.269 0.222 0.257 0.239 0.138 0.138 0.225 0.254 0.174 0.181 0.225 0.261 0.217 0.142 0.356 0.208 0.259 0.244 0.275 0.259 0.247)  
running speed quartile: (0.029 0.027 0.031 0.029 0.052 0.041 0.107 0.188 0.209 0.224 0.206 0.044 0.048 0.053 0.056 0.092 0.087 0.031 0.049 0.105 0.089 0.027 0.122 0.124 0.234 0.143 0.102 0.286 0.178 0.136 0.117 0.123 0.116 0.213 0.211 0.241 0.143 0.231 0.173 0.070 0.044 0.076 0.085 0.065 0.082 0.123 0.104 0.079 0.082 0.102 0.069 0.074 0.083 0.051 0.083 0.036 0.034 0.068 0.067 0.061 0.059 0.040 0.057 0.083 0.065 0.071 0.143 0.100 0.121 0.107 0.109 0.030 0.043 0.050 0.024 0.039 0.034 0.043 0.050 0.063 0.067 0.057 0.083 0.130 0.130 0.110 0.115 0.124 0.132)  0.460 0.446 0.341 0.372 0.332 0.362 0.755 0.574 0.478 0.590 0.525 0.154 0.272 0.256 0.245 0.314 0.191 0.234 0.255 0.704 0.411 0.805 0.461 0.671 0.542 0.407 0.296 0.487 0.384 0.409 0.228 0.251 0.287 0.396 0.679 0.393 0.275 0.397 0.292 0.222 0.419 0.203 0.352 0.242 0.314 0.412 0.381 0.414 0.451 0.401 0.607 0.436 0.184 0.074 0.150 0.331 0.359 0.253 0.413 0.425 0.447 0.504 0.536 0.334 0.212 0.218 0.433 0.205 0.259 0.450 0.559 0.317 0.737 0.659 0.313 0.569 0.464 0.300 0.355 0.319 0.542 0.626 0.493 0.148 0.152 0.170 0.179 0.198 0.172)  0.408 0.323 0.344 0.417 0.365 0.303 0.114 0.219 0.280 0.150 0.213 0.260 0.298 0.210 0.161 0.103 0.088 0.280 0.139 0.184 0.189 0.158 0.346 0.170 0.159 0.305 0.327 0.221 0.369 0.346 0.415 0.478 0.483 0.273 0.110 0.297 0.493 0.340 0.461 0.177 0.206 0.178 0.115 0.144 0.146 0.234 0.217 0.114 0.107 0.096 0.208 0.335 0.398 0.201 0.352 0.253 0.187 0.203 0.119 0.285 0.228 0.272 0.293 0.376 0.274 0.276 0.333 0.355 0.352 0.374 0.283 0.336 0.205 0.224 0.370 0.190 0.268 0.188 0.208 0.230 0.157 0.144 0.120 0.155 0.125 0.307 0.284 0.323 0.339)  0.103 0.204 0.283 0.183 0.251 0.295 0.023 0.019 0.033 0.036 0.056 0.543 0.382 0.481 0.537 0.491 0.634 0.455 0.557 0.007 0.311 0.010 0.072 0.034 0.065 0.144 0.275 0.006 0.069 0.109 0.240 0.149 0.114 0.118 0.000 0.069 0.089 0.032 0.074 0.530 0.330 0.543 0.447 0.549 0.458 0.231 0.298 0.393 0.360 0.401 0.116 0.155 0.336 0.675 0.415 0.379 0.419 0.476 0.402 0.229 0.267 0.184 0.114 0.207 0.448 0.435 0.091 0.341 0.267 0.069 0.049 0.316 0.015 0.067 0.293 0.201 0.233 0.469 0.387 0.388 0.235 0.173 0.304 0.567 0.593 0.413 0.423 0.356 0.356)  
Brain region: V1: 1833035 neurons, mHV: 1108860 neurons, lHV: 495318 neurons, aHV: 668180 neurons, unmapped: 585641 neurons  
Data verification complete.
