Data format is valid, no errors or warnings.
Number of sessions: 44
Total number of trials: 11955
Number of trials per session: [214, 322, 260, 209, 157, 185, 195, 193, 352, 274, 225, 345, 323, 472, 445, 296, 233, 235, 241, 157, 137, 200, 146, 166, 168, 265, 263, 260, 287, 335, 364, 300, 239, 361, 308, 363, 292, 316, 370, 276, 286, 410, 222, 288]
Number of subjects: 14
Number of brain regions: 1
Number of sessions per subject:
  Subject EKH1: 1 sessions
  Subject EKH3: 1 sessions
  Subject JEB6: 1 sessions
  Subject JEB7: 2 sessions
  Subject JGR2: 2 sessions
  Subject JGR3: 1 sessions
  Subject JEB13: 5 sessions
  Subject JEB14: 4 sessions
  Subject JEB15: 4 sessions
  Subject JEB19: 4 sessions
  Subject JEB11: 2 sessions
  Subject JEB12: 2 sessions
  Subject JEB23: 7 sessions
  Subject JEB24: 8 sessions
Input dimension: 1
Output dimension: 6
Summary statistics (across all sessions):
  T: mean: 1000.00, median: 1000.00, min: 1000, max: 1000
  n_neurons: mean: 53.61', min: 17, max: 136
  Input range:
    time_from_goCue: [-2.5, 2.5]
  Output range:
    lick_direction: [0.0, 1.0]
    context: [0.0, 1.0]
    outcome: [0.0, 1.0]
    tongue_velocity: [0.0, 1.0]
    paw_velocity: [0.0, 1.0]
    motion_energy: [0.0, 1.0]
  Unique outputs per dimension (fraction of data):
    lick_direction: {left (0.498), right (0.502)}
    context: {WC (0.084), DR (0.916)}
    outcome: {incorrect (0.138), correct (0.862)}
    tongue_velocity: {low (0.904), high (0.096)}
    paw_velocity: {low (0.509), high (0.491)}
    motion_energy: {low (0.499), high (0.501)}
  Brain region distribution:
    ALM: 2359 neurons

Per-session statistics:
  Mean T: 1000.0, 1000.0, 1000.0, 1000.0, 1000.0, 1000.0, 1000.0, 1000.0, 1000.0, 1000.0, 1000.0, 1000.0, 1000.0, 1000.0, 1000.0, 1000.0, 1000.0, 1000.0, 1000.0, 1000.0, 1000.0, 1000.0, 1000.0, 1000.0, 1000.0, 1000.0, 1000.0, 1000.0, 1000.0, 1000.0, 1000.0, 1000.0, 1000.0, 1000.0, 1000.0, 1000.0, 1000.0, 1000.0, 1000.0, 1000.0, 1000.0, 1000.0, 1000.0, 1000.0
  Min T: 1000, 1000, 1000, 1000, 1000, 1000, 1000, 1000, 1000, 1000, 1000, 1000, 1000, 1000, 1000, 1000, 1000, 1000, 1000, 1000, 1000, 1000, 1000, 1000, 1000, 1000, 1000, 1000, 1000, 1000, 1000, 1000, 1000, 1000, 1000, 1000, 1000, 1000, 1000, 1000, 1000, 1000, 1000, 1000
  Max T: 1000, 1000, 1000, 1000, 1000, 1000, 1000, 1000, 1000, 1000, 1000, 1000, 1000, 1000, 1000, 1000, 1000, 1000, 1000, 1000, 1000, 1000, 1000, 1000, 1000, 1000, 1000, 1000, 1000, 1000, 1000, 1000, 1000, 1000, 1000, 1000, 1000, 1000, 1000, 1000, 1000, 1000, 1000, 1000
  n_neurons: 48, 66, 31, 67, 27, 29, 53, 28, 35, 36, 118, 34, 53, 83, 77, 136, 96, 84, 27, 39, 74, 36, 38, 68, 34, 63, 69, 57, 40, 96, 57, 71, 35, 53, 50, 62, 17, 31, 25, 55, 35, 38, 42, 46
  Input range:
    0: [-2.5, 2.5] [-2.5, 2.5] [-2.5, 2.5] [-2.5, 2.5] [-2.5, 2.5] [-2.5, 2.5] [-2.5, 2.5] [-2.5, 2.5] [-2.5, 2.5] [-2.5, 2.5] [-2.5, 2.5] [-2.5, 2.5] [-2.5, 2.5] [-2.5, 2.5] [-2.5, 2.5] [-2.5, 2.5] [-2.5, 2.5] [-2.5, 2.5] [-2.5, 2.5] [-2.5, 2.5] [-2.5, 2.5] [-2.5, 2.5] [-2.5, 2.5] [-2.5, 2.5] [-2.5, 2.5] [-2.5, 2.5] [-2.5, 2.5] [-2.5, 2.5] [-2.5, 2.5] [-2.5, 2.5] [-2.5, 2.5] [-2.5, 2.5] [-2.5, 2.5] [-2.5, 2.5] [-2.5, 2.5] [-2.5, 2.5] [-2.5, 2.5] [-2.5, 2.5] [-2.5, 2.5] [-2.5, 2.5] [-2.5, 2.5] [-2.5, 2.5] [-2.5, 2.5] [-2.5, 2.5] 
  Output range:
    0: [0.0, 1.0] [0.0, 1.0] [0.0, 1.0] [0.0, 1.0] [0.0, 1.0] [0.0, 1.0] [0.0, 1.0] [0.0, 1.0] [0.0, 1.0] [0.0, 1.0] [0.0, 1.0] [0.0, 1.0] [0.0, 1.0] [0.0, 1.0] [0.0, 1.0] [0.0, 1.0] [0.0, 1.0] [0.0, 1.0] [0.0, 1.0] [0.0, 1.0] [0.0, 1.0] [0.0, 1.0] [0.0, 1.0] [0.0, 1.0] [0.0, 1.0] [0.0, 1.0] [0.0, 1.0] [0.0, 1.0] [0.0, 1.0] [0.0, 1.0] [0.0, 1.0] [0.0, 1.0] [0.0, 1.0] [0.0, 1.0] [0.0, 1.0] [0.0, 1.0] [0.0, 1.0] [0.0, 1.0] [0.0, 1.0] [0.0, 1.0] [0.0, 1.0] [0.0, 1.0] [0.0, 1.0] [0.0, 1.0] 
    1: [0.0, 1.0] [0.0, 1.0] [0.0, 1.0] [0.0, 1.0] [0.0, 1.0] [0.0, 1.0] [0.0, 1.0] [0.0, 1.0] [0.0, 1.0] [0.0, 1.0] [0.0, 1.0] [1.0, 1.0] [1.0, 1.0] [1.0, 1.0] [0.0, 1.0] [0.0, 1.0] [0.0, 1.0] [0.0, 1.0] [0.0, 1.0] [0.0, 1.0] [0.0, 1.0] [0.0, 1.0] [0.0, 1.0] [0.0, 1.0] [0.0, 1.0] [0.0, 1.0] [0.0, 1.0] [0.0, 1.0] [0.0, 1.0] [1.0, 1.0] [1.0, 1.0] [0.0, 1.0] [0.0, 1.0] [1.0, 1.0] [1.0, 1.0] [1.0, 1.0] [0.0, 1.0] [1.0, 1.0] [1.0, 1.0] [0.0, 1.0] [1.0, 1.0] [1.0, 1.0] [0.0, 1.0] [1.0, 1.0] 
    2: [0.0, 1.0] [0.0, 1.0] [0.0, 1.0] [0.0, 1.0] [0.0, 1.0] [0.0, 1.0] [0.0, 1.0] [0.0, 1.0] [0.0, 1.0] [0.0, 1.0] [0.0, 1.0] [0.0, 1.0] [0.0, 1.0] [0.0, 1.0] [0.0, 1.0] [0.0, 1.0] [0.0, 1.0] [0.0, 1.0] [0.0, 1.0] [0.0, 1.0] [0.0, 1.0] [0.0, 1.0] [0.0, 1.0] [0.0, 1.0] [0.0, 1.0] [0.0, 1.0] [0.0, 1.0] [0.0, 1.0] [0.0, 1.0] [0.0, 1.0] [0.0, 1.0] [0.0, 1.0] [0.0, 1.0] [0.0, 1.0] [0.0, 1.0] [0.0, 1.0] [0.0, 1.0] [0.0, 1.0] [0.0, 1.0] [0.0, 1.0] [0.0, 1.0] [0.0, 1.0] [0.0, 1.0] [0.0, 1.0] 
    3: [0.0, 1.0] [0.0, 1.0] [0.0, 1.0] [0.0, 1.0] [0.0, 1.0] [0.0, 1.0] [0.0, 1.0] [0.0, 1.0] [0.0, 1.0] [0.0, 1.0] [0.0, 1.0] [0.0, 1.0] [0.0, 1.0] [0.0, 1.0] [0.0, 1.0] [0.0, 1.0] [0.0, 1.0] [0.0, 1.0] [0.0, 1.0] [0.0, 1.0] [0.0, 1.0] [0.0, 1.0] [0.0, 1.0] [0.0, 1.0] [0.0, 1.0] [0.0, 1.0] [0.0, 1.0] [0.0, 1.0] [0.0, 1.0] [0.0, 1.0] [0.0, 1.0] [0.0, 1.0] [0.0, 1.0] [0.0, 1.0] [0.0, 1.0] [0.0, 1.0] [0.0, 1.0] [0.0, 1.0] [0.0, 1.0] [0.0, 1.0] [0.0, 1.0] [0.0, 1.0] [0.0, 1.0] [0.0, 1.0] 
    4: [0.0, 1.0] [0.0, 1.0] [0.0, 1.0] [0.0, 1.0] [0.0, 1.0] [0.0, 1.0] [0.0, 1.0] [0.0, 1.0] [0.0, 1.0] [0.0, 1.0] [0.0, 1.0] [0.0, 1.0] [0.0, 1.0] [0.0, 1.0] [0.0, 1.0] [0.0, 1.0] [0.0, 1.0] [0.0, 1.0] [0.0, 1.0] [0.0, 1.0] [0.0, 1.0] [0.0, 1.0] [0.0, 1.0] [0.0, 1.0] [0.0, 1.0] [0.0, 1.0] [0.0, 1.0] [0.0, 1.0] [0.0, 1.0] [0.0, 1.0] [0.0, 1.0] [0.0, 1.0] [0.0, 1.0] [0.0, 1.0] [0.0, 1.0] [0.0, 1.0] [0.0, 1.0] [0.0, 1.0] [0.0, 1.0] [0.0, 1.0] [0.0, 1.0] [0.0, 1.0] [0.0, 1.0] [0.0, 1.0] 
    5: [0.0, 1.0] [0.0, 1.0] [0.0, 1.0] [0.0, 1.0] [0.0, 1.0] [0.0, 1.0] [0.0, 1.0] [0.0, 1.0] [0.0, 1.0] [0.0, 1.0] [0.0, 1.0] [0.0, 1.0] [0.0, 1.0] [0.0, 1.0] [0.0, 1.0] [0.0, 1.0] [0.0, 1.0] [0.0, 1.0] [0.0, 1.0] [0.0, 1.0] [0.0, 1.0] [0.0, 1.0] [0.0, 1.0] [0.0, 1.0] [0.0, 1.0] [0.0, 1.0] [0.0, 1.0] [0.0, 1.0] [0.0, 1.0] [0.0, 1.0] [0.0, 1.0] [0.0, 1.0] [0.0, 1.0] [0.0, 1.0] [0.0, 1.0] [0.0, 1.0] [0.0, 1.0] [0.0, 1.0] [0.0, 1.0] [0.0, 1.0] [0.0, 1.0] [0.0, 1.0] [0.0, 1.0] [0.0, 1.0] 
  Output fraction of data:
lick_direction: (0.458 0.472 0.477 0.349 0.503 0.470 0.492 0.477 0.443 0.467 0.484 0.542 0.551 0.534 0.533 0.615 0.605 0.579 0.485 0.522 0.504 0.405 0.438 0.506 0.488 0.362 0.555 0.408 0.383 0.543 0.508 0.523 0.490 0.526 0.510 0.556 0.507 0.491 0.462 0.518 0.514 0.480 0.495 0.517)  0.542 0.528 0.523 0.651 0.497 0.530 0.508 0.523 0.557 0.533 0.516 0.458 0.449 0.466 0.467 0.385 0.395 0.421 0.515 0.478 0.496 0.595 0.562 0.494 0.512 0.638 0.445 0.592 0.617 0.457 0.492 0.477 0.510 0.474 0.490 0.444 0.493 0.509 0.538 0.482 0.486 0.520 0.505 0.483)  
context: (0.257 0.224 0.277 0.278 0.268 0.270 0.262 0.238 0.054 0.153 0.013 0.000 0.000 0.000 0.009 0.041 0.172 0.085 0.129 0.261 0.175 0.360 0.363 0.434 0.327 0.049 0.118 0.031 0.031 0.000 0.000 0.003 0.029 0.000 0.000 0.000 0.007 0.000 0.000 0.004 0.000 0.000 0.009 0.000)  0.743 0.776 0.723 0.722 0.732 0.730 0.738 0.762 0.946 0.847 0.987 1.000 1.000 1.000 0.991 0.959 0.828 0.915 0.871 0.739 0.825 0.640 0.637 0.566 0.673 0.951 0.882 0.969 0.969 1.000 1.000 0.997 0.971 1.000 1.000 1.000 0.993 1.000 1.000 0.996 1.000 1.000 0.991 1.000)  
outcome: (0.084 0.065 0.092 0.196 0.140 0.146 0.118 0.233 0.256 0.263 0.240 0.197 0.254 0.053 0.094 0.341 0.305 0.102 0.079 0.070 0.058 0.215 0.164 0.127 0.119 0.106 0.125 0.235 0.216 0.051 0.107 0.080 0.121 0.075 0.081 0.110 0.154 0.098 0.116 0.185 0.094 0.061 0.081 0.090)  0.916 0.935 0.908 0.804 0.860 0.854 0.882 0.767 0.744 0.737 0.760 0.803 0.746 0.947 0.906 0.659 0.695 0.898 0.921 0.930 0.942 0.785 0.836 0.873 0.881 0.894 0.875 0.765 0.784 0.949 0.893 0.920 0.879 0.925 0.919 0.890 0.846 0.902 0.884 0.815 0.906 0.939 0.919 0.910)  
tongue_velocity: (0.883 0.871 0.905 0.871 0.845 0.942 0.927 0.931 0.909 0.918 0.893 0.896 0.918 0.904 0.927 0.949 0.934 0.902 0.945 0.937 0.906 0.943 0.963 0.968 0.935 0.852 0.851 0.904 0.909 0.865 0.900 0.890 0.901 0.906 0.889 0.909 0.882 0.898 0.901 0.886 0.874 0.903 0.913 0.909)  0.117 0.129 0.095 0.129 0.155 0.058 0.073 0.069 0.091 0.082 0.107 0.104 0.082 0.096 0.073 0.051 0.066 0.098 0.055 0.063 0.094 0.057 0.037 0.032 0.065 0.148 0.149 0.096 0.091 0.135 0.100 0.110 0.099 0.094 0.111 0.091 0.118 0.102 0.099 0.114 0.126 0.097 0.087 0.091)  
paw_velocity: (0.505 0.582 0.500 0.500 0.500 0.500 0.503 0.500 0.509 0.513 0.601 0.503 0.511 0.500 0.500 0.502 0.500 0.500 0.500 0.500 0.500 0.500 0.500 0.500 0.500 0.508 0.542 0.509 0.517 0.500 0.500 0.500 0.500 0.500 0.500 0.500 0.504 0.500 0.500 0.502 0.500 0.530 0.520 0.510)  0.495 0.418 0.500 0.500 0.500 0.500 0.497 0.500 0.491 0.487 0.399 0.497 0.489 0.500 0.500 0.498 0.500 0.500 0.500 0.500 0.500 0.500 0.500 0.500 0.500 0.492 0.458 0.491 0.483 0.500 0.500 0.500 0.500 0.500 0.500 0.500 0.496 0.500 0.500 0.498 0.500 0.470 0.480 0.490)  
motion_energy: (0.500 0.500 0.500 0.500 0.500 0.500 0.500 0.500 0.499 0.499 0.500 0.500 0.500 0.500 0.500 0.500 0.500 0.500 0.500 0.500 0.500 0.500 0.499 0.500 0.500 0.500 0.500 0.500 0.500 0.500 0.500 0.500 0.500 0.500 0.500 0.500 0.487 0.500 0.500 0.500 0.500 0.500 0.500 0.490)  0.500 0.500 0.500 0.500 0.500 0.500 0.500 0.500 0.501 0.501 0.500 0.500 0.500 0.500 0.500 0.500 0.500 0.500 0.500 0.500 0.500 0.500 0.501 0.500 0.500 0.500 0.500 0.500 0.500 0.500 0.500 0.500 0.500 0.500 0.500 0.500 0.513 0.500 0.500 0.500 0.500 0.500 0.500 0.510)  
Brain region: ALM: 2359 neurons  
Data verification complete.
