Data format is valid, no errors or warnings.
Number of sessions: 174
Total number of trials: 90999
Number of trials per session: [368, 159, 518, 206, 520, 531, 501, 660, 521, 520, 530, 140, 583, 437, 525, 521, 571, 443, 444, 481, 440, 530, 581, 602, 439, 684, 540, 460, 281, 501, 692, 660, 800, 660, 690, 430, 661, 561, 611, 505, 750, 580, 550, 524, 569, 542, 513, 426, 378, 389, 429, 415, 458, 444, 402, 397, 577, 552, 488, 466, 665, 424, 544, 498, 435, 493, 421, 470, 454, 405, 482, 635, 519, 600, 494, 470, 320, 527, 530, 626, 461, 530, 580, 640, 410, 450, 264, 440, 520, 470, 666, 700, 530, 540, 490, 500, 540, 610, 560, 500, 520, 720, 540, 624, 680, 515, 479, 494, 475, 513, 469, 533, 312, 439, 362, 568, 553, 561, 496, 535, 548, 622, 520, 624, 600, 601, 540, 504, 620, 665, 553, 450, 570, 476, 542, 445, 617, 419, 534, 503, 484, 627, 656, 644, 695, 638, 588, 625, 518, 509, 479, 399, 476, 531, 566, 407, 523, 537, 471, 640, 479, 522, 590, 518, 631, 560, 501, 608, 662, 547, 491, 689, 452, 626]
Number of subjects: 28
Number of brain regions: 14
Number of sessions per subject:
  Subject sub-440956: 4 sessions
  Subject sub-440957: 4 sessions
  Subject sub-440958: 5 sessions
  Subject sub-440959: 8 sessions
  Subject sub-441666: 5 sessions
  Subject sub-442571: 5 sessions
  Subject sub-449141: 6 sessions
  Subject sub-455219: 4 sessions
  Subject sub-455220: 6 sessions
  Subject sub-456772: 10 sessions
  Subject sub-456773: 4 sessions
  Subject sub-456774: 3 sessions
  Subject sub-460432: 4 sessions
  Subject sub-460434: 4 sessions
  Subject sub-460436: 4 sessions
  Subject sub-479121: 6 sessions
  Subject sub-479149: 7 sessions
  Subject sub-480133: 9 sessions
  Subject sub-480134: 7 sessions
  Subject sub-480135: 7 sessions
  Subject sub-480927: 10 sessions
  Subject sub-480928: 9 sessions
  Subject sub-484672: 6 sessions
  Subject sub-484673: 9 sessions
  Subject sub-484674: 9 sessions
  Subject sub-484675: 6 sessions
  Subject sub-484676: 7 sessions
  Subject sub-484677: 6 sessions
Input dimension: 2
Output dimension: 4
Summary statistics (across all sessions):
  T: mean: 80.00, median: 80.00, min: 80, max: 80
  n_neurons: mean: 406.06', min: 90, max: 1201
  Input range:
    time_from_tone_onset_sec: [-1.5, 11.9]
    photostimulation_on: [0.0, 1.0]
  Output range:
    choice: [0.0, 2.0]
    outcome: [0.0, 2.0]
    early_lick: [0.0, 1.0]
    tongue_y_position: [0.0, 3.0]
  Unique outputs per dimension (fraction of data):
    choice: {left (0.401), right (0.392), no lick (0.207)}
    outcome: {ignore (0.149), miss (0.166), hit (0.685)}
    early_lick: {no (0.884), yes (0.116)}
    tongue_y_position: {lt_40th (0.387), 40th_to_60th (0.171), gt_60th (0.422), not_visible (0.020)}
  Brain region distribution:
    left ALM: 12614 neurons
    right ALM: 11675 neurons
    left Striatum: 5322 neurons
    right Striatum: 5974 neurons
    left Thalamus: 7406 neurons
    left Midbrain: 5232 neurons
    right Midbrain: 5398 neurons
    right Thalamus: 5472 neurons
    left Medulla: 2888 neurons
    right Medulla: 1912 neurons
    left ECT: 2961 neurons
    right ECT: 1190 neurons
    left BLA: 1344 neurons
    right BLA: 1266 neurons

Per-session statistics:
  Mean T: 80.0, 80.0, 80.0, 80.0, 80.0, 80.0, 80.0, 80.0, 80.0, 80.0, 80.0, 80.0, 80.0, 80.0, 80.0, 80.0, 80.0, 80.0, 80.0, 80.0, 80.0, 80.0, 80.0, 80.0, 80.0, 80.0, 80.0, 80.0, 80.0, 80.0, 80.0, 80.0, 80.0, 80.0, 80.0, 80.0, 80.0, 80.0, 80.0, 80.0, 80.0, 80.0, 80.0, 80.0, 80.0, 80.0, 80.0, 80.0, 80.0, 80.0, 80.0, 80.0, 80.0, 80.0, 80.0, 80.0, 80.0, 80.0, 80.0, 80.0, 80.0, 80.0, 80.0, 80.0, 80.0, 80.0, 80.0, 80.0, 80.0, 80.0, 80.0, 80.0, 80.0, 80.0, 80.0, 80.0, 80.0, 80.0, 80.0, 80.0, 80.0, 80.0, 80.0, 80.0, 80.0, 80.0, 80.0, 80.0, 80.0, 80.0, 80.0, 80.0, 80.0, 80.0, 80.0, 80.0, 80.0, 80.0, 80.0, 80.0, 80.0, 80.0, 80.0, 80.0, 80.0, 80.0, 80.0, 80.0, 80.0, 80.0, 80.0, 80.0, 80.0, 80.0, 80.0, 80.0, 80.0, 80.0, 80.0, 80.0, 80.0, 80.0, 80.0, 80.0, 80.0, 80.0, 80.0, 80.0, 80.0, 80.0, 80.0, 80.0, 80.0, 80.0, 80.0, 80.0, 80.0, 80.0, 80.0, 80.0, 80.0, 80.0, 80.0, 80.0, 80.0, 80.0, 80.0, 80.0, 80.0, 80.0, 80.0, 80.0, 80.0, 80.0, 80.0, 80.0, 80.0, 80.0, 80.0, 80.0, 80.0, 80.0, 80.0, 80.0, 80.0, 80.0, 80.0, 80.0, 80.0, 80.0, 80.0, 80.0, 80.0, 80.0
  Min T: 80, 80, 80, 80, 80, 80, 80, 80, 80, 80, 80, 80, 80, 80, 80, 80, 80, 80, 80, 80, 80, 80, 80, 80, 80, 80, 80, 80, 80, 80, 80, 80, 80, 80, 80, 80, 80, 80, 80, 80, 80, 80, 80, 80, 80, 80, 80, 80, 80, 80, 80, 80, 80, 80, 80, 80, 80, 80, 80, 80, 80, 80, 80, 80, 80, 80, 80, 80, 80, 80, 80, 80, 80, 80, 80, 80, 80, 80, 80, 80, 80, 80, 80, 80, 80, 80, 80, 80, 80, 80, 80, 80, 80, 80, 80, 80, 80, 80, 80, 80, 80, 80, 80, 80, 80, 80, 80, 80, 80, 80, 80, 80, 80, 80, 80, 80, 80, 80, 80, 80, 80, 80, 80, 80, 80, 80, 80, 80, 80, 80, 80, 80, 80, 80, 80, 80, 80, 80, 80, 80, 80, 80, 80, 80, 80, 80, 80, 80, 80, 80, 80, 80, 80, 80, 80, 80, 80, 80, 80, 80, 80, 80, 80, 80, 80, 80, 80, 80, 80, 80, 80, 80, 80, 80
  Max T: 80, 80, 80, 80, 80, 80, 80, 80, 80, 80, 80, 80, 80, 80, 80, 80, 80, 80, 80, 80, 80, 80, 80, 80, 80, 80, 80, 80, 80, 80, 80, 80, 80, 80, 80, 80, 80, 80, 80, 80, 80, 80, 80, 80, 80, 80, 80, 80, 80, 80, 80, 80, 80, 80, 80, 80, 80, 80, 80, 80, 80, 80, 80, 80, 80, 80, 80, 80, 80, 80, 80, 80, 80, 80, 80, 80, 80, 80, 80, 80, 80, 80, 80, 80, 80, 80, 80, 80, 80, 80, 80, 80, 80, 80, 80, 80, 80, 80, 80, 80, 80, 80, 80, 80, 80, 80, 80, 80, 80, 80, 80, 80, 80, 80, 80, 80, 80, 80, 80, 80, 80, 80, 80, 80, 80, 80, 80, 80, 80, 80, 80, 80, 80, 80, 80, 80, 80, 80, 80, 80, 80, 80, 80, 80, 80, 80, 80, 80, 80, 80, 80, 80, 80, 80, 80, 80, 80, 80, 80, 80, 80, 80, 80, 80, 80, 80, 80, 80, 80, 80, 80, 80, 80, 80
  n_neurons: 459, 375, 205, 552, 526, 505, 192, 169, 347, 342, 432, 1201, 367, 214, 160, 383, 452, 537, 396, 391, 292, 300, 290, 314, 501, 278, 279, 603, 433, 425, 436, 553, 499, 571, 533, 675, 496, 498, 530, 463, 599, 224, 478, 488, 427, 433, 428, 106, 157, 217, 194, 344, 253, 343, 477, 332, 442, 452, 272, 414, 346, 532, 279, 178, 259, 322, 368, 184, 156, 150, 190, 141, 365, 254, 323, 269, 605, 378, 537, 374, 322, 90, 110, 180, 233, 459, 480, 304, 328, 148, 237, 371, 439, 639, 618, 205, 523, 555, 532, 420, 683, 480, 495, 675, 749, 630, 733, 765, 538, 502, 257, 219, 477, 376, 516, 688, 350, 219, 469, 366, 483, 268, 432, 358, 407, 509, 650, 731, 923, 724, 850, 256, 385, 213, 330, 492, 215, 486, 633, 497, 532, 285, 227, 342, 430, 390, 308, 298, 638, 208, 452, 238, 206, 404, 269, 365, 393, 483, 288, 325, 182, 537, 473, 302, 317, 530, 437, 339, 445, 390, 308, 787, 472, 368
  Input range:
    0: [-0.6, 5.7] [-0.6, 5.5] [-0.6, 4.5] [-0.6, 4.1] [-0.6, 5.3] [-0.6, 5.0] [-0.6, 4.7] [-0.6, 5.7] [-0.6, 6.0] [-0.6, 7.1] [-0.6, 7.2] [-0.6, 6.5] [-0.6, 6.2] [-0.6, 5.9] [-0.6, 9.5] [-0.6, 7.2] [-0.6, 7.4] [-0.6, 6.1] [-0.6, 7.0] [-0.6, 6.0] [-0.6, 5.1] [-0.6, 5.1] [-0.6, 5.9] [-0.6, 5.7] [-0.6, 6.1] [-0.6, 7.1] [-0.6, 4.9] [-0.6, 5.8] [-0.6, 5.1] [-0.6, 5.7] [-0.6, 5.1] [-0.6, 8.4] [-0.6, 7.6] [-0.6, 5.6] [-0.6, 5.6] [-0.6, 5.3] [-0.6, 7.2] [-0.6, 6.2] [-0.6, 6.3] [-0.6, 5.7] [-0.6, 7.1] [-0.6, 6.0] [-0.6, 6.3] [-0.6, 6.3] [-0.6, 6.9] [-0.6, 7.1] [-0.6, 6.9] [-1.5, 6.3] [-1.5, 6.1] [-1.5, 7.4] [-1.5, 5.1] [-1.5, 5.5] [-1.5, 5.8] [-1.5, 5.1] [-1.5, 6.1] [-1.5, 5.8] [-1.5, 6.8] [-1.5, 6.0] [-1.5, 9.4] [-1.5, 5.8] [-1.5, 6.6] [-1.5, 9.7] [-1.5, 5.4] [-1.5, 5.5] [-1.5, 5.3] [-1.5, 5.4] [-1.5, 5.7] [-1.5, 7.0] [-1.5, 5.5] [-1.5, 6.7] [-1.5, 7.9] [-1.5, 6.6] [-1.5, 6.6] [-1.5, 9.1] [-1.5, 7.2] [-1.5, 5.7] [-1.5, 5.8] [-1.5, 5.4] [-1.5, 5.9] [-1.5, 6.8] [-1.5, 4.8] [-1.5, 4.3] [-1.5, 5.8] [-1.5, 8.4] [-1.5, 6.3] [-1.5, 7.5] [-1.5, 8.2] [-1.5, 6.6] [-1.5, 6.6] [-1.5, 5.0] [-1.5, 5.5] [-1.5, 7.1] [-1.5, 7.3] [-1.5, 5.3] [-1.5, 9.2] [-1.5, 6.4] [-1.5, 7.6] [-1.5, 6.9] [-1.5, 5.0] [-1.5, 5.7] [-1.5, 5.8] [-1.5, 6.6] [-1.5, 6.3] [-1.5, 6.5] [-1.5, 6.5] [-1.5, 8.0] [-1.5, 5.6] [-1.5, 5.8] [-1.5, 5.3] [-1.5, 5.9] [-1.5, 6.1] [-1.5, 7.6] [-1.5, 5.3] [-1.5, 5.5] [-1.5, 5.5] [-1.5, 6.6] [-1.5, 6.5] [-1.5, 7.1] [-1.5, 8.4] [-1.5, 7.3] [-1.5, 11.9] [-1.5, 9.3] [-1.5, 5.8] [-1.5, 5.7] [-1.5, 5.5] [-1.5, 5.8] [-1.5, 6.8] [-1.5, 6.8] [-1.5, 5.6] [-1.5, 6.8] [-1.5, 5.1] [-1.5, 6.6] [-1.5, 6.3] [-1.5, 5.5] [-1.5, 6.3] [-1.5, 5.0] [-1.5, 7.0] [-1.5, 5.4] [-1.5, 5.6] [-1.5, 6.0] [-1.5, 5.5] [-1.5, 6.2] [-1.5, 6.7] [-1.5, 6.2] [-1.5, 6.1] [-1.5, 6.7] [-1.5, 7.4] [-1.5, 8.2] [-1.5, 6.9] [-1.5, 8.0] [-1.5, 7.3] [-1.5, 9.5] [-1.5, 5.2] [-1.5, 9.7] [-1.5, 7.2] [-1.5, 7.2] [-1.5, 5.8] [-1.5, 5.7] [-1.5, 6.2] [-1.5, 6.7] [-1.5, 6.2] [-1.5, 5.3] [-1.5, 7.0] [-1.5, 5.6] [-1.5, 6.3] [-1.5, 5.8] [-1.5, 5.9] [-1.5, 6.4] [-1.5, 6.2] [-1.5, 8.2] [-1.5, 5.6] [-1.5, 6.1] [-1.5, 6.8] [-1.5, 7.1] 
    1: [0.0, 1.0] [0.0, 1.0] [0.0, 1.0] [0.0, 1.0] [0.0, 1.0] [0.0, 1.0] [0.0, 1.0] [0.0, 1.0] [0.0, 1.0] [0.0, 1.0] [0.0, 1.0] [0.0, 1.0] [0.0, 1.0] [0.0, 1.0] [0.0, 1.0] [0.0, 1.0] [0.0, 0.0] [0.0, 1.0] [0.0, 1.0] [0.0, 1.0] [0.0, 1.0] [0.0, 1.0] [0.0, 1.0] [0.0, 1.0] [0.0, 1.0] [0.0, 1.0] [0.0, 1.0] [0.0, 1.0] [0.0, 1.0] [0.0, 1.0] [0.0, 1.0] [0.0, 1.0] [0.0, 1.0] [0.0, 1.0] [0.0, 1.0] [0.0, 1.0] [0.0, 1.0] [0.0, 1.0] [0.0, 1.0] [0.0, 1.0] [0.0, 1.0] [0.0, 1.0] [0.0, 1.0] [0.0, 1.0] [0.0, 1.0] [0.0, 1.0] [0.0, 1.0] [0.0, 1.0] [0.0, 1.0] [0.0, 1.0] [0.0, 1.0] [0.0, 1.0] [0.0, 1.0] [0.0, 1.0] [0.0, 1.0] [0.0, 1.0] [0.0, 1.0] [0.0, 1.0] [0.0, 1.0] [0.0, 1.0] [0.0, 1.0] [0.0, 1.0] [0.0, 1.0] [0.0, 1.0] [0.0, 1.0] [0.0, 1.0] [0.0, 1.0] [0.0, 1.0] [0.0, 1.0] [0.0, 1.0] [0.0, 1.0] [0.0, 1.0] [0.0, 1.0] [0.0, 1.0] [0.0, 1.0] [0.0, 1.0] [0.0, 1.0] [0.0, 1.0] [0.0, 1.0] [0.0, 1.0] [0.0, 1.0] [0.0, 1.0] [0.0, 0.0] [0.0, 1.0] [0.0, 0.0] [0.0, 0.0] [0.0, 1.0] [0.0, 1.0] [0.0, 1.0] [0.0, 0.0] [0.0, 1.0] [0.0, 1.0] [0.0, 0.0] [0.0, 1.0] [0.0, 1.0] [0.0, 1.0] [0.0, 1.0] [0.0, 1.0] [0.0, 1.0] [0.0, 1.0] [0.0, 1.0] [0.0, 1.0] [0.0, 1.0] [0.0, 1.0] [0.0, 1.0] [0.0, 1.0] [0.0, 1.0] [0.0, 1.0] [0.0, 1.0] [0.0, 1.0] [0.0, 1.0] [0.0, 1.0] [0.0, 1.0] [0.0, 1.0] [0.0, 1.0] [0.0, 1.0] [0.0, 1.0] [0.0, 1.0] [0.0, 1.0] [0.0, 1.0] [0.0, 1.0] [0.0, 1.0] [0.0, 1.0] [0.0, 1.0] [0.0, 1.0] [0.0, 1.0] [0.0, 1.0] [0.0, 1.0] [0.0, 1.0] [0.0, 1.0] [0.0, 1.0] [0.0, 1.0] [0.0, 1.0] [0.0, 1.0] [0.0, 1.0] [0.0, 1.0] [0.0, 1.0] [0.0, 1.0] [0.0, 1.0] [0.0, 1.0] [0.0, 1.0] [0.0, 1.0] [0.0, 1.0] [0.0, 1.0] [0.0, 1.0] [0.0, 1.0] [0.0, 1.0] [0.0, 1.0] [0.0, 1.0] [0.0, 1.0] [0.0, 1.0] [0.0, 1.0] [0.0, 1.0] [0.0, 1.0] [0.0, 1.0] [0.0, 1.0] [0.0, 1.0] [0.0, 1.0] [0.0, 1.0] [0.0, 1.0] [0.0, 1.0] [0.0, 1.0] [0.0, 1.0] [0.0, 1.0] [0.0, 1.0] [0.0, 1.0] [0.0, 1.0] [0.0, 1.0] [0.0, 1.0] [0.0, 1.0] [0.0, 1.0] [0.0, 1.0] [0.0, 1.0] [0.0, 1.0] 
  Output range:
    0: [0.0, 2.0] [0.0, 2.0] [0.0, 2.0] [0.0, 2.0] [0.0, 2.0] [0.0, 2.0] [0.0, 2.0] [0.0, 2.0] [0.0, 2.0] [0.0, 2.0] [0.0, 2.0] [0.0, 2.0] [0.0, 2.0] [0.0, 2.0] [0.0, 2.0] [0.0, 2.0] [0.0, 2.0] [0.0, 2.0] [0.0, 2.0] [0.0, 2.0] [0.0, 2.0] [0.0, 2.0] [0.0, 2.0] [0.0, 2.0] [0.0, 2.0] [0.0, 2.0] [0.0, 2.0] [0.0, 2.0] [0.0, 2.0] [0.0, 2.0] [0.0, 2.0] [0.0, 2.0] [0.0, 2.0] [0.0, 2.0] [0.0, 2.0] [0.0, 2.0] [0.0, 2.0] [0.0, 2.0] [0.0, 2.0] [0.0, 2.0] [0.0, 2.0] [0.0, 2.0] [0.0, 2.0] [0.0, 2.0] [0.0, 2.0] [0.0, 2.0] [0.0, 2.0] [0.0, 2.0] [0.0, 2.0] [0.0, 2.0] [0.0, 2.0] [0.0, 2.0] [0.0, 2.0] [0.0, 2.0] [0.0, 2.0] [0.0, 2.0] [0.0, 2.0] [0.0, 2.0] [0.0, 2.0] [0.0, 2.0] [0.0, 2.0] [0.0, 2.0] [0.0, 2.0] [0.0, 2.0] [0.0, 2.0] [0.0, 2.0] [0.0, 2.0] [0.0, 2.0] [0.0, 2.0] [0.0, 2.0] [0.0, 2.0] [0.0, 2.0] [0.0, 2.0] [0.0, 2.0] [0.0, 2.0] [0.0, 2.0] [0.0, 2.0] [0.0, 2.0] [0.0, 2.0] [0.0, 2.0] [0.0, 2.0] [0.0, 2.0] [0.0, 2.0] [0.0, 2.0] [0.0, 2.0] [0.0, 2.0] [0.0, 2.0] [0.0, 2.0] [0.0, 2.0] [0.0, 2.0] [0.0, 2.0] [0.0, 2.0] [0.0, 2.0] [0.0, 2.0] [0.0, 2.0] [0.0, 2.0] [0.0, 2.0] [0.0, 2.0] [0.0, 2.0] [0.0, 2.0] [0.0, 2.0] [0.0, 2.0] [0.0, 2.0] [0.0, 2.0] [0.0, 2.0] [0.0, 2.0] [0.0, 2.0] [0.0, 2.0] [0.0, 2.0] [0.0, 2.0] [0.0, 2.0] [0.0, 2.0] [0.0, 2.0] [0.0, 2.0] [0.0, 2.0] [0.0, 2.0] [0.0, 2.0] [0.0, 2.0] [0.0, 2.0] [0.0, 2.0] [0.0, 2.0] [0.0, 2.0] [0.0, 2.0] [0.0, 2.0] [0.0, 2.0] [0.0, 2.0] [0.0, 2.0] [0.0, 2.0] [0.0, 2.0] [0.0, 2.0] [0.0, 2.0] [0.0, 2.0] [0.0, 2.0] [0.0, 2.0] [0.0, 2.0] [0.0, 2.0] [0.0, 2.0] [0.0, 2.0] [0.0, 2.0] [0.0, 2.0] [0.0, 2.0] [0.0, 2.0] [0.0, 2.0] [0.0, 2.0] [0.0, 2.0] [0.0, 2.0] [0.0, 2.0] [0.0, 2.0] [0.0, 2.0] [0.0, 2.0] [0.0, 2.0] [0.0, 2.0] [0.0, 2.0] [0.0, 2.0] [0.0, 2.0] [0.0, 2.0] [0.0, 2.0] [0.0, 2.0] [0.0, 2.0] [0.0, 2.0] [0.0, 2.0] [0.0, 2.0] [0.0, 2.0] [0.0, 2.0] [0.0, 2.0] [0.0, 2.0] [0.0, 2.0] [0.0, 2.0] [0.0, 2.0] [0.0, 2.0] [0.0, 2.0] [0.0, 2.0] [0.0, 2.0] [0.0, 2.0] 
    1: [0.0, 2.0] [0.0, 2.0] [0.0, 2.0] [0.0, 2.0] [0.0, 2.0] [0.0, 2.0] [0.0, 2.0] [0.0, 2.0] [0.0, 2.0] [0.0, 2.0] [0.0, 2.0] [1.0, 2.0] [1.0, 2.0] [0.0, 2.0] [0.0, 2.0] [0.0, 2.0] [0.0, 2.0] [0.0, 2.0] [0.0, 2.0] [0.0, 2.0] [0.0, 2.0] [0.0, 2.0] [0.0, 2.0] [0.0, 2.0] [0.0, 2.0] [0.0, 2.0] [0.0, 2.0] [0.0, 2.0] [0.0, 2.0] [0.0, 2.0] [0.0, 2.0] [0.0, 2.0] [0.0, 2.0] [0.0, 2.0] [0.0, 2.0] [0.0, 2.0] [0.0, 2.0] [0.0, 2.0] [0.0, 2.0] [0.0, 2.0] [0.0, 2.0] [0.0, 2.0] [0.0, 2.0] [0.0, 2.0] [0.0, 2.0] [0.0, 2.0] [0.0, 2.0] [0.0, 2.0] [0.0, 2.0] [0.0, 2.0] [0.0, 2.0] [0.0, 2.0] [0.0, 2.0] [0.0, 2.0] [0.0, 2.0] [0.0, 2.0] [0.0, 2.0] [0.0, 2.0] [0.0, 2.0] [0.0, 2.0] [0.0, 2.0] [0.0, 2.0] [0.0, 2.0] [0.0, 2.0] [0.0, 2.0] [0.0, 2.0] [0.0, 2.0] [0.0, 2.0] [0.0, 2.0] [0.0, 2.0] [0.0, 2.0] [0.0, 2.0] [0.0, 2.0] [0.0, 2.0] [0.0, 2.0] [0.0, 2.0] [0.0, 2.0] [0.0, 2.0] [0.0, 2.0] [0.0, 2.0] [0.0, 2.0] [0.0, 2.0] [0.0, 2.0] [0.0, 2.0] [0.0, 2.0] [0.0, 2.0] [0.0, 2.0] [0.0, 2.0] [0.0, 2.0] [0.0, 2.0] [0.0, 2.0] [0.0, 2.0] [0.0, 2.0] [0.0, 2.0] [0.0, 2.0] [0.0, 2.0] [0.0, 2.0] [0.0, 2.0] [0.0, 2.0] [0.0, 2.0] [0.0, 2.0] [0.0, 2.0] [0.0, 2.0] [0.0, 2.0] [0.0, 2.0] [0.0, 2.0] [0.0, 2.0] [0.0, 2.0] [0.0, 2.0] [0.0, 2.0] [0.0, 2.0] [0.0, 2.0] [0.0, 2.0] [0.0, 2.0] [0.0, 2.0] [0.0, 2.0] [0.0, 2.0] [0.0, 2.0] [0.0, 2.0] [0.0, 2.0] [0.0, 2.0] [0.0, 2.0] [0.0, 2.0] [0.0, 2.0] [0.0, 2.0] [0.0, 2.0] [0.0, 2.0] [0.0, 2.0] [0.0, 2.0] [0.0, 2.0] [0.0, 2.0] [0.0, 2.0] [0.0, 2.0] [0.0, 2.0] [0.0, 2.0] [0.0, 2.0] [0.0, 2.0] [0.0, 2.0] [0.0, 2.0] [0.0, 2.0] [0.0, 2.0] [0.0, 2.0] [0.0, 2.0] [0.0, 2.0] [0.0, 2.0] [0.0, 2.0] [0.0, 2.0] [0.0, 2.0] [0.0, 2.0] [0.0, 2.0] [0.0, 2.0] [0.0, 2.0] [0.0, 2.0] [0.0, 2.0] [0.0, 2.0] [0.0, 2.0] [0.0, 2.0] [0.0, 2.0] [0.0, 2.0] [0.0, 2.0] [0.0, 2.0] [0.0, 2.0] [0.0, 2.0] [0.0, 2.0] [0.0, 2.0] [0.0, 2.0] [0.0, 2.0] [0.0, 2.0] [0.0, 2.0] [0.0, 2.0] [0.0, 2.0] [0.0, 2.0] [0.0, 2.0] [0.0, 2.0] 
    2: [0.0, 1.0] [0.0, 1.0] [0.0, 1.0] [0.0, 1.0] [0.0, 1.0] [0.0, 1.0] [0.0, 1.0] [0.0, 1.0] [0.0, 1.0] [0.0, 1.0] [0.0, 1.0] [0.0, 1.0] [0.0, 1.0] [0.0, 1.0] [0.0, 1.0] [0.0, 1.0] [0.0, 0.0] [0.0, 1.0] [0.0, 1.0] [0.0, 1.0] [0.0, 1.0] [0.0, 1.0] [0.0, 1.0] [0.0, 1.0] [0.0, 1.0] [0.0, 1.0] [0.0, 1.0] [0.0, 1.0] [0.0, 1.0] [0.0, 1.0] [0.0, 1.0] [0.0, 1.0] [0.0, 1.0] [0.0, 1.0] [0.0, 1.0] [0.0, 1.0] [0.0, 1.0] [0.0, 1.0] [0.0, 1.0] [0.0, 1.0] [0.0, 1.0] [0.0, 1.0] [0.0, 1.0] [0.0, 1.0] [0.0, 1.0] [0.0, 1.0] [0.0, 1.0] [0.0, 1.0] [0.0, 1.0] [0.0, 1.0] [0.0, 1.0] [0.0, 1.0] [0.0, 1.0] [0.0, 1.0] [0.0, 1.0] [0.0, 1.0] [0.0, 1.0] [0.0, 1.0] [0.0, 1.0] [0.0, 1.0] [0.0, 1.0] [0.0, 1.0] [0.0, 1.0] [0.0, 1.0] [0.0, 1.0] [0.0, 1.0] [0.0, 1.0] [0.0, 1.0] [0.0, 1.0] [0.0, 1.0] [0.0, 1.0] [0.0, 1.0] [0.0, 1.0] [0.0, 1.0] [0.0, 1.0] [0.0, 1.0] [0.0, 1.0] [0.0, 1.0] [0.0, 1.0] [0.0, 1.0] [0.0, 1.0] [0.0, 1.0] [0.0, 0.0] [0.0, 1.0] [0.0, 1.0] [0.0, 1.0] [0.0, 1.0] [0.0, 1.0] [0.0, 1.0] [0.0, 0.0] [0.0, 1.0] [0.0, 1.0] [0.0, 1.0] [0.0, 1.0] [0.0, 1.0] [0.0, 1.0] [0.0, 1.0] [0.0, 1.0] [0.0, 1.0] [0.0, 1.0] [0.0, 1.0] [0.0, 1.0] [0.0, 1.0] [0.0, 1.0] [0.0, 1.0] [0.0, 1.0] [0.0, 1.0] [0.0, 1.0] [0.0, 1.0] [0.0, 1.0] [0.0, 1.0] [0.0, 1.0] [0.0, 1.0] [0.0, 1.0] [0.0, 1.0] [0.0, 1.0] [0.0, 1.0] [0.0, 1.0] [0.0, 1.0] [0.0, 1.0] [0.0, 1.0] [0.0, 1.0] [0.0, 1.0] [0.0, 1.0] [0.0, 1.0] [0.0, 1.0] [0.0, 1.0] [0.0, 1.0] [0.0, 1.0] [0.0, 1.0] [0.0, 1.0] [0.0, 1.0] [0.0, 1.0] [0.0, 1.0] [0.0, 1.0] [0.0, 1.0] [0.0, 1.0] [0.0, 1.0] [0.0, 1.0] [0.0, 1.0] [0.0, 1.0] [0.0, 1.0] [0.0, 1.0] [0.0, 1.0] [0.0, 1.0] [0.0, 1.0] [0.0, 1.0] [0.0, 1.0] [0.0, 1.0] [0.0, 1.0] [0.0, 1.0] [0.0, 1.0] [0.0, 1.0] [0.0, 1.0] [0.0, 1.0] [0.0, 1.0] [0.0, 1.0] [0.0, 1.0] [0.0, 1.0] [0.0, 1.0] [0.0, 1.0] [0.0, 1.0] [0.0, 1.0] [0.0, 1.0] [0.0, 1.0] [0.0, 1.0] [0.0, 1.0] [0.0, 1.0] [0.0, 1.0] [0.0, 1.0] [0.0, 1.0] [0.0, 1.0] [0.0, 1.0] [0.0, 1.0] 
    3: [0.0, 2.0] [0.0, 2.0] [0.0, 2.0] [0.0, 2.0] [0.0, 2.0] [0.0, 2.0] [0.0, 2.0] [0.0, 2.0] [0.0, 2.0] [0.0, 2.0] [0.0, 2.0] [0.0, 2.0] [0.0, 2.0] [0.0, 2.0] [0.0, 2.0] [0.0, 2.0] [0.0, 2.0] [0.0, 2.0] [0.0, 3.0] [0.0, 3.0] [0.0, 3.0] [0.0, 2.0] [0.0, 2.0] [0.0, 2.0] [0.0, 2.0] [0.0, 2.0] [0.0, 3.0] [0.0, 3.0] [0.0, 2.0] [0.0, 2.0] [0.0, 2.0] [0.0, 2.0] [0.0, 2.0] [0.0, 2.0] [0.0, 2.0] [0.0, 2.0] [0.0, 2.0] [0.0, 2.0] [0.0, 2.0] [0.0, 3.0] [0.0, 2.0] [0.0, 2.0] [0.0, 2.0] [0.0, 2.0] [0.0, 2.0] [0.0, 2.0] [0.0, 2.0] [0.0, 3.0] [0.0, 3.0] [0.0, 3.0] [0.0, 3.0] [0.0, 3.0] [0.0, 3.0] [0.0, 3.0] [0.0, 3.0] [0.0, 3.0] [0.0, 3.0] [0.0, 3.0] [0.0, 3.0] [0.0, 3.0] [0.0, 3.0] [0.0, 3.0] [0.0, 3.0] [0.0, 3.0] [0.0, 3.0] [0.0, 3.0] [0.0, 3.0] [0.0, 3.0] [0.0, 3.0] [0.0, 3.0] [0.0, 3.0] [0.0, 3.0] [0.0, 3.0] [0.0, 3.0] [0.0, 3.0] [0.0, 3.0] [0.0, 3.0] [0.0, 3.0] [0.0, 3.0] [0.0, 3.0] [0.0, 3.0] [0.0, 3.0] [0.0, 3.0] [0.0, 3.0] [0.0, 3.0] [0.0, 3.0] [0.0, 3.0] [0.0, 3.0] [0.0, 3.0] [0.0, 3.0] [0.0, 3.0] [0.0, 3.0] [0.0, 3.0] [0.0, 3.0] [0.0, 3.0] [0.0, 3.0] [0.0, 3.0] [0.0, 3.0] [0.0, 3.0] [0.0, 3.0] [0.0, 3.0] [0.0, 3.0] [0.0, 3.0] [0.0, 3.0] [0.0, 3.0] [0.0, 3.0] [0.0, 3.0] [0.0, 3.0] [0.0, 3.0] [0.0, 3.0] [0.0, 3.0] [0.0, 3.0] [0.0, 3.0] [0.0, 3.0] [0.0, 3.0] [0.0, 3.0] [0.0, 3.0] [0.0, 3.0] [0.0, 3.0] [0.0, 3.0] [0.0, 3.0] [0.0, 3.0] [0.0, 3.0] [0.0, 3.0] [0.0, 3.0] [0.0, 3.0] [0.0, 3.0] [0.0, 3.0] [0.0, 3.0] [0.0, 3.0] [0.0, 3.0] [0.0, 3.0] [0.0, 3.0] [0.0, 3.0] [0.0, 3.0] [0.0, 3.0] [0.0, 3.0] [0.0, 3.0] [0.0, 3.0] [0.0, 3.0] [0.0, 3.0] [0.0, 3.0] [0.0, 3.0] [0.0, 3.0] [0.0, 3.0] [0.0, 3.0] [0.0, 3.0] [0.0, 3.0] [0.0, 3.0] [0.0, 3.0] [0.0, 3.0] [0.0, 3.0] [0.0, 3.0] [0.0, 3.0] [0.0, 3.0] [0.0, 3.0] [0.0, 3.0] [0.0, 3.0] [0.0, 3.0] [0.0, 3.0] [0.0, 3.0] [0.0, 3.0] [0.0, 3.0] [0.0, 3.0] [0.0, 3.0] [0.0, 3.0] [0.0, 3.0] [0.0, 3.0] [0.0, 3.0] [0.0, 3.0] [0.0, 3.0] [0.0, 3.0] [0.0, 3.0] [0.0, 3.0] 
  Output fraction of data:
choice: (0.418 0.491 0.512 0.451 0.500 0.525 0.497 0.494 0.457 0.452 0.462 0.436 0.467 0.494 0.432 0.459 0.457 0.422 0.426 0.464 0.409 0.198 0.251 0.463 0.483 0.446 0.409 0.448 0.480 0.475 0.484 0.300 0.419 0.468 0.409 0.451 0.528 0.467 0.483 0.483 0.485 0.474 0.482 0.441 0.409 0.448 0.366 0.439 0.405 0.440 0.371 0.443 0.454 0.466 0.338 0.479 0.445 0.409 0.469 0.438 0.475 0.394 0.189 0.301 0.067 0.440 0.359 0.432 0.203 0.279 0.305 0.395 0.466 0.485 0.449 0.509 0.197 0.343 0.398 0.449 0.354 0.402 0.259 0.316 0.363 0.302 0.299 0.432 0.367 0.264 0.372 0.517 0.472 0.367 0.422 0.324 0.535 0.389 0.161 0.336 0.398 0.289 0.287 0.423 0.418 0.417 0.422 0.409 0.444 0.431 0.394 0.373 0.321 0.248 0.240 0.393 0.414 0.483 0.452 0.490 0.478 0.479 0.325 0.223 0.253 0.143 0.283 0.278 0.273 0.272 0.206 0.231 0.307 0.336 0.402 0.375 0.373 0.437 0.455 0.467 0.415 0.458 0.492 0.470 0.478 0.487 0.464 0.458 0.432 0.415 0.403 0.326 0.273 0.450 0.419 0.206 0.314 0.456 0.410 0.433 0.301 0.490 0.454 0.444 0.412 0.445 0.451 0.429 0.421 0.324 0.387 0.472 0.416 0.449)  0.375 0.415 0.415 0.456 0.488 0.460 0.483 0.477 0.474 0.450 0.494 0.464 0.487 0.430 0.470 0.486 0.490 0.510 0.466 0.491 0.445 0.221 0.186 0.419 0.453 0.499 0.424 0.459 0.480 0.475 0.481 0.298 0.356 0.373 0.416 0.305 0.377 0.512 0.504 0.481 0.481 0.467 0.469 0.445 0.450 0.445 0.405 0.479 0.392 0.463 0.371 0.525 0.496 0.502 0.328 0.479 0.504 0.433 0.484 0.451 0.456 0.425 0.127 0.287 0.126 0.365 0.420 0.362 0.242 0.383 0.394 0.454 0.511 0.503 0.443 0.472 0.206 0.351 0.440 0.505 0.291 0.492 0.272 0.347 0.354 0.358 0.326 0.370 0.413 0.209 0.270 0.373 0.402 0.289 0.329 0.310 0.350 0.354 0.202 0.382 0.410 0.410 0.381 0.405 0.416 0.452 0.455 0.395 0.438 0.435 0.311 0.443 0.343 0.317 0.240 0.431 0.416 0.467 0.460 0.432 0.456 0.479 0.279 0.280 0.327 0.170 0.344 0.327 0.252 0.227 0.208 0.056 0.074 0.011 0.006 0.043 0.005 0.418 0.478 0.443 0.401 0.463 0.459 0.480 0.495 0.480 0.444 0.422 0.429 0.389 0.455 0.248 0.265 0.456 0.500 0.251 0.277 0.341 0.365 0.398 0.228 0.395 0.444 0.463 0.479 0.487 0.417 0.470 0.526 0.501 0.393 0.443 0.462 0.463)  0.207 0.094 0.073 0.092 0.012 0.015 0.020 0.029 0.069 0.098 0.043 0.100 0.046 0.076 0.097 0.056 0.053 0.068 0.108 0.046 0.145 0.581 0.563 0.118 0.064 0.056 0.167 0.093 0.039 0.050 0.035 0.402 0.225 0.159 0.175 0.244 0.095 0.021 0.013 0.036 0.033 0.059 0.049 0.115 0.141 0.107 0.228 0.082 0.204 0.098 0.259 0.031 0.050 0.032 0.333 0.043 0.050 0.158 0.047 0.112 0.069 0.182 0.684 0.412 0.807 0.195 0.221 0.206 0.555 0.338 0.301 0.151 0.023 0.012 0.107 0.019 0.597 0.306 0.162 0.046 0.356 0.106 0.469 0.338 0.283 0.340 0.375 0.198 0.219 0.528 0.357 0.110 0.126 0.344 0.249 0.366 0.115 0.257 0.637 0.282 0.192 0.301 0.331 0.171 0.166 0.130 0.123 0.196 0.118 0.135 0.294 0.184 0.337 0.435 0.519 0.176 0.170 0.050 0.089 0.079 0.066 0.042 0.396 0.497 0.420 0.687 0.372 0.395 0.476 0.501 0.586 0.713 0.619 0.653 0.592 0.582 0.622 0.146 0.067 0.089 0.184 0.080 0.049 0.050 0.027 0.033 0.092 0.120 0.139 0.196 0.142 0.426 0.462 0.094 0.081 0.543 0.409 0.203 0.225 0.169 0.472 0.115 0.102 0.093 0.109 0.068 0.132 0.100 0.053 0.176 0.220 0.086 0.122 0.088)  
outcome: (0.196 0.013 0.025 0.019 0.004 0.004 0.012 0.009 0.013 0.029 0.013 0.000 0.000 0.071 0.070 0.004 0.011 0.007 0.079 0.023 0.136 0.523 0.558 0.066 0.034 0.031 0.167 0.059 0.018 0.026 0.029 0.205 0.019 0.003 0.046 0.170 0.039 0.004 0.005 0.014 0.009 0.038 0.015 0.059 0.118 0.089 0.195 0.035 0.153 0.067 0.235 0.019 0.028 0.005 0.311 0.008 0.009 0.071 0.039 0.024 0.011 0.167 0.678 0.396 0.779 0.103 0.131 0.185 0.480 0.252 0.098 0.017 0.006 0.003 0.099 0.015 0.594 0.231 0.023 0.006 0.321 0.051 0.429 0.264 0.229 0.138 0.170 0.064 0.063 0.523 0.303 0.040 0.096 0.330 0.222 0.348 0.083 0.218 0.593 0.174 0.160 0.214 0.280 0.090 0.071 0.072 0.056 0.142 0.019 0.074 0.235 0.124 0.317 0.433 0.506 0.153 0.134 0.039 0.069 0.065 0.057 0.034 0.300 0.462 0.412 0.656 0.302 0.385 0.458 0.495 0.573 0.509 0.382 0.305 0.122 0.236 0.212 0.134 0.039 0.060 0.151 0.002 0.002 0.040 0.024 0.013 0.017 0.030 0.089 0.108 0.100 0.298 0.359 0.023 0.041 0.479 0.346 0.192 0.214 0.117 0.468 0.038 0.010 0.039 0.052 0.011 0.106 0.049 0.015 0.154 0.196 0.071 0.102 0.085)  0.367 0.138 0.068 0.049 0.175 0.113 0.124 0.089 0.188 0.177 0.130 0.179 0.218 0.279 0.242 0.278 0.205 0.257 0.200 0.195 0.150 0.147 0.059 0.191 0.171 0.143 0.196 0.080 0.093 0.110 0.094 0.297 0.314 0.220 0.236 0.233 0.222 0.209 0.183 0.166 0.145 0.140 0.140 0.174 0.112 0.120 0.119 0.167 0.151 0.118 0.147 0.067 0.094 0.133 0.132 0.111 0.132 0.121 0.166 0.144 0.119 0.177 0.072 0.038 0.062 0.308 0.276 0.126 0.073 0.156 0.241 0.268 0.133 0.118 0.154 0.106 0.050 0.121 0.168 0.070 0.167 0.079 0.217 0.289 0.244 0.324 0.231 0.220 0.240 0.155 0.269 0.360 0.257 0.213 0.222 0.164 0.322 0.282 0.152 0.226 0.133 0.299 0.257 0.280 0.282 0.425 0.355 0.302 0.280 0.318 0.292 0.261 0.058 0.023 0.075 0.141 0.154 0.075 0.065 0.082 0.080 0.108 0.192 0.191 0.185 0.126 0.204 0.127 0.163 0.174 0.139 0.156 0.204 0.210 0.212 0.135 0.170 0.038 0.064 0.062 0.052 0.110 0.116 0.104 0.033 0.052 0.087 0.090 0.060 0.081 0.027 0.153 0.139 0.098 0.046 0.204 0.161 0.244 0.221 0.261 0.146 0.084 0.119 0.091 0.089 0.120 0.138 0.161 0.169 0.130 0.120 0.189 0.219 0.125)  0.438 0.849 0.907 0.932 0.821 0.883 0.864 0.902 0.798 0.794 0.857 0.821 0.782 0.650 0.688 0.718 0.785 0.736 0.721 0.782 0.714 0.330 0.384 0.743 0.795 0.826 0.637 0.861 0.890 0.864 0.877 0.498 0.667 0.777 0.717 0.598 0.738 0.788 0.812 0.820 0.845 0.822 0.845 0.767 0.770 0.792 0.686 0.798 0.696 0.815 0.618 0.913 0.878 0.863 0.557 0.882 0.860 0.808 0.795 0.833 0.871 0.656 0.250 0.566 0.159 0.588 0.594 0.689 0.447 0.593 0.662 0.715 0.861 0.878 0.747 0.879 0.356 0.647 0.809 0.923 0.512 0.870 0.353 0.447 0.527 0.538 0.598 0.716 0.696 0.321 0.428 0.600 0.647 0.457 0.555 0.488 0.594 0.500 0.255 0.600 0.708 0.487 0.463 0.630 0.647 0.503 0.589 0.557 0.701 0.608 0.473 0.615 0.625 0.544 0.420 0.706 0.712 0.886 0.867 0.852 0.863 0.859 0.508 0.348 0.403 0.218 0.494 0.488 0.379 0.331 0.288 0.336 0.414 0.485 0.666 0.629 0.618 0.828 0.897 0.879 0.798 0.888 0.883 0.856 0.942 0.936 0.896 0.880 0.851 0.811 0.873 0.549 0.502 0.879 0.913 0.317 0.493 0.564 0.565 0.622 0.386 0.877 0.871 0.871 0.859 0.870 0.756 0.789 0.816 0.717 0.684 0.740 0.679 0.791)  
early_lick: (0.951 0.925 0.994 0.985 0.988 0.983 0.980 0.968 0.967 0.952 0.889 0.814 0.895 0.844 0.691 0.658 1.000 0.851 0.896 0.925 0.945 0.972 0.976 0.929 0.932 0.950 0.911 0.935 0.968 0.904 0.912 0.930 0.855 0.923 0.948 0.960 0.953 0.897 0.907 0.925 0.916 0.860 0.864 0.880 0.844 0.873 0.865 0.831 0.910 0.889 0.942 0.952 0.910 0.892 0.958 0.884 0.932 0.882 0.828 0.897 0.884 0.854 0.974 0.940 0.963 0.917 0.903 0.962 0.932 0.894 0.774 0.805 0.975 0.978 0.862 0.932 0.988 0.934 0.892 0.955 0.954 0.974 1.000 0.855 0.915 0.711 0.792 0.832 0.921 1.000 0.907 0.699 0.860 0.904 0.859 0.862 0.767 0.808 0.957 0.948 0.912 0.853 0.941 0.827 0.787 0.955 0.971 0.970 0.975 0.942 0.966 0.944 0.891 0.852 0.887 0.629 0.671 0.672 0.774 0.850 0.761 0.714 0.813 0.764 0.763 0.917 0.878 0.859 0.908 0.808 0.852 0.922 0.895 0.800 0.803 0.845 0.846 0.979 0.929 0.930 0.950 0.882 0.921 0.953 0.957 0.933 0.776 0.824 0.817 0.880 0.841 0.932 0.933 0.812 0.845 0.786 0.667 0.797 0.798 0.706 0.883 0.939 0.854 0.946 0.899 0.798 0.908 0.840 0.909 0.867 0.963 0.898 0.918 0.912)  0.049 0.075 0.006 0.015 0.012 0.017 0.020 0.032 0.033 0.048 0.111 0.186 0.105 0.156 0.309 0.342 0.000 0.149 0.104 0.075 0.055 0.028 0.024 0.071 0.068 0.050 0.089 0.065 0.032 0.096 0.088 0.070 0.145 0.077 0.052 0.040 0.047 0.103 0.093 0.075 0.084 0.140 0.136 0.120 0.156 0.127 0.135 0.169 0.090 0.111 0.058 0.048 0.090 0.108 0.042 0.116 0.068 0.118 0.172 0.103 0.116 0.146 0.026 0.060 0.037 0.083 0.097 0.038 0.068 0.106 0.226 0.195 0.025 0.022 0.138 0.068 0.013 0.066 0.108 0.045 0.046 0.026 0.000 0.145 0.085 0.289 0.208 0.168 0.079 0.000 0.093 0.301 0.140 0.096 0.141 0.138 0.233 0.192 0.043 0.052 0.088 0.147 0.059 0.173 0.213 0.045 0.029 0.030 0.025 0.058 0.034 0.056 0.109 0.148 0.113 0.371 0.329 0.328 0.226 0.150 0.239 0.286 0.187 0.236 0.237 0.083 0.122 0.141 0.092 0.192 0.148 0.078 0.105 0.200 0.197 0.155 0.154 0.021 0.071 0.070 0.050 0.118 0.079 0.047 0.043 0.067 0.224 0.176 0.183 0.120 0.159 0.068 0.067 0.188 0.155 0.214 0.333 0.203 0.202 0.294 0.117 0.061 0.146 0.054 0.101 0.202 0.092 0.160 0.091 0.133 0.037 0.102 0.082 0.088)  
tongue_y_position: (0.403 0.423 0.354 0.355 0.329 0.428 0.362 0.301 0.394 0.360 0.366 0.420 0.393 0.390 0.364 0.364 0.394 0.408 0.232 0.233 0.236 0.413 0.416 0.330 0.327 0.318 0.259 0.269 0.400 0.383 0.389 0.411 0.441 0.434 0.456 0.425 0.458 0.407 0.434 0.440 0.418 0.350 0.313 0.383 0.351 0.378 0.377 0.408 0.377 0.465 0.444 0.426 0.407 0.395 0.401 0.446 0.442 0.383 0.406 0.343 0.374 0.358 0.395 0.386 0.426 0.374 0.405 0.384 0.407 0.387 0.491 0.342 0.404 0.436 0.434 0.406 0.437 0.439 0.474 0.473 0.427 0.397 0.397 0.378 0.385 0.417 0.378 0.466 0.434 0.411 0.398 0.364 0.361 0.387 0.367 0.398 0.402 0.383 0.402 0.352 0.323 0.355 0.372 0.347 0.365 0.455 0.467 0.443 0.437 0.396 0.425 0.409 0.336 0.358 0.374 0.319 0.336 0.316 0.302 0.357 0.376 0.399 0.420 0.410 0.402 0.406 0.397 0.403 0.421 0.413 0.431 0.399 0.386 0.374 0.399 0.394 0.408 0.404 0.398 0.370 0.360 0.368 0.370 0.389 0.390 0.385 0.403 0.223 0.360 0.379 0.418 0.417 0.394 0.354 0.388 0.393 0.389 0.368 0.389 0.388 0.394 0.005 0.340 0.408 0.414 0.350 0.419 0.387 0.465 0.457 0.428 0.423 0.426 0.415)  0.158 0.107 0.137 0.186 0.184 0.135 0.162 0.182 0.167 0.179 0.159 0.131 0.167 0.173 0.182 0.179 0.120 0.130 0.109 0.092 0.107 0.178 0.175 0.210 0.166 0.180 0.106 0.108 0.188 0.165 0.160 0.163 0.128 0.179 0.140 0.156 0.138 0.178 0.162 0.200 0.174 0.193 0.165 0.175 0.160 0.194 0.164 0.116 0.172 0.137 0.161 0.177 0.182 0.164 0.173 0.135 0.128 0.165 0.170 0.207 0.146 0.167 0.208 0.182 0.187 0.185 0.174 0.165 0.191 0.215 0.159 0.260 0.162 0.167 0.157 0.152 0.179 0.206 0.152 0.121 0.179 0.157 0.191 0.199 0.209 0.239 0.221 0.181 0.214 0.167 0.183 0.164 0.172 0.173 0.180 0.215 0.174 0.210 0.213 0.200 0.188 0.211 0.194 0.183 0.219 0.152 0.153 0.176 0.190 0.171 0.191 0.217 0.183 0.199 0.165 0.160 0.183 0.187 0.208 0.203 0.164 0.207 0.178 0.193 0.182 0.193 0.187 0.176 0.194 0.178 0.186 0.199 0.200 0.196 0.180 0.170 0.179 0.192 0.179 0.163 0.176 0.166 0.145 0.149 0.139 0.115 0.127 0.082 0.162 0.160 0.128 0.149 0.195 0.169 0.166 0.212 0.179 0.195 0.197 0.216 0.186 0.003 0.209 0.242 0.151 0.128 0.130 0.136 0.121 0.162 0.215 0.171 0.154 0.153)  0.438 0.469 0.509 0.459 0.487 0.437 0.476 0.517 0.439 0.461 0.475 0.448 0.439 0.437 0.454 0.457 0.486 0.462 0.268 0.284 0.279 0.409 0.408 0.460 0.507 0.502 0.258 0.257 0.413 0.452 0.451 0.425 0.431 0.387 0.404 0.419 0.404 0.415 0.403 0.360 0.408 0.456 0.523 0.442 0.489 0.428 0.458 0.473 0.448 0.396 0.391 0.395 0.408 0.439 0.422 0.416 0.428 0.449 0.421 0.446 0.477 0.472 0.395 0.429 0.384 0.438 0.418 0.448 0.399 0.396 0.348 0.395 0.431 0.395 0.407 0.440 0.381 0.352 0.372 0.404 0.392 0.442 0.410 0.420 0.405 0.343 0.397 0.351 0.349 0.419 0.417 0.469 0.464 0.438 0.450 0.384 0.423 0.404 0.382 0.445 0.487 0.431 0.432 0.466 0.414 0.390 0.377 0.378 0.371 0.432 0.380 0.371 0.478 0.441 0.459 0.518 0.478 0.496 0.487 0.437 0.457 0.392 0.401 0.394 0.414 0.399 0.414 0.419 0.383 0.406 0.381 0.399 0.412 0.428 0.419 0.434 0.411 0.403 0.420 0.465 0.461 0.464 0.482 0.459 0.468 0.497 0.467 0.312 0.475 0.460 0.452 0.433 0.408 0.474 0.443 0.393 0.430 0.435 0.413 0.395 0.417 0.006 0.448 0.349 0.433 0.518 0.448 0.474 0.411 0.379 0.355 0.403 0.419 0.429)  0.000 0.000 0.000 0.000 0.000 0.000 0.000 0.000 0.000 0.000 0.000 0.000 0.000 0.000 0.000 0.000 0.000 0.000 0.392 0.391 0.378 0.000 0.000 0.000 0.000 0.000 0.377 0.366 0.000 0.000 0.000 0.000 0.000 0.000 0.000 0.000 0.000 0.000 0.000 0.001 0.000 0.000 0.000 0.000 0.000 0.000 0.000 0.003 0.003 0.003 0.004 0.002 0.003 0.003 0.004 0.003 0.002 0.003 0.002 0.003 0.003 0.003 0.002 0.002 0.003 0.003 0.003 0.003 0.003 0.003 0.002 0.002 0.003 0.003 0.002 0.002 0.003 0.002 0.002 0.002 0.002 0.003 0.002 0.003 0.002 0.001 0.004 0.002 0.003 0.003 0.002 0.003 0.003 0.003 0.003 0.003 0.002 0.003 0.003 0.002 0.002 0.003 0.002 0.004 0.002 0.002 0.003 0.003 0.002 0.002 0.004 0.003 0.004 0.002 0.002 0.002 0.002 0.002 0.003 0.003 0.002 0.002 0.001 0.004 0.003 0.002 0.003 0.002 0.002 0.003 0.002 0.003 0.002 0.002 0.002 0.002 0.003 0.001 0.002 0.002 0.004 0.003 0.003 0.003 0.002 0.002 0.003 0.383 0.002 0.001 0.002 0.002 0.003 0.003 0.003 0.002 0.002 0.002 0.002 0.002 0.002 0.987 0.003 0.002 0.003 0.003 0.003 0.003 0.003 0.002 0.002 0.003 0.002 0.003)  
Brain region: left ALM: 12614 neurons, right ALM: 11675 neurons, left Striatum: 5322 neurons, right Striatum: 5974 neurons, left Thalamus: 7406 neurons, left Midbrain: 5232 neurons, right Midbrain: 5398 neurons, right Thalamus: 5472 neurons, left Medulla: 2888 neurons, right Medulla: 1912 neurons, left ECT: 2961 neurons, right ECT: 1190 neurons, left BLA: 1344 neurons, right BLA: 1266 neurons  
Training on 72745 trials, testing on 18254 trials
Using device: cuda
Using balanced loss with class weights:
  Output 0: [0.2523624  0.25833753 0.48930007]
  Output 1: [0.47353315 0.42332178 0.10314508]
  Output 2: [0.1151007 0.8848993]
  Output 3: [0.04266509 0.09655069 0.0390919  0.82169235]
Session 32: Using 50000 of 51200 timepoints for SVD initialization
Epoch [1/200], Loss: 17.443010
Epoch [2/200], Loss: 13.115254
Epoch [3/200], Loss: 10.080827
Epoch [4/200], Loss: 8.915410
Epoch [5/200], Loss: 8.824573
Epoch [6/200], Loss: 8.764254
Epoch [7/200], Loss: 8.467619
Epoch [8/200], Loss: 7.993290
Epoch [9/200], Loss: 7.476897
Epoch [10/200], Loss: 7.024462
Epoch [20/200], Loss: 4.541366
Epoch [30/200], Loss: 3.129454
Epoch [40/200], Loss: 2.302867
Epoch [50/200], Loss: 1.763334
Epoch [60/200], Loss: 1.411066
Epoch [70/200], Loss: 1.180436
Epoch [80/200], Loss: 1.032388
Epoch [90/200], Loss: 0.938493
Epoch [100/200], Loss: 0.877112
Epoch [110/200], Loss: 0.834884
Epoch [120/200], Loss: 0.804700
Epoch [130/200], Loss: 0.783399
Epoch [140/200], Loss: 0.765813
Epoch [150/200], Loss: 0.752329
Epoch [160/200], Loss: 0.741880
Epoch [170/200], Loss: 0.733125
Epoch [180/200], Loss: 0.725942
Epoch [190/200], Loss: 0.719744
Epoch [200/200], Loss: 0.714669
Test Loss: 0.757853

Training Balanced Accuracy Scores (chance = 1/num_classes):
  0 (choice): 0.6858  (chance: 0.3333)
  1 (outcome): 0.7054  (chance: 0.3333)
  2 (early_lick): 0.8027  (chance: 0.5000)
  3 (tongue_y_position): 0.6434  (chance: 0.2500)

Validation Balanced Accuracy Scores (chance = 1/num_classes):
  0 (choice): 0.6553  (chance: 0.3333)
  1 (outcome): 0.6650  (chance: 0.3333)
  2 (early_lick): 0.7656  (chance: 0.5000)
  3 (tongue_y_position): 0.6303  (chance: 0.2500)
train_decoder.py finished successfully.
