Data format is valid, no errors or warnings.
Number of sessions: 207
Total number of trials: 8147
Number of trials per session: [39, 40, 39, 40, 39, 40, 40, 39, 40, 40, 40, 40, 40, 40, 40, 40, 40, 40, 40, 40, 39, 40, 39, 39, 40, 40, 38, 40, 38, 37, 39, 40, 40, 40, 40, 39, 36, 40, 40, 40, 40, 40, 40, 40, 40, 40, 40, 40, 40, 40, 40, 40, 40, 37, 40, 40, 40, 40, 40, 40, 40, 40, 40, 40, 40, 40, 40, 40, 40, 40, 40, 40, 40, 40, 40, 40, 40, 40, 40, 40, 40, 40, 40, 40, 40, 40, 40, 40, 40, 40, 40, 40, 40, 40, 40, 40, 40, 40, 40, 40, 40, 40, 40, 40, 40, 40, 40, 40, 40, 40, 40, 40, 40, 40, 40, 40, 40, 40, 40, 40, 40, 40, 37, 40, 40, 40, 40, 40, 40, 40, 40, 40, 40, 40, 40, 40, 40, 40, 40, 40, 40, 40, 40, 40, 40, 40, 40, 40, 40, 40, 39, 40, 35, 39, 36, 39, 40, 36, 39, 36, 38, 40, 29, 40, 39, 39, 37, 40, 39, 38, 37, 30, 25, 38, 40, 40, 37, 22, 38, 38, 40, 39, 40, 40, 40, 38, 40, 40, 38, 40, 40, 40, 39, 40, 40, 40, 40, 40, 40, 39, 40, 40, 39, 39, 39, 40, 40]
Number of subjects: 7
Number of brain regions: 1
Number of sessions per subject:
  Subject QLAK-CA1-08: 31 sessions
  Subject QLAK-CA1-30: 31 sessions
  Subject QLAK-CA1-50: 31 sessions
  Subject QLAK-CA1-51: 21 sessions
  Subject QLAK-CA1-56: 31 sessions
  Subject QLAK-CA1-74: 31 sessions
  Subject QLAK-CA1-75: 31 sessions
Input dimension: 9
Output dimension: 1
Summary statistics (across all sessions):
  T: mean: 315.06, median: 310.90, min: 30, max: 561
  n_neurons: mean: 332.67', min: 112, max: 562
  Input range:
    blocked_partition_0: [0.0, 1.0]
    blocked_partition_1: [0.0, 1.0]
    blocked_partition_2: [0.0, 1.0]
    blocked_partition_3: [0.0, 1.0]
    blocked_partition_4: [0.0, 1.0]
    blocked_partition_5: [0.0, 1.0]
    blocked_partition_6: [0.0, 1.0]
    blocked_partition_7: [0.0, 0.0]
    blocked_partition_8: [0.0, 1.0]
  Output range:
    position_3x3: [0.0, 8.0]
  Unique outputs per dimension (fraction of data):
    position_3x3: {partition_0_(x0,y0) (0.095), partition_1_(x1,y0) (0.108), partition_2_(x2,y0) (0.114), partition_3_(x0,y1) (0.088), partition_4_(x1,y1) (0.070), partition_5_(x2,y1) (0.087), partition_6_(x0,y2) (0.109), partition_7_(x1,y2) (0.158), partition_8_(x2,y2) (0.171)}
  Brain region distribution:
    CA1: 68862 neurons

Per-session statistics:
  Mean T: 301.6, 274.9, 304.4, 326.4, 301.4, 344.9, 343.9, 359.1, 316.4, 364.5, 370.9, 349.3, 305.1, 268.1, 282.6, 295.1, 306.8, 307.4, 298.2, 285.8, 283.5, 294.5, 291.3, 285.9, 277.4, 281.9, 286.8, 301.1, 292.6, 279.2, 250.5, 333.6, 283.2, 251.0, 245.4, 231.2, 211.8, 324.8, 268.8, 236.3, 255.5, 276.7, 257.0, 237.2, 272.9, 248.6, 286.8, 288.2, 256.6, 260.5, 236.9, 318.1, 299.8, 230.5, 240.5, 317.5, 287.1, 310.9, 284.7, 250.5, 282.1, 254.9, 359.4, 373.5, 372.5, 384.9, 384.7, 408.0, 356.8, 386.0, 363.9, 358.7, 371.7, 364.4, 350.6, 381.8, 358.1, 347.5, 380.8, 369.8, 365.3, 389.1, 373.3, 397.8, 377.9, 369.6, 391.9, 427.3, 314.4, 402.9, 316.4, 361.1, 396.4, 361.7, 393.8, 368.3, 365.9, 388.8, 385.2, 361.9, 388.6, 390.6, 393.1, 377.9, 375.1, 337.6, 314.4, 354.3, 376.3, 366.9, 383.4, 349.5, 366.0, 332.7, 326.2, 307.3, 340.7, 327.9, 290.6, 316.4, 337.8, 340.8, 297.2, 331.6, 263.2, 312.9, 325.1, 365.0, 301.9, 340.4, 318.6, 289.2, 337.8, 361.4, 275.2, 270.3, 266.6, 290.8, 292.7, 308.7, 309.2, 316.4, 288.8, 318.9, 286.9, 365.6, 367.6, 385.7, 356.8, 345.6, 352.9, 372.6, 307.9, 311.7, 285.2, 238.7, 255.6, 317.8, 262.5, 256.8, 225.3, 349.3, 225.7, 377.1, 371.6, 286.9, 351.6, 370.6, 315.9, 307.3, 272.9, 280.7, 218.2, 356.9, 452.5, 398.9, 235.5, 234.8, 238.2, 257.2, 317.4, 273.5, 255.6, 334.3, 303.0, 302.9, 245.3, 234.2, 248.4, 292.8, 263.1, 272.8, 284.5, 273.7, 319.3, 311.3, 283.2, 296.7, 274.1, 295.2, 280.4, 287.5, 195.2, 260.4, 278.8, 329.1, 280.2
  Min T: 92, 173, 56, 112, 133, 203, 155, 229, 220, 184, 184, 164, 90, 157, 161, 157, 240, 130, 172, 117, 60, 72, 49, 107, 89, 146, 83, 63, 113, 45, 47, 188, 90, 108, 126, 74, 46, 140, 102, 30, 31, 82, 98, 75, 156, 113, 117, 76, 146, 127, 91, 116, 131, 41, 116, 154, 120, 183, 84, 89, 32, 69, 72, 146, 137, 73, 221, 192, 155, 186, 102, 114, 173, 169, 157, 115, 68, 139, 148, 206, 41, 202, 95, 247, 238, 231, 273, 298, 81, 159, 121, 199, 225, 203, 256, 216, 214, 82, 206, 215, 279, 232, 314, 265, 193, 37, 85, 114, 149, 182, 208, 220, 229, 133, 198, 125, 193, 121, 132, 146, 188, 200, 60, 134, 106, 209, 51, 189, 39, 152, 120, 74, 192, 201, 73, 39, 55, 137, 123, 88, 191, 138, 57, 125, 131, 202, 199, 65, 110, 62, 47, 222, 127, 82, 45, 42, 40, 64, 35, 35, 32, 45, 53, 124, 89, 89, 30, 34, 95, 64, 45, 34, 43, 142, 318, 82, 40, 40, 96, 44, 177, 107, 99, 199, 107, 78, 67, 83, 70, 107, 45, 82, 87, 79, 191, 158, 89, 110, 87, 127, 111, 100, 74, 80, 101, 161, 87
  Max T: 426, 459, 453, 426, 442, 445, 457, 477, 397, 444, 469, 460, 433, 459, 442, 404, 391, 379, 434, 466, 467, 399, 392, 443, 390, 438, 416, 441, 453, 444, 459, 464, 519, 364, 389, 398, 432, 447, 522, 456, 451, 502, 408, 472, 434, 435, 430, 460, 454, 494, 507, 503, 507, 494, 386, 464, 407, 445, 482, 395, 447, 481, 480, 528, 507, 532, 529, 540, 486, 505, 532, 467, 500, 502, 422, 538, 549, 485, 520, 488, 551, 492, 532, 492, 477, 505, 535, 546, 522, 508, 530, 537, 547, 468, 506, 497, 450, 509, 478, 475, 477, 501, 481, 537, 491, 442, 478, 485, 480, 478, 505, 482, 516, 445, 419, 414, 489, 456, 455, 498, 504, 523, 495, 439, 437, 445, 426, 471, 475, 454, 428, 429, 486, 473, 553, 442, 396, 465, 473, 490, 496, 456, 477, 489, 448, 492, 460, 497, 493, 498, 501, 539, 482, 464, 493, 488, 444, 484, 444, 521, 463, 481, 504, 507, 506, 489, 531, 491, 488, 487, 482, 438, 538, 542, 556, 561, 427, 327, 380, 399, 394, 467, 416, 445, 425, 471, 486, 424, 396, 421, 449, 389, 461, 459, 480, 430, 459, 423, 425, 428, 424, 458, 385, 515, 420, 481, 472
  n_neurons: 182, 153, 151, 182, 175, 180, 189, 200, 187, 196, 220, 195, 215, 207, 203, 197, 227, 229, 238, 233, 222, 243, 214, 226, 233, 227, 232, 226, 232, 250, 248, 396, 401, 340, 344, 343, 371, 344, 348, 333, 366, 364, 403, 397, 341, 373, 334, 395, 383, 370, 363, 389, 400, 360, 391, 380, 410, 417, 418, 355, 389, 389, 210, 226, 219, 224, 238, 231, 226, 358, 377, 363, 365, 424, 404, 420, 430, 370, 428, 455, 478, 452, 407, 518, 500, 500, 490, 444, 487, 522, 486, 532, 562, 112, 142, 147, 164, 162, 149, 179, 227, 233, 253, 234, 262, 257, 230, 274, 273, 274, 284, 316, 316, 322, 292, 239, 253, 267, 258, 250, 276, 337, 321, 333, 320, 330, 397, 367, 374, 386, 373, 392, 432, 427, 403, 433, 420, 430, 443, 464, 440, 481, 483, 503, 526, 302, 274, 271, 260, 288, 268, 282, 252, 303, 300, 283, 311, 282, 297, 282, 282, 296, 250, 318, 335, 325, 358, 387, 342, 355, 311, 287, 291, 363, 401, 388, 345, 254, 288, 276, 362, 283, 327, 433, 391, 379, 390, 336, 342, 386, 429, 383, 413, 431, 477, 433, 433, 420, 446, 414, 497, 416, 387, 485, 493, 533, 511
  Input range:
    0: [0.0, 0.0] [0.0, 0.0] [0.0, 0.0] [0.0, 0.0] [1.0, 1.0] [1.0, 1.0] [0.0, 0.0] [0.0, 0.0] [1.0, 1.0] [1.0, 1.0] [0.0, 0.0] [0.0, 0.0] [0.0, 0.0] [0.0, 0.0] [1.0, 1.0] [1.0, 1.0] [0.0, 0.0] [0.0, 0.0] [1.0, 1.0] [1.0, 1.0] [0.0, 0.0] [0.0, 0.0] [0.0, 0.0] [0.0, 0.0] [1.0, 1.0] [1.0, 1.0] [0.0, 0.0] [0.0, 0.0] [1.0, 1.0] [1.0, 1.0] [0.0, 0.0] [0.0, 0.0] [0.0, 0.0] [1.0, 1.0] [0.0, 0.0] [1.0, 1.0] [0.0, 0.0] [0.0, 0.0] [1.0, 1.0] [1.0, 1.0] [0.0, 0.0] [0.0, 0.0] [0.0, 0.0] [1.0, 1.0] [0.0, 0.0] [1.0, 1.0] [0.0, 0.0] [0.0, 0.0] [1.0, 1.0] [1.0, 1.0] [0.0, 0.0] [0.0, 0.0] [0.0, 0.0] [1.0, 1.0] [0.0, 0.0] [1.0, 1.0] [0.0, 0.0] [0.0, 0.0] [1.0, 1.0] [1.0, 1.0] [0.0, 0.0] [0.0, 0.0] [0.0, 0.0] [1.0, 1.0] [1.0, 1.0] [0.0, 0.0] [0.0, 0.0] [0.0, 0.0] [1.0, 1.0] [1.0, 1.0] [0.0, 0.0] [0.0, 0.0] [0.0, 0.0] [1.0, 1.0] [1.0, 1.0] [0.0, 0.0] [0.0, 0.0] [0.0, 0.0] [1.0, 1.0] [1.0, 1.0] [0.0, 0.0] [0.0, 0.0] [0.0, 0.0] [1.0, 1.0] [1.0, 1.0] [0.0, 0.0] [0.0, 0.0] [0.0, 0.0] [1.0, 1.0] [1.0, 1.0] [0.0, 0.0] [0.0, 0.0] [0.0, 0.0] [0.0, 0.0] [0.0, 0.0] [0.0, 0.0] [0.0, 0.0] [1.0, 1.0] [1.0, 1.0] [1.0, 1.0] [1.0, 1.0] [0.0, 0.0] [0.0, 0.0] [0.0, 0.0] [0.0, 0.0] [0.0, 0.0] [0.0, 0.0] [1.0, 1.0] [1.0, 1.0] [1.0, 1.0] [1.0, 1.0] [0.0, 0.0] [0.0, 0.0] [0.0, 0.0] [0.0, 0.0] [0.0, 0.0] [1.0, 1.0] [1.0, 1.0] [1.0, 1.0] [0.0, 0.0] [1.0, 1.0] [0.0, 0.0] [0.0, 0.0] [0.0, 0.0] [0.0, 0.0] [0.0, 0.0] [1.0, 1.0] [1.0, 1.0] [1.0, 1.0] [0.0, 0.0] [1.0, 1.0] [0.0, 0.0] [0.0, 0.0] [0.0, 0.0] [0.0, 0.0] [0.0, 0.0] [1.0, 1.0] [1.0, 1.0] [1.0, 1.0] [0.0, 0.0] [1.0, 1.0] [0.0, 0.0] [0.0, 0.0] [0.0, 0.0] [0.0, 0.0] [0.0, 0.0] [0.0, 0.0] [1.0, 1.0] [1.0, 1.0] [0.0, 0.0] [0.0, 0.0] [0.0, 0.0] [1.0, 1.0] [1.0, 1.0] [0.0, 0.0] [0.0, 0.0] [0.0, 0.0] [1.0, 1.0] [1.0, 1.0] [0.0, 0.0] [0.0, 0.0] [0.0, 0.0] [1.0, 1.0] [1.0, 1.0] [0.0, 0.0] [0.0, 0.0] [0.0, 0.0] [1.0, 1.0] [1.0, 1.0] [0.0, 0.0] [0.0, 0.0] [0.0, 0.0] [1.0, 1.0] [1.0, 1.0] [0.0, 0.0] [0.0, 0.0] [0.0, 0.0] [1.0, 1.0] [1.0, 1.0] [0.0, 0.0] [0.0, 0.0] [1.0, 1.0] [0.0, 0.0] [1.0, 1.0] [0.0, 0.0] [0.0, 0.0] [0.0, 0.0] [1.0, 1.0] [1.0, 1.0] [0.0, 0.0] [0.0, 0.0] [1.0, 1.0] [0.0, 0.0] [1.0, 1.0] [0.0, 0.0] [0.0, 0.0] [0.0, 0.0] [1.0, 1.0] [1.0, 1.0] [0.0, 0.0] [0.0, 0.0] [1.0, 1.0] [0.0, 0.0] [1.0, 1.0] [0.0, 0.0] [0.0, 0.0] [0.0, 0.0] 
    1: [0.0, 0.0] [0.0, 0.0] [0.0, 0.0] [0.0, 0.0] [0.0, 0.0] [0.0, 0.0] [0.0, 0.0] [1.0, 1.0] [0.0, 0.0] [0.0, 0.0] [0.0, 0.0] [0.0, 0.0] [0.0, 0.0] [0.0, 0.0] [0.0, 0.0] [0.0, 0.0] [0.0, 0.0] [1.0, 1.0] [0.0, 0.0] [0.0, 0.0] [0.0, 0.0] [0.0, 0.0] [0.0, 0.0] [0.0, 0.0] [0.0, 0.0] [0.0, 0.0] [0.0, 0.0] [1.0, 1.0] [0.0, 0.0] [0.0, 0.0] [0.0, 0.0] [0.0, 0.0] [0.0, 0.0] [0.0, 0.0] [1.0, 1.0] [0.0, 0.0] [0.0, 0.0] [0.0, 0.0] [0.0, 0.0] [0.0, 0.0] [0.0, 0.0] [0.0, 0.0] [0.0, 0.0] [0.0, 0.0] [1.0, 1.0] [0.0, 0.0] [0.0, 0.0] [0.0, 0.0] [0.0, 0.0] [0.0, 0.0] [0.0, 0.0] [0.0, 0.0] [0.0, 0.0] [0.0, 0.0] [1.0, 1.0] [0.0, 0.0] [0.0, 0.0] [0.0, 0.0] [0.0, 0.0] [0.0, 0.0] [0.0, 0.0] [0.0, 0.0] [0.0, 0.0] [0.0, 0.0] [0.0, 0.0] [0.0, 0.0] [0.0, 0.0] [0.0, 0.0] [0.0, 0.0] [0.0, 0.0] [0.0, 0.0] [1.0, 1.0] [0.0, 0.0] [0.0, 0.0] [0.0, 0.0] [0.0, 0.0] [0.0, 0.0] [0.0, 0.0] [0.0, 0.0] [0.0, 0.0] [0.0, 0.0] [1.0, 1.0] [0.0, 0.0] [0.0, 0.0] [0.0, 0.0] [0.0, 0.0] [0.0, 0.0] [0.0, 0.0] [0.0, 0.0] [0.0, 0.0] [0.0, 0.0] [1.0, 1.0] [0.0, 0.0] [0.0, 0.0] [0.0, 0.0] [1.0, 1.0] [0.0, 0.0] [0.0, 0.0] [0.0, 0.0] [0.0, 0.0] [0.0, 0.0] [0.0, 0.0] [0.0, 0.0] [0.0, 0.0] [0.0, 0.0] [1.0, 1.0] [0.0, 0.0] [0.0, 0.0] [0.0, 0.0] [0.0, 0.0] [0.0, 0.0] [0.0, 0.0] [0.0, 0.0] [0.0, 0.0] [0.0, 0.0] [1.0, 1.0] [0.0, 0.0] [0.0, 0.0] [0.0, 0.0] [0.0, 0.0] [0.0, 0.0] [0.0, 0.0] [0.0, 0.0] [0.0, 0.0] [0.0, 0.0] [1.0, 1.0] [0.0, 0.0] [0.0, 0.0] [0.0, 0.0] [0.0, 0.0] [0.0, 0.0] [0.0, 0.0] [0.0, 0.0] [0.0, 0.0] [0.0, 0.0] [1.0, 1.0] [0.0, 0.0] [0.0, 0.0] [0.0, 0.0] [0.0, 0.0] [0.0, 0.0] [0.0, 0.0] [0.0, 0.0] [0.0, 0.0] [0.0, 0.0] [0.0, 0.0] [0.0, 0.0] [0.0, 0.0] [0.0, 0.0] [0.0, 0.0] [0.0, 0.0] [1.0, 1.0] [0.0, 0.0] [0.0, 0.0] [0.0, 0.0] [0.0, 0.0] [0.0, 0.0] [0.0, 0.0] [0.0, 0.0] [0.0, 0.0] [0.0, 0.0] [1.0, 1.0] [0.0, 0.0] [0.0, 0.0] [0.0, 0.0] [0.0, 0.0] [0.0, 0.0] [0.0, 0.0] [0.0, 0.0] [0.0, 0.0] [0.0, 0.0] [1.0, 1.0] [0.0, 0.0] [0.0, 0.0] [0.0, 0.0] [0.0, 0.0] [0.0, 0.0] [0.0, 0.0] [0.0, 0.0] [1.0, 1.0] [0.0, 0.0] [0.0, 0.0] [0.0, 0.0] [0.0, 0.0] [0.0, 0.0] [0.0, 0.0] [0.0, 0.0] [0.0, 0.0] [0.0, 0.0] [1.0, 1.0] [0.0, 0.0] [0.0, 0.0] [0.0, 0.0] [0.0, 0.0] [0.0, 0.0] [0.0, 0.0] [0.0, 0.0] [0.0, 0.0] [0.0, 0.0] [1.0, 1.0] [0.0, 0.0] [0.0, 0.0] [0.0, 0.0] [0.0, 0.0] [0.0, 0.0] [0.0, 0.0] [0.0, 0.0] 
    2: [0.0, 0.0] [0.0, 0.0] [0.0, 0.0] [0.0, 0.0] [0.0, 0.0] [1.0, 1.0] [0.0, 0.0] [1.0, 1.0] [0.0, 0.0] [0.0, 0.0] [0.0, 0.0] [0.0, 0.0] [0.0, 0.0] [0.0, 0.0] [0.0, 0.0] [1.0, 1.0] [0.0, 0.0] [1.0, 1.0] [0.0, 0.0] [0.0, 0.0] [0.0, 0.0] [0.0, 0.0] [0.0, 0.0] [0.0, 0.0] [0.0, 0.0] [1.0, 1.0] [0.0, 0.0] [1.0, 1.0] [0.0, 0.0] [0.0, 0.0] [0.0, 0.0] [0.0, 0.0] [0.0, 0.0] [1.0, 1.0] [1.0, 1.0] [0.0, 0.0] [0.0, 0.0] [0.0, 0.0] [0.0, 0.0] [0.0, 0.0] [0.0, 0.0] [0.0, 0.0] [0.0, 0.0] [1.0, 1.0] [1.0, 1.0] [0.0, 0.0] [0.0, 0.0] [0.0, 0.0] [0.0, 0.0] [0.0, 0.0] [0.0, 0.0] [0.0, 0.0] [0.0, 0.0] [1.0, 1.0] [1.0, 1.0] [0.0, 0.0] [0.0, 0.0] [0.0, 0.0] [0.0, 0.0] [0.0, 0.0] [0.0, 0.0] [0.0, 0.0] [0.0, 0.0] [1.0, 1.0] [0.0, 0.0] [0.0, 0.0] [0.0, 0.0] [0.0, 0.0] [0.0, 0.0] [0.0, 0.0] [0.0, 0.0] [1.0, 1.0] [0.0, 0.0] [1.0, 1.0] [0.0, 0.0] [0.0, 0.0] [0.0, 0.0] [0.0, 0.0] [0.0, 0.0] [0.0, 0.0] [0.0, 0.0] [1.0, 1.0] [0.0, 0.0] [1.0, 1.0] [0.0, 0.0] [0.0, 0.0] [0.0, 0.0] [0.0, 0.0] [0.0, 0.0] [0.0, 0.0] [0.0, 0.0] [1.0, 1.0] [0.0, 0.0] [0.0, 0.0] [0.0, 0.0] [1.0, 1.0] [0.0, 0.0] [0.0, 0.0] [0.0, 0.0] [1.0, 1.0] [0.0, 0.0] [0.0, 0.0] [0.0, 0.0] [0.0, 0.0] [0.0, 0.0] [1.0, 1.0] [0.0, 0.0] [0.0, 0.0] [0.0, 0.0] [1.0, 1.0] [0.0, 0.0] [0.0, 0.0] [0.0, 0.0] [0.0, 0.0] [0.0, 0.0] [1.0, 1.0] [0.0, 0.0] [0.0, 0.0] [0.0, 0.0] [0.0, 0.0] [1.0, 1.0] [0.0, 0.0] [0.0, 0.0] [0.0, 0.0] [0.0, 0.0] [1.0, 1.0] [0.0, 0.0] [0.0, 0.0] [0.0, 0.0] [0.0, 0.0] [1.0, 1.0] [0.0, 0.0] [0.0, 0.0] [0.0, 0.0] [0.0, 0.0] [1.0, 1.0] [0.0, 0.0] [0.0, 0.0] [0.0, 0.0] [0.0, 0.0] [1.0, 1.0] [0.0, 0.0] [0.0, 0.0] [0.0, 0.0] [0.0, 0.0] [0.0, 0.0] [0.0, 0.0] [0.0, 0.0] [1.0, 1.0] [0.0, 0.0] [0.0, 0.0] [1.0, 1.0] [0.0, 0.0] [0.0, 0.0] [0.0, 0.0] [0.0, 0.0] [0.0, 0.0] [0.0, 0.0] [1.0, 1.0] [0.0, 0.0] [0.0, 0.0] [1.0, 1.0] [0.0, 0.0] [0.0, 0.0] [0.0, 0.0] [0.0, 0.0] [0.0, 0.0] [0.0, 0.0] [1.0, 1.0] [0.0, 0.0] [0.0, 0.0] [1.0, 1.0] [0.0, 0.0] [0.0, 0.0] [0.0, 0.0] [0.0, 0.0] [0.0, 0.0] [0.0, 0.0] [0.0, 0.0] [1.0, 1.0] [0.0, 0.0] [1.0, 1.0] [0.0, 0.0] [0.0, 0.0] [0.0, 0.0] [0.0, 0.0] [0.0, 0.0] [0.0, 0.0] [0.0, 0.0] [1.0, 1.0] [0.0, 0.0] [1.0, 1.0] [0.0, 0.0] [0.0, 0.0] [0.0, 0.0] [0.0, 0.0] [0.0, 0.0] [0.0, 0.0] [0.0, 0.0] [1.0, 1.0] [0.0, 0.0] [1.0, 1.0] [0.0, 0.0] [0.0, 0.0] [0.0, 0.0] [0.0, 0.0] [0.0, 0.0] 
    3: [0.0, 0.0] [0.0, 0.0] [1.0, 1.0] [0.0, 0.0] [1.0, 1.0] [0.0, 0.0] [1.0, 1.0] [0.0, 0.0] [0.0, 0.0] [0.0, 0.0] [0.0, 0.0] [0.0, 0.0] [1.0, 1.0] [0.0, 0.0] [1.0, 1.0] [0.0, 0.0] [1.0, 1.0] [0.0, 0.0] [0.0, 0.0] [0.0, 0.0] [0.0, 0.0] [0.0, 0.0] [1.0, 1.0] [0.0, 0.0] [1.0, 1.0] [0.0, 0.0] [1.0, 1.0] [0.0, 0.0] [0.0, 0.0] [0.0, 0.0] [0.0, 0.0] [0.0, 0.0] [0.0, 0.0] [0.0, 0.0] [0.0, 0.0] [0.0, 0.0] [1.0, 1.0] [0.0, 0.0] [0.0, 0.0] [1.0, 1.0] [1.0, 1.0] [0.0, 0.0] [0.0, 0.0] [0.0, 0.0] [0.0, 0.0] [0.0, 0.0] [1.0, 1.0] [0.0, 0.0] [0.0, 0.0] [1.0, 1.0] [1.0, 1.0] [0.0, 0.0] [0.0, 0.0] [0.0, 0.0] [0.0, 0.0] [0.0, 0.0] [1.0, 1.0] [0.0, 0.0] [0.0, 0.0] [1.0, 1.0] [1.0, 1.0] [0.0, 0.0] [0.0, 0.0] [0.0, 0.0] [0.0, 0.0] [0.0, 0.0] [0.0, 0.0] [1.0, 1.0] [1.0, 1.0] [0.0, 0.0] [1.0, 1.0] [0.0, 0.0] [0.0, 0.0] [0.0, 0.0] [0.0, 0.0] [0.0, 0.0] [0.0, 0.0] [1.0, 1.0] [1.0, 1.0] [0.0, 0.0] [1.0, 1.0] [0.0, 0.0] [0.0, 0.0] [0.0, 0.0] [0.0, 0.0] [0.0, 0.0] [0.0, 0.0] [1.0, 1.0] [1.0, 1.0] [0.0, 0.0] [1.0, 1.0] [0.0, 0.0] [0.0, 0.0] [0.0, 0.0] [0.0, 0.0] [0.0, 0.0] [0.0, 0.0] [0.0, 0.0] [1.0, 1.0] [0.0, 0.0] [0.0, 0.0] [1.0, 1.0] [1.0, 1.0] [0.0, 0.0] [0.0, 0.0] [0.0, 0.0] [0.0, 0.0] [0.0, 0.0] [1.0, 1.0] [0.0, 0.0] [0.0, 0.0] [1.0, 1.0] [1.0, 1.0] [0.0, 0.0] [0.0, 0.0] [0.0, 0.0] [0.0, 0.0] [0.0, 0.0] [1.0, 1.0] [1.0, 1.0] [0.0, 0.0] [0.0, 0.0] [0.0, 0.0] [1.0, 1.0] [0.0, 0.0] [0.0, 0.0] [0.0, 0.0] [0.0, 0.0] [1.0, 1.0] [1.0, 1.0] [0.0, 0.0] [0.0, 0.0] [0.0, 0.0] [1.0, 1.0] [0.0, 0.0] [0.0, 0.0] [0.0, 0.0] [0.0, 0.0] [1.0, 1.0] [1.0, 1.0] [0.0, 0.0] [0.0, 0.0] [0.0, 0.0] [1.0, 1.0] [0.0, 0.0] [0.0, 0.0] [1.0, 1.0] [0.0, 0.0] [0.0, 0.0] [0.0, 0.0] [1.0, 1.0] [0.0, 0.0] [1.0, 1.0] [0.0, 0.0] [0.0, 0.0] [0.0, 0.0] [1.0, 1.0] [0.0, 0.0] [0.0, 0.0] [0.0, 0.0] [1.0, 1.0] [0.0, 0.0] [1.0, 1.0] [0.0, 0.0] [0.0, 0.0] [0.0, 0.0] [1.0, 1.0] [0.0, 0.0] [0.0, 0.0] [0.0, 0.0] [1.0, 1.0] [0.0, 0.0] [1.0, 1.0] [0.0, 0.0] [0.0, 0.0] [0.0, 0.0] [0.0, 0.0] [1.0, 1.0] [0.0, 0.0] [0.0, 0.0] [1.0, 1.0] [0.0, 0.0] [1.0, 1.0] [0.0, 0.0] [0.0, 0.0] [0.0, 0.0] [0.0, 0.0] [1.0, 1.0] [0.0, 0.0] [0.0, 0.0] [1.0, 1.0] [0.0, 0.0] [1.0, 1.0] [0.0, 0.0] [0.0, 0.0] [0.0, 0.0] [0.0, 0.0] [1.0, 1.0] [0.0, 0.0] [0.0, 0.0] [1.0, 1.0] [0.0, 0.0] [1.0, 1.0] [0.0, 0.0] [0.0, 0.0] [0.0, 0.0] [0.0, 0.0] 
    4: [0.0, 0.0] [1.0, 1.0] [0.0, 0.0] [1.0, 1.0] [0.0, 0.0] [0.0, 0.0] [0.0, 0.0] [1.0, 1.0] [1.0, 1.0] [0.0, 0.0] [0.0, 0.0] [1.0, 1.0] [0.0, 0.0] [1.0, 1.0] [0.0, 0.0] [0.0, 0.0] [0.0, 0.0] [1.0, 1.0] [1.0, 1.0] [0.0, 0.0] [0.0, 0.0] [1.0, 1.0] [0.0, 0.0] [1.0, 1.0] [0.0, 0.0] [0.0, 0.0] [0.0, 0.0] [1.0, 1.0] [1.0, 1.0] [0.0, 0.0] [0.0, 0.0] [0.0, 0.0] [1.0, 1.0] [0.0, 0.0] [1.0, 1.0] [0.0, 0.0] [0.0, 0.0] [1.0, 1.0] [1.0, 1.0] [0.0, 0.0] [0.0, 0.0] [0.0, 0.0] [1.0, 1.0] [0.0, 0.0] [1.0, 1.0] [0.0, 0.0] [0.0, 0.0] [1.0, 1.0] [1.0, 1.0] [0.0, 0.0] [0.0, 0.0] [0.0, 0.0] [1.0, 1.0] [0.0, 0.0] [1.0, 1.0] [0.0, 0.0] [0.0, 0.0] [1.0, 1.0] [1.0, 1.0] [0.0, 0.0] [0.0, 0.0] [0.0, 0.0] [0.0, 0.0] [0.0, 0.0] [1.0, 1.0] [1.0, 1.0] [1.0, 1.0] [0.0, 0.0] [0.0, 0.0] [0.0, 0.0] [0.0, 0.0] [1.0, 1.0] [0.0, 0.0] [0.0, 0.0] [1.0, 1.0] [1.0, 1.0] [1.0, 1.0] [0.0, 0.0] [0.0, 0.0] [0.0, 0.0] [0.0, 0.0] [1.0, 1.0] [0.0, 0.0] [0.0, 0.0] [1.0, 1.0] [1.0, 1.0] [1.0, 1.0] [0.0, 0.0] [0.0, 0.0] [0.0, 0.0] [0.0, 0.0] [1.0, 1.0] [0.0, 0.0] [0.0, 0.0] [1.0, 1.0] [1.0, 1.0] [1.0, 1.0] [1.0, 1.0] [0.0, 0.0] [0.0, 0.0] [0.0, 0.0] [0.0, 0.0] [0.0, 0.0] [0.0, 0.0] [1.0, 1.0] [1.0, 1.0] [1.0, 1.0] [1.0, 1.0] [0.0, 0.0] [0.0, 0.0] [0.0, 0.0] [0.0, 0.0] [0.0, 0.0] [0.0, 0.0] [0.0, 0.0] [1.0, 1.0] [1.0, 1.0] [0.0, 0.0] [0.0, 0.0] [0.0, 0.0] [0.0, 0.0] [1.0, 1.0] [1.0, 1.0] [0.0, 0.0] [0.0, 0.0] [1.0, 1.0] [1.0, 1.0] [0.0, 0.0] [0.0, 0.0] [0.0, 0.0] [0.0, 0.0] [1.0, 1.0] [1.0, 1.0] [0.0, 0.0] [0.0, 0.0] [1.0, 1.0] [1.0, 1.0] [0.0, 0.0] [0.0, 0.0] [0.0, 0.0] [0.0, 0.0] [1.0, 1.0] [1.0, 1.0] [0.0, 0.0] [0.0, 0.0] [0.0, 0.0] [0.0, 0.0] [1.0, 1.0] [0.0, 0.0] [1.0, 1.0] [0.0, 0.0] [1.0, 1.0] [0.0, 0.0] [0.0, 0.0] [1.0, 1.0] [0.0, 0.0] [0.0, 0.0] [1.0, 1.0] [0.0, 0.0] [1.0, 1.0] [0.0, 0.0] [1.0, 1.0] [0.0, 0.0] [0.0, 0.0] [1.0, 1.0] [0.0, 0.0] [0.0, 0.0] [1.0, 1.0] [0.0, 0.0] [1.0, 1.0] [0.0, 0.0] [1.0, 1.0] [0.0, 0.0] [0.0, 0.0] [1.0, 1.0] [0.0, 0.0] [0.0, 0.0] [0.0, 0.0] [0.0, 0.0] [1.0, 1.0] [0.0, 0.0] [0.0, 0.0] [0.0, 0.0] [1.0, 1.0] [1.0, 1.0] [1.0, 1.0] [0.0, 0.0] [0.0, 0.0] [0.0, 0.0] [1.0, 1.0] [0.0, 0.0] [0.0, 0.0] [0.0, 0.0] [1.0, 1.0] [1.0, 1.0] [1.0, 1.0] [0.0, 0.0] [0.0, 0.0] [0.0, 0.0] [1.0, 1.0] [0.0, 0.0] [0.0, 0.0] [0.0, 0.0] [1.0, 1.0] [1.0, 1.0] [1.0, 1.0] [0.0, 0.0] 
    5: [0.0, 0.0] [0.0, 0.0] [1.0, 1.0] [1.0, 1.0] [0.0, 0.0] [0.0, 0.0] [1.0, 1.0] [1.0, 1.0] [0.0, 0.0] [0.0, 0.0] [0.0, 0.0] [0.0, 0.0] [1.0, 1.0] [1.0, 1.0] [0.0, 0.0] [0.0, 0.0] [1.0, 1.0] [1.0, 1.0] [0.0, 0.0] [0.0, 0.0] [0.0, 0.0] [0.0, 0.0] [1.0, 1.0] [1.0, 1.0] [0.0, 0.0] [0.0, 0.0] [1.0, 1.0] [1.0, 1.0] [0.0, 0.0] [0.0, 0.0] [0.0, 0.0] [0.0, 0.0] [0.0, 0.0] [0.0, 0.0] [1.0, 1.0] [0.0, 0.0] [1.0, 1.0] [1.0, 1.0] [0.0, 0.0] [0.0, 0.0] [1.0, 1.0] [0.0, 0.0] [0.0, 0.0] [0.0, 0.0] [1.0, 1.0] [0.0, 0.0] [1.0, 1.0] [1.0, 1.0] [0.0, 0.0] [0.0, 0.0] [1.0, 1.0] [0.0, 0.0] [0.0, 0.0] [0.0, 0.0] [1.0, 1.0] [0.0, 0.0] [1.0, 1.0] [1.0, 1.0] [0.0, 0.0] [0.0, 0.0] [1.0, 1.0] [0.0, 0.0] [0.0, 0.0] [0.0, 0.0] [0.0, 0.0] [0.0, 0.0] [1.0, 1.0] [1.0, 1.0] [0.0, 0.0] [0.0, 0.0] [1.0, 1.0] [1.0, 1.0] [0.0, 0.0] [0.0, 0.0] [0.0, 0.0] [0.0, 0.0] [1.0, 1.0] [1.0, 1.0] [0.0, 0.0] [0.0, 0.0] [1.0, 1.0] [1.0, 1.0] [0.0, 0.0] [0.0, 0.0] [0.0, 0.0] [0.0, 0.0] [1.0, 1.0] [1.0, 1.0] [0.0, 0.0] [0.0, 0.0] [1.0, 1.0] [1.0, 1.0] [0.0, 0.0] [0.0, 0.0] [0.0, 0.0] [1.0, 1.0] [1.0, 1.0] [0.0, 0.0] [0.0, 0.0] [0.0, 0.0] [0.0, 0.0] [1.0, 1.0] [1.0, 1.0] [0.0, 0.0] [0.0, 0.0] [1.0, 1.0] [1.0, 1.0] [0.0, 0.0] [0.0, 0.0] [0.0, 0.0] [0.0, 0.0] [1.0, 1.0] [1.0, 1.0] [0.0, 0.0] [0.0, 0.0] [1.0, 1.0] [0.0, 0.0] [0.0, 0.0] [0.0, 0.0] [1.0, 1.0] [0.0, 0.0] [0.0, 0.0] [1.0, 1.0] [1.0, 1.0] [0.0, 0.0] [1.0, 1.0] [0.0, 0.0] [0.0, 0.0] [0.0, 0.0] [1.0, 1.0] [0.0, 0.0] [0.0, 0.0] [1.0, 1.0] [1.0, 1.0] [0.0, 0.0] [1.0, 1.0] [0.0, 0.0] [0.0, 0.0] [0.0, 0.0] [1.0, 1.0] [0.0, 0.0] [0.0, 0.0] [1.0, 1.0] [1.0, 1.0] [0.0, 0.0] [0.0, 0.0] [1.0, 1.0] [0.0, 0.0] [0.0, 0.0] [0.0, 0.0] [1.0, 1.0] [1.0, 1.0] [0.0, 0.0] [0.0, 0.0] [1.0, 1.0] [0.0, 0.0] [1.0, 1.0] [0.0, 0.0] [0.0, 0.0] [0.0, 0.0] [1.0, 1.0] [1.0, 1.0] [0.0, 0.0] [0.0, 0.0] [1.0, 1.0] [0.0, 0.0] [1.0, 1.0] [0.0, 0.0] [0.0, 0.0] [0.0, 0.0] [1.0, 1.0] [1.0, 1.0] [0.0, 0.0] [0.0, 0.0] [1.0, 1.0] [0.0, 0.0] [0.0, 0.0] [0.0, 0.0] [0.0, 0.0] [1.0, 1.0] [1.0, 1.0] [0.0, 0.0] [1.0, 1.0] [0.0, 0.0] [0.0, 0.0] [1.0, 1.0] [0.0, 0.0] [0.0, 0.0] [0.0, 0.0] [1.0, 1.0] [1.0, 1.0] [0.0, 0.0] [1.0, 1.0] [0.0, 0.0] [0.0, 0.0] [1.0, 1.0] [0.0, 0.0] [0.0, 0.0] [0.0, 0.0] [1.0, 1.0] [1.0, 1.0] [0.0, 0.0] [1.0, 1.0] [0.0, 0.0] [0.0, 0.0] [1.0, 1.0] [0.0, 0.0] 
    6: [0.0, 0.0] [0.0, 0.0] [1.0, 1.0] [0.0, 0.0] [1.0, 1.0] [1.0, 1.0] [0.0, 0.0] [0.0, 0.0] [0.0, 0.0] [0.0, 0.0] [0.0, 0.0] [0.0, 0.0] [1.0, 1.0] [0.0, 0.0] [1.0, 1.0] [1.0, 1.0] [0.0, 0.0] [0.0, 0.0] [0.0, 0.0] [0.0, 0.0] [0.0, 0.0] [0.0, 0.0] [1.0, 1.0] [0.0, 0.0] [1.0, 1.0] [1.0, 1.0] [0.0, 0.0] [0.0, 0.0] [0.0, 0.0] [0.0, 0.0] [0.0, 0.0] [0.0, 0.0] [0.0, 0.0] [1.0, 1.0] [0.0, 0.0] [0.0, 0.0] [0.0, 0.0] [0.0, 0.0] [0.0, 0.0] [1.0, 1.0] [1.0, 1.0] [0.0, 0.0] [0.0, 0.0] [1.0, 1.0] [0.0, 0.0] [0.0, 0.0] [0.0, 0.0] [0.0, 0.0] [0.0, 0.0] [1.0, 1.0] [1.0, 1.0] [0.0, 0.0] [0.0, 0.0] [1.0, 1.0] [0.0, 0.0] [0.0, 0.0] [0.0, 0.0] [0.0, 0.0] [0.0, 0.0] [1.0, 1.0] [1.0, 1.0] [0.0, 0.0] [0.0, 0.0] [1.0, 1.0] [0.0, 0.0] [0.0, 0.0] [0.0, 0.0] [1.0, 1.0] [1.0, 1.0] [0.0, 0.0] [0.0, 0.0] [0.0, 0.0] [0.0, 0.0] [1.0, 1.0] [0.0, 0.0] [0.0, 0.0] [0.0, 0.0] [1.0, 1.0] [1.0, 1.0] [0.0, 0.0] [0.0, 0.0] [0.0, 0.0] [0.0, 0.0] [1.0, 1.0] [0.0, 0.0] [0.0, 0.0] [0.0, 0.0] [1.0, 1.0] [1.0, 1.0] [0.0, 0.0] [0.0, 0.0] [0.0, 0.0] [0.0, 0.0] [0.0, 0.0] [0.0, 0.0] [0.0, 0.0] [0.0, 0.0] [0.0, 0.0] [1.0, 1.0] [1.0, 1.0] [0.0, 0.0] [0.0, 0.0] [1.0, 1.0] [0.0, 0.0] [0.0, 0.0] [0.0, 0.0] [0.0, 0.0] [0.0, 0.0] [1.0, 1.0] [1.0, 1.0] [0.0, 0.0] [0.0, 0.0] [1.0, 1.0] [0.0, 0.0] [0.0, 0.0] [0.0, 0.0] [0.0, 0.0] [0.0, 0.0] [1.0, 1.0] [0.0, 0.0] [1.0, 1.0] [0.0, 0.0] [0.0, 0.0] [1.0, 1.0] [0.0, 0.0] [0.0, 0.0] [0.0, 0.0] [0.0, 0.0] [1.0, 1.0] [0.0, 0.0] [1.0, 1.0] [0.0, 0.0] [0.0, 0.0] [1.0, 1.0] [0.0, 0.0] [0.0, 0.0] [0.0, 0.0] [0.0, 0.0] [1.0, 1.0] [0.0, 0.0] [1.0, 1.0] [0.0, 0.0] [0.0, 0.0] [1.0, 1.0] [0.0, 0.0] [0.0, 0.0] [1.0, 1.0] [0.0, 0.0] [1.0, 1.0] [0.0, 0.0] [0.0, 0.0] [0.0, 0.0] [1.0, 1.0] [0.0, 0.0] [0.0, 0.0] [0.0, 0.0] [1.0, 1.0] [0.0, 0.0] [1.0, 1.0] [0.0, 0.0] [0.0, 0.0] [0.0, 0.0] [1.0, 1.0] [0.0, 0.0] [0.0, 0.0] [0.0, 0.0] [1.0, 1.0] [0.0, 0.0] [1.0, 1.0] [0.0, 0.0] [0.0, 0.0] [0.0, 0.0] [1.0, 1.0] [0.0, 0.0] [0.0, 0.0] [0.0, 0.0] [0.0, 0.0] [1.0, 1.0] [0.0, 0.0] [0.0, 0.0] [0.0, 0.0] [1.0, 1.0] [1.0, 1.0] [0.0, 0.0] [0.0, 0.0] [0.0, 0.0] [0.0, 0.0] [1.0, 1.0] [0.0, 0.0] [0.0, 0.0] [0.0, 0.0] [1.0, 1.0] [1.0, 1.0] [0.0, 0.0] [0.0, 0.0] [0.0, 0.0] [0.0, 0.0] [1.0, 1.0] [0.0, 0.0] [0.0, 0.0] [0.0, 0.0] [1.0, 1.0] [1.0, 1.0] [0.0, 0.0] [0.0, 0.0] [0.0, 0.0] [0.0, 0.0] 
    7: [0.0, 0.0] [0.0, 0.0] [0.0, 0.0] [0.0, 0.0] [0.0, 0.0] [0.0, 0.0] [0.0, 0.0] [0.0, 0.0] [0.0, 0.0] [0.0, 0.0] [0.0, 0.0] [0.0, 0.0] [0.0, 0.0] [0.0, 0.0] [0.0, 0.0] [0.0, 0.0] [0.0, 0.0] [0.0, 0.0] [0.0, 0.0] [0.0, 0.0] [0.0, 0.0] [0.0, 0.0] [0.0, 0.0] [0.0, 0.0] [0.0, 0.0] [0.0, 0.0] [0.0, 0.0] [0.0, 0.0] [0.0, 0.0] [0.0, 0.0] [0.0, 0.0] [0.0, 0.0] [0.0, 0.0] [0.0, 0.0] [0.0, 0.0] [0.0, 0.0] [0.0, 0.0] [0.0, 0.0] [0.0, 0.0] [0.0, 0.0] [0.0, 0.0] [0.0, 0.0] [0.0, 0.0] [0.0, 0.0] [0.0, 0.0] [0.0, 0.0] [0.0, 0.0] [0.0, 0.0] [0.0, 0.0] [0.0, 0.0] [0.0, 0.0] [0.0, 0.0] [0.0, 0.0] [0.0, 0.0] [0.0, 0.0] [0.0, 0.0] [0.0, 0.0] [0.0, 0.0] [0.0, 0.0] [0.0, 0.0] [0.0, 0.0] [0.0, 0.0] [0.0, 0.0] [0.0, 0.0] [0.0, 0.0] [0.0, 0.0] [0.0, 0.0] [0.0, 0.0] [0.0, 0.0] [0.0, 0.0] [0.0, 0.0] [0.0, 0.0] [0.0, 0.0] [0.0, 0.0] [0.0, 0.0] [0.0, 0.0] [0.0, 0.0] [0.0, 0.0] [0.0, 0.0] [0.0, 0.0] [0.0, 0.0] [0.0, 0.0] [0.0, 0.0] [0.0, 0.0] [0.0, 0.0] [0.0, 0.0] [0.0, 0.0] [0.0, 0.0] [0.0, 0.0] [0.0, 0.0] [0.0, 0.0] [0.0, 0.0] [0.0, 0.0] [0.0, 0.0] [0.0, 0.0] [0.0, 0.0] [0.0, 0.0] [0.0, 0.0] [0.0, 0.0] [0.0, 0.0] [0.0, 0.0] [0.0, 0.0] [0.0, 0.0] [0.0, 0.0] [0.0, 0.0] [0.0, 0.0] [0.0, 0.0] [0.0, 0.0] [0.0, 0.0] [0.0, 0.0] [0.0, 0.0] [0.0, 0.0] [0.0, 0.0] [0.0, 0.0] [0.0, 0.0] [0.0, 0.0] [0.0, 0.0] [0.0, 0.0] [0.0, 0.0] [0.0, 0.0] [0.0, 0.0] [0.0, 0.0] [0.0, 0.0] [0.0, 0.0] [0.0, 0.0] [0.0, 0.0] [0.0, 0.0] [0.0, 0.0] [0.0, 0.0] [0.0, 0.0] [0.0, 0.0] [0.0, 0.0] [0.0, 0.0] [0.0, 0.0] [0.0, 0.0] [0.0, 0.0] [0.0, 0.0] [0.0, 0.0] [0.0, 0.0] [0.0, 0.0] [0.0, 0.0] [0.0, 0.0] [0.0, 0.0] [0.0, 0.0] [0.0, 0.0] [0.0, 0.0] [0.0, 0.0] [0.0, 0.0] [0.0, 0.0] [0.0, 0.0] [0.0, 0.0] [0.0, 0.0] [0.0, 0.0] [0.0, 0.0] [0.0, 0.0] [0.0, 0.0] [0.0, 0.0] [0.0, 0.0] [0.0, 0.0] [0.0, 0.0] [0.0, 0.0] [0.0, 0.0] [0.0, 0.0] [0.0, 0.0] [0.0, 0.0] [0.0, 0.0] [0.0, 0.0] [0.0, 0.0] [0.0, 0.0] [0.0, 0.0] [0.0, 0.0] [0.0, 0.0] [0.0, 0.0] [0.0, 0.0] [0.0, 0.0] [0.0, 0.0] [0.0, 0.0] [0.0, 0.0] [0.0, 0.0] [0.0, 0.0] [0.0, 0.0] [0.0, 0.0] [0.0, 0.0] [0.0, 0.0] [0.0, 0.0] [0.0, 0.0] [0.0, 0.0] [0.0, 0.0] [0.0, 0.0] [0.0, 0.0] [0.0, 0.0] [0.0, 0.0] [0.0, 0.0] [0.0, 0.0] [0.0, 0.0] [0.0, 0.0] [0.0, 0.0] [0.0, 0.0] [0.0, 0.0] [0.0, 0.0] [0.0, 0.0] [0.0, 0.0] [0.0, 0.0] [0.0, 0.0] [0.0, 0.0] [0.0, 0.0] [0.0, 0.0] 
    8: [0.0, 0.0] [0.0, 0.0] [1.0, 1.0] [0.0, 0.0] [0.0, 0.0] [1.0, 1.0] [0.0, 0.0] [0.0, 0.0] [0.0, 0.0] [1.0, 1.0] [0.0, 0.0] [0.0, 0.0] [1.0, 1.0] [0.0, 0.0] [0.0, 0.0] [1.0, 1.0] [0.0, 0.0] [0.0, 0.0] [0.0, 0.0] [1.0, 1.0] [0.0, 0.0] [0.0, 0.0] [1.0, 1.0] [0.0, 0.0] [0.0, 0.0] [1.0, 1.0] [0.0, 0.0] [0.0, 0.0] [0.0, 0.0] [1.0, 1.0] [0.0, 0.0] [0.0, 0.0] [0.0, 0.0] [1.0, 1.0] [0.0, 0.0] [1.0, 1.0] [0.0, 0.0] [0.0, 0.0] [0.0, 0.0] [0.0, 0.0] [1.0, 1.0] [0.0, 0.0] [0.0, 0.0] [1.0, 1.0] [0.0, 0.0] [1.0, 1.0] [0.0, 0.0] [0.0, 0.0] [0.0, 0.0] [0.0, 0.0] [1.0, 1.0] [0.0, 0.0] [0.0, 0.0] [1.0, 1.0] [0.0, 0.0] [1.0, 1.0] [0.0, 0.0] [0.0, 0.0] [0.0, 0.0] [0.0, 0.0] [1.0, 1.0] [0.0, 0.0] [0.0, 0.0] [1.0, 1.0] [0.0, 0.0] [0.0, 0.0] [0.0, 0.0] [1.0, 1.0] [0.0, 0.0] [1.0, 1.0] [0.0, 0.0] [0.0, 0.0] [0.0, 0.0] [1.0, 1.0] [0.0, 0.0] [0.0, 0.0] [0.0, 0.0] [1.0, 1.0] [0.0, 0.0] [1.0, 1.0] [0.0, 0.0] [0.0, 0.0] [0.0, 0.0] [1.0, 1.0] [0.0, 0.0] [0.0, 0.0] [0.0, 0.0] [1.0, 1.0] [0.0, 0.0] [1.0, 1.0] [0.0, 0.0] [0.0, 0.0] [0.0, 0.0] [0.0, 0.0] [0.0, 0.0] [0.0, 0.0] [0.0, 0.0] [0.0, 0.0] [0.0, 0.0] [1.0, 1.0] [1.0, 1.0] [0.0, 0.0] [1.0, 1.0] [0.0, 0.0] [0.0, 0.0] [0.0, 0.0] [0.0, 0.0] [0.0, 0.0] [0.0, 0.0] [1.0, 1.0] [1.0, 1.0] [0.0, 0.0] [1.0, 1.0] [0.0, 0.0] [0.0, 0.0] [0.0, 0.0] [0.0, 0.0] [1.0, 1.0] [0.0, 0.0] [0.0, 0.0] [1.0, 1.0] [0.0, 0.0] [0.0, 0.0] [1.0, 1.0] [0.0, 0.0] [0.0, 0.0] [0.0, 0.0] [1.0, 1.0] [0.0, 0.0] [0.0, 0.0] [1.0, 1.0] [0.0, 0.0] [0.0, 0.0] [1.0, 1.0] [0.0, 0.0] [0.0, 0.0] [0.0, 0.0] [1.0, 1.0] [0.0, 0.0] [0.0, 0.0] [1.0, 1.0] [0.0, 0.0] [0.0, 0.0] [1.0, 1.0] [0.0, 0.0] [0.0, 0.0] [1.0, 1.0] [0.0, 0.0] [1.0, 1.0] [0.0, 0.0] [0.0, 0.0] [0.0, 0.0] [0.0, 0.0] [1.0, 1.0] [0.0, 0.0] [0.0, 0.0] [1.0, 1.0] [0.0, 0.0] [1.0, 1.0] [0.0, 0.0] [0.0, 0.0] [0.0, 0.0] [0.0, 0.0] [1.0, 1.0] [0.0, 0.0] [0.0, 0.0] [1.0, 1.0] [0.0, 0.0] [1.0, 1.0] [0.0, 0.0] [0.0, 0.0] [0.0, 0.0] [0.0, 0.0] [1.0, 1.0] [0.0, 0.0] [0.0, 0.0] [0.0, 0.0] [0.0, 0.0] [1.0, 1.0] [0.0, 0.0] [0.0, 0.0] [1.0, 1.0] [1.0, 1.0] [0.0, 0.0] [0.0, 0.0] [0.0, 0.0] [0.0, 0.0] [0.0, 0.0] [1.0, 1.0] [0.0, 0.0] [0.0, 0.0] [1.0, 1.0] [1.0, 1.0] [0.0, 0.0] [0.0, 0.0] [0.0, 0.0] [0.0, 0.0] [0.0, 0.0] [1.0, 1.0] [0.0, 0.0] [0.0, 0.0] [1.0, 1.0] [1.0, 1.0] [0.0, 0.0] [0.0, 0.0] [0.0, 0.0] [0.0, 0.0] 
  Output range:
    0: [0.0, 8.0] [0.0, 8.0] [0.0, 7.0] [0.0, 8.0] [1.0, 8.0] [1.0, 7.0] [0.0, 8.0] [0.0, 8.0] [1.0, 8.0] [1.0, 7.0] [0.0, 8.0] [0.0, 8.0] [0.0, 7.0] [0.0, 8.0] [1.0, 8.0] [1.0, 7.0] [0.0, 8.0] [0.0, 8.0] [1.0, 8.0] [1.0, 7.0] [0.0, 8.0] [0.0, 8.0] [0.0, 7.0] [0.0, 8.0] [1.0, 8.0] [1.0, 7.0] [0.0, 8.0] [0.0, 8.0] [1.0, 8.0] [1.0, 7.0] [0.0, 8.0] [0.0, 8.0] [0.0, 8.0] [1.0, 7.0] [0.0, 8.0] [1.0, 7.0] [0.0, 8.0] [0.0, 8.0] [1.0, 8.0] [1.0, 8.0] [0.0, 7.0] [0.0, 8.0] [0.0, 8.0] [1.0, 7.0] [0.0, 8.0] [1.0, 7.0] [0.0, 8.0] [0.0, 8.0] [1.0, 8.0] [1.0, 8.0] [0.0, 7.0] [0.0, 8.0] [0.0, 8.0] [1.0, 7.0] [0.0, 8.0] [1.0, 7.0] [0.0, 8.0] [0.0, 8.0] [1.0, 8.0] [1.0, 8.0] [0.0, 7.0] [0.0, 8.0] [0.0, 8.0] [1.0, 7.0] [1.0, 8.0] [0.0, 8.0] [0.0, 8.0] [0.0, 7.0] [1.0, 8.0] [1.0, 7.0] [0.0, 8.0] [0.0, 8.0] [0.0, 8.0] [1.0, 7.0] [1.0, 8.0] [0.0, 8.0] [0.0, 8.0] [0.0, 7.0] [1.0, 8.0] [1.0, 7.0] [0.0, 8.0] [0.0, 8.0] [0.0, 8.0] [1.0, 7.0] [1.0, 8.0] [0.0, 8.0] [0.0, 8.0] [0.0, 7.0] [1.0, 8.0] [1.0, 7.0] [0.0, 8.0] [0.0, 8.0] [0.0, 8.0] [0.0, 8.0] [0.0, 8.0] [0.0, 8.0] [0.0, 8.0] [1.0, 8.0] [1.0, 8.0] [1.0, 7.0] [1.0, 7.0] [0.0, 8.0] [0.0, 7.0] [0.0, 8.0] [0.0, 8.0] [0.0, 8.0] [0.0, 8.0] [1.0, 8.0] [1.0, 8.0] [1.0, 7.0] [1.0, 7.0] [0.0, 8.0] [0.0, 7.0] [0.0, 8.0] [0.0, 8.0] [0.0, 8.0] [1.0, 8.0] [1.0, 7.0] [1.0, 8.0] [0.0, 8.0] [1.0, 7.0] [0.0, 8.0] [0.0, 8.0] [0.0, 7.0] [0.0, 8.0] [0.0, 8.0] [1.0, 8.0] [1.0, 7.0] [1.0, 8.0] [0.0, 8.0] [1.0, 7.0] [0.0, 8.0] [0.0, 8.0] [0.0, 7.0] [0.0, 8.0] [0.0, 8.0] [1.0, 8.0] [1.0, 7.0] [1.0, 8.0] [0.0, 8.0] [1.0, 7.0] [0.0, 8.0] [0.0, 8.0] [0.0, 7.0] [0.0, 8.0] [0.0, 8.0] [0.0, 7.0] [1.0, 8.0] [1.0, 7.0] [0.0, 8.0] [0.0, 8.0] [0.0, 8.0] [1.0, 8.0] [1.0, 7.0] [0.0, 8.0] [0.0, 8.0] [0.0, 7.0] [1.0, 8.0] [1.0, 7.0] [0.0, 8.0] [0.0, 8.0] [0.0, 8.0] [1.0, 8.0] [1.0, 7.0] [0.0, 8.0] [0.0, 8.0] [0.0, 7.0] [1.0, 8.0] [1.0, 7.0] [0.0, 8.0] [0.0, 8.0] [0.0, 8.0] [1.0, 8.0] [1.0, 7.0] [0.0, 8.0] [0.0, 8.0] [0.0, 8.0] [1.0, 8.0] [1.0, 7.0] [0.0, 8.0] [0.0, 8.0] [1.0, 7.0] [0.0, 7.0] [1.0, 8.0] [0.0, 8.0] [0.0, 8.0] [0.0, 8.0] [1.0, 8.0] [1.0, 7.0] [0.0, 8.0] [0.0, 8.0] [1.0, 7.0] [0.0, 7.0] [1.0, 8.0] [0.0, 8.0] [0.0, 8.0] [0.0, 8.0] [1.0, 8.0] [1.0, 7.0] [0.0, 8.0] [0.0, 8.0] [1.0, 7.0] [0.0, 7.0] [1.0, 8.0] [0.0, 8.0] [0.0, 8.0] [0.0, 8.0] 
  Output fraction of data:
position_3x3: (0.083 0.116 0.165 0.143 0.000 0.000 0.109 0.187 0.000 0.000 0.116 0.089 0.158 0.088 0.000 0.000 0.126 0.210 0.000 0.000 0.189 0.113 0.170 0.115 0.000 0.000 0.098 0.247 0.000 0.000 0.130 0.073 0.090 0.000 0.221 0.000 0.110 0.097 0.000 0.000 0.170 0.077 0.088 0.000 0.106 0.000 0.073 0.102 0.000 0.000 0.190 0.089 0.092 0.000 0.141 0.000 0.158 0.094 0.000 0.000 0.221 0.120 0.087 0.000 0.000 0.096 0.115 0.220 0.000 0.000 0.106 0.178 0.093 0.000 0.000 0.065 0.085 0.116 0.000 0.000 0.098 0.213 0.145 0.000 0.000 0.063 0.062 0.127 0.000 0.000 0.072 0.134 0.082 0.101 0.082 0.202 0.111 0.000 0.000 0.000 0.000 0.124 0.158 0.079 0.098 0.153 0.114 0.000 0.000 0.000 0.000 0.106 0.185 0.064 0.133 0.214 0.000 0.000 0.000 0.183 0.000 0.117 0.147 0.185 0.092 0.206 0.000 0.000 0.000 0.114 0.000 0.089 0.127 0.153 0.074 0.098 0.000 0.000 0.000 0.101 0.000 0.076 0.079 0.142 0.059 0.227 0.251 0.000 0.000 0.168 0.217 0.253 0.000 0.000 0.215 0.247 0.261 0.000 0.000 0.191 0.198 0.335 0.000 0.000 0.175 0.245 0.225 0.000 0.000 0.144 0.173 0.356 0.000 0.000 0.161 0.164 0.189 0.000 0.000 0.240 0.231 0.000 0.332 0.000 0.243 0.181 0.205 0.000 0.000 0.334 0.192 0.000 0.265 0.000 0.215 0.204 0.262 0.000 0.000 0.453 0.245 0.000 0.214 0.000 0.152 0.217 0.139)  0.063 0.101 0.183 0.092 0.161 0.206 0.093 0.000 0.106 0.109 0.043 0.076 0.168 0.103 0.124 0.249 0.093 0.000 0.115 0.150 0.084 0.089 0.167 0.095 0.125 0.212 0.067 0.000 0.107 0.139 0.046 0.052 0.117 0.238 0.000 0.128 0.108 0.114 0.072 0.155 0.166 0.049 0.089 0.192 0.000 0.101 0.089 0.114 0.098 0.188 0.156 0.059 0.101 0.195 0.000 0.126 0.102 0.093 0.128 0.152 0.196 0.054 0.060 0.228 0.101 0.104 0.100 0.193 0.109 0.104 0.088 0.000 0.063 0.169 0.109 0.076 0.073 0.150 0.106 0.106 0.094 0.000 0.068 0.125 0.083 0.063 0.067 0.205 0.077 0.108 0.084 0.000 0.051 0.063 0.100 0.000 0.113 0.131 0.210 0.157 0.100 0.085 0.145 0.042 0.073 0.000 0.126 0.085 0.146 0.178 0.102 0.098 0.201 0.035 0.077 0.000 0.162 0.131 0.177 0.108 0.180 0.086 0.091 0.162 0.028 0.000 0.110 0.142 0.126 0.076 0.140 0.064 0.062 0.155 0.043 0.000 0.133 0.095 0.128 0.071 0.189 0.076 0.049 0.139 0.037 0.085 0.104 0.142 0.239 0.096 0.086 0.000 0.274 0.151 0.117 0.054 0.137 0.085 0.153 0.070 0.053 0.000 0.212 0.152 0.085 0.057 0.111 0.110 0.203 0.076 0.071 0.000 0.230 0.189 0.180 0.079 0.057 0.198 0.158 0.000 0.108 0.216 0.117 0.154 0.094 0.174 0.059 0.248 0.128 0.000 0.083 0.193 0.127 0.169 0.088 0.088 0.052 0.334 0.144 0.000 0.101 0.286 0.103 0.113 0.166 0.168 0.076)  0.131 0.106 0.253 0.135 0.135 0.000 0.124 0.000 0.146 0.214 0.150 0.132 0.293 0.119 0.137 0.000 0.149 0.000 0.144 0.193 0.094 0.116 0.217 0.170 0.112 0.000 0.141 0.000 0.124 0.219 0.155 0.113 0.125 0.000 0.000 0.144 0.159 0.121 0.091 0.129 0.210 0.107 0.109 0.000 0.000 0.110 0.086 0.095 0.099 0.114 0.197 0.086 0.091 0.000 0.000 0.178 0.137 0.122 0.115 0.148 0.211 0.086 0.120 0.000 0.089 0.097 0.125 0.170 0.087 0.142 0.067 0.000 0.129 0.000 0.095 0.125 0.083 0.150 0.137 0.123 0.085 0.000 0.104 0.000 0.102 0.096 0.089 0.185 0.071 0.134 0.066 0.000 0.117 0.114 0.080 0.000 0.165 0.095 0.126 0.000 0.103 0.107 0.149 0.079 0.094 0.000 0.126 0.077 0.135 0.000 0.124 0.084 0.218 0.073 0.106 0.000 0.125 0.113 0.140 0.109 0.000 0.097 0.127 0.132 0.079 0.000 0.102 0.142 0.088 0.103 0.000 0.068 0.091 0.208 0.089 0.000 0.080 0.111 0.074 0.076 0.000 0.080 0.075 0.116 0.071 0.155 0.186 0.177 0.000 0.134 0.142 0.000 0.220 0.128 0.206 0.099 0.232 0.094 0.000 0.122 0.098 0.000 0.334 0.189 0.142 0.155 0.273 0.185 0.000 0.138 0.161 0.000 0.226 0.233 0.113 0.240 0.153 0.147 0.160 0.000 0.171 0.000 0.232 0.124 0.129 0.307 0.146 0.253 0.136 0.000 0.186 0.000 0.273 0.184 0.148 0.190 0.176 0.241 0.157 0.000 0.175 0.000 0.457 0.164 0.248 0.291 0.294)  0.064 0.102 0.000 0.099 0.000 0.136 0.000 0.136 0.074 0.086 0.044 0.075 0.000 0.101 0.000 0.118 0.000 0.131 0.095 0.109 0.069 0.072 0.000 0.103 0.000 0.146 0.000 0.168 0.128 0.077 0.048 0.054 0.101 0.174 0.136 0.116 0.000 0.119 0.101 0.000 0.000 0.073 0.102 0.148 0.118 0.139 0.000 0.137 0.080 0.000 0.000 0.087 0.118 0.199 0.120 0.126 0.000 0.126 0.123 0.000 0.000 0.082 0.071 0.158 0.108 0.091 0.096 0.000 0.000 0.114 0.000 0.131 0.059 0.125 0.068 0.070 0.137 0.000 0.000 0.121 0.000 0.152 0.103 0.115 0.080 0.048 0.077 0.000 0.000 0.083 0.000 0.122 0.051 0.071 0.138 0.170 0.123 0.140 0.000 0.195 0.121 0.000 0.000 0.077 0.089 0.116 0.089 0.138 0.000 0.128 0.085 0.000 0.000 0.065 0.078 0.182 0.107 0.146 0.000 0.000 0.151 0.092 0.124 0.000 0.056 0.139 0.107 0.112 0.000 0.000 0.135 0.076 0.092 0.000 0.045 0.079 0.057 0.080 0.000 0.000 0.110 0.067 0.087 0.000 0.042 0.091 0.000 0.143 0.233 0.106 0.000 0.155 0.000 0.235 0.114 0.116 0.000 0.266 0.263 0.098 0.000 0.165 0.000 0.231 0.135 0.113 0.000 0.199 0.146 0.086 0.000 0.146 0.000 0.167 0.216 0.079 0.081 0.000 0.173 0.232 0.000 0.316 0.000 0.211 0.118 0.090 0.088 0.000 0.247 0.188 0.000 0.261 0.000 0.212 0.113 0.120 0.106 0.000 0.231 0.199 0.000 0.259 0.000 0.221 0.078 0.101 0.057)  0.101 0.000 0.160 0.000 0.106 0.213 0.122 0.000 0.000 0.106 0.047 0.000 0.172 0.000 0.097 0.181 0.123 0.000 0.000 0.116 0.035 0.000 0.215 0.000 0.123 0.157 0.116 0.000 0.000 0.076 0.023 0.068 0.000 0.187 0.000 0.106 0.131 0.000 0.000 0.139 0.209 0.052 0.000 0.195 0.000 0.127 0.152 0.000 0.000 0.128 0.207 0.059 0.000 0.212 0.000 0.104 0.132 0.000 0.000 0.114 0.173 0.038 0.023 0.170 0.000 0.000 0.000 0.213 0.108 0.106 0.189 0.000 0.030 0.200 0.000 0.000 0.000 0.227 0.113 0.125 0.165 0.000 0.027 0.203 0.000 0.000 0.000 0.207 0.084 0.132 0.126 0.000 0.025 0.030 0.000 0.000 0.000 0.000 0.198 0.171 0.078 0.122 0.190 0.042 0.000 0.000 0.000 0.000 0.147 0.187 0.112 0.097 0.153 0.030 0.027 0.000 0.000 0.153 0.121 0.147 0.209 0.000 0.000 0.229 0.036 0.000 0.000 0.100 0.099 0.147 0.182 0.000 0.000 0.216 0.040 0.000 0.000 0.115 0.102 0.096 0.166 0.000 0.000 0.211 0.026 0.031 0.178 0.000 0.120 0.000 0.106 0.000 0.102 0.048 0.000 0.001 0.141 0.000 0.081 0.000 0.095 0.000 0.065 0.068 0.000 0.003 0.172 0.000 0.151 0.000 0.105 0.000 0.176 0.093 0.000 0.016 0.020 0.103 0.075 0.000 0.102 0.099 0.113 0.000 0.000 0.000 0.020 0.138 0.073 0.000 0.088 0.109 0.149 0.000 0.000 0.000 0.003 0.105 0.060 0.000 0.098 0.108 0.106 0.000 0.000 0.000 0.010)  0.136 0.133 0.000 0.000 0.139 0.205 0.000 0.000 0.146 0.160 0.138 0.152 0.000 0.000 0.132 0.230 0.000 0.000 0.166 0.156 0.086 0.104 0.000 0.000 0.091 0.286 0.000 0.000 0.122 0.201 0.111 0.136 0.138 0.179 0.000 0.143 0.000 0.000 0.180 0.116 0.000 0.125 0.136 0.275 0.000 0.154 0.000 0.000 0.138 0.146 0.000 0.095 0.111 0.197 0.000 0.184 0.000 0.000 0.130 0.130 0.000 0.105 0.157 0.244 0.160 0.158 0.000 0.000 0.149 0.201 0.000 0.000 0.138 0.301 0.120 0.160 0.000 0.000 0.131 0.172 0.000 0.000 0.094 0.307 0.148 0.120 0.000 0.000 0.122 0.248 0.000 0.000 0.128 0.090 0.133 0.000 0.000 0.140 0.080 0.218 0.141 0.000 0.000 0.099 0.135 0.000 0.000 0.117 0.114 0.281 0.164 0.000 0.000 0.082 0.073 0.000 0.152 0.187 0.099 0.000 0.261 0.134 0.000 0.000 0.101 0.000 0.115 0.184 0.091 0.000 0.299 0.096 0.000 0.000 0.140 0.000 0.143 0.214 0.090 0.000 0.351 0.110 0.000 0.000 0.106 0.076 0.000 0.132 0.188 0.099 0.000 0.000 0.075 0.105 0.000 0.054 0.000 0.073 0.154 0.067 0.000 0.000 0.101 0.113 0.000 0.055 0.000 0.114 0.271 0.095 0.000 0.000 0.052 0.091 0.000 0.079 0.069 0.065 0.141 0.000 0.000 0.154 0.000 0.092 0.073 0.000 0.084 0.068 0.115 0.000 0.000 0.234 0.000 0.114 0.099 0.000 0.062 0.076 0.113 0.000 0.000 0.226 0.000 0.120 0.126 0.000 0.134)  0.081 0.120 0.000 0.161 0.000 0.000 0.116 0.133 0.126 0.150 0.094 0.103 0.000 0.170 0.000 0.000 0.104 0.169 0.113 0.140 0.103 0.114 0.000 0.117 0.000 0.000 0.132 0.155 0.122 0.127 0.111 0.151 0.110 0.000 0.199 0.163 0.162 0.134 0.120 0.000 0.000 0.141 0.111 0.000 0.161 0.190 0.095 0.155 0.133 0.000 0.000 0.170 0.138 0.000 0.201 0.149 0.099 0.136 0.126 0.000 0.000 0.158 0.119 0.000 0.121 0.087 0.130 0.000 0.000 0.138 0.110 0.159 0.103 0.000 0.122 0.099 0.146 0.000 0.000 0.168 0.109 0.146 0.164 0.000 0.109 0.106 0.146 0.000 0.000 0.118 0.116 0.166 0.115 0.143 0.150 0.212 0.155 0.182 0.000 0.000 0.284 0.134 0.000 0.169 0.155 0.228 0.146 0.167 0.000 0.000 0.214 0.145 0.000 0.215 0.255 0.208 0.099 0.120 0.000 0.156 0.000 0.116 0.128 0.000 0.138 0.174 0.135 0.141 0.000 0.110 0.000 0.148 0.158 0.000 0.110 0.161 0.100 0.131 0.000 0.108 0.000 0.118 0.143 0.000 0.135 0.141 0.000 0.155 0.000 0.178 0.212 0.261 0.000 0.216 0.163 0.208 0.000 0.241 0.000 0.210 0.271 0.180 0.000 0.168 0.191 0.209 0.000 0.160 0.000 0.188 0.268 0.210 0.000 0.142 0.157 0.156 0.158 0.000 0.173 0.210 0.188 0.000 0.000 0.197 0.149 0.090 0.159 0.000 0.186 0.201 0.193 0.000 0.000 0.129 0.144 0.162 0.180 0.000 0.197 0.157 0.177 0.000 0.000 0.177 0.063 0.092 0.105)  0.114 0.125 0.240 0.119 0.182 0.240 0.169 0.216 0.126 0.175 0.089 0.118 0.209 0.140 0.185 0.223 0.128 0.176 0.101 0.136 0.083 0.134 0.232 0.143 0.205 0.199 0.152 0.167 0.126 0.162 0.104 0.120 0.114 0.223 0.190 0.200 0.142 0.179 0.147 0.215 0.244 0.108 0.120 0.190 0.233 0.180 0.180 0.163 0.147 0.206 0.250 0.119 0.124 0.196 0.186 0.133 0.132 0.147 0.132 0.148 0.200 0.098 0.097 0.200 0.126 0.081 0.139 0.204 0.192 0.194 0.166 0.195 0.095 0.205 0.104 0.090 0.177 0.356 0.161 0.184 0.175 0.177 0.078 0.249 0.123 0.131 0.165 0.276 0.170 0.177 0.169 0.200 0.116 0.130 0.158 0.170 0.151 0.134 0.223 0.260 0.173 0.185 0.357 0.133 0.116 0.187 0.127 0.143 0.212 0.226 0.200 0.199 0.242 0.156 0.132 0.192 0.135 0.150 0.249 0.127 0.199 0.119 0.137 0.293 0.086 0.178 0.136 0.179 0.238 0.162 0.244 0.136 0.163 0.268 0.108 0.214 0.149 0.254 0.267 0.189 0.184 0.132 0.183 0.392 0.131 0.049 0.281 0.090 0.220 0.084 0.104 0.131 0.172 0.116 0.066 0.064 0.228 0.102 0.349 0.087 0.103 0.117 0.129 0.079 0.110 0.056 0.219 0.114 0.230 0.129 0.090 0.109 0.241 0.085 0.116 0.075 0.064 0.274 0.119 0.148 0.081 0.215 0.205 0.114 0.090 0.070 0.093 0.171 0.116 0.109 0.104 0.202 0.186 0.082 0.072 0.079 0.047 0.133 0.098 0.090 0.096 0.121 0.120 0.107 0.090 0.069 0.055)  0.228 0.197 0.000 0.251 0.276 0.000 0.268 0.328 0.275 0.000 0.281 0.257 0.000 0.279 0.325 0.000 0.277 0.313 0.267 0.000 0.257 0.258 0.000 0.257 0.344 0.000 0.294 0.262 0.270 0.000 0.270 0.232 0.206 0.000 0.255 0.000 0.188 0.237 0.289 0.246 0.000 0.266 0.245 0.000 0.383 0.000 0.325 0.234 0.304 0.218 0.000 0.236 0.225 0.000 0.351 0.000 0.239 0.282 0.246 0.307 0.000 0.257 0.265 0.000 0.295 0.285 0.294 0.000 0.354 0.000 0.275 0.337 0.290 0.000 0.383 0.314 0.298 0.000 0.352 0.000 0.275 0.311 0.218 0.000 0.354 0.373 0.394 0.000 0.476 0.000 0.367 0.378 0.315 0.257 0.158 0.246 0.182 0.178 0.164 0.000 0.000 0.243 0.000 0.280 0.239 0.316 0.273 0.272 0.245 0.000 0.000 0.270 0.000 0.281 0.118 0.203 0.219 0.000 0.214 0.170 0.000 0.239 0.247 0.000 0.384 0.303 0.295 0.000 0.358 0.288 0.000 0.323 0.306 0.000 0.352 0.448 0.338 0.000 0.339 0.359 0.000 0.341 0.383 0.000 0.393 0.144 0.000 0.160 0.000 0.135 0.134 0.200 0.156 0.000 0.119 0.156 0.000 0.139 0.000 0.155 0.180 0.203 0.159 0.000 0.162 0.107 0.000 0.117 0.000 0.144 0.132 0.178 0.075 0.000 0.057 0.112 0.209 0.212 0.000 0.171 0.118 0.000 0.000 0.108 0.104 0.089 0.145 0.122 0.000 0.168 0.156 0.000 0.000 0.110 0.122 0.157 0.112 0.111 0.000 0.102 0.108 0.000 0.000 0.097 0.077 0.062 0.129)  
Brain region: CA1: 68862 neurons  
Data verification complete.
