Data format is valid, no errors or warnings.
Number of sessions: 41
Total number of trials: 545
Number of trials per session: [10, 10, 10, 10, 10, 10, 10, 10, 10, 10, 10, 10, 10, 10, 15, 15, 15, 15, 15, 15, 15, 15, 15, 15, 15, 15, 15, 15, 15, 15, 15, 15, 15, 15, 15, 15, 15, 15, 15, 15, 15]
Number of subjects: 6
Number of brain regions: 1
Number of sessions per subject:
  Subject jm031: 7 sessions
  Subject jm032: 7 sessions
  Subject jm038: 7 sessions
  Subject jm039: 7 sessions
  Subject jm040: 6 sessions
  Subject jm046: 7 sessions
Input dimension: 1
Output dimension: 1
Summary statistics (across all sessions):
  T: mean: 360.00, median: 360.00, min: 360, max: 360
  n_neurons: mean: 498.66', min: 221, max: 746
  Input range:
    time_seconds: [0.0, 1799.7]
  Output range:
    motion_energy: [0.0, 4.0]
  Unique outputs per dimension (fraction of data):
    motion_energy: {bin0_lowest (0.200), bin1 (0.200), bin2 (0.200), bin3 (0.200), bin4_highest (0.200)}
  Brain region distribution:
    S1BF: 20445 neurons

Per-session statistics:
  Mean T: 360.0, 360.0, 360.0, 360.0, 360.0, 360.0, 360.0, 360.0, 360.0, 360.0, 360.0, 360.0, 360.0, 360.0, 360.0, 360.0, 360.0, 360.0, 360.0, 360.0, 360.0, 360.0, 360.0, 360.0, 360.0, 360.0, 360.0, 360.0, 360.0, 360.0, 360.0, 360.0, 360.0, 360.0, 360.0, 360.0, 360.0, 360.0, 360.0, 360.0, 360.0
  Min T: 360, 360, 360, 360, 360, 360, 360, 360, 360, 360, 360, 360, 360, 360, 360, 360, 360, 360, 360, 360, 360, 360, 360, 360, 360, 360, 360, 360, 360, 360, 360, 360, 360, 360, 360, 360, 360, 360, 360, 360, 360
  Max T: 360, 360, 360, 360, 360, 360, 360, 360, 360, 360, 360, 360, 360, 360, 360, 360, 360, 360, 360, 360, 360, 360, 360, 360, 360, 360, 360, 360, 360, 360, 360, 360, 360, 360, 360, 360, 360, 360, 360, 360, 360
  n_neurons: 221, 221, 221, 221, 221, 221, 221, 370, 370, 370, 370, 370, 370, 370, 685, 685, 685, 685, 685, 685, 685, 746, 746, 746, 746, 746, 746, 746, 541, 541, 541, 541, 541, 541, 435, 435, 435, 435, 435, 435, 435
  Input range:
    0: [0.0, 1199.7] [0.0, 1199.7] [0.0, 1199.7] [0.0, 1199.7] [0.0, 1199.7] [0.0, 1199.7] [0.0, 1199.7] [0.0, 1199.7] [0.0, 1199.7] [0.0, 1199.7] [0.0, 1199.7] [0.0, 1199.7] [0.0, 1199.7] [0.0, 1199.7] [0.0, 1799.7] [0.0, 1799.7] [0.0, 1799.7] [0.0, 1799.7] [0.0, 1799.7] [0.0, 1799.7] [0.0, 1799.7] [0.0, 1799.7] [0.0, 1799.7] [0.0, 1799.7] [0.0, 1799.7] [0.0, 1799.7] [0.0, 1799.7] [0.0, 1799.7] [0.0, 1799.7] [0.0, 1799.7] [0.0, 1799.7] [0.0, 1799.7] [0.0, 1799.7] [0.0, 1799.7] [0.0, 1799.7] [0.0, 1799.7] [0.0, 1799.7] [0.0, 1799.7] [0.0, 1799.7] [0.0, 1799.7] [0.0, 1799.7] 
  Output range:
    0: [1.0, 4.0] [0.0, 4.0] [0.0, 4.0] [0.0, 4.0] [0.0, 4.0] [0.0, 4.0] [0.0, 4.0] [0.0, 4.0] [0.0, 4.0] [0.0, 4.0] [0.0, 4.0] [0.0, 4.0] [0.0, 4.0] [0.0, 4.0] [0.0, 4.0] [0.0, 4.0] [0.0, 4.0] [0.0, 4.0] [0.0, 4.0] [0.0, 4.0] [0.0, 4.0] [0.0, 4.0] [0.0, 4.0] [0.0, 4.0] [0.0, 4.0] [0.0, 4.0] [0.0, 4.0] [0.0, 4.0] [0.0, 4.0] [0.0, 4.0] [0.0, 4.0] [0.0, 4.0] [0.0, 4.0] [0.0, 4.0] [2.0, 4.0] [2.0, 4.0] [1.0, 4.0] [2.0, 4.0] [2.0, 4.0] [3.0, 4.0] [3.0, 4.0] 
  Output fraction of data:
motion_energy: (0.000 0.046 0.721 0.778 0.587 0.759 0.110 0.609 0.237 0.786 0.661 0.445 0.204 0.002 0.480 0.453 0.352 0.223 0.313 0.238 0.126 0.021 0.053 0.090 0.090 0.063 0.063 0.001 0.414 0.035 0.203 0.052 0.010 0.022 0.000 0.000 0.000 0.000 0.000 0.000 0.000)  0.793 0.521 0.091 0.020 0.035 0.026 0.587 0.233 0.290 0.077 0.030 0.107 0.399 0.261 0.171 0.204 0.326 0.393 0.241 0.346 0.279 0.262 0.341 0.183 0.191 0.282 0.272 0.207 0.293 0.221 0.221 0.188 0.126 0.206 0.000 0.000 0.000 0.000 0.000 0.000 0.000)  0.150 0.181 0.048 0.014 0.032 0.025 0.053 0.035 0.121 0.047 0.024 0.058 0.049 0.502 0.125 0.111 0.139 0.158 0.159 0.219 0.285 0.312 0.278 0.355 0.355 0.316 0.324 0.446 0.109 0.469 0.225 0.280 0.460 0.384 0.500 0.158 0.079 0.108 0.018 0.000 0.000)  0.042 0.108 0.044 0.041 0.088 0.051 0.044 0.048 0.122 0.050 0.052 0.069 0.040 0.078 0.110 0.097 0.084 0.093 0.153 0.112 0.145 0.218 0.159 0.195 0.190 0.172 0.206 0.212 0.095 0.169 0.189 0.265 0.256 0.188 0.318 0.440 0.465 0.589 0.585 0.544 0.434)  0.015 0.145 0.095 0.148 0.257 0.138 0.207 0.074 0.230 0.040 0.233 0.321 0.309 0.156 0.114 0.136 0.099 0.133 0.134 0.085 0.165 0.187 0.169 0.177 0.174 0.166 0.135 0.133 0.089 0.106 0.162 0.215 0.147 0.199 0.182 0.402 0.456 0.302 0.397 0.456 0.566)  
Brain region: S1BF: 20445 neurons  
Training on 436 trials, testing on 109 trials
Using device: cuda
Using balanced loss with class weights:
  Output 0: [0.19495249 0.20002836 0.19920309 0.20050761 0.20530845]
Epoch [1/200], Loss: 91.308715
Epoch [2/200], Loss: 68.483611
Epoch [3/200], Loss: 56.143881
Epoch [4/200], Loss: 50.891272
Epoch [5/200], Loss: 48.663751
Epoch [6/200], Loss: 46.439688
Epoch [7/200], Loss: 43.791126
Epoch [8/200], Loss: 41.397996
Epoch [9/200], Loss: 39.371933
Epoch [10/200], Loss: 37.530727
Epoch [20/200], Loss: 23.195798
Epoch [30/200], Loss: 14.645589
Epoch [40/200], Loss: 9.691706
Epoch [50/200], Loss: 6.687029
Epoch [60/200], Loss: 4.728453
Epoch [70/200], Loss: 3.456490
Epoch [80/200], Loss: 2.628849
Epoch [90/200], Loss: 2.082997
Epoch [100/200], Loss: 1.721235
Epoch [110/200], Loss: 1.474987
Epoch [120/200], Loss: 1.307034
Epoch [130/200], Loss: 1.185887
Epoch [140/200], Loss: 1.097596
Epoch [150/200], Loss: 1.035563
Epoch [160/200], Loss: 0.985575
Epoch [170/200], Loss: 0.949012
Epoch [180/200], Loss: 0.923011
Epoch [190/200], Loss: 0.903089
Epoch [200/200], Loss: 0.892720
Test Loss: 2.726089

Training Balanced Accuracy Scores (chance = 1/num_classes):
  0 (motion_energy): 0.7193  (chance: 0.2000)

Validation Balanced Accuracy Scores (chance = 1/num_classes):
  0 (motion_energy): 0.4633  (chance: 0.2000)
