Data format is valid, no errors or warnings.
Number of sessions: 41
Total number of trials: 1090
Number of trials per session: [20, 20, 20, 20, 20, 20, 20, 20, 20, 20, 20, 20, 20, 20, 30, 30, 30, 30, 30, 30, 30, 30, 30, 30, 30, 30, 30, 30, 30, 30, 30, 30, 30, 30, 30, 30, 30, 30, 30, 30, 30]
Number of subjects: 6
Number of brain regions: 1
Number of sessions per subject:
  Subject jm031: 7 sessions
  Subject jm032: 7 sessions
  Subject jm038: 7 sessions
  Subject jm039: 7 sessions
  Subject jm040: 6 sessions
  Subject jm046: 7 sessions
Input dimension: 1
Output dimension: 1
Summary statistics (across all sessions):
  T: mean: 180.00, median: 180.00, min: 180, max: 180
  n_neurons: mean: 498.66', min: 221, max: 746
  Input range:
    time_from_session_start_s: [0.2, 1799.8]
  Output range:
    motion_energy_quintile: [0.0, 4.0]
  Unique outputs per dimension (fraction of data):
    motion_energy_quintile: {quintile_1 (0.200), quintile_2 (0.200), quintile_3 (0.200), quintile_4 (0.200), quintile_5 (0.200)}
  Brain region distribution:
    S1 barrel cortex (L2/3): 20445 neurons

Per-session statistics:
  Mean T: 180.0, 180.0, 180.0, 180.0, 180.0, 180.0, 180.0, 180.0, 180.0, 180.0, 180.0, 180.0, 180.0, 180.0, 180.0, 180.0, 180.0, 180.0, 180.0, 180.0, 180.0, 180.0, 180.0, 180.0, 180.0, 180.0, 180.0, 180.0, 180.0, 180.0, 180.0, 180.0, 180.0, 180.0, 180.0, 180.0, 180.0, 180.0, 180.0, 180.0, 180.0
  Min T: 180, 180, 180, 180, 180, 180, 180, 180, 180, 180, 180, 180, 180, 180, 180, 180, 180, 180, 180, 180, 180, 180, 180, 180, 180, 180, 180, 180, 180, 180, 180, 180, 180, 180, 180, 180, 180, 180, 180, 180, 180
  Max T: 180, 180, 180, 180, 180, 180, 180, 180, 180, 180, 180, 180, 180, 180, 180, 180, 180, 180, 180, 180, 180, 180, 180, 180, 180, 180, 180, 180, 180, 180, 180, 180, 180, 180, 180, 180, 180, 180, 180, 180, 180
  n_neurons: 221, 221, 221, 221, 221, 221, 221, 370, 370, 370, 370, 370, 370, 370, 685, 685, 685, 685, 685, 685, 685, 746, 746, 746, 746, 746, 746, 746, 541, 541, 541, 541, 541, 541, 435, 435, 435, 435, 435, 435, 435
  Input range:
    0: [0.2, 1199.8] [0.2, 1199.8] [0.2, 1199.8] [0.2, 1199.8] [0.2, 1199.8] [0.2, 1199.8] [0.2, 1199.8] [0.2, 1199.8] [0.2, 1199.8] [0.2, 1199.8] [0.2, 1199.8] [0.2, 1199.8] [0.2, 1199.8] [0.2, 1199.8] [0.2, 1799.8] [0.2, 1799.8] [0.2, 1799.8] [0.2, 1799.8] [0.2, 1799.8] [0.2, 1799.8] [0.2, 1799.8] [0.2, 1799.8] [0.2, 1799.8] [0.2, 1799.8] [0.2, 1799.8] [0.2, 1799.8] [0.2, 1799.8] [0.2, 1799.8] [0.2, 1799.8] [0.2, 1799.8] [0.2, 1799.8] [0.2, 1799.8] [0.2, 1799.8] [0.2, 1799.8] [0.2, 1799.8] [0.2, 1799.8] [0.2, 1799.8] [0.2, 1799.8] [0.2, 1799.8] [0.2, 1799.8] [0.2, 1799.8] 
  Output range:
    0: [0.0, 4.0] [0.0, 4.0] [0.0, 4.0] [0.0, 4.0] [0.0, 4.0] [0.0, 4.0] [0.0, 4.0] [0.0, 4.0] [0.0, 4.0] [0.0, 4.0] [0.0, 4.0] [0.0, 4.0] [0.0, 4.0] [0.0, 4.0] [0.0, 4.0] [0.0, 4.0] [0.0, 4.0] [0.0, 4.0] [0.0, 4.0] [0.0, 4.0] [0.0, 4.0] [0.0, 4.0] [0.0, 4.0] [0.0, 4.0] [0.0, 4.0] [0.0, 4.0] [0.0, 4.0] [0.0, 4.0] [0.0, 4.0] [0.0, 4.0] [0.0, 4.0] [0.0, 4.0] [0.0, 4.0] [0.0, 4.0] [0.0, 4.0] [0.0, 4.0] [0.0, 4.0] [0.0, 4.0] [0.0, 4.0] [0.0, 4.0] [0.0, 4.0] 
  Output fraction of data:
motion_energy_quintile: (0.200 0.200 0.200 0.200 0.200 0.200 0.200 0.200 0.200 0.200 0.200 0.200 0.200 0.200 0.200 0.200 0.200 0.200 0.200 0.200 0.200 0.200 0.200 0.200 0.200 0.200 0.200 0.200 0.200 0.200 0.200 0.200 0.200 0.200 0.200 0.200 0.200 0.200 0.200 0.200 0.200)  0.200 0.200 0.200 0.200 0.200 0.200 0.200 0.200 0.200 0.200 0.200 0.200 0.200 0.200 0.200 0.200 0.200 0.200 0.200 0.200 0.200 0.200 0.200 0.200 0.200 0.200 0.200 0.200 0.200 0.200 0.200 0.200 0.200 0.200 0.200 0.200 0.200 0.200 0.200 0.200 0.200)  0.200 0.200 0.200 0.200 0.200 0.200 0.200 0.200 0.200 0.200 0.200 0.200 0.200 0.200 0.200 0.200 0.200 0.200 0.200 0.200 0.200 0.200 0.200 0.200 0.200 0.200 0.200 0.200 0.200 0.200 0.200 0.200 0.200 0.200 0.200 0.200 0.200 0.200 0.200 0.200 0.200)  0.200 0.200 0.200 0.200 0.200 0.200 0.200 0.200 0.200 0.200 0.200 0.200 0.200 0.200 0.200 0.200 0.200 0.200 0.200 0.200 0.200 0.200 0.200 0.200 0.200 0.200 0.200 0.200 0.200 0.200 0.200 0.200 0.200 0.200 0.200 0.200 0.200 0.200 0.200 0.200 0.200)  0.200 0.200 0.200 0.200 0.200 0.200 0.200 0.200 0.200 0.200 0.200 0.200 0.200 0.200 0.200 0.200 0.200 0.200 0.200 0.200 0.200 0.200 0.200 0.200 0.200 0.200 0.200 0.200 0.200 0.200 0.200 0.200 0.200 0.200 0.200 0.200 0.200 0.200 0.200 0.200 0.200)  
Brain region: S1 barrel cortex (L2/3): 20445 neurons  
Training on 872 trials, testing on 218 trials
Using device: cuda
Using balanced loss with class weights:
  Output 0: [0.19564235 0.20135279 0.20100464 0.20201372 0.1999865 ]
Epoch [1/200], Loss: 73.332489
Epoch [2/200], Loss: 60.392410
Epoch [3/200], Loss: 56.039516
Epoch [4/200], Loss: 53.994549
Epoch [5/200], Loss: 50.146385
Epoch [6/200], Loss: 45.597952
Epoch [7/200], Loss: 42.183454
Epoch [8/200], Loss: 40.148381
Epoch [9/200], Loss: 38.588127
Epoch [10/200], Loss: 36.861470
Epoch [20/200], Loss: 22.628501
Epoch [30/200], Loss: 14.584840
Epoch [40/200], Loss: 9.664365
Epoch [50/200], Loss: 6.413153
Epoch [60/200], Loss: 4.275119
Epoch [70/200], Loss: 3.031423
Epoch [80/200], Loss: 2.346529
Epoch [90/200], Loss: 1.925493
Epoch [100/200], Loss: 1.730070
Epoch [110/200], Loss: 1.567848
Epoch [120/200], Loss: 1.412444
Epoch [130/200], Loss: 1.344770
Epoch [140/200], Loss: 1.282579
Epoch [150/200], Loss: 1.244342
Epoch [160/200], Loss: 1.197492
Epoch [170/200], Loss: 1.183727
Epoch [180/200], Loss: 1.198031
Epoch [190/200], Loss: 1.147310
Epoch [200/200], Loss: 1.136546
Test Loss: 2.992124

Training Balanced Accuracy Scores (chance = 1/num_classes):
  0 (motion_energy_quintile): 0.6102  (chance: 0.2000)

Validation Balanced Accuracy Scores (chance = 1/num_classes):
  0 (motion_energy_quintile): 0.3081  (chance: 0.2000)
train_decoder.py finished successfully.
