Data format is valid, no errors or warnings.
Number of sessions: 67
Total number of trials: 27279
Number of trials per session: [503, 431, 518, 455, 629, 218, 259, 305, 248, 306, 145, 269, 201, 259, 251, 309, 455, 453, 210, 300, 423, 402, 457, 428, 418, 84, 320, 370, 267, 405, 379, 429, 452, 473, 511, 345, 475, 459, 520, 658, 237, 303, 485, 471, 479, 408, 454, 435, 466, 399, 400, 238, 402, 402, 403, 282, 605, 636, 600, 450, 348, 470, 719, 506, 680, 503, 499]
Number of subjects: 14
Number of brain regions: 6
Number of sessions per subject:
  Subject DR10: 5 sessions
  Subject DR15: 5 sessions
  Subject TX104: 2 sessions
  Subject TX105: 5 sessions
  Subject TX108: 7 sessions
  Subject TX109: 6 sessions
  Subject TX119: 5 sessions
  Subject TX123: 5 sessions
  Subject TX60: 5 sessions
  Subject TX61: 5 sessions
  Subject TX83: 3 sessions
  Subject TX85: 2 sessions
  Subject TX88: 5 sessions
  Subject VR2: 7 sessions
Input dimension: 4
Output dimension: 4
Summary statistics (across all sessions):
  T: mean: 60.00, median: 60.00, min: 60, max: 60
  n_neurons: mean: 57999.61', min: 26756, max: 89577
  Input range:
    time_to_sound_cue: [-1767.7, 723.5]
    day_of_training: [20210320.0, 20240116.0]
    time_since_trial_start: [0.0, 1769.4]
    reward_availability: [0.0, 1.0]
  Output range:
    visual_stimulus_category: [0.0, 6.0]
    licking: [0.0, 1.0]
    position_bin: [0.0, 3.0]
    running_speed_bin: [0.0, 3.0]
  Unique outputs per dimension (fraction of data):
    visual_stimulus_category: {circle1 (0.356), circle2 (0.045), leaf1 (0.374), leaf1_swap1 (0.007), leaf1_swap2 (0.009), leaf2 (0.160), leaf3 (0.048)}
    licking: {no_lick (0.996), lick (0.004)}
    position_bin: {bin0 (0.248), bin1 (0.258), bin2 (0.260), bin3 (0.234)}
    running_speed_bin: {q1 (0.151), q2 (0.157), q3 (0.313), q4 (0.380)}
  Brain region distribution:
    unknown: 2868960 neurons
    lateral: 476655 neurons
    aHV: 81136 neurons
    anterior: 112190 neurons
    medial: 121988 neurons
    V1: 225045 neurons

Per-session statistics:
  Mean T: 60.0, 60.0, 60.0, 60.0, 60.0, 60.0, 60.0, 60.0, 60.0, 60.0, 60.0, 60.0, 60.0, 60.0, 60.0, 60.0, 60.0, 60.0, 60.0, 60.0, 60.0, 60.0, 60.0, 60.0, 60.0, 60.0, 60.0, 60.0, 60.0, 60.0, 60.0, 60.0, 60.0, 60.0, 60.0, 60.0, 60.0, 60.0, 60.0, 60.0, 60.0, 60.0, 60.0, 60.0, 60.0, 60.0, 60.0, 60.0, 60.0, 60.0, 60.0, 60.0, 60.0, 60.0, 60.0, 60.0, 60.0, 60.0, 60.0, 60.0, 60.0, 60.0, 60.0, 60.0, 60.0, 60.0, 60.0
  Min T: 60, 60, 60, 60, 60, 60, 60, 60, 60, 60, 60, 60, 60, 60, 60, 60, 60, 60, 60, 60, 60, 60, 60, 60, 60, 60, 60, 60, 60, 60, 60, 60, 60, 60, 60, 60, 60, 60, 60, 60, 60, 60, 60, 60, 60, 60, 60, 60, 60, 60, 60, 60, 60, 60, 60, 60, 60, 60, 60, 60, 60, 60, 60, 60, 60, 60, 60
  Max T: 60, 60, 60, 60, 60, 60, 60, 60, 60, 60, 60, 60, 60, 60, 60, 60, 60, 60, 60, 60, 60, 60, 60, 60, 60, 60, 60, 60, 60, 60, 60, 60, 60, 60, 60, 60, 60, 60, 60, 60, 60, 60, 60, 60, 60, 60, 60, 60, 60, 60, 60, 60, 60, 60, 60, 60, 60, 60, 60, 60, 60, 60, 60, 60, 60, 60, 60
  n_neurons: 58224, 54741, 50347, 50195, 56106, 55746, 58930, 64130, 57540, 59251, 43834, 42565, 58941, 55653, 61115, 45207, 55457, 68553, 85481, 75480, 79417, 68045, 76530, 65861, 85468, 63625, 89577, 83309, 71687, 76296, 31672, 36935, 27281, 29587, 32547, 28696, 43103, 30931, 30252, 26756, 48732, 57368, 47785, 60924, 48742, 62256, 67669, 72193, 68951, 79586, 44059, 52954, 50689, 59560, 55163, 62606, 48824, 58099, 53028, 61456, 81473, 71069, 76108, 63897, 65287, 55650, 76775
  Input range:
    0: [-86.9, 94.0] [-68.8, 46.8] [-76.0, 38.7] [-80.9, 36.7] [-27.7, 34.7] [-401.9, 402.9] [-325.8, 270.7] [-198.1, 203.9] [-187.8, 403.2] [-255.9, 150.1] [-397.7, 232.7] [-120.7, 118.5] [-399.4, 275.0] [-49.7, 41.3] [-150.2, 200.0] [-366.6, 403.3] [-73.7, 126.6] [-170.1, 76.3] [-198.1, 199.8] [-270.7, 76.6] [-264.8, 149.6] [-29.3, 15.7] [-67.9, 19.8] [-39.8, 13.4] [-391.1, 238.4] [-399.9, 400.3] [-400.6, 400.2] [-293.5, 39.4] [-402.8, 272.8] [-253.5, 23.2] [-127.2, 73.4] [-132.9, 60.2] [-41.0, 35.2] [-162.5, 401.7] [-388.1, 250.5] [-115.1, 79.4] [-399.0, 400.9] [-100.8, 150.1] [-32.2, 25.6] [-18.9, 25.0] [-555.2, 220.4] [-283.6, 202.4] [-100.9, 43.0] [-37.4, 29.3] [-45.1, 44.9] [-79.1, 50.2] [-23.7, 24.8] [-25.1, 39.8] [-81.7, 91.3] [-792.0, 723.5] [-109.9, 39.1] [-198.6, 203.7] [-188.2, 203.1] [-98.4, 65.4] [-185.4, 114.6] [-146.6, 64.7] [-83.9, 68.7] [-129.3, 144.9] [-69.8, 76.4] [-1767.7, 93.1] [-305.1, 83.1] [-24.9, 15.1] [-38.4, 28.5] [-76.0, 35.2] [-37.2, 27.4] [-59.6, 24.9] [-22.8, 17.6] 
    1: [20220712.0, 20220712.0] [20220720.0, 20220720.0] [20220720.0, 20220720.0] [20220728.0, 20220728.0] [20220728.0, 20220728.0] [20221008.0, 20221008.0] [20221020.0, 20221020.0] [20221020.0, 20221020.0] [20221102.0, 20221102.0] [20221104.0, 20221104.0] [20221012.0, 20221012.0] [20221020.0, 20221020.0] [20221008.0, 20221008.0] [20221020.0, 20221020.0] [20221020.0, 20221020.0] [20221104.0, 20221104.0] [20221108.0, 20221108.0] [20230104.0, 20230104.0] [20230312.0, 20230312.0] [20230322.0, 20230322.0] [20230324.0, 20230324.0] [20230400.0, 20230400.0] [20230404.0, 20230404.0] [20230408.0, 20230408.0] [20230316.0, 20230316.0] [20230328.0, 20230328.0] [20230408.0, 20230408.0] [20230418.0, 20230418.0] [20230512.0, 20230512.0] [20230512.0, 20230512.0] [20231214.0, 20231214.0] [20231224.0, 20231224.0] [20231224.0, 20231224.0] [20240106.0, 20240106.0] [20240108.0, 20240108.0] [20231220.0, 20231220.0] [20240102.0, 20240102.0] [20240104.0, 20240104.0] [20240116.0, 20240116.0] [20240116.0, 20240116.0] [20210410.0, 20210410.0] [20210504.0, 20210504.0] [20210608.0, 20210608.0] [20210620.0, 20210620.0] [20210622.0, 20210622.0] [20210608.0, 20210608.0] [20210620.0, 20210620.0] [20210620.0, 20210620.0] [20210624.0, 20210624.0] [20210624.0, 20210624.0] [20220816.0, 20220816.0] [20220828.0, 20220828.0] [20220832.0, 20220832.0] [20220614.0, 20220614.0] [20220616.0, 20220616.0] [20220612.0, 20220612.0] [20220616.0, 20220616.0] [20220620.0, 20220620.0] [20220716.0, 20220716.0] [20220720.0, 20220720.0] [20210320.0, 20210320.0] [20210406.0, 20210406.0] [20210412.0, 20210412.0] [20210428.0, 20210428.0] [20210428.0, 20210428.0] [20210504.0, 20210504.0] [20210506.0, 20210506.0] 
    2: [0.0, 138.8] [0.0, 88.2] [0.0, 79.9] [0.0, 99.5] [0.0, 51.6] [0.0, 407.1] [0.0, 401.3] [0.0, 210.9] [0.0, 407.0] [0.0, 260.0] [0.0, 402.3] [0.0, 141.0] [0.0, 401.7] [0.0, 77.1] [0.0, 206.2] [0.0, 407.0] [0.0, 131.6] [0.0, 171.2] [0.0, 206.9] [0.0, 275.8] [0.0, 267.0] [0.0, 31.2] [0.0, 68.9] [0.0, 53.2] [0.0, 402.6] [0.0, 406.8] [0.0, 406.8] [0.0, 295.9] [0.0, 405.4] [0.0, 262.4] [0.0, 129.9] [0.0, 135.9] [0.0, 43.2] [0.0, 404.5] [0.0, 389.7] [0.0, 116.3] [0.0, 404.5] [0.0, 153.2] [0.0, 34.7] [0.0, 28.3] [0.0, 557.6] [0.0, 288.1] [0.0, 143.9] [0.0, 51.9] [0.0, 52.9] [0.0, 82.2] [0.0, 40.3] [0.0, 52.6] [0.0, 97.0] [0.0, 835.6] [0.0, 111.8] [0.0, 206.5] [0.0, 206.5] [0.0, 101.7] [0.0, 202.1] [0.0, 151.1] [0.0, 112.7] [0.0, 154.3] [0.0, 119.6] [0.0, 1769.4] [0.0, 308.5] [0.0, 28.9] [0.0, 44.1] [0.0, 81.8] [0.0, 39.7] [0.0, 61.4] [0.0, 29.9] 
    3: [0.0, 0.0] [0.0, 0.0] [0.0, 0.0] [0.0, 0.0] [0.0, 0.0] [0.0, 0.0] [0.0, 0.0] [0.0, 0.0] [0.0, 0.0] [0.0, 0.0] [0.0, 0.0] [0.0, 0.0] [0.0, 0.0] [0.0, 0.0] [0.0, 0.0] [0.0, 0.0] [0.0, 0.0] [0.0, 0.0] [0.0, 1.0] [0.0, 1.0] [0.0, 1.0] [0.0, 1.0] [0.0, 1.0] [0.0, 1.0] [0.0, 0.0] [0.0, 1.0] [0.0, 1.0] [0.0, 1.0] [0.0, 1.0] [0.0, 1.0] [0.0, 0.0] [0.0, 0.0] [0.0, 0.0] [0.0, 0.0] [0.0, 0.0] [0.0, 0.0] [0.0, 0.0] [0.0, 0.0] [0.0, 0.0] [0.0, 0.0] [0.0, 1.0] [0.0, 1.0] [0.0, 1.0] [0.0, 1.0] [0.0, 1.0] [0.0, 1.0] [0.0, 1.0] [0.0, 1.0] [0.0, 1.0] [0.0, 1.0] [0.0, 0.0] [0.0, 0.0] [0.0, 0.0] [0.0, 0.0] [0.0, 0.0] [0.0, 0.0] [0.0, 0.0] [0.0, 0.0] [0.0, 0.0] [0.0, 0.0] [0.0, 1.0] [0.0, 1.0] [0.0, 1.0] [0.0, 1.0] [0.0, 1.0] [0.0, 1.0] [0.0, 1.0] 
  Output range:
    0: [0.0, 2.0] [0.0, 2.0] [0.0, 5.0] [0.0, 5.0] [0.0, 6.0] [0.0, 2.0] [0.0, 2.0] [0.0, 5.0] [0.0, 5.0] [0.0, 6.0] [0.0, 2.0] [0.0, 2.0] [0.0, 2.0] [0.0, 2.0] [0.0, 5.0] [0.0, 5.0] [0.0, 6.0] [0.0, 5.0] [0.0, 2.0] [0.0, 2.0] [0.0, 5.0] [0.0, 5.0] [0.0, 6.0] [0.0, 5.0] [0.0, 5.0] [0.0, 2.0] [0.0, 2.0] [0.0, 5.0] [0.0, 5.0] [0.0, 6.0] [0.0, 2.0] [0.0, 2.0] [0.0, 5.0] [0.0, 5.0] [0.0, 6.0] [0.0, 2.0] [0.0, 2.0] [0.0, 5.0] [0.0, 5.0] [0.0, 6.0] [0.0, 2.0] [0.0, 2.0] [0.0, 5.0] [0.0, 5.0] [0.0, 6.0] [0.0, 5.0] [0.0, 5.0] [0.0, 6.0] [0.0, 5.0] [0.0, 5.0] [0.0, 2.0] [0.0, 2.0] [0.0, 5.0] [0.0, 2.0] [0.0, 2.0] [0.0, 2.0] [0.0, 2.0] [0.0, 6.0] [0.0, 5.0] [0.0, 6.0] [0.0, 2.0] [0.0, 2.0] [0.0, 5.0] [0.0, 5.0] [0.0, 6.0] [0.0, 5.0] [0.0, 5.0] 
    1: [0.0, 0.0] [0.0, 0.0] [0.0, 0.0] [0.0, 0.0] [0.0, 0.0] [0.0, 0.0] [0.0, 0.0] [0.0, 0.0] [0.0, 0.0] [0.0, 0.0] [0.0, 0.0] [0.0, 0.0] [0.0, 0.0] [0.0, 0.0] [0.0, 0.0] [0.0, 0.0] [0.0, 0.0] [0.0, 0.0] [0.0, 1.0] [0.0, 1.0] [0.0, 1.0] [0.0, 1.0] [0.0, 1.0] [0.0, 1.0] [0.0, 0.0] [0.0, 1.0] [0.0, 1.0] [0.0, 1.0] [0.0, 1.0] [0.0, 1.0] [0.0, 0.0] [0.0, 0.0] [0.0, 0.0] [0.0, 0.0] [0.0, 0.0] [0.0, 0.0] [0.0, 0.0] [0.0, 0.0] [0.0, 0.0] [0.0, 0.0] [0.0, 1.0] [0.0, 1.0] [0.0, 1.0] [0.0, 1.0] [0.0, 1.0] [0.0, 1.0] [0.0, 1.0] [0.0, 1.0] [0.0, 1.0] [0.0, 1.0] [0.0, 0.0] [0.0, 0.0] [0.0, 0.0] [0.0, 0.0] [0.0, 0.0] [0.0, 0.0] [0.0, 0.0] [0.0, 0.0] [0.0, 0.0] [0.0, 0.0] [0.0, 1.0] [0.0, 1.0] [0.0, 1.0] [0.0, 1.0] [0.0, 1.0] [0.0, 1.0] [0.0, 1.0] 
    2: [0.0, 3.0] [0.0, 3.0] [0.0, 3.0] [0.0, 3.0] [0.0, 3.0] [0.0, 3.0] [0.0, 3.0] [0.0, 3.0] [0.0, 3.0] [0.0, 3.0] [0.0, 3.0] [0.0, 3.0] [0.0, 3.0] [0.0, 3.0] [0.0, 3.0] [0.0, 3.0] [0.0, 3.0] [0.0, 3.0] [0.0, 3.0] [0.0, 3.0] [0.0, 3.0] [0.0, 3.0] [0.0, 3.0] [0.0, 3.0] [0.0, 3.0] [0.0, 3.0] [0.0, 3.0] [0.0, 3.0] [0.0, 3.0] [0.0, 3.0] [0.0, 3.0] [0.0, 3.0] [0.0, 3.0] [0.0, 3.0] [0.0, 3.0] [0.0, 3.0] [0.0, 3.0] [0.0, 3.0] [0.0, 3.0] [0.0, 3.0] [0.0, 3.0] [0.0, 3.0] [0.0, 3.0] [0.0, 3.0] [0.0, 3.0] [0.0, 3.0] [0.0, 3.0] [0.0, 3.0] [0.0, 3.0] [0.0, 3.0] [0.0, 3.0] [0.0, 3.0] [0.0, 3.0] [0.0, 3.0] [0.0, 3.0] [0.0, 3.0] [0.0, 3.0] [0.0, 3.0] [0.0, 3.0] [0.0, 3.0] [0.0, 3.0] [0.0, 3.0] [0.0, 3.0] [0.0, 3.0] [0.0, 3.0] [0.0, 3.0] [0.0, 3.0] 
    3: [0.0, 3.0] [0.0, 3.0] [0.0, 3.0] [0.0, 3.0] [0.0, 3.0] [0.0, 3.0] [0.0, 3.0] [0.0, 3.0] [0.0, 3.0] [0.0, 3.0] [0.0, 3.0] [0.0, 3.0] [0.0, 3.0] [0.0, 3.0] [0.0, 3.0] [0.0, 3.0] [0.0, 3.0] [0.0, 3.0] [0.0, 3.0] [0.0, 3.0] [0.0, 3.0] [0.0, 3.0] [0.0, 3.0] [0.0, 3.0] [0.0, 3.0] [0.0, 3.0] [0.0, 3.0] [0.0, 3.0] [0.0, 3.0] [0.0, 3.0] [0.0, 3.0] [0.0, 3.0] [0.0, 3.0] [0.0, 3.0] [0.0, 3.0] [0.0, 3.0] [0.0, 3.0] [0.0, 3.0] [0.0, 3.0] [0.0, 3.0] [0.0, 3.0] [0.0, 3.0] [0.0, 3.0] [0.0, 3.0] [0.0, 3.0] [0.0, 3.0] [0.0, 3.0] [0.0, 3.0] [0.0, 3.0] [0.0, 3.0] [0.0, 3.0] [0.0, 3.0] [0.0, 3.0] [0.0, 3.0] [0.0, 3.0] [0.0, 3.0] [0.0, 3.0] [0.0, 3.0] [0.0, 3.0] [0.0, 3.0] [0.0, 3.0] [0.0, 3.0] [0.0, 3.0] [0.0, 3.0] [0.0, 3.0] [0.0, 3.0] [0.0, 3.0] 
  Output fraction of data:
visual_stimulus_category: (0.485 0.508 0.257 0.323 0.269 0.468 0.502 0.203 0.343 0.255 0.455 0.539 0.468 0.467 0.331 0.337 0.220 0.280 0.467 0.560 0.376 0.356 0.254 0.252 0.256 0.464 0.481 0.343 0.367 0.148 0.472 0.483 0.243 0.309 0.258 0.487 0.497 0.233 0.290 0.233 0.536 0.512 0.390 0.376 0.299 0.400 0.414 0.303 0.300 0.301 0.522 0.500 0.231 0.525 0.521 0.532 0.507 0.297 0.305 0.269 0.489 0.502 0.402 0.366 0.193 0.213 0.160)  0.000 0.000 0.232 0.000 0.000 0.000 0.000 0.262 0.000 0.000 0.000 0.000 0.000 0.000 0.231 0.000 0.000 0.238 0.000 0.000 0.142 0.000 0.000 0.000 0.266 0.000 0.000 0.143 0.000 0.106 0.000 0.000 0.257 0.000 0.000 0.000 0.000 0.240 0.000 0.000 0.000 0.000 0.132 0.000 0.000 0.147 0.000 0.000 0.000 0.000 0.000 0.000 0.244 0.000 0.000 0.000 0.000 0.127 0.000 0.000 0.000 0.000 0.106 0.000 0.000 0.000 0.000)  0.515 0.492 0.247 0.369 0.251 0.532 0.498 0.243 0.290 0.245 0.545 0.461 0.532 0.533 0.235 0.282 0.246 0.245 0.533 0.440 0.338 0.323 0.385 0.383 0.244 0.536 0.519 0.357 0.307 0.375 0.528 0.517 0.257 0.321 0.252 0.513 0.503 0.253 0.373 0.245 0.464 0.488 0.361 0.331 0.357 0.338 0.280 0.375 0.352 0.373 0.477 0.500 0.251 0.475 0.479 0.468 0.493 0.308 0.348 0.260 0.511 0.498 0.367 0.320 0.396 0.390 0.417)  0.000 0.000 0.000 0.000 0.000 0.000 0.000 0.000 0.000 0.000 0.000 0.000 0.000 0.000 0.000 0.000 0.000 0.000 0.000 0.000 0.000 0.000 0.000 0.000 0.000 0.000 0.000 0.000 0.000 0.000 0.000 0.000 0.000 0.000 0.000 0.000 0.000 0.000 0.000 0.000 0.000 0.000 0.000 0.000 0.000 0.000 0.000 0.000 0.202 0.000 0.000 0.000 0.000 0.000 0.000 0.000 0.000 0.000 0.000 0.000 0.000 0.000 0.000 0.000 0.000 0.199 0.000)  0.000 0.000 0.000 0.000 0.000 0.000 0.000 0.000 0.000 0.000 0.000 0.000 0.000 0.000 0.000 0.000 0.000 0.000 0.000 0.000 0.000 0.000 0.000 0.196 0.000 0.000 0.000 0.000 0.000 0.000 0.000 0.000 0.000 0.000 0.000 0.000 0.000 0.000 0.000 0.000 0.000 0.000 0.000 0.000 0.000 0.000 0.000 0.000 0.000 0.155 0.000 0.000 0.000 0.000 0.000 0.000 0.000 0.000 0.000 0.000 0.000 0.000 0.000 0.000 0.000 0.000 0.204)  0.000 0.000 0.264 0.308 0.242 0.000 0.000 0.292 0.367 0.275 0.000 0.000 0.000 0.000 0.203 0.382 0.229 0.236 0.000 0.000 0.144 0.321 0.188 0.168 0.234 0.000 0.000 0.157 0.326 0.170 0.000 0.000 0.243 0.370 0.243 0.000 0.000 0.275 0.337 0.257 0.000 0.000 0.118 0.293 0.157 0.115 0.306 0.163 0.146 0.170 0.000 0.000 0.274 0.000 0.000 0.000 0.000 0.132 0.347 0.227 0.000 0.000 0.125 0.314 0.203 0.199 0.218)  0.000 0.000 0.000 0.000 0.238 0.000 0.000 0.000 0.000 0.225 0.000 0.000 0.000 0.000 0.000 0.000 0.305 0.000 0.000 0.000 0.000 0.000 0.173 0.000 0.000 0.000 0.000 0.000 0.000 0.200 0.000 0.000 0.000 0.000 0.247 0.000 0.000 0.000 0.000 0.266 0.000 0.000 0.000 0.000 0.188 0.000 0.000 0.159 0.000 0.000 0.000 0.000 0.000 0.000 0.000 0.000 0.000 0.135 0.000 0.244 0.000 0.000 0.000 0.000 0.209 0.000 0.000)  
licking: (1.000 1.000 1.000 1.000 1.000 1.000 1.000 1.000 1.000 1.000 1.000 1.000 1.000 1.000 1.000 1.000 1.000 1.000 0.983 0.990 0.992 0.992 0.991 0.990 1.000 0.983 0.988 0.990 0.990 0.991 1.000 1.000 1.000 1.000 1.000 1.000 1.000 1.000 1.000 1.000 0.983 0.987 0.989 0.994 0.990 0.987 0.992 0.992 0.987 0.990 1.000 1.000 1.000 1.000 1.000 1.000 1.000 1.000 1.000 1.000 0.985 0.989 0.989 0.991 0.992 0.987 0.985)  0.000 0.000 0.000 0.000 0.000 0.000 0.000 0.000 0.000 0.000 0.000 0.000 0.000 0.000 0.000 0.000 0.000 0.000 0.017 0.010 0.008 0.008 0.009 0.010 0.000 0.017 0.012 0.010 0.010 0.009 0.000 0.000 0.000 0.000 0.000 0.000 0.000 0.000 0.000 0.000 0.017 0.013 0.011 0.006 0.010 0.013 0.008 0.008 0.013 0.010 0.000 0.000 0.000 0.000 0.000 0.000 0.000 0.000 0.000 0.000 0.015 0.011 0.011 0.009 0.008 0.013 0.015)  
position_bin: (0.223 0.247 0.256 0.270 0.290 0.318 0.256 0.257 0.281 0.265 0.243 0.246 0.207 0.287 0.360 0.320 0.262 0.239 0.277 0.224 0.203 0.230 0.214 0.234 0.255 0.272 0.216 0.224 0.219 0.201 0.240 0.245 0.257 0.249 0.247 0.216 0.215 0.244 0.248 0.253 0.211 0.229 0.237 0.232 0.233 0.285 0.241 0.238 0.252 0.259 0.253 0.328 0.308 0.237 0.271 0.276 0.273 0.273 0.249 0.237 0.224 0.222 0.222 0.252 0.236 0.230 0.227)  0.231 0.252 0.253 0.264 0.259 0.232 0.248 0.207 0.271 0.278 0.255 0.250 0.269 0.263 0.232 0.201 0.219 0.245 0.245 0.272 0.253 0.289 0.281 0.292 0.243 0.255 0.271 0.262 0.232 0.227 0.242 0.314 0.273 0.258 0.272 0.249 0.246 0.246 0.257 0.266 0.250 0.286 0.252 0.243 0.250 0.267 0.287 0.286 0.271 0.273 0.226 0.201 0.223 0.229 0.246 0.257 0.245 0.253 0.241 0.252 0.240 0.345 0.265 0.265 0.262 0.304 0.312)  0.278 0.256 0.243 0.243 0.231 0.198 0.214 0.217 0.248 0.244 0.271 0.268 0.304 0.227 0.191 0.195 0.256 0.269 0.250 0.271 0.340 0.269 0.291 0.261 0.252 0.232 0.317 0.296 0.295 0.347 0.284 0.228 0.239 0.269 0.250 0.302 0.335 0.307 0.282 0.247 0.255 0.268 0.260 0.294 0.281 0.245 0.258 0.269 0.259 0.251 0.245 0.204 0.196 0.246 0.273 0.214 0.213 0.256 0.267 0.276 0.268 0.227 0.250 0.247 0.269 0.256 0.248)  0.268 0.245 0.248 0.223 0.220 0.252 0.281 0.319 0.200 0.214 0.230 0.235 0.219 0.223 0.216 0.285 0.263 0.246 0.228 0.233 0.204 0.213 0.214 0.213 0.250 0.241 0.196 0.218 0.254 0.224 0.234 0.213 0.231 0.225 0.231 0.233 0.205 0.203 0.214 0.234 0.284 0.217 0.251 0.230 0.237 0.203 0.214 0.207 0.218 0.217 0.276 0.267 0.273 0.288 0.210 0.253 0.268 0.218 0.242 0.235 0.267 0.207 0.263 0.236 0.233 0.210 0.213)  
running_speed_bin: (0.313 0.137 0.119 0.078 0.105 0.222 0.176 0.152 0.166 0.164 0.196 0.129 0.267 0.152 0.178 0.175 0.137 0.106 0.175 0.187 0.190 0.100 0.104 0.093 0.156 0.312 0.125 0.085 0.092 0.125 0.084 0.130 0.101 0.065 0.134 0.229 0.192 0.156 0.119 0.041 0.207 0.279 0.178 0.120 0.111 0.237 0.092 0.125 0.212 0.188 0.184 0.268 0.249 0.163 0.304 0.198 0.128 0.143 0.114 0.157 0.272 0.104 0.156 0.123 0.151 0.127 0.129)  0.288 0.206 0.135 0.187 0.174 0.247 0.283 0.261 0.330 0.327 0.326 0.144 0.291 0.235 0.332 0.306 0.286 0.115 0.391 0.254 0.246 0.169 0.207 0.210 0.252 0.465 0.231 0.176 0.229 0.222 0.116 0.102 0.110 0.083 0.136 0.128 0.169 0.083 0.082 0.037 0.169 0.134 0.161 0.088 0.101 0.144 0.088 0.112 0.171 0.139 0.107 0.254 0.186 0.138 0.143 0.142 0.072 0.086 0.117 0.127 0.132 0.078 0.077 0.072 0.072 0.077 0.085)  0.281 0.344 0.327 0.403 0.329 0.399 0.456 0.492 0.367 0.365 0.439 0.264 0.405 0.421 0.359 0.318 0.337 0.360 0.417 0.427 0.392 0.453 0.508 0.517 0.367 0.221 0.481 0.577 0.591 0.540 0.149 0.103 0.114 0.141 0.282 0.118 0.402 0.552 0.399 0.220 0.351 0.313 0.355 0.240 0.252 0.392 0.332 0.312 0.435 0.466 0.340 0.427 0.369 0.328 0.193 0.245 0.160 0.190 0.221 0.212 0.140 0.101 0.082 0.211 0.187 0.247 0.235)  0.118 0.312 0.419 0.332 0.393 0.132 0.084 0.094 0.137 0.144 0.039 0.463 0.037 0.192 0.131 0.201 0.240 0.419 0.018 0.132 0.172 0.277 0.181 0.180 0.225 0.002 0.162 0.163 0.088 0.113 0.651 0.665 0.674 0.711 0.448 0.524 0.237 0.208 0.401 0.702 0.273 0.275 0.305 0.552 0.535 0.226 0.488 0.451 0.182 0.207 0.369 0.051 0.197 0.371 0.360 0.415 0.640 0.581 0.549 0.505 0.456 0.717 0.686 0.594 0.590 0.550 0.551)  
Brain region: unknown: 2868960 neurons, lateral: 476655 neurons, aHV: 81136 neurons, anterior: 112190 neurons, medial: 121988 neurons, V1: 225045 neurons  
Training on 21802 trials, testing on 5477 trials
Using device: cpu
Using balanced loss with class weights:
  Output 0: [0.00922947 0.07426661 0.00876291 0.44193217 0.37680534 0.02036206
 0.06864143]
  Output 1: [0.00448812 0.9955119 ]
  Output 2: [0.25119781 0.2415849  0.23991585 0.26730147]
  Output 3: [0.35338312 0.3386455  0.16920477 0.13876662]
Session 0: Using random projection to 2000 of 58224 neurons for SVD initialization
Session 1: Using random projection to 2000 of 54741 neurons for SVD initialization
Session 2: Using random projection to 2000 of 50347 neurons for SVD initialization
Session 3: Using random projection to 2000 of 50195 neurons for SVD initialization
Session 4: Using random projection to 2000 of 56106 neurons for SVD initialization
Session 5: Using random projection to 2000 of 55746 neurons for SVD initialization
Session 6: Using random projection to 2000 of 58930 neurons for SVD initialization
Session 7: Using random projection to 2000 of 64130 neurons for SVD initialization
Session 8: Using random projection to 2000 of 57540 neurons for SVD initialization
Session 9: Using random projection to 2000 of 59251 neurons for SVD initialization
Session 10: Using random projection to 2000 of 43834 neurons for SVD initialization
Session 11: Using random projection to 2000 of 42565 neurons for SVD initialization
Session 12: Using random projection to 2000 of 58941 neurons for SVD initialization
Session 13: Using random projection to 2000 of 55653 neurons for SVD initialization
Session 14: Using random projection to 2000 of 61115 neurons for SVD initialization
Session 15: Using random projection to 2000 of 45207 neurons for SVD initialization
Session 16: Using random projection to 2000 of 55457 neurons for SVD initialization
Session 17: Using random projection to 2000 of 68553 neurons for SVD initialization
Session 18: Using random projection to 2000 of 85481 neurons for SVD initialization
Session 19: Using random projection to 2000 of 75480 neurons for SVD initialization
Session 20: Using random projection to 2000 of 79417 neurons for SVD initialization
Session 21: Using random projection to 2000 of 68045 neurons for SVD initialization
Session 22: Using random projection to 2000 of 76530 neurons for SVD initialization
Session 23: Using random projection to 2000 of 65861 neurons for SVD initialization
Session 24: Using random projection to 2000 of 85468 neurons for SVD initialization
Session 25: Using random projection to 2000 of 63625 neurons for SVD initialization
Session 26: Using random projection to 2000 of 89577 neurons for SVD initialization
Session 27: Using random projection to 2000 of 83309 neurons for SVD initialization
Session 28: Using random projection to 2000 of 71687 neurons for SVD initialization
Session 29: Using random projection to 2000 of 76296 neurons for SVD initialization
Session 30: Using random projection to 2000 of 31672 neurons for SVD initialization
Session 31: Using random projection to 2000 of 36935 neurons for SVD initialization
Session 32: Using random projection to 2000 of 27281 neurons for SVD initialization
Session 33: Using random projection to 2000 of 29587 neurons for SVD initialization
Session 34: Using random projection to 2000 of 32547 neurons for SVD initialization
Session 35: Using random projection to 2000 of 28696 neurons for SVD initialization
Session 36: Using random projection to 2000 of 43103 neurons for SVD initialization
Session 37: Using random projection to 2000 of 30931 neurons for SVD initialization
Session 38: Using random projection to 2000 of 30252 neurons for SVD initialization
Session 39: Using random projection to 2000 of 26756 neurons for SVD initialization
Session 40: Using random projection to 2000 of 48732 neurons for SVD initialization
Session 41: Using random projection to 2000 of 57368 neurons for SVD initialization
Session 42: Using random projection to 2000 of 47785 neurons for SVD initialization
Session 43: Using random projection to 2000 of 60924 neurons for SVD initialization
Session 44: Using random projection to 2000 of 48742 neurons for SVD initialization
Session 45: Using random projection to 2000 of 62256 neurons for SVD initialization
Session 46: Using random projection to 2000 of 67669 neurons for SVD initialization
Session 47: Using random projection to 2000 of 72193 neurons for SVD initialization
Session 48: Using random projection to 2000 of 68951 neurons for SVD initialization
Session 49: Using random projection to 2000 of 79586 neurons for SVD initialization
Session 50: Using random projection to 2000 of 44059 neurons for SVD initialization
Session 51: Using random projection to 2000 of 52954 neurons for SVD initialization
Session 52: Using random projection to 2000 of 50689 neurons for SVD initialization
Session 53: Using random projection to 2000 of 59560 neurons for SVD initialization
Session 54: Using random projection to 2000 of 55163 neurons for SVD initialization
Session 55: Using random projection to 2000 of 62606 neurons for SVD initialization
Session 56: Using random projection to 2000 of 48824 neurons for SVD initialization
Session 57: Using random projection to 2000 of 58099 neurons for SVD initialization
Session 58: Using random projection to 2000 of 53028 neurons for SVD initialization
Session 59: Using random projection to 2000 of 61456 neurons for SVD initialization
Session 60: Using random projection to 2000 of 81473 neurons for SVD initialization
Session 61: Using random projection to 2000 of 71069 neurons for SVD initialization
Session 62: Using random projection to 2000 of 76108 neurons for SVD initialization
Session 63: Using random projection to 2000 of 63897 neurons for SVD initialization
Session 64: Using random projection to 2000 of 65287 neurons for SVD initialization
Session 65: Using random projection to 2000 of 55650 neurons for SVD initialization
Session 66: Using random projection to 2000 of 76775 neurons for SVD initialization
Epoch [1/200], Loss: 1113843.574627
Epoch [2/200], Loss: 1080982.268657
Epoch [3/200], Loss: 1048173.147388
Epoch [4/200], Loss: 1016292.590485
Epoch [5/200], Loss: 984868.465485
Epoch [6/200], Loss: 953382.175373
Epoch [7/200], Loss: 921596.471082
Epoch [8/200], Loss: 889568.381530
Epoch [9/200], Loss: 857646.343284
Epoch [10/200], Loss: 828953.859142
Epoch [20/200], Loss: 646511.400187
Epoch [30/200], Loss: 491892.460354
Epoch [40/200], Loss: 329985.505364
Epoch [50/200], Loss: 211323.552355
Epoch [60/200], Loss: 153471.952542
Epoch [70/200], Loss: 97242.840398
Epoch [80/200], Loss: 67554.510043
Epoch [90/200], Loss: 55352.855090
Epoch [100/200], Loss: 41586.760108
Epoch [110/200], Loss: 29350.208409
Epoch [120/200], Loss: 18245.441920
Epoch [130/200], Loss: 9943.759634
Epoch [140/200], Loss: 8411.118988
Epoch [150/200], Loss: 6556.173897
Epoch [160/200], Loss: 5733.890512
Epoch [170/200], Loss: 5055.314608
Epoch [180/200], Loss: 4496.722478
Epoch [190/200], Loss: 4055.367260
Epoch [200/200], Loss: 3678.733817
Test Loss: 4402.820940

Training Balanced Accuracy Scores (chance = 1/num_classes):
  0 (visual_stimulus_category): 0.6777  (chance: 0.1429)
  1 (licking): 0.9530  (chance: 0.5000)
  2 (position_bin): 0.5445  (chance: 0.2500)
  3 (running_speed_bin): 0.4779  (chance: 0.2500)

Validation Balanced Accuracy Scores (chance = 1/num_classes):
  0 (visual_stimulus_category): 0.6490  (chance: 0.1429)
  1 (licking): 0.8929  (chance: 0.5000)
  2 (position_bin): 0.5382  (chance: 0.2500)
  3 (running_speed_bin): 0.4796  (chance: 0.2500)
