Data format is valid, no errors or warnings.
Number of sessions: 134
Total number of trials: 55475
Number of trials per session: [262, 181, 495, 367, 624, 412, 448, 173, 600, 655, 421, 414, 286, 413, 474, 396, 208, 348, 279, 671, 269, 587, 592, 394, 423, 568, 137, 436, 880, 443, 842, 600, 194, 288, 262, 614, 389, 409, 438, 704, 351, 239, 326, 437, 290, 505, 923, 494, 257, 311, 348, 249, 585, 676, 491, 481, 355, 353, 352, 270, 276, 694, 587, 114, 370, 466, 403, 433, 365, 396, 452, 583, 512, 406, 242, 255, 536, 251, 459, 623, 338, 306, 254, 241, 477, 322, 578, 345, 303, 378, 671, 574, 535, 368, 481, 216, 258, 376, 530, 293, 335, 391, 198, 412, 626, 441, 324, 329, 628, 402, 319, 258, 304, 324, 254, 654, 460, 422, 332, 553, 254, 279, 464, 300, 358, 303, 263, 123, 287, 497, 415, 818, 629, 363]
Number of subjects: 134
Number of brain regions: 202
Number of sessions per subject:
  Subject CSHL045: 1 sessions
  Subject CSHL047: 1 sessions
  Subject CSHL049: 1 sessions
  Subject CSHL051: 1 sessions
  Subject CSHL052: 1 sessions
  Subject CSHL053: 1 sessions
  Subject CSHL054: 1 sessions
  Subject CSHL055: 1 sessions
  Subject CSHL058: 1 sessions
  Subject CSHL059: 1 sessions
  Subject CSHL060: 1 sessions
  Subject CSH_ZAD_001: 1 sessions
  Subject CSH_ZAD_011: 1 sessions
  Subject CSH_ZAD_019: 1 sessions
  Subject CSH_ZAD_022: 1 sessions
  Subject CSH_ZAD_024: 1 sessions
  Subject CSH_ZAD_025: 1 sessions
  Subject CSH_ZAD_026: 1 sessions
  Subject CSH_ZAD_029: 1 sessions
  Subject DY_008: 1 sessions
  Subject DY_009: 1 sessions
  Subject DY_010: 1 sessions
  Subject DY_011: 1 sessions
  Subject DY_013: 1 sessions
  Subject DY_014: 1 sessions
  Subject DY_016: 1 sessions
  Subject DY_018: 1 sessions
  Subject DY_020: 1 sessions
  Subject KS014: 1 sessions
  Subject KS016: 1 sessions
  Subject KS022: 1 sessions
  Subject KS023: 1 sessions
  Subject KS042: 1 sessions
  Subject KS043: 1 sessions
  Subject KS044: 1 sessions
  Subject KS046: 1 sessions
  Subject KS051: 1 sessions
  Subject KS055: 1 sessions
  Subject KS084: 1 sessions
  Subject KS086: 1 sessions
  Subject KS091: 1 sessions
  Subject KS094: 1 sessions
  Subject KS096: 1 sessions
  Subject MFD_05: 1 sessions
  Subject MFD_06: 1 sessions
  Subject MFD_07: 1 sessions
  Subject MFD_08: 1 sessions
  Subject MFD_09: 1 sessions
  Subject NR_0017: 1 sessions
  Subject NR_0019: 1 sessions
  Subject NR_0020: 1 sessions
  Subject NR_0021: 1 sessions
  Subject NR_0024: 1 sessions
  Subject NR_0027: 1 sessions
  Subject NR_0028: 1 sessions
  Subject NR_0029: 1 sessions
  Subject NR_0031: 1 sessions
  Subject NYU-11: 1 sessions
  Subject NYU-12: 1 sessions
  Subject NYU-21: 1 sessions
  Subject NYU-30: 1 sessions
  Subject NYU-37: 1 sessions
  Subject NYU-39: 1 sessions
  Subject NYU-40: 1 sessions
  Subject NYU-45: 1 sessions
  Subject NYU-46: 1 sessions
  Subject NYU-47: 1 sessions
  Subject NYU-48: 1 sessions
  Subject NYU-65: 1 sessions
  Subject PL015: 1 sessions
  Subject PL016: 1 sessions
  Subject PL017: 1 sessions
  Subject PL024: 1 sessions
  Subject PL030: 1 sessions
  Subject PL031: 1 sessions
  Subject PL033: 1 sessions
  Subject PL034: 1 sessions
  Subject PL035: 1 sessions
  Subject PL037: 1 sessions
  Subject PL050: 1 sessions
  Subject SWC_039: 1 sessions
  Subject SWC_042: 1 sessions
  Subject SWC_043: 1 sessions
  Subject SWC_052: 1 sessions
  Subject SWC_053: 1 sessions
  Subject SWC_054: 1 sessions
  Subject SWC_058: 1 sessions
  Subject SWC_060: 1 sessions
  Subject SWC_061: 1 sessions
  Subject SWC_065: 1 sessions
  Subject SWC_066: 1 sessions
  Subject UCLA005: 1 sessions
  Subject UCLA006: 1 sessions
  Subject UCLA011: 1 sessions
  Subject UCLA012: 1 sessions
  Subject UCLA014: 1 sessions
  Subject UCLA015: 1 sessions
  Subject UCLA017: 1 sessions
  Subject UCLA030: 1 sessions
  Subject UCLA033: 1 sessions
  Subject UCLA034: 1 sessions
  Subject UCLA035: 1 sessions
  Subject UCLA036: 1 sessions
  Subject UCLA037: 1 sessions
  Subject UCLA044: 1 sessions
  Subject UCLA048: 1 sessions
  Subject UCLA049: 1 sessions
  Subject UCLA052: 1 sessions
  Subject ZFM-01576: 1 sessions
  Subject ZFM-01577: 1 sessions
  Subject ZFM-01592: 1 sessions
  Subject ZFM-01935: 1 sessions
  Subject ZFM-01936: 1 sessions
  Subject ZFM-01937: 1 sessions
  Subject ZFM-02368: 1 sessions
  Subject ZFM-02369: 1 sessions
  Subject ZFM-02370: 1 sessions
  Subject ZFM-02372: 1 sessions
  Subject ZFM-02373: 1 sessions
  Subject ZFM-04308: 1 sessions
  Subject ZM_1898: 1 sessions
  Subject ZM_2240: 1 sessions
  Subject ZM_2241: 1 sessions
  Subject ZM_2245: 1 sessions
  Subject ZM_3003: 1 sessions
  Subject ibl_witten_13: 1 sessions
  Subject ibl_witten_18: 1 sessions
  Subject ibl_witten_19: 1 sessions
  Subject ibl_witten_20: 1 sessions
  Subject ibl_witten_25: 1 sessions
  Subject ibl_witten_26: 1 sessions
  Subject ibl_witten_27: 1 sessions
  Subject ibl_witten_29: 1 sessions
  Subject ibl_witten_32: 1 sessions
Input dimension: 2
Output dimension: 4
Summary statistics (across all sessions):
  T: mean: 100.00, median: 100.00, min: 100, max: 100
  n_neurons: mean: 159.67', min: 7, max: 516
  Input range:
    time_since_stimulus_onset_s: [-0.5, 1.5]
    trial_number_in_session: [0.0, 1437.0]
  Output range:
    choice: [0.0, 1.0]
    prior_probability_left: [0.0, 2.0]
    wheel_speed_bin: [0.0, 2.0]
    whisker_motion_energy_bin: [0.0, 2.0]
  Unique outputs per dimension (fraction of data):
    choice: {left (0.486), right (0.514)}
    prior_probability_left: {0.2 (0.408), 0.5 (0.141), 0.8 (0.451)}
    wheel_speed_bin: {low (0.333), medium (0.333), high (0.333)}
    whisker_motion_energy_bin: {low (0.333), medium (0.333), high (0.333)}
  Brain region distribution:
    ACAd: 84 neurons
    ACAv: 42 neurons
    ACB: 51 neurons
    AD: 6 neurons
    AId: 10 neurons
    AIp: 68 neurons
    AIv: 12 neurons
    AMB: 6 neurons
    ANcr2: 43 neurons
    AON: 192 neurons
    AP: 3 neurons
    APN: 875 neurons
    APr: 1 neurons
    AT: 21 neurons
    AUDd: 78 neurons
    AUDp: 40 neurons
    AUDv: 149 neurons
    AV: 24 neurons
    BLA: 84 neurons
    BMA: 49 neurons
    BST: 62 neurons
    CA1: 721 neurons
    CA2: 17 neurons
    CA3: 250 neurons
    CEA: 54 neurons
    CENT2: 243 neurons
    CENT3: 127 neurons
    CL: 6 neurons
    CLA: 21 neurons
    CM: 13 neurons
    COAp: 39 neurons
    COPY: 43 neurons
    CP: 852 neurons
    CS: 71 neurons
    CUL4 5: 284 neurons
    CUN: 56 neurons
    DCO: 110 neurons
    DEC: 7 neurons
    DG: 495 neurons
    DMH: 4 neurons
    DN: 89 neurons
    DP: 33 neurons
    DR: 13 neurons
    DT: 5 neurons
    ENTl: 142 neurons
    ENTm: 93 neurons
    EPd: 20 neurons
    EPv: 53 neurons
    Eth: 243 neurons
    FC: 1 neurons
    FN: 8 neurons
    FOTU: 3 neurons
    FRP: 29 neurons
    FS: 6 neurons
    GPe: 148 neurons
    GRN: 190 neurons
    GU: 10 neurons
    HATA: 8 neurons
    I5: 1 neurons
    IA: 8 neurons
    IC: 179 neurons
    ICB: 18 neurons
    IG: 3 neurons
    ILA: 29 neurons
    IP: 117 neurons
    IRN: 201 neurons
    LA: 19 neurons
    LAV: 96 neurons
    LD: 336 neurons
    LGd: 188 neurons
    LGv: 55 neurons
    LH: 2 neurons
    LHA: 48 neurons
    LING: 30 neurons
    LP: 1173 neurons
    LRN: 7 neurons
    LSc: 36 neurons
    LSr: 225 neurons
    LSv: 22 neurons
    MA: 17 neurons
    MARN: 67 neurons
    MD: 26 neurons
    MDRN: 56 neurons
    MEA: 21 neurons
    MG: 56 neurons
    MH: 1 neurons
    MOB: 9 neurons
    MOp: 305 neurons
    MOs: 379 neurons
    MRN: 1124 neurons
    MS: 9 neurons
    MV: 201 neurons
    NLL: 3 neurons
    NOD: 32 neurons
    NOT: 23 neurons
    NPC: 31 neurons
    NTS: 32 neurons
    OP: 7 neurons
    ORBl: 64 neurons
    ORBm: 82 neurons
    ORBvl: 196 neurons
    OT: 25 neurons
    P5: 10 neurons
    PA: 20 neurons
    PAA: 53 neurons
    PAG: 122 neurons
    PAR: 21 neurons
    PARN: 156 neurons
    PB: 189 neurons
    PC5: 1 neurons
    PCG: 3 neurons
    PCN: 2 neurons
    PF: 21 neurons
    PG: 1 neurons
    PGRN: 27 neurons
    PH: 1 neurons
    PIL: 7 neurons
    PIR: 342 neurons
    PL: 57 neurons
    PO: 1520 neurons
    POL: 80 neurons
    POST: 90 neurons
    PP: 1 neurons
    PPN: 103 neurons
    PPT: 29 neurons
    PR: 19 neurons
    PRE: 6 neurons
    PRM: 32 neurons
    PRNc: 10 neurons
    PRNr: 75 neurons
    PRP: 3 neurons
    PSV: 36 neurons
    PVT: 16 neurons
    PYR: 25 neurons
    Pa4: 3 neurons
    Pa5: 4 neurons
    PoT: 144 neurons
    ProS: 147 neurons
    RN: 219 neurons
    RPF: 26 neurons
    RR: 2 neurons
    RSPagl: 19 neurons
    RSPd: 74 neurons
    RSPv: 64 neurons
    RT: 30 neurons
    SAG: 13 neurons
    SCm: 621 neurons
    SCs: 29 neurons
    SF: 35 neurons
    SGN: 63 neurons
    SI: 37 neurons
    SIM: 331 neurons
    SMT: 16 neurons
    SNc: 27 neurons
    SNr: 82 neurons
    SOC: 4 neurons
    SPA: 2 neurons
    SPF: 37 neurons
    SPIV: 92 neurons
    SPVC: 4 neurons
    SPVI: 74 neurons
    SPVO: 87 neurons
    SSp-bfd: 138 neurons
    SSp-m: 78 neurons
    SSp-n: 20 neurons
    SSp-tr: 127 neurons
    SSp-ul: 100 neurons
    SSp-un: 48 neurons
    SSs: 138 neurons
    SUB: 208 neurons
    SUT: 50 neurons
    SUV: 105 neurons
    SubG: 7 neurons
    TEa: 33 neurons
    TR: 8 neurons
    TRS: 56 neurons
    TTd: 1 neurons
    UVU: 42 neurons
    V: 58 neurons
    VAL: 69 neurons
    VII: 28 neurons
    VISC: 26 neurons
    VISa: 648 neurons
    VISam: 306 neurons
    VISl: 25 neurons
    VISli: 15 neurons
    VISp: 343 neurons
    VISpl: 4 neurons
    VISpm: 145 neurons
    VISpor: 70 neurons
    VISrl: 27 neurons
    VM: 22 neurons
    VPL: 112 neurons
    VPLpc: 66 neurons
    VPM: 743 neurons
    VPMpc: 12 neurons
    VTA: 6 neurons
    VTN: 4 neurons
    VeCB: 23 neurons
    XII: 4 neurons
    ZI: 140 neurons
    x: 11 neurons

Per-session statistics:
  Mean T: 100.0, 100.0, 100.0, 100.0, 100.0, 100.0, 100.0, 100.0, 100.0, 100.0, 100.0, 100.0, 100.0, 100.0, 100.0, 100.0, 100.0, 100.0, 100.0, 100.0, 100.0, 100.0, 100.0, 100.0, 100.0, 100.0, 100.0, 100.0, 100.0, 100.0, 100.0, 100.0, 100.0, 100.0, 100.0, 100.0, 100.0, 100.0, 100.0, 100.0, 100.0, 100.0, 100.0, 100.0, 100.0, 100.0, 100.0, 100.0, 100.0, 100.0, 100.0, 100.0, 100.0, 100.0, 100.0, 100.0, 100.0, 100.0, 100.0, 100.0, 100.0, 100.0, 100.0, 100.0, 100.0, 100.0, 100.0, 100.0, 100.0, 100.0, 100.0, 100.0, 100.0, 100.0, 100.0, 100.0, 100.0, 100.0, 100.0, 100.0, 100.0, 100.0, 100.0, 100.0, 100.0, 100.0, 100.0, 100.0, 100.0, 100.0, 100.0, 100.0, 100.0, 100.0, 100.0, 100.0, 100.0, 100.0, 100.0, 100.0, 100.0, 100.0, 100.0, 100.0, 100.0, 100.0, 100.0, 100.0, 100.0, 100.0, 100.0, 100.0, 100.0, 100.0, 100.0, 100.0, 100.0, 100.0, 100.0, 100.0, 100.0, 100.0, 100.0, 100.0, 100.0, 100.0, 100.0, 100.0, 100.0, 100.0, 100.0, 100.0, 100.0, 100.0
  Min T: 100, 100, 100, 100, 100, 100, 100, 100, 100, 100, 100, 100, 100, 100, 100, 100, 100, 100, 100, 100, 100, 100, 100, 100, 100, 100, 100, 100, 100, 100, 100, 100, 100, 100, 100, 100, 100, 100, 100, 100, 100, 100, 100, 100, 100, 100, 100, 100, 100, 100, 100, 100, 100, 100, 100, 100, 100, 100, 100, 100, 100, 100, 100, 100, 100, 100, 100, 100, 100, 100, 100, 100, 100, 100, 100, 100, 100, 100, 100, 100, 100, 100, 100, 100, 100, 100, 100, 100, 100, 100, 100, 100, 100, 100, 100, 100, 100, 100, 100, 100, 100, 100, 100, 100, 100, 100, 100, 100, 100, 100, 100, 100, 100, 100, 100, 100, 100, 100, 100, 100, 100, 100, 100, 100, 100, 100, 100, 100, 100, 100, 100, 100, 100, 100
  Max T: 100, 100, 100, 100, 100, 100, 100, 100, 100, 100, 100, 100, 100, 100, 100, 100, 100, 100, 100, 100, 100, 100, 100, 100, 100, 100, 100, 100, 100, 100, 100, 100, 100, 100, 100, 100, 100, 100, 100, 100, 100, 100, 100, 100, 100, 100, 100, 100, 100, 100, 100, 100, 100, 100, 100, 100, 100, 100, 100, 100, 100, 100, 100, 100, 100, 100, 100, 100, 100, 100, 100, 100, 100, 100, 100, 100, 100, 100, 100, 100, 100, 100, 100, 100, 100, 100, 100, 100, 100, 100, 100, 100, 100, 100, 100, 100, 100, 100, 100, 100, 100, 100, 100, 100, 100, 100, 100, 100, 100, 100, 100, 100, 100, 100, 100, 100, 100, 100, 100, 100, 100, 100, 100, 100, 100, 100, 100, 100, 100, 100, 100, 100, 100, 100
  n_neurons: 218, 249, 203, 354, 116, 107, 75, 210, 405, 123, 245, 150, 167, 147, 77, 27, 398, 221, 120, 94, 364, 45, 158, 89, 215, 111, 163, 203, 164, 160, 263, 135, 107, 280, 124, 135, 83, 311, 130, 11, 258, 120, 135, 148, 516, 148, 179, 332, 158, 271, 72, 84, 370, 176, 224, 84, 138, 157, 147, 95, 280, 82, 88, 30, 34, 181, 20, 204, 62, 282, 92, 62, 152, 118, 170, 133, 94, 155, 180, 192, 343, 122, 233, 130, 429, 109, 45, 90, 149, 121, 59, 98, 101, 82, 179, 223, 84, 373, 164, 159, 186, 102, 129, 391, 60, 7, 42, 142, 120, 61, 240, 79, 122, 81, 71, 137, 151, 147, 103, 174, 34, 335, 120, 121, 104, 63, 363, 28, 108, 62, 347, 114, 51, 328
  Input range:
    0: [-0.5, 1.5] [-0.5, 1.5] [-0.5, 1.5] [-0.5, 1.5] [-0.5, 1.5] [-0.5, 1.5] [-0.5, 1.5] [-0.5, 1.5] [-0.5, 1.5] [-0.5, 1.5] [-0.5, 1.5] [-0.5, 1.5] [-0.5, 1.5] [-0.5, 1.5] [-0.5, 1.5] [-0.5, 1.5] [-0.5, 1.5] [-0.5, 1.5] [-0.5, 1.5] [-0.5, 1.5] [-0.5, 1.5] [-0.5, 1.5] [-0.5, 1.5] [-0.5, 1.5] [-0.5, 1.5] [-0.5, 1.5] [-0.5, 1.5] [-0.5, 1.5] [-0.5, 1.5] [-0.5, 1.5] [-0.5, 1.5] [-0.5, 1.5] [-0.5, 1.5] [-0.5, 1.5] [-0.5, 1.5] [-0.5, 1.5] [-0.5, 1.5] [-0.5, 1.5] [-0.5, 1.5] [-0.5, 1.5] [-0.5, 1.5] [-0.5, 1.5] [-0.5, 1.5] [-0.5, 1.5] [-0.5, 1.5] [-0.5, 1.5] [-0.5, 1.5] [-0.5, 1.5] [-0.5, 1.5] [-0.5, 1.5] [-0.5, 1.5] [-0.5, 1.5] [-0.5, 1.5] [-0.5, 1.5] [-0.5, 1.5] [-0.5, 1.5] [-0.5, 1.5] [-0.5, 1.5] [-0.5, 1.5] [-0.5, 1.5] [-0.5, 1.5] [-0.5, 1.5] [-0.5, 1.5] [-0.5, 1.5] [-0.5, 1.5] [-0.5, 1.5] [-0.5, 1.5] [-0.5, 1.5] [-0.5, 1.5] [-0.5, 1.5] [-0.5, 1.5] [-0.5, 1.5] [-0.5, 1.5] [-0.5, 1.5] [-0.5, 1.5] [-0.5, 1.5] [-0.5, 1.5] [-0.5, 1.5] [-0.5, 1.5] [-0.5, 1.5] [-0.5, 1.5] [-0.5, 1.5] [-0.5, 1.5] [-0.5, 1.5] [-0.5, 1.5] [-0.5, 1.5] [-0.5, 1.5] [-0.5, 1.5] [-0.5, 1.5] [-0.5, 1.5] [-0.5, 1.5] [-0.5, 1.5] [-0.5, 1.5] [-0.5, 1.5] [-0.5, 1.5] [-0.5, 1.5] [-0.5, 1.5] [-0.5, 1.5] [-0.5, 1.5] [-0.5, 1.5] [-0.5, 1.5] [-0.5, 1.5] [-0.5, 1.5] [-0.5, 1.5] [-0.5, 1.5] [-0.5, 1.5] [-0.5, 1.5] [-0.5, 1.5] [-0.5, 1.5] [-0.5, 1.5] [-0.5, 1.5] [-0.5, 1.5] [-0.5, 1.5] [-0.5, 1.5] [-0.5, 1.5] [-0.5, 1.5] [-0.5, 1.5] [-0.5, 1.5] [-0.5, 1.5] [-0.5, 1.5] [-0.5, 1.5] [-0.5, 1.5] [-0.5, 1.5] [-0.5, 1.5] [-0.5, 1.5] [-0.5, 1.5] [-0.5, 1.5] [-0.5, 1.5] [-0.5, 1.5] [-0.5, 1.5] [-0.5, 1.5] [-0.5, 1.5] [-0.5, 1.5] [-0.5, 1.5] 
    1: [0.0, 421.0] [0.0, 502.0] [0.0, 645.0] [1.0, 727.0] [1.0, 889.0] [0.0, 587.0] [1.0, 580.0] [0.0, 434.0] [1.0, 871.0] [1.0, 1003.0] [0.0, 597.0] [1.0, 578.0] [1.0, 470.0] [0.0, 641.0] [1.0, 611.0] [0.0, 852.0] [6.0, 382.0] [0.0, 561.0] [0.0, 504.0] [3.0, 840.0] [1.0, 407.0] [2.0, 924.0] [2.0, 892.0] [1.0, 545.0] [5.0, 622.0] [0.0, 712.0] [0.0, 553.0] [0.0, 632.0] [0.0, 1014.0] [0.0, 546.0] [1.0, 1099.0] [0.0, 999.0] [0.0, 433.0] [0.0, 473.0] [3.0, 524.0] [0.0, 872.0] [0.0, 690.0] [0.0, 747.0] [0.0, 587.0] [0.0, 843.0] [2.0, 529.0] [6.0, 435.0] [1.0, 400.0] [0.0, 540.0] [2.0, 425.0] [1.0, 662.0] [1.0, 1136.0] [0.0, 749.0] [1.0, 454.0] [48.0, 479.0] [1.0, 442.0] [1.0, 435.0] [0.0, 847.0] [0.0, 870.0] [0.0, 715.0] [5.0, 822.0] [0.0, 451.0] [0.0, 514.0] [2.0, 510.0] [1.0, 575.0] [0.0, 434.0] [0.0, 986.0] [6.0, 781.0] [0.0, 423.0] [1.0, 657.0] [1.0, 591.0] [1.0, 904.0] [0.0, 664.0] [5.0, 557.0] [0.0, 557.0] [3.0, 785.0] [1.0, 763.0] [1.0, 768.0] [3.0, 679.0] [1.0, 410.0] [2.0, 400.0] [1.0, 684.0] [0.0, 410.0] [0.0, 625.0] [0.0, 1012.0] [0.0, 504.0] [1.0, 498.0] [1.0, 552.0] [0.0, 422.0] [1.0, 657.0] [0.0, 854.0] [0.0, 771.0] [0.0, 799.0] [1.0, 555.0] [0.0, 659.0] [0.0, 910.0] [0.0, 718.0] [1.0, 761.0] [0.0, 576.0] [0.0, 716.0] [0.0, 398.0] [0.0, 465.0] [1.0, 742.0] [0.0, 681.0] [4.0, 523.0] [0.0, 487.0] [3.0, 499.0] [1.0, 737.0] [1.0, 566.0] [1.0, 809.0] [2.0, 564.0] [1.0, 486.0] [0.0, 456.0] [0.0, 840.0] [9.0, 564.0] [0.0, 413.0] [1.0, 483.0] [2.0, 468.0] [0.0, 443.0] [10.0, 694.0] [1.0, 1025.0] [0.0, 699.0] [1.0, 524.0] [1.0, 474.0] [1.0, 837.0] [1.0, 403.0] [0.0, 410.0] [0.0, 606.0] [1.0, 434.0] [0.0, 635.0] [0.0, 413.0] [1.0, 414.0] [3.0, 396.0] [1.0, 399.0] [3.0, 814.0] [1.0, 576.0] [0.0, 1437.0] [2.0, 838.0] [0.0, 721.0] 
  Output range:
    0: [0.0, 1.0] [0.0, 1.0] [0.0, 1.0] [0.0, 1.0] [0.0, 1.0] [0.0, 1.0] [0.0, 1.0] [0.0, 1.0] [0.0, 1.0] [0.0, 1.0] [0.0, 1.0] [0.0, 1.0] [0.0, 1.0] [0.0, 1.0] [0.0, 1.0] [0.0, 1.0] [0.0, 1.0] [0.0, 1.0] [0.0, 1.0] [0.0, 1.0] [0.0, 1.0] [0.0, 1.0] [0.0, 1.0] [0.0, 1.0] [0.0, 1.0] [0.0, 1.0] [0.0, 1.0] [0.0, 1.0] [0.0, 1.0] [0.0, 1.0] [0.0, 1.0] [0.0, 1.0] [0.0, 1.0] [0.0, 1.0] [0.0, 1.0] [0.0, 1.0] [0.0, 1.0] [0.0, 1.0] [0.0, 1.0] [0.0, 1.0] [0.0, 1.0] [0.0, 1.0] [0.0, 1.0] [0.0, 1.0] [0.0, 1.0] [0.0, 1.0] [0.0, 1.0] [0.0, 1.0] [0.0, 1.0] [0.0, 1.0] [0.0, 1.0] [0.0, 1.0] [0.0, 1.0] [0.0, 1.0] [0.0, 1.0] [0.0, 1.0] [0.0, 1.0] [0.0, 1.0] [0.0, 1.0] [0.0, 1.0] [0.0, 1.0] [0.0, 1.0] [0.0, 1.0] [0.0, 1.0] [0.0, 1.0] [0.0, 1.0] [0.0, 1.0] [0.0, 1.0] [0.0, 1.0] [0.0, 1.0] [0.0, 1.0] [0.0, 1.0] [0.0, 1.0] [0.0, 1.0] [0.0, 1.0] [0.0, 1.0] [0.0, 1.0] [0.0, 1.0] [0.0, 1.0] [0.0, 1.0] [0.0, 1.0] [0.0, 1.0] [0.0, 1.0] [0.0, 1.0] [0.0, 1.0] [0.0, 1.0] [0.0, 1.0] [0.0, 1.0] [0.0, 1.0] [0.0, 1.0] [0.0, 1.0] [0.0, 1.0] [0.0, 1.0] [0.0, 1.0] [0.0, 1.0] [0.0, 1.0] [0.0, 1.0] [0.0, 1.0] [0.0, 1.0] [0.0, 1.0] [0.0, 1.0] [0.0, 1.0] [0.0, 1.0] [0.0, 1.0] [0.0, 1.0] [0.0, 1.0] [0.0, 1.0] [0.0, 1.0] [0.0, 1.0] [0.0, 1.0] [0.0, 1.0] [0.0, 1.0] [0.0, 1.0] [0.0, 1.0] [0.0, 1.0] [0.0, 1.0] [0.0, 1.0] [0.0, 1.0] [0.0, 1.0] [0.0, 1.0] [0.0, 1.0] [0.0, 1.0] [0.0, 1.0] [0.0, 1.0] [0.0, 1.0] [0.0, 1.0] [0.0, 1.0] [0.0, 1.0] [0.0, 1.0] [0.0, 1.0] [0.0, 1.0] [0.0, 1.0] [0.0, 1.0] [0.0, 1.0] 
    1: [0.0, 2.0] [0.0, 2.0] [0.0, 2.0] [0.0, 2.0] [0.0, 2.0] [0.0, 2.0] [0.0, 2.0] [0.0, 2.0] [0.0, 2.0] [0.0, 2.0] [0.0, 2.0] [0.0, 2.0] [0.0, 2.0] [0.0, 2.0] [0.0, 2.0] [0.0, 2.0] [0.0, 2.0] [0.0, 2.0] [0.0, 2.0] [0.0, 2.0] [0.0, 2.0] [0.0, 2.0] [0.0, 2.0] [0.0, 2.0] [0.0, 2.0] [0.0, 2.0] [0.0, 2.0] [0.0, 2.0] [0.0, 2.0] [0.0, 2.0] [0.0, 2.0] [0.0, 2.0] [0.0, 2.0] [0.0, 2.0] [0.0, 2.0] [0.0, 2.0] [0.0, 2.0] [0.0, 2.0] [0.0, 2.0] [0.0, 2.0] [0.0, 2.0] [0.0, 2.0] [0.0, 2.0] [0.0, 2.0] [0.0, 2.0] [0.0, 2.0] [0.0, 2.0] [0.0, 2.0] [0.0, 2.0] [0.0, 2.0] [0.0, 2.0] [0.0, 2.0] [0.0, 2.0] [0.0, 2.0] [0.0, 2.0] [0.0, 2.0] [0.0, 2.0] [0.0, 2.0] [0.0, 2.0] [0.0, 2.0] [0.0, 2.0] [0.0, 2.0] [0.0, 2.0] [0.0, 2.0] [0.0, 2.0] [0.0, 2.0] [0.0, 2.0] [0.0, 2.0] [0.0, 2.0] [0.0, 2.0] [0.0, 2.0] [0.0, 2.0] [0.0, 2.0] [0.0, 2.0] [0.0, 2.0] [0.0, 2.0] [0.0, 2.0] [0.0, 2.0] [0.0, 2.0] [0.0, 2.0] [0.0, 2.0] [0.0, 2.0] [0.0, 2.0] [0.0, 2.0] [0.0, 2.0] [0.0, 2.0] [0.0, 2.0] [0.0, 2.0] [0.0, 2.0] [0.0, 2.0] [0.0, 2.0] [0.0, 2.0] [0.0, 2.0] [0.0, 2.0] [0.0, 2.0] [0.0, 2.0] [0.0, 2.0] [0.0, 2.0] [0.0, 2.0] [0.0, 2.0] [0.0, 2.0] [0.0, 2.0] [0.0, 2.0] [0.0, 2.0] [0.0, 2.0] [0.0, 2.0] [0.0, 2.0] [0.0, 2.0] [0.0, 2.0] [0.0, 2.0] [0.0, 2.0] [0.0, 2.0] [0.0, 2.0] [0.0, 2.0] [0.0, 2.0] [0.0, 2.0] [0.0, 2.0] [0.0, 2.0] [0.0, 2.0] [0.0, 2.0] [0.0, 2.0] [0.0, 2.0] [0.0, 2.0] [0.0, 2.0] [0.0, 2.0] [0.0, 2.0] [0.0, 2.0] [0.0, 2.0] [0.0, 2.0] [0.0, 2.0] [0.0, 2.0] [0.0, 2.0] [0.0, 2.0] [0.0, 2.0] 
    2: [0.0, 2.0] [0.0, 2.0] [0.0, 2.0] [0.0, 2.0] [0.0, 2.0] [0.0, 2.0] [0.0, 2.0] [0.0, 2.0] [0.0, 2.0] [0.0, 2.0] [0.0, 2.0] [0.0, 2.0] [0.0, 2.0] [0.0, 2.0] [0.0, 2.0] [0.0, 2.0] [0.0, 2.0] [0.0, 2.0] [0.0, 2.0] [0.0, 2.0] [0.0, 2.0] [0.0, 2.0] [0.0, 2.0] [0.0, 2.0] [0.0, 2.0] [0.0, 2.0] [0.0, 2.0] [0.0, 2.0] [0.0, 2.0] [0.0, 2.0] [0.0, 2.0] [0.0, 2.0] [0.0, 2.0] [0.0, 2.0] [0.0, 2.0] [0.0, 2.0] [0.0, 2.0] [0.0, 2.0] [0.0, 2.0] [0.0, 2.0] [0.0, 2.0] [0.0, 2.0] [0.0, 2.0] [0.0, 2.0] [0.0, 2.0] [0.0, 2.0] [0.0, 2.0] [0.0, 2.0] [0.0, 2.0] [0.0, 2.0] [0.0, 2.0] [0.0, 2.0] [0.0, 2.0] [0.0, 2.0] [0.0, 2.0] [0.0, 2.0] [0.0, 2.0] [0.0, 2.0] [0.0, 2.0] [0.0, 2.0] [0.0, 2.0] [0.0, 2.0] [0.0, 2.0] [0.0, 2.0] [0.0, 2.0] [0.0, 2.0] [0.0, 2.0] [0.0, 2.0] [0.0, 2.0] [0.0, 2.0] [0.0, 2.0] [0.0, 2.0] [0.0, 2.0] [0.0, 2.0] [0.0, 2.0] [0.0, 2.0] [0.0, 2.0] [0.0, 2.0] [0.0, 2.0] [0.0, 2.0] [0.0, 2.0] [0.0, 2.0] [0.0, 2.0] [0.0, 2.0] [0.0, 2.0] [0.0, 2.0] [0.0, 2.0] [0.0, 2.0] [0.0, 2.0] [0.0, 2.0] [0.0, 2.0] [0.0, 2.0] [0.0, 2.0] [0.0, 2.0] [0.0, 2.0] [0.0, 2.0] [0.0, 2.0] [0.0, 2.0] [0.0, 2.0] [0.0, 2.0] [0.0, 2.0] [0.0, 2.0] [0.0, 2.0] [0.0, 2.0] [0.0, 2.0] [0.0, 2.0] [0.0, 2.0] [0.0, 2.0] [0.0, 2.0] [0.0, 2.0] [0.0, 2.0] [0.0, 2.0] [0.0, 2.0] [0.0, 2.0] [0.0, 2.0] [0.0, 2.0] [0.0, 2.0] [0.0, 2.0] [0.0, 2.0] [0.0, 2.0] [0.0, 2.0] [0.0, 2.0] [0.0, 2.0] [0.0, 2.0] [0.0, 2.0] [0.0, 2.0] [0.0, 2.0] [0.0, 2.0] [0.0, 2.0] [0.0, 2.0] [0.0, 2.0] [0.0, 2.0] [0.0, 2.0] [0.0, 2.0] 
    3: [0.0, 2.0] [0.0, 2.0] [0.0, 2.0] [0.0, 2.0] [0.0, 2.0] [0.0, 0.0] [0.0, 2.0] [0.0, 2.0] [0.0, 2.0] [0.0, 2.0] [0.0, 2.0] [0.0, 2.0] [0.0, 2.0] [0.0, 2.0] [0.0, 2.0] [0.0, 2.0] [0.0, 2.0] [0.0, 2.0] [0.0, 2.0] [0.0, 2.0] [0.0, 2.0] [0.0, 2.0] [0.0, 2.0] [0.0, 2.0] [0.0, 2.0] [0.0, 2.0] [0.0, 2.0] [0.0, 1.0] [0.0, 2.0] [0.0, 2.0] [0.0, 2.0] [0.0, 2.0] [0.0, 2.0] [0.0, 1.0] [0.0, 2.0] [0.0, 2.0] [0.0, 2.0] [0.0, 2.0] [0.0, 2.0] [0.0, 2.0] [0.0, 2.0] [0.0, 2.0] [0.0, 2.0] [0.0, 2.0] [0.0, 2.0] [0.0, 2.0] [0.0, 2.0] [0.0, 2.0] [0.0, 2.0] [0.0, 2.0] [0.0, 2.0] [0.0, 2.0] [0.0, 2.0] [0.0, 2.0] [0.0, 2.0] [0.0, 2.0] [0.0, 2.0] [0.0, 2.0] [0.0, 2.0] [0.0, 2.0] [0.0, 2.0] [0.0, 2.0] [0.0, 2.0] [0.0, 2.0] [0.0, 2.0] [0.0, 2.0] [0.0, 2.0] [0.0, 2.0] [0.0, 2.0] [0.0, 2.0] [0.0, 2.0] [0.0, 2.0] [0.0, 2.0] [0.0, 2.0] [0.0, 2.0] [0.0, 2.0] [0.0, 2.0] [0.0, 2.0] [0.0, 2.0] [0.0, 2.0] [0.0, 2.0] [0.0, 2.0] [0.0, 1.0] [0.0, 2.0] [0.0, 2.0] [0.0, 2.0] [0.0, 2.0] [0.0, 2.0] [0.0, 2.0] [0.0, 2.0] [0.0, 2.0] [0.0, 2.0] [0.0, 2.0] [0.0, 1.0] [0.0, 2.0] [0.0, 2.0] [0.0, 2.0] [0.0, 2.0] [0.0, 2.0] [0.0, 2.0] [0.0, 2.0] [0.0, 2.0] [0.0, 2.0] [0.0, 2.0] [0.0, 2.0] [0.0, 2.0] [0.0, 2.0] [0.0, 2.0] [0.0, 2.0] [0.0, 2.0] [0.0, 1.0] [0.0, 2.0] [0.0, 2.0] [0.0, 2.0] [0.0, 1.0] [0.0, 2.0] [0.0, 2.0] [0.0, 2.0] [0.0, 2.0] [0.0, 2.0] [0.0, 2.0] [0.0, 2.0] [0.0, 2.0] [0.0, 2.0] [0.0, 2.0] [0.0, 2.0] [0.0, 2.0] [0.0, 2.0] [0.0, 2.0] [0.0, 2.0] [0.0, 2.0] [0.0, 2.0] [0.0, 2.0] [0.0, 2.0] 
  Output fraction of data:
choice: (0.466 0.459 0.594 0.379 0.370 0.383 0.426 0.688 0.493 0.461 0.539 0.490 0.472 0.513 0.506 0.551 0.399 0.578 0.358 0.641 0.565 0.424 0.334 0.515 0.593 0.535 0.423 0.661 0.452 0.492 0.546 0.437 0.500 0.524 0.637 0.520 0.558 0.482 0.454 0.625 0.584 0.556 0.537 0.426 0.469 0.465 0.442 0.451 0.798 0.656 0.540 0.498 0.444 0.462 0.495 0.522 0.515 0.348 0.463 0.522 0.775 0.401 0.407 0.377 0.527 0.440 0.427 0.358 0.488 0.619 0.518 0.383 0.436 0.372 0.574 0.624 0.558 0.402 0.516 0.535 0.657 0.444 0.291 0.452 0.564 0.385 0.509 0.461 0.601 0.365 0.396 0.375 0.581 0.524 0.694 0.690 0.597 0.346 0.553 0.430 0.558 0.591 0.601 0.434 0.404 0.526 0.364 0.122 0.433 0.428 0.517 0.450 0.408 0.648 0.496 0.453 0.498 0.540 0.545 0.336 0.618 0.509 0.468 0.417 0.439 0.581 0.502 0.333 0.422 0.419 0.494 0.430 0.574 0.237)  0.534 0.541 0.406 0.621 0.630 0.617 0.574 0.312 0.507 0.539 0.461 0.510 0.528 0.487 0.494 0.449 0.601 0.422 0.642 0.359 0.435 0.576 0.666 0.485 0.407 0.465 0.577 0.339 0.548 0.508 0.454 0.563 0.500 0.476 0.363 0.480 0.442 0.518 0.546 0.375 0.416 0.444 0.463 0.574 0.531 0.535 0.558 0.549 0.202 0.344 0.460 0.502 0.556 0.538 0.505 0.478 0.485 0.652 0.537 0.478 0.225 0.599 0.593 0.623 0.473 0.560 0.573 0.642 0.512 0.381 0.482 0.617 0.564 0.628 0.426 0.376 0.442 0.598 0.484 0.465 0.343 0.556 0.709 0.548 0.436 0.615 0.491 0.539 0.399 0.635 0.604 0.625 0.419 0.476 0.306 0.310 0.403 0.654 0.447 0.570 0.442 0.409 0.399 0.566 0.596 0.474 0.636 0.878 0.567 0.572 0.483 0.550 0.592 0.352 0.504 0.547 0.502 0.460 0.455 0.664 0.382 0.491 0.532 0.583 0.561 0.419 0.498 0.667 0.578 0.581 0.506 0.570 0.426 0.763)  
prior_probability_left: (0.462 0.376 0.451 0.381 0.476 0.337 0.335 0.543 0.388 0.463 0.328 0.454 0.413 0.395 0.460 0.503 0.260 0.394 0.369 0.428 0.509 0.365 0.338 0.398 0.319 0.426 0.307 0.456 0.418 0.440 0.385 0.395 0.320 0.431 0.454 0.412 0.324 0.423 0.317 0.447 0.447 0.573 0.264 0.304 0.459 0.440 0.399 0.407 0.366 0.367 0.440 0.470 0.438 0.414 0.448 0.466 0.400 0.306 0.429 0.500 0.453 0.442 0.438 0.456 0.268 0.386 0.335 0.291 0.458 0.359 0.480 0.338 0.498 0.382 0.388 0.337 0.442 0.223 0.462 0.393 0.317 0.471 0.205 0.415 0.409 0.491 0.448 0.464 0.436 0.394 0.410 0.418 0.419 0.424 0.493 0.500 0.450 0.298 0.440 0.304 0.433 0.458 0.485 0.410 0.471 0.438 0.420 0.267 0.406 0.445 0.480 0.341 0.306 0.460 0.453 0.413 0.385 0.403 0.419 0.349 0.390 0.247 0.304 0.373 0.528 0.531 0.357 0.276 0.355 0.350 0.424 0.544 0.431 0.300)  0.210 0.177 0.147 0.128 0.099 0.165 0.161 0.191 0.090 0.102 0.164 0.143 0.210 0.165 0.150 0.157 0.226 0.175 0.158 0.094 0.152 0.112 0.105 0.145 0.142 0.125 0.248 0.163 0.087 0.163 0.081 0.075 0.206 0.260 0.206 0.121 0.175 0.103 0.144 0.105 0.199 0.205 0.248 0.165 0.221 0.137 0.075 0.103 0.160 0.119 0.193 0.189 0.108 0.108 0.122 0.110 0.220 0.181 0.136 0.063 0.199 0.081 0.118 0.140 0.130 0.155 0.097 0.109 0.151 0.197 0.104 0.110 0.105 0.145 0.326 0.263 0.134 0.283 0.150 0.093 0.175 0.180 0.185 0.241 0.140 0.081 0.106 0.058 0.142 0.148 0.100 0.125 0.103 0.177 0.102 0.250 0.186 0.122 0.147 0.188 0.203 0.189 0.182 0.146 0.094 0.181 0.201 0.234 0.111 0.142 0.204 0.229 0.194 0.225 0.130 0.058 0.143 0.171 0.178 0.099 0.291 0.226 0.157 0.223 0.098 0.142 0.262 0.309 0.258 0.093 0.169 0.061 0.111 0.110)  0.328 0.448 0.402 0.490 0.425 0.498 0.504 0.266 0.522 0.435 0.508 0.403 0.378 0.441 0.390 0.341 0.514 0.431 0.473 0.478 0.338 0.523 0.557 0.457 0.539 0.449 0.445 0.381 0.494 0.397 0.534 0.530 0.474 0.309 0.340 0.467 0.501 0.474 0.539 0.447 0.353 0.222 0.488 0.531 0.321 0.424 0.527 0.490 0.475 0.514 0.368 0.341 0.455 0.478 0.430 0.424 0.380 0.513 0.435 0.437 0.348 0.477 0.445 0.404 0.603 0.459 0.568 0.600 0.392 0.444 0.416 0.552 0.396 0.473 0.285 0.400 0.424 0.494 0.388 0.514 0.509 0.350 0.610 0.344 0.451 0.429 0.446 0.478 0.422 0.458 0.490 0.456 0.479 0.399 0.405 0.250 0.364 0.580 0.413 0.509 0.364 0.353 0.333 0.444 0.435 0.381 0.380 0.498 0.482 0.413 0.317 0.430 0.500 0.315 0.417 0.529 0.472 0.427 0.404 0.552 0.319 0.527 0.539 0.403 0.374 0.327 0.380 0.415 0.387 0.557 0.407 0.395 0.458 0.590)  
wheel_speed_bin: (0.297 0.160 0.400 0.257 0.292 0.347 0.314 0.158 0.327 0.241 0.353 0.338 0.283 0.256 0.270 0.359 0.221 0.254 0.319 0.364 0.282 0.166 0.444 0.234 0.281 0.345 0.213 0.355 0.387 0.367 0.388 0.271 0.251 0.412 0.263 0.117 0.368 0.341 0.384 0.309 0.477 0.366 0.372 0.350 0.245 0.375 0.579 0.341 0.348 0.366 0.299 0.348 0.448 0.397 0.256 0.197 0.369 0.368 0.408 0.187 0.270 0.360 0.343 0.162 0.321 0.374 0.204 0.352 0.356 0.312 0.297 0.259 0.292 0.187 0.320 0.404 0.469 0.455 0.354 0.437 0.394 0.344 0.468 0.331 0.309 0.165 0.318 0.275 0.276 0.333 0.342 0.343 0.288 0.290 0.383 0.449 0.297 0.350 0.340 0.344 0.359 0.258 0.181 0.316 0.339 0.521 0.402 0.405 0.294 0.309 0.320 0.418 0.299 0.419 0.245 0.277 0.385 0.291 0.281 0.354 0.381 0.285 0.438 0.488 0.297 0.522 0.394 0.243 0.357 0.311 0.344 0.310 0.291 0.318)  0.336 0.330 0.333 0.399 0.247 0.367 0.390 0.367 0.308 0.521 0.284 0.433 0.351 0.454 0.322 0.401 0.292 0.522 0.391 0.254 0.271 0.576 0.360 0.371 0.325 0.357 0.497 0.375 0.202 0.315 0.298 0.301 0.348 0.288 0.398 0.437 0.320 0.322 0.360 0.186 0.251 0.238 0.200 0.273 0.439 0.388 0.202 0.313 0.279 0.389 0.324 0.361 0.250 0.273 0.502 0.430 0.292 0.237 0.259 0.395 0.266 0.427 0.318 0.413 0.377 0.354 0.436 0.381 0.323 0.376 0.319 0.290 0.353 0.387 0.262 0.323 0.215 0.273 0.362 0.324 0.278 0.351 0.259 0.389 0.283 0.367 0.311 0.303 0.299 0.404 0.424 0.285 0.388 0.326 0.245 0.310 0.502 0.361 0.322 0.277 0.431 0.340 0.493 0.379 0.279 0.152 0.319 0.182 0.321 0.392 0.319 0.219 0.409 0.218 0.387 0.387 0.391 0.284 0.379 0.316 0.235 0.491 0.274 0.208 0.321 0.333 0.333 0.348 0.249 0.459 0.399 0.345 0.209 0.364)  0.368 0.510 0.267 0.344 0.460 0.286 0.296 0.475 0.365 0.238 0.363 0.229 0.366 0.290 0.408 0.240 0.487 0.224 0.290 0.383 0.447 0.257 0.197 0.395 0.394 0.298 0.290 0.270 0.411 0.318 0.314 0.429 0.401 0.300 0.339 0.446 0.311 0.337 0.256 0.504 0.272 0.397 0.428 0.377 0.316 0.238 0.219 0.346 0.373 0.244 0.376 0.291 0.302 0.330 0.242 0.373 0.340 0.395 0.333 0.419 0.465 0.213 0.339 0.425 0.302 0.273 0.360 0.267 0.320 0.312 0.384 0.451 0.355 0.426 0.418 0.274 0.317 0.272 0.284 0.239 0.327 0.304 0.273 0.280 0.408 0.467 0.371 0.422 0.425 0.264 0.233 0.372 0.324 0.384 0.372 0.241 0.201 0.290 0.338 0.379 0.210 0.402 0.326 0.305 0.383 0.327 0.279 0.413 0.385 0.299 0.361 0.363 0.292 0.364 0.368 0.335 0.224 0.425 0.340 0.330 0.383 0.224 0.288 0.303 0.383 0.145 0.273 0.410 0.394 0.230 0.257 0.345 0.499 0.318)  
whisker_motion_energy_bin: (0.273 0.094 0.363 0.173 0.210 1.000 0.241 0.230 0.185 0.115 0.222 0.215 0.306 0.213 0.336 0.996 0.337 0.069 0.407 0.273 0.241 0.025 0.463 0.120 0.477 0.313 0.827 0.986 0.967 0.323 0.267 0.458 0.149 0.861 0.228 0.008 0.251 0.418 0.433 0.347 0.438 0.120 0.350 0.330 0.061 0.337 0.221 0.341 0.427 0.140 0.098 0.463 0.381 0.308 0.100 0.115 0.225 0.390 0.306 0.213 0.480 0.248 0.242 0.279 0.340 0.262 0.165 0.416 0.289 0.200 0.146 0.231 0.330 0.043 0.331 0.282 0.419 0.432 0.315 0.814 0.767 0.211 0.992 0.255 0.269 0.062 0.344 0.210 0.284 0.232 0.294 0.361 0.165 0.517 0.794 0.515 0.093 0.240 0.144 0.117 0.291 0.104 0.113 0.139 0.269 0.529 0.501 0.376 0.326 0.285 0.942 0.442 0.119 0.417 0.536 0.307 0.235 0.207 0.092 0.413 0.333 0.555 0.504 0.429 0.203 0.385 0.371 0.319 0.257 0.279 0.447 0.336 0.195 0.704)  0.495 0.283 0.197 0.211 0.177 0.000 0.152 0.679 0.119 0.148 0.131 0.286 0.232 0.419 0.664 0.003 0.542 0.181 0.593 0.289 0.197 0.266 0.519 0.383 0.417 0.225 0.172 0.014 0.033 0.581 0.119 0.542 0.345 0.139 0.443 0.195 0.345 0.576 0.496 0.565 0.210 0.284 0.224 0.450 0.232 0.390 0.109 0.563 0.559 0.567 0.254 0.536 0.093 0.122 0.457 0.445 0.176 0.512 0.159 0.615 0.466 0.442 0.566 0.719 0.508 0.203 0.591 0.583 0.378 0.389 0.277 0.721 0.663 0.129 0.625 0.272 0.101 0.094 0.306 0.172 0.233 0.302 0.008 0.263 0.106 0.700 0.593 0.130 0.087 0.171 0.472 0.565 0.400 0.483 0.060 0.390 0.365 0.178 0.394 0.249 0.224 0.336 0.484 0.393 0.146 0.093 0.358 0.188 0.504 0.207 0.058 0.302 0.539 0.239 0.464 0.666 0.234 0.154 0.237 0.564 0.286 0.444 0.461 0.075 0.303 0.324 0.154 0.216 0.173 0.445 0.553 0.625 0.475 0.295)  0.233 0.623 0.440 0.616 0.612 0.000 0.607 0.091 0.697 0.738 0.646 0.498 0.462 0.368 0.000 0.000 0.121 0.750 0.000 0.438 0.562 0.708 0.018 0.496 0.106 0.461 0.001 0.000 0.000 0.096 0.614 0.000 0.505 0.000 0.329 0.797 0.404 0.006 0.071 0.088 0.352 0.596 0.426 0.221 0.707 0.273 0.670 0.095 0.014 0.293 0.649 0.001 0.525 0.570 0.443 0.440 0.599 0.098 0.536 0.172 0.054 0.309 0.192 0.002 0.152 0.535 0.245 0.001 0.334 0.410 0.577 0.048 0.007 0.828 0.044 0.447 0.479 0.473 0.379 0.013 0.000 0.487 0.000 0.482 0.625 0.238 0.063 0.660 0.630 0.596 0.234 0.074 0.434 0.000 0.146 0.095 0.542 0.582 0.462 0.634 0.485 0.561 0.403 0.468 0.585 0.378 0.141 0.436 0.170 0.508 0.000 0.257 0.342 0.344 0.000 0.026 0.530 0.639 0.671 0.023 0.381 0.000 0.035 0.497 0.494 0.291 0.475 0.465 0.570 0.276 0.000 0.039 0.330 0.001)  
Brain region: ACAd: 84 neurons, ACAv: 42 neurons, ACB: 51 neurons, AD: 6 neurons, AId: 10 neurons, AIp: 68 neurons, AIv: 12 neurons, AMB: 6 neurons, ANcr2: 43 neurons, AON: 192 neurons, AP: 3 neurons, APN: 875 neurons, APr: 1 neurons, AT: 21 neurons, AUDd: 78 neurons, AUDp: 40 neurons, AUDv: 149 neurons, AV: 24 neurons, BLA: 84 neurons, BMA: 49 neurons, BST: 62 neurons, CA1: 721 neurons, CA2: 17 neurons, CA3: 250 neurons, CEA: 54 neurons, CENT2: 243 neurons, CENT3: 127 neurons, CL: 6 neurons, CLA: 21 neurons, CM: 13 neurons, COAp: 39 neurons, COPY: 43 neurons, CP: 852 neurons, CS: 71 neurons, CUL4 5: 284 neurons, CUN: 56 neurons, DCO: 110 neurons, DEC: 7 neurons, DG: 495 neurons, DMH: 4 neurons, DN: 89 neurons, DP: 33 neurons, DR: 13 neurons, DT: 5 neurons, ENTl: 142 neurons, ENTm: 93 neurons, EPd: 20 neurons, EPv: 53 neurons, Eth: 243 neurons, FC: 1 neurons, FN: 8 neurons, FOTU: 3 neurons, FRP: 29 neurons, FS: 6 neurons, GPe: 148 neurons, GRN: 190 neurons, GU: 10 neurons, HATA: 8 neurons, I5: 1 neurons, IA: 8 neurons, IC: 179 neurons, ICB: 18 neurons, IG: 3 neurons, ILA: 29 neurons, IP: 117 neurons, IRN: 201 neurons, LA: 19 neurons, LAV: 96 neurons, LD: 336 neurons, LGd: 188 neurons, LGv: 55 neurons, LH: 2 neurons, LHA: 48 neurons, LING: 30 neurons, LP: 1173 neurons, LRN: 7 neurons, LSc: 36 neurons, LSr: 225 neurons, LSv: 22 neurons, MA: 17 neurons, MARN: 67 neurons, MD: 26 neurons, MDRN: 56 neurons, MEA: 21 neurons, MG: 56 neurons, MH: 1 neurons, MOB: 9 neurons, MOp: 305 neurons, MOs: 379 neurons, MRN: 1124 neurons, MS: 9 neurons, MV: 201 neurons, NLL: 3 neurons, NOD: 32 neurons, NOT: 23 neurons, NPC: 31 neurons, NTS: 32 neurons, OP: 7 neurons, ORBl: 64 neurons, ORBm: 82 neurons, ORBvl: 196 neurons, OT: 25 neurons, P5: 10 neurons, PA: 20 neurons, PAA: 53 neurons, PAG: 122 neurons, PAR: 21 neurons, PARN: 156 neurons, PB: 189 neurons, PC5: 1 neurons, PCG: 3 neurons, PCN: 2 neurons, PF: 21 neurons, PG: 1 neurons, PGRN: 27 neurons, PH: 1 neurons, PIL: 7 neurons, PIR: 342 neurons, PL: 57 neurons, PO: 1520 neurons, POL: 80 neurons, POST: 90 neurons, PP: 1 neurons, PPN: 103 neurons, PPT: 29 neurons, PR: 19 neurons, PRE: 6 neurons, PRM: 32 neurons, PRNc: 10 neurons, PRNr: 75 neurons, PRP: 3 neurons, PSV: 36 neurons, PVT: 16 neurons, PYR: 25 neurons, Pa4: 3 neurons, Pa5: 4 neurons, PoT: 144 neurons, ProS: 147 neurons, RN: 219 neurons, RPF: 26 neurons, RR: 2 neurons, RSPagl: 19 neurons, RSPd: 74 neurons, RSPv: 64 neurons, RT: 30 neurons, SAG: 13 neurons, SCm: 621 neurons, SCs: 29 neurons, SF: 35 neurons, SGN: 63 neurons, SI: 37 neurons, SIM: 331 neurons, SMT: 16 neurons, SNc: 27 neurons, SNr: 82 neurons, SOC: 4 neurons, SPA: 2 neurons, SPF: 37 neurons, SPIV: 92 neurons, SPVC: 4 neurons, SPVI: 74 neurons, SPVO: 87 neurons, SSp-bfd: 138 neurons, SSp-m: 78 neurons, SSp-n: 20 neurons, SSp-tr: 127 neurons, SSp-ul: 100 neurons, SSp-un: 48 neurons, SSs: 138 neurons, SUB: 208 neurons, SUT: 50 neurons, SUV: 105 neurons, SubG: 7 neurons, TEa: 33 neurons, TR: 8 neurons, TRS: 56 neurons, TTd: 1 neurons, UVU: 42 neurons, V: 58 neurons, VAL: 69 neurons, VII: 28 neurons, VISC: 26 neurons, VISa: 648 neurons, VISam: 306 neurons, VISl: 25 neurons, VISli: 15 neurons, VISp: 343 neurons, VISpl: 4 neurons, VISpm: 145 neurons, VISpor: 70 neurons, VISrl: 27 neurons, VM: 22 neurons, VPL: 112 neurons, VPLpc: 66 neurons, VPM: 743 neurons, VPMpc: 12 neurons, VTA: 6 neurons, VTN: 4 neurons, VeCB: 23 neurons, XII: 4 neurons, ZI: 140 neurons, x: 11 neurons  
Training on 44325 trials, testing on 11150 trials
Using device: cuda
Using balanced loss with class weights:
  Output 0: [0.5138184  0.48618162]
  Output 1: [0.21001403 0.6016455  0.18834043]
  Output 2: [0.33350167 0.33335674 0.33314162]
  Output 3: [0.33377331 0.33300713 0.3332196 ]
Session 9: Using 50000 of 52400 timepoints for SVD initialization
Session 19: Using 50000 of 53600 timepoints for SVD initialization
Session 28: Using 50000 of 70400 timepoints for SVD initialization
Session 30: Using 50000 of 67300 timepoints for SVD initialization
Session 39: Using 50000 of 56300 timepoints for SVD initialization
Session 46: Using 50000 of 73800 timepoints for SVD initialization
Session 53: Using 50000 of 54000 timepoints for SVD initialization
Session 61: Using 50000 of 55500 timepoints for SVD initialization
Session 90: Using 50000 of 53600 timepoints for SVD initialization
Session 108: Using 50000 of 50200 timepoints for SVD initialization
Session 115: Using 50000 of 52300 timepoints for SVD initialization
Session 131: Using 50000 of 65400 timepoints for SVD initialization
Session 132: Using 50000 of 50300 timepoints for SVD initialization
Epoch [1/200], Loss: 13.105628
Epoch [2/200], Loss: 12.670525
Epoch [3/200], Loss: 12.233901
Epoch [4/200], Loss: 11.794463
Epoch [5/200], Loss: 11.352871
Epoch [6/200], Loss: 10.910783
Epoch [7/200], Loss: 10.471017
Epoch [8/200], Loss: 10.038041
Epoch [9/200], Loss: 9.618544
Epoch [10/200], Loss: 9.221568
Epoch [20/200], Loss: 6.738957
Epoch [30/200], Loss: 5.209783
Epoch [40/200], Loss: 3.980945
Epoch [50/200], Loss: 2.992268
Epoch [60/200], Loss: 2.225126
Epoch [70/200], Loss: 1.669045
Epoch [80/200], Loss: 1.313153
Epoch [90/200], Loss: 1.094805
Epoch [100/200], Loss: 0.961123
Epoch [110/200], Loss: 0.878946
Epoch [120/200], Loss: 0.825931
Epoch [130/200], Loss: 0.789603
Epoch [140/200], Loss: 0.763629
Epoch [150/200], Loss: 0.744314
Epoch [160/200], Loss: 0.729330
Epoch [170/200], Loss: 0.717438
Epoch [180/200], Loss: 0.707733
Epoch [190/200], Loss: 0.699660
Epoch [200/200], Loss: 0.692859
Test Loss: 0.705463

Training Balanced Accuracy Scores (chance = 1/num_classes):
  0 (choice): 0.6233  (chance: 0.5000)
  1 (prior_probability_left): 0.7053  (chance: 0.3333)
  2 (wheel_speed_bin): 0.6172  (chance: 0.3333)
  3 (whisker_motion_energy_bin): 0.7057  (chance: 0.3333)

Validation Balanced Accuracy Scores (chance = 1/num_classes):
  0 (choice): 0.6072  (chance: 0.5000)
  1 (prior_probability_left): 0.6954  (chance: 0.3333)
  2 (wheel_speed_bin): 0.6144  (chance: 0.3333)
  3 (whisker_motion_energy_bin): 0.7038  (chance: 0.3333)
train_decoder.py finished successfully.
