Data format is valid, no errors or warnings.
Number of sessions: 152
Total number of trials: 12217
Number of trials per session: [81, 80, 80, 80, 80, 80, 80, 80, 80, 80, 80, 80, 80, 80, 80, 80, 80, 80, 80, 80, 80, 80, 80, 80, 80, 80, 80, 80, 80, 80, 80, 80, 80, 80, 80, 80, 80, 80, 60, 80, 80, 80, 80, 80, 80, 80, 80, 80, 80, 80, 80, 80, 80, 80, 80, 80, 80, 80, 80, 80, 80, 80, 80, 80, 80, 80, 80, 80, 80, 80, 80, 80, 80, 80, 80, 80, 80, 80, 80, 80, 80, 80, 80, 80, 80, 80, 80, 80, 80, 80, 80, 80, 80, 80, 80, 80, 80, 80, 80, 80, 80, 80, 80, 80, 80, 80, 80, 80, 80, 80, 80, 80, 80, 80, 80, 80, 80, 80, 80, 90, 80, 80, 80, 100, 80, 80, 75, 41, 80, 80, 80, 80, 50, 80, 80, 80, 80, 80, 100, 80, 100, 80, 80, 80, 100, 100, 80, 80, 80, 100, 80, 100]
Number of subjects: 11
Number of brain regions: 1
Number of sessions per subject:
  Subject m11: 12 sessions
  Subject m12: 14 sessions
  Subject m13: 14 sessions
  Subject m14: 14 sessions
  Subject m15: 14 sessions
  Subject m17: 14 sessions
  Subject m18: 14 sessions
  Subject m19: 14 sessions
  Subject m3: 14 sessions
  Subject m4: 14 sessions
  Subject m7: 14 sessions
Input dimension: 4
Output dimension: 6
Summary statistics (across all sessions):
  T: mean: 298.05, median: 271.12, min: 3, max: 10968
  n_neurons: mean: 2053.36', min: 315, max: 5085
  Input range:
    time_from_trial_start_s: [0.0, 707.2]
    environment_type: [0.0, 1.0]
    trial_number: [0.0, 99.0]
    previous_trial_outcome: [0.0, 1.0]
  Output range:
    distance_to_reward_zone_bin: [0.0, 6.0]
    absolute_position_bin: [2.0, 4.0]
    speed_bin: [0.0, 4.0]
    lick: [0.0, 1.0]
    reward_zone_location: [0.0, 2.0]
    reward_outcome: [0.0, 1.0]
  Unique outputs per dimension (fraction of data):
    distance_to_reward_zone_bin: {lt_-50 (0.380), -50_to_-10 (0.082), -10_to_lt0 (0.033), 0 (0.000), gt0_to_10 (0.037), 10_to_50 (0.082), gt_50 (0.387)}
    absolute_position_bin: {bin2 (0.356), bin3 (0.351), bin4 (0.293)}
    speed_bin: {lt_2 (0.113), 2_to_10 (0.069), 10_to_20 (0.108), 20_to_40 (0.273), gt_40 (0.437)}
    lick: {no (0.818), yes (0.182)}
    reward_zone_location: {A (0.396), B (0.303), C (0.301)}
    reward_outcome: {no (0.156), yes (0.844)}
  Brain region distribution:
    CA1: 312110 neurons

Per-session statistics:
  Mean T: 243.0, 260.4, 256.9, 262.4, 253.4, 242.9, 242.8, 247.9, 242.7, 269.0, 271.9, 247.7, 219.0, 213.1, 214.1, 215.9, 234.3, 206.2, 219.8, 215.7, 199.3, 221.5, 261.3, 212.7, 219.2, 199.5, 273.4, 268.2, 260.7, 243.2, 234.1, 221.9, 240.0, 229.3, 232.7, 265.4, 307.9, 272.4, 233.8, 241.9, 281.4, 295.0, 280.6, 232.3, 238.8, 223.2, 213.1, 217.2, 192.6, 209.1, 210.7, 193.3, 188.7, 223.3, 297.9, 259.1, 270.4, 322.1, 280.6, 238.7, 222.9, 229.1, 207.5, 236.3, 229.5, 191.1, 203.3, 256.6, 281.3, 242.1, 272.5, 283.2, 349.2, 406.8, 357.4, 272.1, 379.4, 304.9, 237.6, 243.4, 272.7, 233.8, 283.3, 285.7, 349.3, 329.7, 375.4, 311.7, 291.4, 290.2, 284.1, 268.6, 292.6, 274.1, 246.1, 269.2, 326.5, 306.7, 366.0, 405.3, 387.3, 307.1, 369.8, 379.9, 314.5, 397.4, 323.4, 342.9, 285.4, 291.8, 422.2, 356.4, 326.8, 352.3, 425.7, 314.4, 318.8, 353.9, 328.7, 292.2, 310.6, 318.9, 225.1, 227.7, 509.3, 435.6, 535.2, 992.0, 575.2, 447.0, 399.0, 470.7, 841.1, 623.7, 394.2, 508.2, 498.5, 642.4, 274.9, 288.7, 283.8, 242.0, 281.1, 262.6, 217.0, 211.5, 222.8, 254.2, 220.0, 235.0, 231.2, 278.9
  Min T: 3, 185, 188, 189, 179, 173, 172, 183, 178, 198, 205, 194, 143, 152, 145, 143, 147, 156, 152, 147, 131, 149, 174, 149, 147, 134, 123, 166, 185, 166, 159, 152, 155, 149, 164, 175, 165, 184, 165, 167, 194, 191, 193, 157, 161, 160, 150, 144, 137, 140, 137, 131, 132, 138, 182, 171, 168, 204, 167, 175, 145, 140, 140, 140, 150, 129, 142, 146, 186, 160, 176, 194, 270, 280, 234, 174, 264, 198, 162, 167, 185, 151, 208, 198, 233, 221, 240, 208, 211, 200, 214, 202, 198, 186, 182, 187, 206, 202, 236, 263, 270, 215, 201, 225, 212, 254, 248, 180, 201, 204, 257, 220, 226, 237, 232, 200, 189, 213, 204, 170, 215, 186, 146, 162, 271, 282, 303, 343, 252, 239, 232, 246, 305, 245, 267, 307, 306, 347, 183, 186, 150, 136, 148, 141, 143, 127, 129, 140, 130, 147, 141, 146
  Max T: 412, 562, 497, 744, 483, 375, 685, 476, 650, 651, 506, 415, 370, 601, 370, 418, 365, 397, 446, 389, 495, 506, 479, 461, 466, 307, 465, 513, 485, 408, 356, 401, 387, 576, 356, 501, 591, 461, 400, 372, 549, 1054, 446, 394, 457, 485, 410, 458, 347, 344, 332, 392, 387, 347, 917, 760, 947, 1058, 725, 441, 415, 446, 366, 486, 678, 344, 645, 1105, 541, 633, 771, 606, 550, 1311, 657, 465, 660, 575, 586, 683, 471, 471, 417, 449, 565, 537, 867, 649, 458, 500, 463, 467, 489, 477, 391, 467, 545, 552, 553, 674, 648, 521, 649, 627, 504, 732, 688, 576, 502, 446, 1578, 810, 1250, 989, 2044, 611, 925, 1142, 891, 1603, 752, 1319, 732, 758, 1968, 1285, 1821, 10968, 4381, 3539, 1873, 1946, 10299, 10715, 983, 1566, 1417, 1497, 723, 715, 559, 662, 514, 635, 501, 595, 424, 390, 353, 457, 480, 545
  n_neurons: 349, 315, 358, 332, 446, 502, 424, 419, 431, 425, 473, 661, 3779, 1998, 2070, 1818, 2325, 1889, 2577, 2543, 2023, 2324, 2443, 2113, 2192, 2568, 2036, 1536, 1648, 1718, 1625, 1476, 1882, 1650, 1375, 1524, 1671, 1592, 1528, 1791, 2327, 1115, 1154, 1217, 1199, 1115, 1942, 2110, 1268, 1507, 1392, 1610, 1287, 1662, 1498, 1592, 1957, 1558, 2071, 1555, 1992, 1933, 1798, 2026, 1199, 2020, 1539, 2036, 2162, 5085, 2619, 2256, 2636, 2105, 2572, 2559, 2468, 2628, 2537, 2659, 2428, 2489, 4857, 3713, 4928, 3630, 4174, 3178, 4167, 4926, 3697, 4440, 3007, 4249, 3121, 4460, 862, 709, 796, 851, 854, 912, 1012, 963, 831, 858, 748, 1110, 902, 1294, 2929, 2616, 2999, 2535, 2871, 2399, 2430, 2345, 2299, 2296, 2590, 2724, 2758, 2668, 1913, 1990, 2029, 2113, 2026, 2210, 2034, 2427, 2201, 2211, 2540, 2427, 2070, 2329, 2724, 2786, 2782, 2085, 2102, 2268, 2008, 2087, 2076, 2103, 2153, 2222, 2308, 2447
  Input range:
    0: [0.0, 26.5] [0.0, 36.2] [0.0, 32.0] [0.0, 47.9] [0.0, 31.1] [0.0, 24.1] [0.0, 44.1] [0.0, 30.6] [0.0, 41.8] [0.0, 41.9] [0.0, 32.6] [0.0, 26.7] [0.0, 23.8] [0.0, 38.7] [0.0, 23.8] [0.0, 26.9] [0.0, 23.5] [0.0, 25.5] [0.0, 28.7] [0.0, 25.0] [0.0, 31.9] [0.0, 32.6] [0.0, 30.8] [0.0, 29.7] [0.0, 30.0] [0.0, 19.7] [0.0, 29.9] [0.0, 33.0] [0.0, 31.2] [0.0, 26.2] [0.0, 22.9] [0.0, 25.8] [0.0, 24.9] [0.0, 37.1] [0.0, 22.9] [0.0, 32.2] [0.0, 38.0] [0.0, 29.7] [0.0, 25.7] [0.0, 23.9] [0.0, 35.3] [0.0, 67.9] [0.0, 28.7] [0.0, 25.3] [0.0, 29.4] [0.0, 31.2] [0.0, 26.4] [0.0, 29.5] [0.0, 22.3] [0.0, 22.1] [0.0, 21.3] [0.0, 25.2] [0.0, 24.9] [0.0, 22.3] [0.0, 59.1] [0.0, 48.9] [0.0, 61.0] [0.0, 68.2] [0.0, 46.7] [0.0, 28.4] [0.0, 26.7] [0.0, 28.7] [0.0, 23.5] [0.0, 31.3] [0.0, 43.7] [0.0, 22.1] [0.0, 41.5] [0.0, 71.2] [0.0, 34.8] [0.0, 40.8] [0.0, 49.7] [0.0, 39.0] [0.0, 35.4] [0.0, 84.5] [0.0, 42.3] [0.0, 29.9] [0.0, 42.5] [0.0, 37.0] [0.0, 37.7] [0.0, 44.0] [0.0, 30.3] [0.0, 30.3] [0.0, 26.8] [0.0, 28.9] [0.0, 36.4] [0.0, 34.6] [0.0, 55.8] [0.0, 41.8] [0.0, 29.5] [0.0, 32.2] [0.0, 29.8] [0.0, 30.0] [0.0, 31.5] [0.0, 30.7] [0.0, 25.1] [0.0, 30.0] [0.0, 35.1] [0.0, 35.5] [0.0, 35.6] [0.0, 43.4] [0.0, 41.7] [0.0, 33.5] [0.0, 41.8] [0.0, 40.4] [0.0, 32.4] [0.0, 47.1] [0.0, 44.3] [0.0, 37.1] [0.0, 32.3] [0.0, 28.7] [0.0, 101.7] [0.0, 52.2] [0.0, 80.5] [0.0, 63.7] [0.0, 131.7] [0.0, 39.3] [0.0, 59.6] [0.0, 73.6] [0.0, 57.4] [0.0, 103.3] [0.0, 48.4] [0.0, 85.0] [0.0, 47.1] [0.0, 48.8] [0.0, 126.8] [0.0, 82.8] [0.0, 117.4] [0.0, 707.2] [0.0, 282.4] [0.0, 228.1] [0.0, 120.7] [0.0, 125.4] [0.0, 664.1] [0.0, 690.9] [0.0, 63.3] [0.0, 100.9] [0.0, 91.3] [0.0, 96.5] [0.0, 46.6] [0.0, 46.0] [0.0, 36.0] [0.0, 42.6] [0.0, 33.1] [0.0, 40.9] [0.0, 32.2] [0.0, 38.3] [0.0, 27.3] [0.0, 25.1] [0.0, 22.7] [0.0, 29.4] [0.0, 30.9] [0.0, 35.1] 
    1: [0.0, 0.0] [0.0, 0.0] [0.0, 0.0] [0.0, 0.0] [0.0, 0.0] [1.0, 1.0] [1.0, 1.0] [1.0, 1.0] [1.0, 1.0] [1.0, 1.0] [1.0, 1.0] [1.0, 1.0] [0.0, 0.0] [0.0, 0.0] [0.0, 0.0] [0.0, 0.0] [0.0, 0.0] [0.0, 0.0] [0.0, 0.0] [1.0, 1.0] [1.0, 1.0] [1.0, 1.0] [1.0, 1.0] [1.0, 1.0] [1.0, 1.0] [1.0, 1.0] [0.0, 0.0] [0.0, 0.0] [0.0, 0.0] [0.0, 0.0] [0.0, 0.0] [0.0, 0.0] [0.0, 0.0] [1.0, 1.0] [1.0, 1.0] [1.0, 1.0] [1.0, 1.0] [1.0, 1.0] [1.0, 1.0] [1.0, 1.0] [0.0, 0.0] [0.0, 0.0] [0.0, 0.0] [0.0, 0.0] [0.0, 0.0] [0.0, 0.0] [0.0, 0.0] [1.0, 1.0] [1.0, 1.0] [1.0, 1.0] [1.0, 1.0] [1.0, 1.0] [1.0, 1.0] [1.0, 1.0] [0.0, 0.0] [0.0, 0.0] [0.0, 0.0] [0.0, 0.0] [0.0, 0.0] [0.0, 0.0] [0.0, 0.0] [1.0, 1.0] [1.0, 1.0] [1.0, 1.0] [1.0, 1.0] [1.0, 1.0] [1.0, 1.0] [1.0, 1.0] [1.0, 1.0] [1.0, 1.0] [1.0, 1.0] [1.0, 1.0] [1.0, 1.0] [1.0, 1.0] [1.0, 1.0] [1.0, 1.0] [0.0, 0.0] [0.0, 0.0] [0.0, 0.0] [0.0, 0.0] [0.0, 0.0] [0.0, 0.0] [1.0, 1.0] [1.0, 1.0] [1.0, 1.0] [1.0, 1.0] [1.0, 1.0] [1.0, 1.0] [1.0, 1.0] [1.0, 1.0] [0.0, 0.0] [0.0, 0.0] [0.0, 0.0] [0.0, 0.0] [0.0, 0.0] [0.0, 0.0] [0.0, 0.0] [0.0, 0.0] [0.0, 0.0] [0.0, 0.0] [0.0, 0.0] [0.0, 0.0] [0.0, 0.0] [1.0, 1.0] [1.0, 1.0] [1.0, 1.0] [1.0, 1.0] [1.0, 1.0] [1.0, 1.0] [1.0, 1.0] [0.0, 0.0] [0.0, 0.0] [0.0, 0.0] [0.0, 0.0] [0.0, 0.0] [0.0, 0.0] [0.0, 0.0] [1.0, 1.0] [1.0, 1.0] [1.0, 1.0] [1.0, 1.0] [1.0, 1.0] [1.0, 1.0] [1.0, 1.0] [0.0, 0.0] [0.0, 0.0] [0.0, 0.0] [0.0, 0.0] [0.0, 0.0] [0.0, 0.0] [0.0, 0.0] [1.0, 1.0] [1.0, 1.0] [1.0, 1.0] [1.0, 1.0] [1.0, 1.0] [1.0, 1.0] [1.0, 1.0] [0.0, 0.0] [0.0, 0.0] [0.0, 0.0] [0.0, 0.0] [0.0, 0.0] [0.0, 0.0] [0.0, 0.0] [1.0, 1.0] [1.0, 1.0] [1.0, 1.0] [1.0, 1.0] [1.0, 1.0] [1.0, 1.0] [1.0, 1.0] 
    2: [0.0, 80.0] [0.0, 79.0] [0.0, 79.0] [0.0, 79.0] [0.0, 79.0] [0.0, 79.0] [0.0, 79.0] [0.0, 79.0] [0.0, 79.0] [0.0, 79.0] [0.0, 79.0] [0.0, 79.0] [0.0, 79.0] [0.0, 79.0] [0.0, 79.0] [0.0, 79.0] [0.0, 79.0] [0.0, 79.0] [0.0, 79.0] [0.0, 79.0] [0.0, 79.0] [0.0, 79.0] [0.0, 79.0] [0.0, 79.0] [0.0, 79.0] [0.0, 79.0] [0.0, 79.0] [0.0, 79.0] [0.0, 79.0] [0.0, 79.0] [0.0, 79.0] [0.0, 79.0] [0.0, 79.0] [0.0, 79.0] [0.0, 79.0] [0.0, 79.0] [0.0, 79.0] [0.0, 79.0] [0.0, 59.0] [0.0, 79.0] [0.0, 79.0] [0.0, 79.0] [0.0, 79.0] [0.0, 79.0] [0.0, 79.0] [0.0, 79.0] [0.0, 79.0] [0.0, 79.0] [0.0, 79.0] [0.0, 79.0] [0.0, 79.0] [0.0, 79.0] [0.0, 79.0] [0.0, 79.0] [0.0, 79.0] [0.0, 79.0] [0.0, 79.0] [0.0, 79.0] [0.0, 79.0] [0.0, 79.0] [0.0, 79.0] [0.0, 79.0] [0.0, 79.0] [0.0, 79.0] [0.0, 79.0] [0.0, 79.0] [0.0, 79.0] [0.0, 79.0] [0.0, 79.0] [0.0, 79.0] [0.0, 79.0] [0.0, 79.0] [0.0, 79.0] [0.0, 79.0] [0.0, 79.0] [0.0, 79.0] [0.0, 79.0] [0.0, 79.0] [0.0, 79.0] [0.0, 79.0] [0.0, 79.0] [0.0, 79.0] [0.0, 79.0] [0.0, 79.0] [0.0, 79.0] [0.0, 79.0] [0.0, 79.0] [0.0, 79.0] [0.0, 79.0] [0.0, 79.0] [0.0, 79.0] [0.0, 79.0] [0.0, 79.0] [0.0, 79.0] [0.0, 79.0] [0.0, 79.0] [0.0, 79.0] [0.0, 79.0] [0.0, 79.0] [0.0, 79.0] [0.0, 79.0] [0.0, 79.0] [0.0, 79.0] [0.0, 79.0] [0.0, 79.0] [0.0, 79.0] [0.0, 79.0] [0.0, 79.0] [0.0, 79.0] [0.0, 79.0] [0.0, 79.0] [0.0, 79.0] [0.0, 79.0] [0.0, 79.0] [0.0, 79.0] [0.0, 79.0] [0.0, 79.0] [0.0, 79.0] [0.0, 79.0] [0.0, 89.0] [0.0, 79.0] [0.0, 79.0] [0.0, 79.0] [0.0, 99.0] [0.0, 79.0] [0.0, 79.0] [0.0, 74.0] [0.0, 40.0] [0.0, 79.0] [0.0, 79.0] [0.0, 79.0] [0.0, 79.0] [0.0, 49.0] [0.0, 79.0] [0.0, 79.0] [0.0, 79.0] [0.0, 79.0] [0.0, 79.0] [0.0, 99.0] [0.0, 79.0] [0.0, 99.0] [0.0, 79.0] [0.0, 79.0] [0.0, 79.0] [0.0, 99.0] [0.0, 99.0] [0.0, 79.0] [0.0, 79.0] [0.0, 79.0] [0.0, 99.0] [0.0, 79.0] [0.0, 99.0] 
    3: [0.0, 1.0] [0.0, 1.0] [0.0, 1.0] [0.0, 1.0] [0.0, 1.0] [0.0, 1.0] [0.0, 1.0] [0.0, 1.0] [0.0, 1.0] [0.0, 1.0] [0.0, 1.0] [0.0, 1.0] [0.0, 1.0] [0.0, 1.0] [0.0, 1.0] [0.0, 1.0] [0.0, 1.0] [0.0, 1.0] [0.0, 1.0] [0.0, 1.0] [0.0, 1.0] [0.0, 1.0] [0.0, 1.0] [0.0, 1.0] [0.0, 1.0] [0.0, 1.0] [0.0, 1.0] [0.0, 1.0] [0.0, 1.0] [0.0, 1.0] [0.0, 1.0] [0.0, 1.0] [0.0, 1.0] [0.0, 1.0] [0.0, 1.0] [0.0, 1.0] [0.0, 1.0] [0.0, 1.0] [0.0, 1.0] [0.0, 1.0] [0.0, 1.0] [0.0, 1.0] [0.0, 1.0] [0.0, 1.0] [0.0, 1.0] [0.0, 1.0] [0.0, 1.0] [0.0, 1.0] [0.0, 1.0] [0.0, 1.0] [0.0, 1.0] [0.0, 1.0] [0.0, 1.0] [0.0, 1.0] [0.0, 1.0] [0.0, 1.0] [0.0, 1.0] [0.0, 1.0] [0.0, 1.0] [0.0, 1.0] [0.0, 1.0] [0.0, 1.0] [0.0, 1.0] [0.0, 1.0] [0.0, 1.0] [0.0, 1.0] [0.0, 1.0] [0.0, 1.0] [0.0, 1.0] [0.0, 1.0] [0.0, 1.0] [0.0, 1.0] [0.0, 1.0] [0.0, 1.0] [0.0, 1.0] [0.0, 1.0] [0.0, 1.0] [0.0, 1.0] [0.0, 1.0] [0.0, 1.0] [0.0, 1.0] [0.0, 1.0] [0.0, 1.0] [0.0, 1.0] [0.0, 1.0] [0.0, 1.0] [0.0, 1.0] [0.0, 1.0] [0.0, 1.0] [0.0, 1.0] [0.0, 1.0] [0.0, 1.0] [0.0, 1.0] [0.0, 1.0] [0.0, 1.0] [0.0, 1.0] [0.0, 1.0] [0.0, 1.0] [0.0, 1.0] [0.0, 1.0] [0.0, 1.0] [0.0, 1.0] [0.0, 1.0] [0.0, 1.0] [0.0, 1.0] [0.0, 1.0] [0.0, 1.0] [0.0, 1.0] [0.0, 1.0] [0.0, 1.0] [0.0, 1.0] [0.0, 1.0] [0.0, 1.0] [0.0, 1.0] [0.0, 1.0] [0.0, 1.0] [0.0, 1.0] [0.0, 1.0] [0.0, 1.0] [0.0, 1.0] [0.0, 1.0] [0.0, 1.0] [0.0, 1.0] [0.0, 1.0] [0.0, 1.0] [0.0, 1.0] [0.0, 1.0] [0.0, 1.0] [0.0, 1.0] [0.0, 1.0] [0.0, 1.0] [0.0, 1.0] [0.0, 1.0] [0.0, 1.0] [0.0, 1.0] [0.0, 1.0] [0.0, 1.0] [0.0, 1.0] [0.0, 1.0] [0.0, 1.0] [0.0, 1.0] [0.0, 1.0] [0.0, 1.0] [0.0, 1.0] [0.0, 1.0] [0.0, 1.0] [0.0, 1.0] [0.0, 1.0] [0.0, 1.0] [0.0, 1.0] [0.0, 1.0] [0.0, 1.0] 
  Output range:
    0: [0.0, 6.0] [0.0, 6.0] [0.0, 6.0] [0.0, 6.0] [0.0, 6.0] [0.0, 6.0] [0.0, 6.0] [0.0, 6.0] [0.0, 6.0] [0.0, 6.0] [0.0, 6.0] [0.0, 6.0] [0.0, 6.0] [0.0, 6.0] [0.0, 6.0] [0.0, 6.0] [0.0, 6.0] [0.0, 6.0] [0.0, 6.0] [0.0, 6.0] [0.0, 6.0] [0.0, 6.0] [0.0, 6.0] [0.0, 6.0] [0.0, 6.0] [0.0, 6.0] [0.0, 6.0] [0.0, 6.0] [0.0, 6.0] [0.0, 6.0] [0.0, 6.0] [0.0, 6.0] [0.0, 6.0] [0.0, 6.0] [0.0, 6.0] [0.0, 6.0] [0.0, 6.0] [0.0, 6.0] [0.0, 6.0] [0.0, 6.0] [0.0, 6.0] [0.0, 6.0] [0.0, 6.0] [0.0, 6.0] [0.0, 6.0] [0.0, 6.0] [0.0, 6.0] [0.0, 6.0] [0.0, 6.0] [0.0, 6.0] [0.0, 6.0] [0.0, 6.0] [0.0, 6.0] [0.0, 6.0] [0.0, 6.0] [0.0, 6.0] [0.0, 6.0] [0.0, 6.0] [0.0, 6.0] [0.0, 6.0] [0.0, 6.0] [0.0, 6.0] [0.0, 6.0] [0.0, 6.0] [0.0, 6.0] [0.0, 6.0] [0.0, 6.0] [0.0, 6.0] [0.0, 6.0] [0.0, 6.0] [0.0, 6.0] [0.0, 6.0] [0.0, 6.0] [0.0, 6.0] [0.0, 6.0] [0.0, 6.0] [0.0, 6.0] [0.0, 6.0] [0.0, 6.0] [0.0, 6.0] [0.0, 6.0] [0.0, 6.0] [0.0, 6.0] [0.0, 6.0] [0.0, 6.0] [0.0, 6.0] [0.0, 6.0] [0.0, 6.0] [0.0, 6.0] [0.0, 6.0] [0.0, 6.0] [0.0, 6.0] [0.0, 6.0] [0.0, 6.0] [0.0, 6.0] [0.0, 6.0] [0.0, 6.0] [0.0, 6.0] [0.0, 6.0] [0.0, 6.0] [0.0, 6.0] [0.0, 6.0] [0.0, 6.0] [0.0, 6.0] [0.0, 6.0] [0.0, 6.0] [0.0, 6.0] [0.0, 6.0] [0.0, 6.0] [0.0, 6.0] [0.0, 6.0] [0.0, 6.0] [0.0, 6.0] [0.0, 6.0] [0.0, 6.0] [0.0, 6.0] [0.0, 6.0] [0.0, 6.0] [0.0, 6.0] [0.0, 6.0] [0.0, 6.0] [0.0, 6.0] [0.0, 6.0] [0.0, 6.0] [0.0, 6.0] [0.0, 6.0] [0.0, 6.0] [0.0, 6.0] [0.0, 6.0] [0.0, 6.0] [0.0, 6.0] [0.0, 6.0] [0.0, 6.0] [0.0, 6.0] [0.0, 6.0] [0.0, 6.0] [0.0, 6.0] [0.0, 6.0] [0.0, 6.0] [0.0, 6.0] [0.0, 6.0] [0.0, 6.0] [0.0, 6.0] [0.0, 6.0] [0.0, 6.0] [0.0, 6.0] [0.0, 6.0] [0.0, 6.0] [0.0, 6.0] [0.0, 6.0] [0.0, 6.0] [0.0, 6.0] 
    1: [2.0, 4.0] [2.0, 4.0] [2.0, 4.0] [2.0, 4.0] [2.0, 4.0] [2.0, 4.0] [2.0, 4.0] [2.0, 4.0] [2.0, 4.0] [2.0, 4.0] [2.0, 4.0] [2.0, 4.0] [2.0, 4.0] [2.0, 4.0] [2.0, 4.0] [2.0, 4.0] [2.0, 4.0] [2.0, 4.0] [2.0, 4.0] [2.0, 4.0] [2.0, 4.0] [2.0, 4.0] [2.0, 4.0] [2.0, 4.0] [2.0, 4.0] [2.0, 4.0] [2.0, 4.0] [2.0, 4.0] [2.0, 4.0] [2.0, 4.0] [2.0, 4.0] [2.0, 4.0] [2.0, 4.0] [2.0, 4.0] [2.0, 4.0] [2.0, 4.0] [2.0, 4.0] [2.0, 4.0] [2.0, 4.0] [2.0, 4.0] [2.0, 4.0] [2.0, 4.0] [2.0, 4.0] [2.0, 4.0] [2.0, 4.0] [2.0, 4.0] [2.0, 4.0] [2.0, 4.0] [2.0, 4.0] [2.0, 4.0] [2.0, 4.0] [2.0, 4.0] [2.0, 4.0] [2.0, 4.0] [2.0, 4.0] [2.0, 4.0] [2.0, 4.0] [2.0, 4.0] [2.0, 4.0] [2.0, 4.0] [2.0, 4.0] [2.0, 4.0] [2.0, 4.0] [2.0, 4.0] [2.0, 4.0] [2.0, 4.0] [2.0, 4.0] [2.0, 4.0] [2.0, 4.0] [2.0, 4.0] [2.0, 4.0] [2.0, 4.0] [2.0, 4.0] [2.0, 4.0] [2.0, 4.0] [2.0, 4.0] [2.0, 4.0] [2.0, 4.0] [2.0, 4.0] [2.0, 4.0] [2.0, 4.0] [2.0, 4.0] [2.0, 4.0] [2.0, 4.0] [2.0, 4.0] [2.0, 4.0] [2.0, 4.0] [2.0, 4.0] [2.0, 4.0] [2.0, 4.0] [2.0, 4.0] [2.0, 4.0] [2.0, 4.0] [2.0, 4.0] [2.0, 4.0] [2.0, 4.0] [2.0, 4.0] [2.0, 4.0] [2.0, 4.0] [2.0, 4.0] [2.0, 4.0] [2.0, 4.0] [2.0, 4.0] [2.0, 4.0] [2.0, 4.0] [2.0, 4.0] [2.0, 4.0] [2.0, 4.0] [2.0, 4.0] [2.0, 4.0] [2.0, 4.0] [2.0, 4.0] [2.0, 4.0] [2.0, 4.0] [2.0, 4.0] [2.0, 4.0] [2.0, 4.0] [2.0, 4.0] [2.0, 4.0] [2.0, 4.0] [2.0, 4.0] [2.0, 4.0] [2.0, 4.0] [2.0, 4.0] [2.0, 4.0] [2.0, 4.0] [2.0, 4.0] [2.0, 4.0] [2.0, 4.0] [2.0, 4.0] [2.0, 4.0] [2.0, 4.0] [2.0, 4.0] [2.0, 4.0] [2.0, 4.0] [2.0, 4.0] [2.0, 4.0] [2.0, 4.0] [2.0, 4.0] [2.0, 4.0] [2.0, 4.0] [2.0, 4.0] [2.0, 4.0] [2.0, 4.0] [2.0, 4.0] [2.0, 4.0] [2.0, 4.0] [2.0, 4.0] [2.0, 4.0] [2.0, 4.0] [2.0, 4.0] [2.0, 4.0] 
    2: [0.0, 4.0] [0.0, 4.0] [0.0, 4.0] [0.0, 4.0] [0.0, 4.0] [0.0, 4.0] [0.0, 4.0] [0.0, 4.0] [0.0, 4.0] [0.0, 4.0] [0.0, 4.0] [0.0, 4.0] [0.0, 4.0] [0.0, 4.0] [0.0, 4.0] [0.0, 4.0] [0.0, 4.0] [0.0, 4.0] [0.0, 4.0] [0.0, 4.0] [0.0, 4.0] [0.0, 4.0] [0.0, 4.0] [0.0, 4.0] [0.0, 4.0] [0.0, 4.0] [0.0, 4.0] [0.0, 4.0] [0.0, 4.0] [0.0, 4.0] [0.0, 4.0] [0.0, 4.0] [0.0, 4.0] [0.0, 4.0] [0.0, 4.0] [0.0, 4.0] [0.0, 4.0] [0.0, 4.0] [0.0, 4.0] [0.0, 4.0] [0.0, 4.0] [0.0, 4.0] [0.0, 4.0] [0.0, 4.0] [0.0, 4.0] [0.0, 4.0] [0.0, 4.0] [0.0, 4.0] [0.0, 4.0] [0.0, 4.0] [0.0, 4.0] [0.0, 4.0] [0.0, 4.0] [0.0, 4.0] [0.0, 4.0] [0.0, 4.0] [0.0, 4.0] [0.0, 4.0] [0.0, 4.0] [0.0, 4.0] [0.0, 4.0] [0.0, 4.0] [0.0, 4.0] [0.0, 4.0] [0.0, 4.0] [0.0, 4.0] [0.0, 4.0] [0.0, 4.0] [0.0, 4.0] [0.0, 4.0] [0.0, 4.0] [0.0, 4.0] [0.0, 4.0] [0.0, 4.0] [0.0, 4.0] [0.0, 4.0] [0.0, 4.0] [0.0, 4.0] [0.0, 4.0] [0.0, 4.0] [0.0, 4.0] [0.0, 4.0] [0.0, 4.0] [0.0, 4.0] [0.0, 4.0] [0.0, 4.0] [0.0, 4.0] [0.0, 4.0] [0.0, 4.0] [0.0, 4.0] [0.0, 4.0] [0.0, 4.0] [0.0, 4.0] [0.0, 4.0] [0.0, 4.0] [0.0, 4.0] [0.0, 4.0] [0.0, 4.0] [0.0, 4.0] [0.0, 4.0] [0.0, 4.0] [0.0, 4.0] [0.0, 4.0] [0.0, 4.0] [0.0, 4.0] [0.0, 4.0] [0.0, 4.0] [0.0, 4.0] [0.0, 4.0] [0.0, 4.0] [0.0, 4.0] [0.0, 4.0] [0.0, 4.0] [0.0, 4.0] [0.0, 4.0] [0.0, 4.0] [0.0, 4.0] [0.0, 4.0] [0.0, 4.0] [0.0, 4.0] [0.0, 4.0] [0.0, 4.0] [0.0, 4.0] [0.0, 4.0] [0.0, 4.0] [0.0, 4.0] [0.0, 4.0] [0.0, 4.0] [0.0, 4.0] [0.0, 4.0] [0.0, 4.0] [0.0, 4.0] [0.0, 4.0] [0.0, 4.0] [0.0, 4.0] [0.0, 4.0] [0.0, 4.0] [0.0, 4.0] [0.0, 4.0] [0.0, 4.0] [0.0, 4.0] [0.0, 4.0] [0.0, 4.0] [0.0, 4.0] [0.0, 4.0] [0.0, 4.0] [0.0, 4.0] [0.0, 4.0] [0.0, 4.0] [0.0, 4.0] [0.0, 4.0] [0.0, 4.0] 
    3: [0.0, 1.0] [0.0, 1.0] [0.0, 1.0] [0.0, 1.0] [0.0, 1.0] [0.0, 1.0] [0.0, 1.0] [0.0, 1.0] [0.0, 1.0] [0.0, 1.0] [0.0, 1.0] [0.0, 1.0] [0.0, 1.0] [0.0, 1.0] [0.0, 1.0] [0.0, 1.0] [0.0, 1.0] [0.0, 1.0] [0.0, 1.0] [0.0, 1.0] [0.0, 1.0] [0.0, 1.0] [0.0, 1.0] [0.0, 1.0] [0.0, 1.0] [0.0, 1.0] [0.0, 1.0] [0.0, 1.0] [0.0, 1.0] [0.0, 1.0] [0.0, 1.0] [0.0, 1.0] [0.0, 1.0] [0.0, 1.0] [0.0, 1.0] [0.0, 1.0] [0.0, 1.0] [0.0, 1.0] [0.0, 1.0] [0.0, 1.0] [0.0, 1.0] [0.0, 1.0] [0.0, 1.0] [0.0, 1.0] [0.0, 1.0] [0.0, 1.0] [0.0, 1.0] [0.0, 1.0] [0.0, 1.0] [0.0, 1.0] [0.0, 1.0] [0.0, 1.0] [0.0, 1.0] [0.0, 1.0] [0.0, 1.0] [0.0, 1.0] [0.0, 1.0] [0.0, 1.0] [0.0, 1.0] [0.0, 1.0] [0.0, 1.0] [0.0, 1.0] [0.0, 1.0] [0.0, 1.0] [0.0, 1.0] [0.0, 1.0] [0.0, 1.0] [0.0, 1.0] [0.0, 1.0] [0.0, 1.0] [0.0, 1.0] [0.0, 1.0] [0.0, 1.0] [0.0, 1.0] [0.0, 1.0] [0.0, 1.0] [0.0, 1.0] [0.0, 1.0] [0.0, 1.0] [0.0, 1.0] [0.0, 1.0] [0.0, 1.0] [0.0, 1.0] [0.0, 1.0] [0.0, 1.0] [0.0, 1.0] [0.0, 1.0] [0.0, 1.0] [0.0, 1.0] [0.0, 1.0] [0.0, 1.0] [0.0, 1.0] [0.0, 1.0] [0.0, 1.0] [0.0, 1.0] [0.0, 1.0] [0.0, 1.0] [0.0, 1.0] [0.0, 1.0] [0.0, 1.0] [0.0, 1.0] [0.0, 1.0] [0.0, 1.0] [0.0, 1.0] [0.0, 1.0] [0.0, 1.0] [0.0, 1.0] [0.0, 1.0] [0.0, 1.0] [0.0, 1.0] [0.0, 1.0] [0.0, 1.0] [0.0, 1.0] [0.0, 1.0] [0.0, 1.0] [0.0, 1.0] [0.0, 1.0] [0.0, 1.0] [0.0, 1.0] [0.0, 1.0] [0.0, 1.0] [0.0, 1.0] [0.0, 1.0] [0.0, 1.0] [0.0, 1.0] [0.0, 1.0] [0.0, 1.0] [0.0, 1.0] [0.0, 1.0] [0.0, 1.0] [0.0, 1.0] [0.0, 1.0] [0.0, 1.0] [0.0, 1.0] [0.0, 1.0] [0.0, 1.0] [0.0, 1.0] [0.0, 1.0] [0.0, 1.0] [0.0, 1.0] [0.0, 1.0] [0.0, 1.0] [0.0, 1.0] [0.0, 1.0] [0.0, 1.0] [0.0, 1.0] [0.0, 1.0] [0.0, 1.0] [0.0, 1.0] [0.0, 1.0] [0.0, 1.0] [0.0, 1.0] 
    4: [1.0, 1.0] [0.0, 0.0] [0.0, 0.0] [2.0, 2.0] [2.0, 2.0] [0.0, 0.0] [2.0, 2.0] [2.0, 2.0] [0.0, 0.0] [0.0, 0.0] [1.0, 1.0] [1.0, 1.0] [1.0, 1.0] [1.0, 1.0] [1.0, 1.0] [2.0, 2.0] [2.0, 2.0] [0.0, 0.0] [0.0, 0.0] [0.0, 0.0] [0.0, 0.0] [0.0, 0.0] [2.0, 2.0] [2.0, 2.0] [1.0, 1.0] [1.0, 1.0] [2.0, 2.0] [2.0, 2.0] [2.0, 2.0] [1.0, 1.0] [1.0, 1.0] [0.0, 0.0] [0.0, 0.0] [0.0, 0.0] [0.0, 0.0] [0.0, 0.0] [1.0, 1.0] [1.0, 1.0] [2.0, 2.0] [2.0, 2.0] [0.0, 0.0] [0.0, 0.0] [0.0, 0.0] [1.0, 1.0] [1.0, 1.0] [2.0, 2.0] [2.0, 2.0] [0.0, 0.0] [2.0, 2.0] [2.0, 2.0] [1.0, 1.0] [1.0, 1.0] [0.0, 0.0] [0.0, 0.0] [0.0, 0.0] [0.0, 0.0] [0.0, 0.0] [2.0, 2.0] [2.0, 2.0] [1.0, 1.0] [1.0, 1.0] [0.0, 0.0] [1.0, 1.0] [1.0, 1.0] [2.0, 2.0] [2.0, 2.0] [0.0, 0.0] [0.0, 0.0] [1.0, 1.0] [1.0, 1.0] [1.0, 1.0] [2.0, 2.0] [2.0, 2.0] [0.0, 0.0] [0.0, 0.0] [0.0, 0.0] [0.0, 0.0] [0.0, 0.0] [2.0, 2.0] [2.0, 2.0] [1.0, 1.0] [1.0, 1.0] [0.0, 0.0] [0.0, 0.0] [0.0, 0.0] [1.0, 1.0] [1.0, 1.0] [2.0, 2.0] [2.0, 2.0] [0.0, 0.0] [2.0, 2.0] [2.0, 2.0] [1.0, 1.0] [1.0, 1.0] [0.0, 0.0] [0.0, 0.0] [2.0, 2.0] [2.0, 2.0] [2.0, 2.0] [1.0, 1.0] [1.0, 1.0] [0.0, 0.0] [0.0, 0.0] [0.0, 0.0] [0.0, 0.0] [0.0, 0.0] [1.0, 1.0] [1.0, 1.0] [2.0, 2.0] [2.0, 2.0] [2.0, 2.0] [2.0, 2.0] [2.0, 2.0] [0.0, 0.0] [0.0, 0.0] [1.0, 1.0] [1.0, 1.0] [0.0, 0.0] [1.0, 1.0] [1.0, 1.0] [0.0, 0.0] [0.0, 0.0] [2.0, 2.0] [2.0, 2.0] [1.0, 1.0] [1.0, 1.0] [1.0, 1.0] [0.0, 0.0] [0.0, 0.0] [2.0, 2.0] [2.0, 2.0] [0.0, 0.0] [2.0, 2.0] [2.0, 2.0] [0.0, 0.0] [0.0, 0.0] [1.0, 1.0] [1.0, 1.0] [0.0, 0.0] [0.0, 0.0] [0.0, 0.0] [2.0, 2.0] [2.0, 2.0] [1.0, 1.0] [1.0, 1.0] [0.0, 0.0] [1.0, 1.0] [1.0, 1.0] [2.0, 2.0] [2.0, 2.0] [0.0, 0.0] [0.0, 0.0] 
    5: [0.0, 1.0] [0.0, 1.0] [0.0, 1.0] [0.0, 1.0] [0.0, 1.0] [0.0, 1.0] [0.0, 1.0] [0.0, 1.0] [0.0, 1.0] [0.0, 1.0] [0.0, 1.0] [0.0, 1.0] [0.0, 1.0] [0.0, 1.0] [0.0, 1.0] [0.0, 1.0] [0.0, 1.0] [0.0, 1.0] [0.0, 1.0] [0.0, 1.0] [0.0, 1.0] [0.0, 1.0] [0.0, 1.0] [0.0, 1.0] [0.0, 1.0] [0.0, 1.0] [0.0, 1.0] [0.0, 1.0] [0.0, 1.0] [0.0, 1.0] [0.0, 1.0] [0.0, 1.0] [0.0, 1.0] [0.0, 1.0] [0.0, 1.0] [0.0, 1.0] [0.0, 1.0] [0.0, 1.0] [0.0, 1.0] [0.0, 1.0] [0.0, 1.0] [0.0, 1.0] [0.0, 1.0] [0.0, 1.0] [0.0, 1.0] [0.0, 1.0] [0.0, 1.0] [0.0, 1.0] [0.0, 1.0] [0.0, 1.0] [0.0, 1.0] [0.0, 1.0] [0.0, 1.0] [0.0, 1.0] [0.0, 1.0] [0.0, 1.0] [0.0, 1.0] [0.0, 1.0] [0.0, 1.0] [0.0, 1.0] [0.0, 1.0] [0.0, 1.0] [0.0, 1.0] [0.0, 1.0] [0.0, 1.0] [0.0, 1.0] [0.0, 1.0] [0.0, 1.0] [0.0, 1.0] [0.0, 1.0] [0.0, 1.0] [0.0, 1.0] [0.0, 1.0] [0.0, 1.0] [0.0, 1.0] [0.0, 1.0] [0.0, 1.0] [0.0, 1.0] [0.0, 1.0] [0.0, 1.0] [0.0, 1.0] [0.0, 1.0] [0.0, 1.0] [0.0, 1.0] [0.0, 1.0] [0.0, 1.0] [0.0, 1.0] [0.0, 1.0] [0.0, 1.0] [0.0, 1.0] [0.0, 1.0] [0.0, 1.0] [0.0, 1.0] [0.0, 1.0] [0.0, 1.0] [0.0, 1.0] [0.0, 1.0] [0.0, 1.0] [0.0, 1.0] [0.0, 1.0] [0.0, 1.0] [0.0, 1.0] [0.0, 1.0] [0.0, 1.0] [0.0, 1.0] [0.0, 1.0] [0.0, 1.0] [0.0, 1.0] [0.0, 1.0] [0.0, 1.0] [0.0, 1.0] [0.0, 1.0] [0.0, 1.0] [0.0, 1.0] [0.0, 1.0] [0.0, 1.0] [0.0, 1.0] [0.0, 1.0] [0.0, 1.0] [0.0, 1.0] [0.0, 1.0] [0.0, 1.0] [0.0, 1.0] [0.0, 1.0] [0.0, 1.0] [0.0, 1.0] [0.0, 1.0] [0.0, 1.0] [0.0, 1.0] [0.0, 1.0] [0.0, 1.0] [0.0, 1.0] [0.0, 1.0] [0.0, 1.0] [0.0, 1.0] [0.0, 1.0] [0.0, 1.0] [0.0, 1.0] [0.0, 1.0] [0.0, 1.0] [0.0, 1.0] [0.0, 1.0] [0.0, 1.0] [0.0, 1.0] [0.0, 1.0] [0.0, 1.0] [0.0, 1.0] [0.0, 1.0] [0.0, 1.0] [0.0, 1.0] [0.0, 1.0] [0.0, 1.0] 
  Output fraction of data:
distance_to_reward_zone_bin: (0.346 0.337 0.363 0.425 0.420 0.415 0.439 0.368 0.331 0.348 0.400 0.407 0.419 0.425 0.433 0.419 0.388 0.365 0.368 0.361 0.395 0.378 0.408 0.418 0.411 0.373 0.425 0.419 0.418 0.412 0.369 0.331 0.380 0.374 0.362 0.375 0.410 0.413 0.423 0.392 0.331 0.300 0.360 0.422 0.438 0.443 0.379 0.383 0.440 0.435 0.438 0.368 0.400 0.379 0.351 0.357 0.381 0.435 0.418 0.431 0.363 0.374 0.440 0.430 0.445 0.388 0.337 0.338 0.414 0.418 0.428 0.429 0.413 0.335 0.413 0.366 0.291 0.364 0.437 0.427 0.422 0.339 0.340 0.324 0.392 0.404 0.407 0.409 0.439 0.408 0.419 0.409 0.405 0.322 0.323 0.345 0.426 0.432 0.359 0.409 0.308 0.293 0.400 0.408 0.302 0.363 0.356 0.402 0.435 0.328 0.365 0.371 0.445 0.214 0.419 0.327 0.341 0.313 0.297 0.429 0.248 0.425 0.427 0.413 0.416 0.381 0.339 0.376 0.365 0.390 0.420 0.406 0.285 0.444 0.289 0.298 0.384 0.314 0.342 0.314 0.370 0.428 0.396 0.370 0.368 0.408 0.406 0.411 0.437 0.401 0.321 0.393)  0.136 0.069 0.114 0.053 0.057 0.056 0.042 0.113 0.082 0.132 0.073 0.064 0.054 0.050 0.045 0.059 0.097 0.093 0.108 0.079 0.062 0.081 0.068 0.057 0.060 0.059 0.047 0.055 0.060 0.062 0.109 0.096 0.096 0.108 0.081 0.102 0.064 0.064 0.055 0.087 0.095 0.101 0.116 0.053 0.042 0.038 0.099 0.089 0.041 0.042 0.042 0.063 0.061 0.097 0.128 0.100 0.097 0.045 0.060 0.048 0.114 0.105 0.040 0.047 0.038 0.056 0.063 0.140 0.062 0.058 0.050 0.050 0.070 0.146 0.067 0.116 0.189 0.115 0.044 0.052 0.056 0.139 0.077 0.090 0.083 0.071 0.065 0.066 0.048 0.071 0.061 0.060 0.069 0.156 0.077 0.135 0.053 0.050 0.069 0.067 0.173 0.082 0.082 0.079 0.063 0.117 0.064 0.056 0.044 0.157 0.050 0.038 0.045 0.045 0.063 0.062 0.033 0.163 0.054 0.059 0.216 0.059 0.048 0.055 0.061 0.069 0.148 0.103 0.039 0.043 0.059 0.068 0.202 0.035 0.107 0.172 0.082 0.122 0.100 0.138 0.109 0.050 0.077 0.094 0.077 0.068 0.067 0.063 0.043 0.086 0.099 0.081)  0.016 0.091 0.017 0.014 0.015 0.021 0.011 0.017 0.082 0.016 0.020 0.021 0.015 0.013 0.011 0.011 0.014 0.031 0.018 0.054 0.035 0.035 0.014 0.016 0.020 0.061 0.012 0.014 0.013 0.016 0.020 0.069 0.017 0.014 0.050 0.019 0.017 0.015 0.013 0.019 0.072 0.099 0.019 0.016 0.012 0.010 0.019 0.022 0.011 0.012 0.011 0.063 0.030 0.019 0.022 0.037 0.017 0.013 0.014 0.014 0.020 0.016 0.013 0.015 0.009 0.052 0.097 0.017 0.016 0.016 0.014 0.014 0.017 0.020 0.017 0.016 0.020 0.017 0.011 0.014 0.016 0.020 0.083 0.086 0.020 0.019 0.022 0.017 0.012 0.016 0.015 0.024 0.020 0.019 0.093 0.015 0.014 0.012 0.067 0.019 0.017 0.118 0.014 0.013 0.129 0.015 0.073 0.035 0.013 0.013 0.081 0.087 0.010 0.240 0.015 0.106 0.121 0.022 0.148 0.013 0.035 0.011 0.012 0.025 0.017 0.046 0.012 0.018 0.086 0.062 0.015 0.021 0.009 0.019 0.103 0.027 0.030 0.062 0.057 0.041 0.016 0.014 0.020 0.029 0.054 0.019 0.019 0.020 0.012 0.012 0.076 0.021)  0.000 0.000 0.000 0.000 0.000 0.000 0.000 0.000 0.000 0.000 0.000 0.000 0.000 0.000 0.000 0.000 0.000 0.000 0.000 0.000 0.000 0.000 0.000 0.000 0.000 0.000 0.000 0.000 0.000 0.000 0.000 0.000 0.000 0.000 0.000 0.000 0.000 0.000 0.000 0.000 0.000 0.000 0.000 0.000 0.000 0.000 0.000 0.000 0.000 0.000 0.000 0.000 0.000 0.000 0.000 0.000 0.000 0.000 0.000 0.000 0.000 0.000 0.000 0.000 0.000 0.000 0.000 0.000 0.000 0.000 0.000 0.000 0.000 0.000 0.000 0.000 0.000 0.000 0.000 0.000 0.000 0.000 0.000 0.000 0.000 0.000 0.000 0.000 0.000 0.000 0.000 0.001 0.000 0.000 0.000 0.000 0.000 0.000 0.000 0.000 0.000 0.000 0.000 0.000 0.000 0.000 0.001 0.001 0.000 0.000 0.000 0.000 0.000 0.001 0.000 0.000 0.000 0.000 0.000 0.000 0.000 0.000 0.000 0.000 0.000 0.000 0.000 0.000 0.000 0.000 0.000 0.000 0.000 0.000 0.000 0.000 0.000 0.000 0.000 0.000 0.000 0.000 0.000 0.000 0.000 0.000 0.000 0.000 0.000 0.000 0.000 0.000)  0.013 0.070 0.015 0.014 0.015 0.017 0.010 0.017 0.099 0.016 0.021 0.075 0.016 0.013 0.012 0.012 0.013 0.103 0.017 0.031 0.106 0.019 0.016 0.018 0.021 0.043 0.011 0.014 0.014 0.017 0.020 0.055 0.014 0.014 0.067 0.018 0.017 0.015 0.013 0.015 0.064 0.047 0.017 0.016 0.012 0.011 0.014 0.015 0.011 0.014 0.012 0.020 0.113 0.015 0.018 0.084 0.016 0.013 0.021 0.014 0.018 0.017 0.014 0.036 0.009 0.027 0.066 0.014 0.017 0.016 0.013 0.013 0.017 0.020 0.017 0.015 0.022 0.016 0.011 0.043 0.018 0.018 0.037 0.066 0.018 0.020 0.058 0.017 0.013 0.015 0.016 0.096 0.022 0.015 0.118 0.013 0.014 0.013 0.059 0.119 0.012 0.099 0.013 0.011 0.157 0.014 0.214 0.067 0.016 0.013 0.233 0.303 0.009 0.054 0.015 0.145 0.029 0.017 0.069 0.012 0.018 0.011 0.013 0.113 0.017 0.116 0.019 0.011 0.024 0.012 0.046 0.021 0.059 0.038 0.057 0.024 0.037 0.018 0.027 0.085 0.016 0.016 0.021 0.030 0.022 0.021 0.022 0.022 0.013 0.016 0.057 0.022)  0.055 0.082 0.051 0.059 0.131 0.115 0.044 0.050 0.069 0.061 0.235 0.056 0.065 0.056 0.056 0.044 0.054 0.079 0.064 0.066 0.085 0.061 0.064 0.132 0.105 0.058 0.050 0.058 0.058 0.093 0.062 0.079 0.052 0.051 0.075 0.069 0.145 0.068 0.058 0.056 0.071 0.070 0.068 0.085 0.090 0.043 0.044 0.048 0.045 0.076 0.066 0.056 0.099 0.056 0.083 0.082 0.061 0.060 0.097 0.087 0.061 0.072 0.141 0.073 0.037 0.056 0.083 0.058 0.084 0.077 0.060 0.061 0.064 0.066 0.109 0.063 0.068 0.056 0.067 0.089 0.160 0.058 0.070 0.073 0.067 0.206 0.080 0.073 0.055 0.060 0.073 0.071 0.268 0.064 0.089 0.049 0.060 0.060 0.063 0.100 0.056 0.072 0.053 0.060 0.077 0.054 0.085 0.077 0.287 0.051 0.117 0.096 0.035 0.072 0.122 0.106 0.066 0.052 0.098 0.139 0.053 0.039 0.060 0.074 0.128 0.077 0.053 0.211 0.046 0.049 0.074 0.115 0.025 0.044 0.078 0.083 0.234 0.078 0.052 0.078 0.059 0.072 0.115 0.194 0.063 0.091 0.163 0.105 0.069 0.047 0.083 0.099)  0.434 0.351 0.440 0.435 0.363 0.376 0.454 0.435 0.338 0.427 0.251 0.377 0.431 0.442 0.444 0.455 0.433 0.330 0.425 0.409 0.316 0.426 0.429 0.359 0.382 0.405 0.455 0.439 0.438 0.399 0.420 0.370 0.440 0.439 0.364 0.418 0.346 0.424 0.439 0.430 0.366 0.384 0.419 0.408 0.405 0.455 0.445 0.443 0.453 0.421 0.431 0.429 0.297 0.434 0.397 0.339 0.428 0.433 0.389 0.406 0.425 0.416 0.352 0.398 0.461 0.421 0.354 0.431 0.408 0.415 0.436 0.433 0.419 0.413 0.377 0.424 0.409 0.433 0.430 0.375 0.329 0.426 0.394 0.362 0.420 0.280 0.369 0.418 0.433 0.430 0.418 0.339 0.216 0.424 0.299 0.443 0.433 0.433 0.383 0.286 0.434 0.336 0.437 0.430 0.271 0.436 0.207 0.363 0.204 0.438 0.155 0.105 0.457 0.374 0.367 0.253 0.409 0.432 0.335 0.348 0.429 0.454 0.440 0.320 0.361 0.310 0.428 0.281 0.440 0.444 0.385 0.370 0.419 0.420 0.366 0.396 0.234 0.406 0.421 0.344 0.429 0.420 0.371 0.282 0.417 0.393 0.323 0.379 0.426 0.438 0.363 0.384)  
absolute_position_bin: (0.364 0.400 0.380 0.315 0.359 0.348 0.371 0.376 0.414 0.356 0.333 0.315 0.425 0.424 0.396 0.400 0.383 0.466 0.400 0.432 0.464 0.418 0.330 0.377 0.381 0.429 0.414 0.365 0.380 0.365 0.389 0.419 0.380 0.375 0.448 0.373 0.353 0.374 0.358 0.364 0.418 0.394 0.371 0.394 0.404 0.393 0.403 0.419 0.399 0.406 0.430 0.415 0.485 0.396 0.381 0.459 0.397 0.332 0.347 0.397 0.388 0.375 0.405 0.359 0.414 0.434 0.399 0.345 0.368 0.386 0.389 0.377 0.318 0.318 0.320 0.363 0.288 0.348 0.343 0.343 0.360 0.362 0.402 0.401 0.329 0.321 0.268 0.277 0.314 0.319 0.294 0.320 0.339 0.357 0.409 0.347 0.310 0.317 0.258 0.304 0.336 0.376 0.347 0.325 0.371 0.301 0.280 0.310 0.308 0.332 0.226 0.253 0.294 0.255 0.256 0.269 0.292 0.245 0.249 0.332 0.264 0.346 0.375 0.351 0.363 0.278 0.304 0.522 0.402 0.350 0.255 0.343 0.588 0.475 0.391 0.337 0.290 0.227 0.424 0.458 0.394 0.320 0.325 0.317 0.430 0.363 0.367 0.344 0.348 0.383 0.419 0.329)  0.414 0.398 0.306 0.240 0.327 0.314 0.196 0.290 0.391 0.439 0.463 0.323 0.355 0.361 0.272 0.240 0.303 0.341 0.401 0.364 0.355 0.300 0.279 0.336 0.424 0.384 0.244 0.292 0.317 0.395 0.377 0.363 0.302 0.304 0.342 0.387 0.411 0.315 0.244 0.317 0.347 0.376 0.393 0.408 0.299 0.189 0.283 0.273 0.202 0.313 0.389 0.376 0.344 0.317 0.360 0.346 0.310 0.257 0.325 0.349 0.387 0.417 0.352 0.268 0.199 0.283 0.396 0.462 0.355 0.383 0.287 0.257 0.335 0.418 0.395 0.391 0.437 0.337 0.254 0.309 0.372 0.422 0.355 0.390 0.448 0.460 0.382 0.238 0.331 0.357 0.221 0.360 0.493 0.466 0.417 0.323 0.237 0.226 0.374 0.434 0.469 0.420 0.322 0.342 0.482 0.516 0.528 0.349 0.166 0.330 0.131 0.113 0.253 0.549 0.452 0.499 0.311 0.307 0.441 0.416 0.486 0.293 0.259 0.346 0.359 0.425 0.440 0.319 0.315 0.277 0.382 0.337 0.156 0.234 0.399 0.474 0.525 0.370 0.287 0.345 0.338 0.281 0.374 0.493 0.359 0.431 0.423 0.327 0.218 0.296 0.376 0.457)  0.222 0.202 0.314 0.445 0.314 0.338 0.433 0.334 0.195 0.205 0.203 0.362 0.220 0.215 0.332 0.360 0.314 0.192 0.198 0.204 0.181 0.282 0.391 0.287 0.196 0.187 0.342 0.343 0.303 0.241 0.234 0.218 0.318 0.320 0.210 0.240 0.236 0.311 0.398 0.319 0.235 0.230 0.236 0.198 0.298 0.418 0.314 0.308 0.399 0.281 0.181 0.208 0.171 0.287 0.260 0.195 0.293 0.411 0.328 0.253 0.224 0.208 0.243 0.373 0.387 0.283 0.205 0.194 0.277 0.231 0.325 0.366 0.347 0.264 0.285 0.246 0.274 0.315 0.403 0.348 0.269 0.215 0.243 0.209 0.223 0.219 0.350 0.485 0.355 0.324 0.485 0.320 0.168 0.177 0.174 0.330 0.453 0.458 0.369 0.263 0.196 0.204 0.331 0.333 0.147 0.183 0.192 0.341 0.526 0.338 0.643 0.635 0.453 0.196 0.292 0.232 0.397 0.448 0.309 0.252 0.250 0.361 0.365 0.304 0.278 0.297 0.256 0.159 0.283 0.374 0.363 0.320 0.257 0.291 0.210 0.189 0.185 0.403 0.290 0.196 0.268 0.398 0.300 0.191 0.211 0.205 0.211 0.329 0.434 0.322 0.205 0.214)  
speed_bin: (0.088 0.088 0.074 0.104 0.077 0.081 0.101 0.101 0.108 0.121 0.109 0.112 0.012 0.025 0.020 0.019 0.016 0.035 0.038 0.029 0.043 0.040 0.044 0.047 0.051 0.052 0.016 0.018 0.022 0.025 0.017 0.016 0.013 0.022 0.013 0.025 0.067 0.027 0.020 0.020 0.061 0.097 0.033 0.027 0.034 0.053 0.039 0.041 0.037 0.026 0.032 0.030 0.031 0.020 0.045 0.049 0.051 0.074 0.031 0.031 0.024 0.020 0.003 0.034 0.023 0.012 0.042 0.083 0.019 0.033 0.043 0.044 0.010 0.050 0.029 0.020 0.063 0.045 0.063 0.053 0.039 0.055 0.043 0.079 0.102 0.102 0.155 0.126 0.100 0.095 0.135 0.117 0.129 0.135 0.115 0.120 0.077 0.072 0.124 0.122 0.198 0.141 0.115 0.150 0.216 0.220 0.217 0.141 0.193 0.149 0.371 0.366 0.128 0.241 0.273 0.193 0.275 0.251 0.204 0.196 0.170 0.236 0.053 0.131 0.176 0.163 0.241 0.538 0.311 0.200 0.164 0.190 0.478 0.344 0.103 0.163 0.174 0.211 0.042 0.030 0.018 0.028 0.033 0.040 0.009 0.032 0.020 0.015 0.011 0.014 0.028 0.046)  0.045 0.045 0.038 0.037 0.036 0.036 0.039 0.043 0.044 0.039 0.038 0.042 0.027 0.051 0.048 0.046 0.039 0.043 0.042 0.039 0.040 0.037 0.037 0.040 0.033 0.041 0.040 0.043 0.041 0.050 0.042 0.051 0.048 0.055 0.046 0.044 0.051 0.043 0.042 0.046 0.065 0.055 0.049 0.048 0.049 0.053 0.056 0.053 0.051 0.051 0.051 0.054 0.054 0.044 0.046 0.050 0.045 0.055 0.045 0.041 0.071 0.068 0.055 0.053 0.050 0.044 0.074 0.093 0.046 0.053 0.049 0.048 0.056 0.081 0.064 0.060 0.066 0.056 0.056 0.060 0.052 0.061 0.054 0.057 0.059 0.051 0.061 0.058 0.045 0.056 0.054 0.047 0.046 0.048 0.054 0.052 0.058 0.064 0.055 0.060 0.049 0.044 0.038 0.048 0.040 0.043 0.058 0.055 0.037 0.037 0.085 0.067 0.103 0.063 0.072 0.052 0.061 0.072 0.091 0.072 0.096 0.096 0.046 0.057 0.153 0.086 0.094 0.089 0.075 0.108 0.095 0.164 0.135 0.133 0.140 0.237 0.265 0.277 0.041 0.100 0.058 0.074 0.045 0.069 0.034 0.054 0.049 0.064 0.065 0.035 0.085 0.074)  0.046 0.051 0.043 0.038 0.040 0.041 0.053 0.047 0.055 0.049 0.059 0.051 0.036 0.042 0.049 0.042 0.047 0.046 0.057 0.043 0.046 0.042 0.038 0.028 0.028 0.044 0.064 0.051 0.050 0.049 0.043 0.089 0.063 0.065 0.082 0.089 0.087 0.054 0.044 0.046 0.113 0.135 0.076 0.070 0.084 0.064 0.054 0.058 0.047 0.053 0.054 0.051 0.065 0.046 0.075 0.099 0.051 0.098 0.087 0.052 0.079 0.099 0.060 0.109 0.075 0.056 0.080 0.104 0.085 0.058 0.062 0.067 0.160 0.201 0.139 0.092 0.161 0.113 0.047 0.053 0.059 0.061 0.075 0.078 0.159 0.098 0.231 0.096 0.066 0.090 0.078 0.079 0.097 0.077 0.070 0.066 0.190 0.181 0.211 0.232 0.167 0.086 0.126 0.158 0.065 0.151 0.129 0.195 0.075 0.064 0.083 0.062 0.090 0.065 0.138 0.112 0.091 0.113 0.113 0.082 0.114 0.118 0.061 0.082 0.244 0.195 0.194 0.120 0.159 0.123 0.152 0.172 0.142 0.113 0.127 0.179 0.163 0.248 0.102 0.212 0.212 0.163 0.218 0.253 0.097 0.123 0.106 0.163 0.119 0.113 0.132 0.224)  0.199 0.168 0.224 0.218 0.216 0.218 0.159 0.167 0.166 0.248 0.249 0.200 0.198 0.099 0.166 0.161 0.242 0.154 0.182 0.172 0.117 0.119 0.356 0.173 0.212 0.133 0.393 0.378 0.371 0.290 0.246 0.152 0.270 0.217 0.114 0.314 0.419 0.355 0.310 0.320 0.284 0.256 0.347 0.175 0.172 0.104 0.112 0.176 0.105 0.142 0.125 0.131 0.072 0.249 0.443 0.256 0.379 0.486 0.403 0.167 0.144 0.198 0.137 0.251 0.225 0.121 0.072 0.138 0.400 0.231 0.339 0.357 0.640 0.590 0.605 0.336 0.594 0.429 0.187 0.195 0.282 0.174 0.384 0.296 0.371 0.368 0.255 0.309 0.351 0.322 0.224 0.207 0.197 0.175 0.159 0.231 0.306 0.211 0.335 0.445 0.370 0.307 0.555 0.392 0.239 0.359 0.181 0.249 0.211 0.223 0.161 0.102 0.364 0.240 0.275 0.183 0.167 0.203 0.241 0.182 0.278 0.256 0.262 0.205 0.355 0.427 0.406 0.244 0.405 0.468 0.351 0.352 0.211 0.385 0.430 0.297 0.249 0.242 0.298 0.142 0.269 0.148 0.225 0.130 0.189 0.161 0.199 0.174 0.168 0.218 0.093 0.150)  0.622 0.648 0.622 0.603 0.631 0.625 0.648 0.641 0.627 0.544 0.546 0.594 0.727 0.784 0.718 0.732 0.656 0.722 0.681 0.717 0.754 0.762 0.524 0.712 0.677 0.730 0.488 0.510 0.516 0.587 0.652 0.692 0.606 0.642 0.745 0.528 0.375 0.522 0.584 0.568 0.478 0.457 0.495 0.681 0.661 0.725 0.740 0.673 0.761 0.728 0.738 0.734 0.777 0.642 0.389 0.546 0.474 0.286 0.434 0.708 0.682 0.615 0.745 0.553 0.626 0.767 0.732 0.582 0.450 0.624 0.507 0.484 0.134 0.077 0.163 0.493 0.115 0.357 0.648 0.640 0.567 0.650 0.444 0.490 0.310 0.381 0.298 0.411 0.438 0.436 0.510 0.550 0.532 0.565 0.602 0.530 0.370 0.471 0.274 0.140 0.216 0.422 0.166 0.252 0.439 0.227 0.415 0.360 0.484 0.527 0.300 0.402 0.316 0.391 0.243 0.461 0.405 0.361 0.351 0.467 0.342 0.293 0.579 0.526 0.071 0.129 0.066 0.009 0.051 0.101 0.238 0.121 0.035 0.026 0.201 0.124 0.149 0.023 0.517 0.516 0.444 0.587 0.479 0.509 0.671 0.631 0.627 0.584 0.636 0.620 0.662 0.505)  
lick: (0.867 0.868 0.845 0.852 0.867 0.849 0.833 0.820 0.832 0.786 0.830 0.821 0.888 0.878 0.891 0.887 0.880 0.893 0.877 0.883 0.871 0.822 0.853 0.822 0.849 0.820 0.900 0.858 0.837 0.861 0.868 0.888 0.841 0.857 0.887 0.850 0.858 0.812 0.878 0.840 0.876 0.779 0.863 0.893 0.881 0.903 0.864 0.866 0.879 0.887 0.879 0.858 0.871 0.812 0.842 0.853 0.813 0.823 0.750 0.846 0.855 0.821 0.846 0.802 0.815 0.819 0.841 0.770 0.842 0.830 0.844 0.840 0.822 0.874 0.843 0.860 0.898 0.822 0.792 0.814 0.850 0.822 0.843 0.867 0.791 0.879 0.832 0.838 0.841 0.829 0.834 0.815 0.819 0.819 0.817 0.803 0.839 0.859 0.839 0.833 0.816 0.807 0.812 0.805 0.768 0.748 0.759 0.790 0.738 0.735 0.837 0.770 0.763 0.815 0.836 0.828 0.784 0.794 0.803 0.803 0.834 0.758 0.908 0.788 0.818 0.824 0.839 0.831 0.871 0.762 0.705 0.792 0.781 0.784 0.782 0.767 0.714 0.522 0.772 0.801 0.764 0.751 0.762 0.755 0.767 0.744 0.778 0.759 0.791 0.760 0.836 0.792)  0.133 0.132 0.155 0.148 0.133 0.151 0.167 0.180 0.168 0.214 0.170 0.179 0.112 0.122 0.109 0.113 0.120 0.107 0.123 0.117 0.129 0.178 0.147 0.178 0.151 0.180 0.100 0.142 0.163 0.139 0.132 0.112 0.159 0.143 0.113 0.150 0.142 0.188 0.122 0.160 0.124 0.221 0.137 0.107 0.119 0.097 0.136 0.134 0.121 0.113 0.121 0.142 0.129 0.188 0.158 0.147 0.187 0.177 0.250 0.154 0.145 0.179 0.154 0.198 0.185 0.181 0.159 0.230 0.158 0.170 0.156 0.160 0.178 0.126 0.157 0.140 0.102 0.178 0.208 0.186 0.150 0.178 0.157 0.133 0.209 0.121 0.168 0.162 0.159 0.171 0.166 0.185 0.181 0.181 0.183 0.197 0.161 0.141 0.161 0.167 0.184 0.193 0.188 0.195 0.232 0.252 0.241 0.210 0.262 0.265 0.163 0.230 0.237 0.185 0.164 0.172 0.216 0.206 0.197 0.197 0.166 0.242 0.092 0.212 0.182 0.176 0.161 0.169 0.129 0.238 0.295 0.208 0.219 0.216 0.218 0.233 0.286 0.478 0.228 0.199 0.236 0.249 0.238 0.245 0.233 0.256 0.222 0.241 0.209 0.240 0.164 0.208)  
reward_zone_location: (0.000 1.000 1.000 0.000 0.000 1.000 0.000 0.000 1.000 1.000 0.000 0.000 0.000 0.000 0.000 0.000 0.000 1.000 1.000 1.000 1.000 1.000 0.000 0.000 0.000 0.000 0.000 0.000 0.000 0.000 0.000 1.000 1.000 1.000 1.000 1.000 0.000 0.000 0.000 0.000 1.000 1.000 1.000 0.000 0.000 0.000 0.000 1.000 0.000 0.000 0.000 0.000 1.000 1.000 1.000 1.000 1.000 0.000 0.000 0.000 0.000 1.000 0.000 0.000 0.000 0.000 1.000 1.000 0.000 0.000 0.000 0.000 0.000 1.000 1.000 1.000 1.000 1.000 0.000 0.000 0.000 0.000 1.000 1.000 1.000 0.000 0.000 0.000 0.000 1.000 0.000 0.000 0.000 0.000 1.000 1.000 0.000 0.000 0.000 0.000 0.000 1.000 1.000 1.000 1.000 1.000 0.000 0.000 0.000 0.000 0.000 0.000 0.000 1.000 1.000 0.000 0.000 1.000 0.000 0.000 1.000 1.000 0.000 0.000 0.000 0.000 0.000 1.000 1.000 0.000 0.000 1.000 0.000 0.000 1.000 1.000 0.000 0.000 1.000 1.000 1.000 0.000 0.000 0.000 0.000 1.000 0.000 0.000 0.000 0.000 1.000 1.000)  1.000 0.000 0.000 0.000 0.000 0.000 0.000 0.000 0.000 0.000 1.000 1.000 1.000 1.000 1.000 0.000 0.000 0.000 0.000 0.000 0.000 0.000 0.000 0.000 1.000 1.000 0.000 0.000 0.000 1.000 1.000 0.000 0.000 0.000 0.000 0.000 1.000 1.000 0.000 0.000 0.000 0.000 0.000 1.000 1.000 0.000 0.000 0.000 0.000 0.000 1.000 1.000 0.000 0.000 0.000 0.000 0.000 0.000 0.000 1.000 1.000 0.000 1.000 1.000 0.000 0.000 0.000 0.000 1.000 1.000 1.000 0.000 0.000 0.000 0.000 0.000 0.000 0.000 0.000 0.000 1.000 1.000 0.000 0.000 0.000 1.000 1.000 0.000 0.000 0.000 0.000 0.000 1.000 1.000 0.000 0.000 0.000 0.000 0.000 1.000 1.000 0.000 0.000 0.000 0.000 0.000 1.000 1.000 0.000 0.000 0.000 0.000 0.000 0.000 0.000 1.000 1.000 0.000 1.000 1.000 0.000 0.000 0.000 0.000 1.000 1.000 1.000 0.000 0.000 0.000 0.000 0.000 0.000 0.000 0.000 0.000 1.000 1.000 0.000 0.000 0.000 0.000 0.000 1.000 1.000 0.000 1.000 1.000 0.000 0.000 0.000 0.000)  0.000 0.000 0.000 1.000 1.000 0.000 1.000 1.000 0.000 0.000 0.000 0.000 0.000 0.000 0.000 1.000 1.000 0.000 0.000 0.000 0.000 0.000 1.000 1.000 0.000 0.000 1.000 1.000 1.000 0.000 0.000 0.000 0.000 0.000 0.000 0.000 0.000 0.000 1.000 1.000 0.000 0.000 0.000 0.000 0.000 1.000 1.000 0.000 1.000 1.000 0.000 0.000 0.000 0.000 0.000 0.000 0.000 1.000 1.000 0.000 0.000 0.000 0.000 0.000 1.000 1.000 0.000 0.000 0.000 0.000 0.000 1.000 1.000 0.000 0.000 0.000 0.000 0.000 1.000 1.000 0.000 0.000 0.000 0.000 0.000 0.000 0.000 1.000 1.000 0.000 1.000 1.000 0.000 0.000 0.000 0.000 1.000 1.000 1.000 0.000 0.000 0.000 0.000 0.000 0.000 0.000 0.000 0.000 1.000 1.000 1.000 1.000 1.000 0.000 0.000 0.000 0.000 0.000 0.000 0.000 0.000 0.000 1.000 1.000 0.000 0.000 0.000 0.000 0.000 1.000 1.000 0.000 1.000 1.000 0.000 0.000 0.000 0.000 0.000 0.000 0.000 1.000 1.000 0.000 0.000 0.000 0.000 0.000 1.000 1.000 0.000 0.000)  
reward_outcome: (0.079 0.235 0.129 0.118 0.184 0.144 0.173 0.115 0.225 0.118 0.180 0.129 0.156 0.114 0.148 0.141 0.117 0.135 0.149 0.213 0.223 0.218 0.157 0.157 0.248 0.156 0.290 0.201 0.147 0.118 0.175 0.156 0.186 0.145 0.250 0.175 0.156 0.244 0.181 0.110 0.173 0.140 0.230 0.202 0.204 0.190 0.129 0.118 0.163 0.214 0.195 0.117 0.163 0.199 0.163 0.194 0.135 0.082 0.141 0.224 0.169 0.168 0.203 0.138 0.192 0.126 0.127 0.176 0.187 0.126 0.134 0.216 0.149 0.184 0.139 0.143 0.141 0.094 0.077 0.176 0.213 0.043 0.155 0.145 0.185 0.200 0.139 0.135 0.111 0.120 0.142 0.176 0.260 0.165 0.135 0.065 0.156 0.184 0.092 0.175 0.135 0.121 0.221 0.126 0.193 0.124 0.113 0.203 0.145 0.189 0.095 0.128 0.109 0.151 0.145 0.162 0.117 0.173 0.166 0.181 0.114 0.156 0.214 0.137 0.167 0.118 0.165 0.080 0.269 0.145 0.163 0.119 0.025 0.128 0.207 0.119 0.119 0.163 0.125 0.173 0.182 0.145 0.150 0.123 0.165 0.084 0.174 0.221 0.127 0.224 0.219 0.168)  0.921 0.765 0.871 0.882 0.816 0.856 0.827 0.885 0.775 0.882 0.820 0.871 0.844 0.886 0.852 0.859 0.883 0.865 0.851 0.787 0.777 0.782 0.843 0.843 0.752 0.844 0.710 0.799 0.853 0.882 0.825 0.844 0.814 0.855 0.750 0.825 0.844 0.756 0.819 0.890 0.827 0.860 0.770 0.798 0.796 0.810 0.871 0.882 0.837 0.786 0.805 0.883 0.837 0.801 0.837 0.806 0.865 0.918 0.859 0.776 0.831 0.832 0.797 0.862 0.808 0.874 0.873 0.824 0.813 0.874 0.866 0.784 0.851 0.816 0.861 0.857 0.859 0.906 0.923 0.824 0.787 0.957 0.845 0.855 0.815 0.800 0.861 0.865 0.889 0.880 0.858 0.824 0.740 0.835 0.865 0.935 0.844 0.816 0.908 0.825 0.865 0.879 0.779 0.874 0.807 0.876 0.887 0.797 0.855 0.811 0.905 0.872 0.891 0.849 0.855 0.838 0.883 0.827 0.834 0.819 0.886 0.844 0.786 0.863 0.833 0.882 0.835 0.920 0.731 0.855 0.837 0.881 0.975 0.872 0.793 0.881 0.881 0.837 0.875 0.827 0.818 0.855 0.850 0.877 0.835 0.916 0.826 0.779 0.873 0.776 0.781 0.832)  
Brain region: CA1: 312110 neurons  
Training on 9772 trials, testing on 2445 trials
Using device: cpu
Using balanced loss with class weights:
  Output 0: [1.2866066e-04 5.9575529e-04 1.4502752e-03 9.9577332e-01 1.3257170e-03
 5.9982244e-04 1.2645652e-04]
  Output 1: [4.9999923e-01 4.9999923e-01 4.8760813e-07 4.9633132e-07 5.9426230e-07]
  Output 2: [0.22677128 0.37517127 0.24301605 0.09530776 0.05973364]
  Output 3: [0.1819632 0.8180368]
  Output 4: [0.27560487 0.36183816 0.36255693]
  Output 5: [0.84500515 0.15499482]
Session 12: Using random projection to 2000 of 3779 neurons for SVD initialization
Session 14: Using random projection to 2000 of 2070 neurons for SVD initialization
Session 16: Using random projection to 2000 of 2325 neurons for SVD initialization
Session 18: Using random projection to 2000 of 2577 neurons for SVD initialization
Session 19: Using random projection to 2000 of 2543 neurons for SVD initialization
Session 20: Using random projection to 2000 of 2023 neurons for SVD initialization
Session 21: Using random projection to 2000 of 2324 neurons for SVD initialization
Session 22: Using random projection to 2000 of 2443 neurons for SVD initialization
Session 23: Using random projection to 2000 of 2113 neurons for SVD initialization
Session 24: Using random projection to 2000 of 2192 neurons for SVD initialization
Session 25: Using random projection to 2000 of 2568 neurons for SVD initialization
Session 26: Using random projection to 2000 of 2036 neurons for SVD initialization
Session 40: Using random projection to 2000 of 2327 neurons for SVD initialization
Session 47: Using random projection to 2000 of 2110 neurons for SVD initialization
Session 58: Using random projection to 2000 of 2071 neurons for SVD initialization
Session 63: Using random projection to 2000 of 2026 neurons for SVD initialization
Session 65: Using random projection to 2000 of 2020 neurons for SVD initialization
Session 67: Using random projection to 2000 of 2036 neurons for SVD initialization
Session 68: Using random projection to 2000 of 2162 neurons for SVD initialization
Session 69: Using random projection to 2000 of 5085 neurons for SVD initialization
Session 70: Using random projection to 2000 of 2619 neurons for SVD initialization
Session 71: Using random projection to 2000 of 2256 neurons for SVD initialization
Session 72: Using random projection to 2000 of 2636 neurons for SVD initialization
Session 73: Using random projection to 2000 of 2105 neurons for SVD initialization
Session 74: Using random projection to 2000 of 2572 neurons for SVD initialization
Session 75: Using random projection to 2000 of 2559 neurons for SVD initialization
Session 76: Using random projection to 2000 of 2468 neurons for SVD initialization
Session 77: Using random projection to 2000 of 2628 neurons for SVD initialization
Session 78: Using random projection to 2000 of 2537 neurons for SVD initialization
Session 79: Using random projection to 2000 of 2659 neurons for SVD initialization
Session 80: Using random projection to 2000 of 2428 neurons for SVD initialization
Session 81: Using random projection to 2000 of 2489 neurons for SVD initialization
Session 82: Using random projection to 2000 of 4857 neurons for SVD initialization
Session 83: Using random projection to 2000 of 3713 neurons for SVD initialization
Session 84: Using random projection to 2000 of 4928 neurons for SVD initialization
Session 85: Using random projection to 2000 of 3630 neurons for SVD initialization
Session 86: Using random projection to 2000 of 4174 neurons for SVD initialization
Session 87: Using random projection to 2000 of 3178 neurons for SVD initialization
Session 88: Using random projection to 2000 of 4167 neurons for SVD initialization
Session 89: Using random projection to 2000 of 4926 neurons for SVD initialization
Session 90: Using random projection to 2000 of 3697 neurons for SVD initialization
Session 91: Using random projection to 2000 of 4440 neurons for SVD initialization
Session 92: Using random projection to 2000 of 3007 neurons for SVD initialization
Session 93: Using random projection to 2000 of 4249 neurons for SVD initialization
Session 94: Using random projection to 2000 of 3121 neurons for SVD initialization
Session 95: Using random projection to 2000 of 4460 neurons for SVD initialization
Session 110: Using random projection to 2000 of 2929 neurons for SVD initialization
Session 111: Using random projection to 2000 of 2616 neurons for SVD initialization
Session 112: Using random projection to 2000 of 2999 neurons for SVD initialization
Session 113: Using random projection to 2000 of 2535 neurons for SVD initialization
Session 114: Using random projection to 2000 of 2871 neurons for SVD initialization
Session 115: Using random projection to 2000 of 2399 neurons for SVD initialization
Session 116: Using random projection to 2000 of 2430 neurons for SVD initialization
Session 117: Using random projection to 2000 of 2345 neurons for SVD initialization
Session 118: Using random projection to 2000 of 2299 neurons for SVD initialization
Session 119: Using random projection to 2000 of 2296 neurons for SVD initialization
Session 120: Using random projection to 2000 of 2590 neurons for SVD initialization
Session 121: Using random projection to 2000 of 2724 neurons for SVD initialization
Session 122: Using random projection to 2000 of 2758 neurons for SVD initialization
Session 123: Using random projection to 2000 of 2668 neurons for SVD initialization
Session 126: Using random projection to 2000 of 2029 neurons for SVD initialization
Session 127: Using random projection to 2000 of 2113 neurons for SVD initialization
Session 128: Using random projection to 2000 of 2026 neurons for SVD initialization
Session 129: Using random projection to 2000 of 2210 neurons for SVD initialization
Session 130: Using random projection to 2000 of 2034 neurons for SVD initialization
Session 131: Using random projection to 2000 of 2427 neurons for SVD initialization
Session 132: Using random projection to 2000 of 2201 neurons for SVD initialization
Session 133: Using random projection to 2000 of 2211 neurons for SVD initialization
Session 134: Using random projection to 2000 of 2540 neurons for SVD initialization
Session 135: Using random projection to 2000 of 2427 neurons for SVD initialization
Session 136: Using random projection to 2000 of 2070 neurons for SVD initialization
Session 137: Using random projection to 2000 of 2329 neurons for SVD initialization
Session 138: Using random projection to 2000 of 2724 neurons for SVD initialization
Session 139: Using random projection to 2000 of 2786 neurons for SVD initialization
Session 140: Using random projection to 2000 of 2782 neurons for SVD initialization
Session 141: Using random projection to 2000 of 2085 neurons for SVD initialization
Session 142: Using random projection to 2000 of 2102 neurons for SVD initialization
Session 143: Using random projection to 2000 of 2268 neurons for SVD initialization
Session 144: Using random projection to 2000 of 2008 neurons for SVD initialization
Session 145: Using random projection to 2000 of 2087 neurons for SVD initialization
Session 146: Using random projection to 2000 of 2076 neurons for SVD initialization
Session 147: Using random projection to 2000 of 2103 neurons for SVD initialization
Session 148: Using random projection to 2000 of 2153 neurons for SVD initialization
Session 149: Using random projection to 2000 of 2222 neurons for SVD initialization
Session 150: Using random projection to 2000 of 2308 neurons for SVD initialization
Session 151: Using random projection to 2000 of 2447 neurons for SVD initialization
Epoch [1/200], Loss: 5429.008418
Epoch [2/200], Loss: 5255.835937
Epoch [3/200], Loss: 5094.809694
Epoch [4/200], Loss: 4941.442604
Epoch [5/200], Loss: 4792.872111
Epoch [6/200], Loss: 4647.951493
Epoch [7/200], Loss: 4506.279131
Epoch [8/200], Loss: 4367.436847
Epoch [9/200], Loss: 4230.975870
Epoch [10/200], Loss: 4097.138622
Epoch [20/200], Loss: 2911.091374
Epoch [30/200], Loss: 2066.573838
Epoch [40/200], Loss: 1490.325685
Epoch [50/200], Loss: 1034.886750
Epoch [60/200], Loss: 670.323720
Epoch [70/200], Loss: 396.570227
Epoch [80/200], Loss: 217.709517
Epoch [90/200], Loss: 145.692151
Epoch [100/200], Loss: 98.005589
Epoch [110/200], Loss: 75.790346
Epoch [120/200], Loss: 57.241137
Epoch [130/200], Loss: 40.425688
Epoch [140/200], Loss: 34.604355
Epoch [150/200], Loss: 29.823971
Epoch [160/200], Loss: 24.869803
Epoch [170/200], Loss: 21.259321
Epoch [180/200], Loss: 23.054086
Epoch [190/200], Loss: 25.863996
Epoch [200/200], Loss: 20.093897
Test Loss: 17.776613
/usr/local/lib/python3.13/dist-packages/sklearn/metrics/_classification.py:2939: UserWarning: y_pred contains classes not in y_true
  warnings.warn("y_pred contains classes not in y_true")

Training Balanced Accuracy Scores (chance = 1/num_classes):
  0 (distance_to_reward_zone_bin): 0.3045  (chance: 0.1429)
  1 (absolute_position_bin): 0.4072  (chance: 0.2000)
  2 (speed_bin): 0.2489  (chance: 0.2000)
  3 (lick): 0.5155  (chance: 0.5000)
  4 (reward_zone_location): 0.8952  (chance: 0.3333)
  5 (reward_outcome): 0.5115  (chance: 0.5000)
/usr/local/lib/python3.13/dist-packages/sklearn/metrics/_classification.py:2939: UserWarning: y_pred contains classes not in y_true
  warnings.warn("y_pred contains classes not in y_true")

Validation Balanced Accuracy Scores (chance = 1/num_classes):
  0 (distance_to_reward_zone_bin): 0.2189  (chance: 0.1429)
  1 (absolute_position_bin): 0.4114  (chance: 0.2000)
  2 (speed_bin): 0.2399  (chance: 0.2000)
  3 (lick): 0.5093  (chance: 0.5000)
  4 (reward_zone_location): 0.8975  (chance: 0.3333)
  5 (reward_outcome): 0.4902  (chance: 0.5000)
