Data format warnings:
  - Session 18, trial 400: all neural data is zero
  - Session 18, trial 401: all neural data is zero
  - Session 18, trial 402: all neural data is zero
  - Session 18, trial 403: all neural data is zero
  - Session 82, trial 15: all neural data is zero
  - Session 82, trial 16: all neural data is zero
  - Session 82, trial 25: all neural data is zero
  - Session 82, trial 31: all neural data is zero
  - Session 82, trial 37: all neural data is zero
  - Session 82, trial 47: all neural data is zero
  - Session 82, trial 48: all neural data is zero
  - Session 82, trial 50: all neural data is zero
  - Session 82, trial 53: all neural data is zero
  - Session 82, trial 56: all neural data is zero
  - Session 82, trial 58: all neural data is zero
  - Session 82, trial 68: all neural data is zero
  - Session 82, trial 70: all neural data is zero
  - Session 82, trial 74: all neural data is zero
  - Session 82, trial 75: all neural data is zero
  - Session 82, trial 77: all neural data is zero
  - Session 82, trial 79: all neural data is zero
  - Session 82, trial 92: all neural data is zero
  - Session 82, trial 93: all neural data is zero
  - Session 82, trial 105: all neural data is zero
  - Session 82, trial 114: all neural data is zero
  - Session 82, trial 120: all neural data is zero
  - Session 82, trial 121: all neural data is zero
  - Session 82, trial 127: all neural data is zero
  - Session 82, trial 132: all neural data is zero
  - Session 82, trial 135: all neural data is zero
  - Session 82, trial 141: all neural data is zero
  - Session 82, trial 142: all neural data is zero
  - Session 82, trial 143: all neural data is zero
  - Session 82, trial 149: all neural data is zero
  - Session 82, trial 152: all neural data is zero
  - Session 82, trial 157: all neural data is zero
  - Session 82, trial 161: all neural data is zero
  - Session 82, trial 163: all neural data is zero
  - Session 82, trial 165: all neural data is zero
  - Session 82, trial 166: all neural data is zero
  - Session 82, trial 170: all neural data is zero
  - Session 82, trial 175: all neural data is zero
  - Session 82, trial 180: all neural data is zero
  - Session 82, trial 184: all neural data is zero
  - Session 82, trial 185: all neural data is zero
  - Session 82, trial 204: all neural data is zero
  - Session 82, trial 205: all neural data is zero
  - Session 177, trial 298: all neural data is zero
  - Session 211, trial 462: all neural data is zero
  - Session 211, trial 463: all neural data is zero
  - Session 211, trial 464: all neural data is zero
  - Session 211, trial 465: all neural data is zero
  - Session 211, trial 466: all neural data is zero
  - Session 211, trial 467: all neural data is zero
  - Session 324, trial 811: all neural data is zero
  - Session 324, trial 812: all neural data is zero
  - Session 324, trial 813: all neural data is zero
  - Session 324, trial 963: all neural data is zero
  - Session 324, trial 964: all neural data is zero
  - Session 324, trial 965: all neural data is zero
  - Session 324, trial 966: all neural data is zero
  - Session 324, trial 967: all neural data is zero
  - Session 324, trial 968: all neural data is zero
  - Session 324, trial 969: all neural data is zero
  - Session 324, trial 970: all neural data is zero
  - Session 324, trial 971: all neural data is zero
  - Session 324, trial 972: all neural data is zero
  - Session 324, trial 973: all neural data is zero
  - Session 324, trial 974: all neural data is zero
  - Session 324, trial 975: all neural data is zero
  - Session 324, trial 976: all neural data is zero
  - Session 324, trial 977: all neural data is zero
  - Session 324, trial 978: all neural data is zero
  - Session 324, trial 979: all neural data is zero
  - Session 324, trial 980: all neural data is zero
  - Session 324, trial 981: all neural data is zero
  - Session 324, trial 982: all neural data is zero
  - Session 324, trial 983: all neural data is zero
  - Session 324, trial 984: all neural data is zero
  - Session 324, trial 985: all neural data is zero
  - Session 324, trial 986: all neural data is zero
  - Session 324, trial 987: all neural data is zero
  - Session 378, trial 371: all neural data is zero
  - Session 432, trial 4: all neural data is zero
  - Session 435, trial 111: all neural data is zero
Number of sessions: 459
Total number of trials: 294851
Number of trials per session: [537, 789, 392, 740, 408, 815, 395, 822, 392, 571, 719, 670, 741, 779, 762, 692, 620, 524, 404, 488, 772, 712, 620, 539, 740, 929, 702, 759, 874, 593, 632, 516, 628, 512, 469, 627, 601, 610, 583, 788, 696, 834, 906, 1100, 558, 678, 526, 664, 632, 456, 522, 629, 577, 489, 420, 629, 590, 678, 711, 499, 754, 926, 438, 504, 419, 560, 656, 406, 551, 586, 535, 550, 659, 531, 497, 473, 525, 489, 487, 407, 885, 1191, 1037, 1005, 458, 405, 502, 399, 411, 414, 426, 474, 599, 890, 584, 588, 515, 701, 477, 663, 490, 438, 507, 1138, 683, 458, 773, 817, 525, 839, 505, 900, 477, 581, 504, 844, 558, 697, 609, 911, 571, 509, 469, 748, 785, 417, 630, 653, 817, 1002, 634, 724, 544, 610, 456, 567, 437, 497, 395, 467, 387, 426, 748, 413, 830, 875, 649, 596, 419, 812, 394, 545, 568, 772, 436, 397, 759, 474, 505, 711, 708, 551, 614, 579, 533, 501, 395, 424, 477, 439, 424, 727, 565, 593, 592, 1118, 986, 429, 562, 663, 616, 452, 408, 726, 508, 522, 691, 404, 605, 409, 522, 478, 541, 438, 433, 552, 815, 462, 516, 545, 434, 797, 433, 817, 805, 784, 743, 541, 1106, 908, 645, 468, 875, 426, 443, 401, 414, 401, 600, 439, 625, 1016, 564, 906, 548, 622, 548, 401, 487, 949, 471, 563, 741, 694, 783, 579, 401, 514, 655, 748, 1007, 637, 840, 848, 481, 601, 438, 778, 487, 691, 685, 456, 410, 459, 634, 454, 836, 589, 1065, 583, 658, 930, 1001, 518, 714, 650, 669, 784, 508, 476, 518, 645, 526, 623, 651, 802, 630, 635, 625, 567, 571, 604, 705, 534, 757, 744, 401, 401, 526, 740, 546, 1213, 507, 648, 1524, 549, 1090, 986, 507, 1139, 518, 1278, 587, 1193, 410, 438, 1022, 401, 892, 970, 1014, 1053, 860, 831, 498, 672, 462, 890, 972, 882, 1103, 667, 582, 554, 1006, 719, 1051, 882, 945, 866, 610, 804, 895, 766, 780, 548, 688, 401, 636, 444, 675, 484, 650, 713, 636, 551, 453, 625, 925, 584, 605, 561, 396, 385, 644, 621, 743, 1073, 968, 827, 670, 651, 570, 1253, 1438, 924, 412, 587, 594, 629, 431, 662, 965, 424, 540, 629, 387, 514, 449, 396, 479, 750, 455, 629, 424, 400, 393, 470, 501, 401, 398, 1019, 400, 807, 1006, 513, 585, 423, 812, 907, 1010, 556, 762, 749, 893, 855, 396, 612, 502, 469, 540, 505, 787, 442, 993, 675, 509, 646, 907, 476, 501, 872, 629, 415, 1075, 580, 538, 646, 539, 420, 872, 426, 436, 483, 698, 555, 849, 554, 837, 640, 842, 596, 801, 641, 826, 744, 800, 553, 708, 653, 548, 651, 445, 686, 850, 531, 401, 538, 1024]
Number of subjects: 139
Number of brain regions: 1
Number of sessions per subject:
  Subject MFD_09: 1 sessions
  Subject MFD_08: 2 sessions
  Subject NR_0029: 5 sessions
  Subject MFD_07: 3 sessions
  Subject MFD_06: 4 sessions
  Subject MFD_05: 3 sessions
  Subject NR_0031: 2 sessions
  Subject PL050: 9 sessions
  Subject PL035: 4 sessions
  Subject PL037: 6 sessions
  Subject NR_0028: 5 sessions
  Subject NR_0024: 4 sessions
  Subject PL031: 5 sessions
  Subject PL033: 13 sessions
  Subject PL034: 3 sessions
  Subject PL030: 8 sessions
  Subject NYU-65: 3 sessions
  Subject NR_0027: 4 sessions
  Subject UCLA048: 1 sessions
  Subject UCLA049: 2 sessions
  Subject ZFM-04308: 2 sessions
  Subject PL015: 5 sessions
  Subject UCLA052: 1 sessions
  Subject NR_0021: 3 sessions
  Subject KS091: 2 sessions
  Subject KS096: 5 sessions
  Subject KS094: 4 sessions
  Subject NR_0020: 4 sessions
  Subject SWC_065: 1 sessions
  Subject UCLA030: 1 sessions
  Subject NR_0019: 3 sessions
  Subject SWC_066: 2 sessions
  Subject UCLA044: 2 sessions
  Subject UCLA015: 1 sessions
  Subject NR_0017: 1 sessions
  Subject KS086: 2 sessions
  Subject UCLA036: 1 sessions
  Subject UCLA035: 2 sessions
  Subject UCLA033: 3 sessions
  Subject UCLA037: 4 sessions
  Subject KS084: 1 sessions
  Subject UCLA034: 4 sessions
  Subject PL016: 1 sessions
  Subject UCLA006: 1 sessions
  Subject PL024: 1 sessions
  Subject PL017: 7 sessions
  Subject UCLA017: 1 sessions
  Subject UCLA014: 1 sessions
  Subject UCLA005: 1 sessions
  Subject NYU-45: 3 sessions
  Subject ibl_witten_32: 1 sessions
  Subject UCLA011: 1 sessions
  Subject UCLA012: 1 sessions
  Subject NYU-48: 3 sessions
  Subject NYU-47: 3 sessions
  Subject NYU-46: 4 sessions
  Subject ZFM-02373: 1 sessions
  Subject ibl_witten_29: 9 sessions
  Subject ZFM-02372: 2 sessions
  Subject ZFM-02368: 1 sessions
  Subject ZFM-02369: 1 sessions
  Subject NYU-39: 5 sessions
  Subject KS052: 1 sessions
  Subject KS051: 3 sessions
  Subject KS055: 2 sessions
  Subject ZFM-02370: 2 sessions
  Subject NYU-40: 4 sessions
  Subject ZFM-01937: 2 sessions
  Subject ZFM-01935: 4 sessions
  Subject NYU-37: 5 sessions
  Subject ibl_witten_26: 5 sessions
  Subject ZFM-01936: 5 sessions
  Subject ibl_witten_27: 6 sessions
  Subject SWC_058: 4 sessions
  Subject KS044: 2 sessions
  Subject ibl_witten_25: 1 sessions
  Subject KS043: 2 sessions
  Subject KS045: 1 sessions
  Subject KS046: 4 sessions
  Subject ZFM-01576: 2 sessions
  Subject SWC_061: 3 sessions
  Subject SWC_060: 3 sessions
  Subject KS042: 2 sessions
  Subject SWC_053: 3 sessions
  Subject ZFM-01577: 3 sessions
  Subject ZFM-01592: 3 sessions
  Subject SWC_052: 7 sessions
  Subject NYU-30: 3 sessions
  Subject DY_018: 3 sessions
  Subject SWC_054: 6 sessions
  Subject DY_020: 8 sessions
  Subject SWC_043: 7 sessions
  Subject CSH_ZAD_029: 7 sessions
  Subject DY_016: 5 sessions
  Subject SWC_039: 1 sessions
  Subject CSH_ZAD_026: 6 sessions
  Subject ibl_witten_20: 3 sessions
  Subject ibl_witten_18: 3 sessions
  Subject NYU-21: 2 sessions
  Subject CSH_ZAD_019: 4 sessions
  Subject CSH_ZAD_025: 7 sessions
  Subject SWC_038: 3 sessions
  Subject ibl_witten_17: 3 sessions
  Subject ZM_3003: 2 sessions
  Subject ibl_witten_19: 3 sessions
  Subject DY_014: 7 sessions
  Subject SWC_042: 2 sessions
  Subject CSHL058: 3 sessions
  Subject CSH_ZAD_024: 1 sessions
  Subject CSH_ZAD_022: 8 sessions
  Subject CSH_ZAD_011: 3 sessions
  Subject CSHL060: 5 sessions
  Subject DY_013: 3 sessions
  Subject DY_009: 9 sessions
  Subject CSHL059: 5 sessions
  Subject DY_008: 2 sessions
  Subject CSHL045: 5 sessions
  Subject NYU-11: 2 sessions
  Subject CSHL052: 5 sessions
  Subject CSHL055: 1 sessions
  Subject CSHL054: 1 sessions
  Subject DY_011: 4 sessions
  Subject CSHL051: 1 sessions
  Subject CSHL053: 4 sessions
  Subject ZM_2241: 5 sessions
  Subject DY_010: 5 sessions
  Subject ZM_2240: 4 sessions
  Subject NYU-12: 4 sessions
  Subject CSHL047: 2 sessions
  Subject ZM_2245: 1 sessions
  Subject CSH_ZAD_001: 1 sessions
  Subject CSHL049: 4 sessions
  Subject ZM_1898: 2 sessions
  Subject KS023: 4 sessions
  Subject KS022: 1 sessions
  Subject KS016: 3 sessions
  Subject KS014: 3 sessions
  Subject ZM_1897: 2 sessions
  Subject ibl_witten_13: 3 sessions
Input dimension: 2
Output dimension: 4
Summary statistics (across all sessions):
  T: mean: 60.00, median: 60.00, min: 60, max: 60
  n_neurons: mean: 164.94', min: 2, max: 536
  Input range:
    time_since_stimulus_onset: [-0.2, 1.0]
    trial_number_in_block: [1.0, 99.0]
  Output range:
    choice: [0.0, 1.0]
    prior_probability_left: [0.0, 2.0]
    wheel_speed_bin: [0.0, 2.0]
    whisker_motion_energy_bin: [0.0, 2.0]
  Unique outputs per dimension (fraction of data):
    choice: {left (0.505), right (0.495)}
    prior_probability_left: {0.2 (0.417), 0.5 (0.140), 0.8 (0.443)}
    wheel_speed_bin: {low (0.260), mid (0.423), high (0.316)}
    whisker_motion_energy_bin: {low (0.321), mid (0.323), high (0.355)}
  Brain region distribution:
    unknown: 75708 neurons

Per-session statistics:
  Mean T: 60.0, 60.0, 60.0, 60.0, 60.0, 60.0, 60.0, 60.0, 60.0, 60.0, 60.0, 60.0, 60.0, 60.0, 60.0, 60.0, 60.0, 60.0, 60.0, 60.0, 60.0, 60.0, 60.0, 60.0, 60.0, 60.0, 60.0, 60.0, 60.0, 60.0, 60.0, 60.0, 60.0, 60.0, 60.0, 60.0, 60.0, 60.0, 60.0, 60.0, 60.0, 60.0, 60.0, 60.0, 60.0, 60.0, 60.0, 60.0, 60.0, 60.0, 60.0, 60.0, 60.0, 60.0, 60.0, 60.0, 60.0, 60.0, 60.0, 60.0, 60.0, 60.0, 60.0, 60.0, 60.0, 60.0, 60.0, 60.0, 60.0, 60.0, 60.0, 60.0, 60.0, 60.0, 60.0, 60.0, 60.0, 60.0, 60.0, 60.0, 60.0, 60.0, 60.0, 60.0, 60.0, 60.0, 60.0, 60.0, 60.0, 60.0, 60.0, 60.0, 60.0, 60.0, 60.0, 60.0, 60.0, 60.0, 60.0, 60.0, 60.0, 60.0, 60.0, 60.0, 60.0, 60.0, 60.0, 60.0, 60.0, 60.0, 60.0, 60.0, 60.0, 60.0, 60.0, 60.0, 60.0, 60.0, 60.0, 60.0, 60.0, 60.0, 60.0, 60.0, 60.0, 60.0, 60.0, 60.0, 60.0, 60.0, 60.0, 60.0, 60.0, 60.0, 60.0, 60.0, 60.0, 60.0, 60.0, 60.0, 60.0, 60.0, 60.0, 60.0, 60.0, 60.0, 60.0, 60.0, 60.0, 60.0, 60.0, 60.0, 60.0, 60.0, 60.0, 60.0, 60.0, 60.0, 60.0, 60.0, 60.0, 60.0, 60.0, 60.0, 60.0, 60.0, 60.0, 60.0, 60.0, 60.0, 60.0, 60.0, 60.0, 60.0, 60.0, 60.0, 60.0, 60.0, 60.0, 60.0, 60.0, 60.0, 60.0, 60.0, 60.0, 60.0, 60.0, 60.0, 60.0, 60.0, 60.0, 60.0, 60.0, 60.0, 60.0, 60.0, 60.0, 60.0, 60.0, 60.0, 60.0, 60.0, 60.0, 60.0, 60.0, 60.0, 60.0, 60.0, 60.0, 60.0, 60.0, 60.0, 60.0, 60.0, 60.0, 60.0, 60.0, 60.0, 60.0, 60.0, 60.0, 60.0, 60.0, 60.0, 60.0, 60.0, 60.0, 60.0, 60.0, 60.0, 60.0, 60.0, 60.0, 60.0, 60.0, 60.0, 60.0, 60.0, 60.0, 60.0, 60.0, 60.0, 60.0, 60.0, 60.0, 60.0, 60.0, 60.0, 60.0, 60.0, 60.0, 60.0, 60.0, 60.0, 60.0, 60.0, 60.0, 60.0, 60.0, 60.0, 60.0, 60.0, 60.0, 60.0, 60.0, 60.0, 60.0, 60.0, 60.0, 60.0, 60.0, 60.0, 60.0, 60.0, 60.0, 60.0, 60.0, 60.0, 60.0, 60.0, 60.0, 60.0, 60.0, 60.0, 60.0, 60.0, 60.0, 60.0, 60.0, 60.0, 60.0, 60.0, 60.0, 60.0, 60.0, 60.0, 60.0, 60.0, 60.0, 60.0, 60.0, 60.0, 60.0, 60.0, 60.0, 60.0, 60.0, 60.0, 60.0, 60.0, 60.0, 60.0, 60.0, 60.0, 60.0, 60.0, 60.0, 60.0, 60.0, 60.0, 60.0, 60.0, 60.0, 60.0, 60.0, 60.0, 60.0, 60.0, 60.0, 60.0, 60.0, 60.0, 60.0, 60.0, 60.0, 60.0, 60.0, 60.0, 60.0, 60.0, 60.0, 60.0, 60.0, 60.0, 60.0, 60.0, 60.0, 60.0, 60.0, 60.0, 60.0, 60.0, 60.0, 60.0, 60.0, 60.0, 60.0, 60.0, 60.0, 60.0, 60.0, 60.0, 60.0, 60.0, 60.0, 60.0, 60.0, 60.0, 60.0, 60.0, 60.0, 60.0, 60.0, 60.0, 60.0, 60.0, 60.0, 60.0, 60.0, 60.0, 60.0, 60.0, 60.0, 60.0, 60.0, 60.0, 60.0, 60.0, 60.0, 60.0, 60.0, 60.0, 60.0, 60.0, 60.0, 60.0, 60.0, 60.0, 60.0, 60.0, 60.0, 60.0, 60.0, 60.0, 60.0, 60.0, 60.0, 60.0, 60.0, 60.0, 60.0, 60.0, 60.0, 60.0, 60.0, 60.0, 60.0, 60.0, 60.0, 60.0, 60.0, 60.0, 60.0, 60.0, 60.0, 60.0, 60.0, 60.0, 60.0, 60.0, 60.0, 60.0, 60.0, 60.0, 60.0, 60.0, 60.0, 60.0, 60.0, 60.0, 60.0, 60.0, 60.0, 60.0, 60.0, 60.0, 60.0, 60.0, 60.0, 60.0, 60.0, 60.0, 60.0, 60.0, 60.0, 60.0, 60.0, 60.0, 60.0
  Min T: 60, 60, 60, 60, 60, 60, 60, 60, 60, 60, 60, 60, 60, 60, 60, 60, 60, 60, 60, 60, 60, 60, 60, 60, 60, 60, 60, 60, 60, 60, 60, 60, 60, 60, 60, 60, 60, 60, 60, 60, 60, 60, 60, 60, 60, 60, 60, 60, 60, 60, 60, 60, 60, 60, 60, 60, 60, 60, 60, 60, 60, 60, 60, 60, 60, 60, 60, 60, 60, 60, 60, 60, 60, 60, 60, 60, 60, 60, 60, 60, 60, 60, 60, 60, 60, 60, 60, 60, 60, 60, 60, 60, 60, 60, 60, 60, 60, 60, 60, 60, 60, 60, 60, 60, 60, 60, 60, 60, 60, 60, 60, 60, 60, 60, 60, 60, 60, 60, 60, 60, 60, 60, 60, 60, 60, 60, 60, 60, 60, 60, 60, 60, 60, 60, 60, 60, 60, 60, 60, 60, 60, 60, 60, 60, 60, 60, 60, 60, 60, 60, 60, 60, 60, 60, 60, 60, 60, 60, 60, 60, 60, 60, 60, 60, 60, 60, 60, 60, 60, 60, 60, 60, 60, 60, 60, 60, 60, 60, 60, 60, 60, 60, 60, 60, 60, 60, 60, 60, 60, 60, 60, 60, 60, 60, 60, 60, 60, 60, 60, 60, 60, 60, 60, 60, 60, 60, 60, 60, 60, 60, 60, 60, 60, 60, 60, 60, 60, 60, 60, 60, 60, 60, 60, 60, 60, 60, 60, 60, 60, 60, 60, 60, 60, 60, 60, 60, 60, 60, 60, 60, 60, 60, 60, 60, 60, 60, 60, 60, 60, 60, 60, 60, 60, 60, 60, 60, 60, 60, 60, 60, 60, 60, 60, 60, 60, 60, 60, 60, 60, 60, 60, 60, 60, 60, 60, 60, 60, 60, 60, 60, 60, 60, 60, 60, 60, 60, 60, 60, 60, 60, 60, 60, 60, 60, 60, 60, 60, 60, 60, 60, 60, 60, 60, 60, 60, 60, 60, 60, 60, 60, 60, 60, 60, 60, 60, 60, 60, 60, 60, 60, 60, 60, 60, 60, 60, 60, 60, 60, 60, 60, 60, 60, 60, 60, 60, 60, 60, 60, 60, 60, 60, 60, 60, 60, 60, 60, 60, 60, 60, 60, 60, 60, 60, 60, 60, 60, 60, 60, 60, 60, 60, 60, 60, 60, 60, 60, 60, 60, 60, 60, 60, 60, 60, 60, 60, 60, 60, 60, 60, 60, 60, 60, 60, 60, 60, 60, 60, 60, 60, 60, 60, 60, 60, 60, 60, 60, 60, 60, 60, 60, 60, 60, 60, 60, 60, 60, 60, 60, 60, 60, 60, 60, 60, 60, 60, 60, 60, 60, 60, 60, 60, 60, 60, 60, 60, 60, 60, 60, 60, 60, 60, 60, 60, 60, 60, 60, 60, 60, 60, 60, 60, 60, 60, 60, 60, 60, 60, 60, 60, 60, 60, 60, 60, 60, 60, 60, 60, 60, 60
  Max T: 60, 60, 60, 60, 60, 60, 60, 60, 60, 60, 60, 60, 60, 60, 60, 60, 60, 60, 60, 60, 60, 60, 60, 60, 60, 60, 60, 60, 60, 60, 60, 60, 60, 60, 60, 60, 60, 60, 60, 60, 60, 60, 60, 60, 60, 60, 60, 60, 60, 60, 60, 60, 60, 60, 60, 60, 60, 60, 60, 60, 60, 60, 60, 60, 60, 60, 60, 60, 60, 60, 60, 60, 60, 60, 60, 60, 60, 60, 60, 60, 60, 60, 60, 60, 60, 60, 60, 60, 60, 60, 60, 60, 60, 60, 60, 60, 60, 60, 60, 60, 60, 60, 60, 60, 60, 60, 60, 60, 60, 60, 60, 60, 60, 60, 60, 60, 60, 60, 60, 60, 60, 60, 60, 60, 60, 60, 60, 60, 60, 60, 60, 60, 60, 60, 60, 60, 60, 60, 60, 60, 60, 60, 60, 60, 60, 60, 60, 60, 60, 60, 60, 60, 60, 60, 60, 60, 60, 60, 60, 60, 60, 60, 60, 60, 60, 60, 60, 60, 60, 60, 60, 60, 60, 60, 60, 60, 60, 60, 60, 60, 60, 60, 60, 60, 60, 60, 60, 60, 60, 60, 60, 60, 60, 60, 60, 60, 60, 60, 60, 60, 60, 60, 60, 60, 60, 60, 60, 60, 60, 60, 60, 60, 60, 60, 60, 60, 60, 60, 60, 60, 60, 60, 60, 60, 60, 60, 60, 60, 60, 60, 60, 60, 60, 60, 60, 60, 60, 60, 60, 60, 60, 60, 60, 60, 60, 60, 60, 60, 60, 60, 60, 60, 60, 60, 60, 60, 60, 60, 60, 60, 60, 60, 60, 60, 60, 60, 60, 60, 60, 60, 60, 60, 60, 60, 60, 60, 60, 60, 60, 60, 60, 60, 60, 60, 60, 60, 60, 60, 60, 60, 60, 60, 60, 60, 60, 60, 60, 60, 60, 60, 60, 60, 60, 60, 60, 60, 60, 60, 60, 60, 60, 60, 60, 60, 60, 60, 60, 60, 60, 60, 60, 60, 60, 60, 60, 60, 60, 60, 60, 60, 60, 60, 60, 60, 60, 60, 60, 60, 60, 60, 60, 60, 60, 60, 60, 60, 60, 60, 60, 60, 60, 60, 60, 60, 60, 60, 60, 60, 60, 60, 60, 60, 60, 60, 60, 60, 60, 60, 60, 60, 60, 60, 60, 60, 60, 60, 60, 60, 60, 60, 60, 60, 60, 60, 60, 60, 60, 60, 60, 60, 60, 60, 60, 60, 60, 60, 60, 60, 60, 60, 60, 60, 60, 60, 60, 60, 60, 60, 60, 60, 60, 60, 60, 60, 60, 60, 60, 60, 60, 60, 60, 60, 60, 60, 60, 60, 60, 60, 60, 60, 60, 60, 60, 60, 60, 60, 60, 60, 60, 60, 60, 60, 60, 60, 60, 60, 60, 60, 60, 60, 60, 60, 60, 60, 60, 60, 60, 60, 60
  n_neurons: 291, 302, 2, 134, 17, 138, 19, 128, 70, 7, 294, 147, 113, 136, 147, 202, 136, 143, 186, 204, 76, 247, 296, 75, 147, 27, 110, 159, 145, 72, 54, 65, 186, 43, 87, 123, 216, 173, 180, 144, 266, 144, 112, 277, 154, 116, 177, 129, 99, 79, 21, 48, 104, 71, 191, 76, 38, 22, 32, 67, 10, 47, 79, 188, 67, 235, 87, 36, 31, 114, 130, 41, 99, 459, 290, 175, 242, 127, 47, 183, 201, 282, 10, 137, 162, 247, 128, 90, 163, 11, 93, 92, 105, 116, 105, 187, 23, 79, 131, 249, 273, 150, 99, 224, 120, 215, 49, 282, 154, 59, 343, 242, 138, 79, 9, 13, 123, 78, 133, 60, 90, 167, 304, 312, 159, 134, 81, 107, 63, 140, 67, 358, 192, 229, 8, 376, 131, 246, 293, 281, 373, 155, 314, 126, 134, 79, 257, 173, 129, 138, 39, 140, 99, 53, 206, 33, 62, 230, 265, 98, 166, 312, 79, 135, 25, 58, 87, 367, 81, 287, 32, 44, 40, 37, 160, 90, 142, 85, 135, 148, 36, 211, 372, 474, 68, 146, 91, 75, 129, 23, 195, 126, 156, 326, 272, 295, 61, 63, 421, 136, 186, 87, 130, 135, 141, 33, 383, 61, 35, 367, 439, 121, 144, 233, 230, 288, 260, 136, 286, 105, 162, 69, 148, 141, 152, 183, 109, 298, 148, 161, 202, 308, 386, 83, 138, 95, 171, 162, 162, 351, 116, 207, 94, 421, 121, 164, 184, 79, 141, 201, 198, 161, 33, 76, 147, 90, 236, 315, 298, 64, 74, 198, 181, 150, 105, 456, 160, 95, 80, 37, 153, 164, 175, 241, 29, 136, 158, 92, 200, 306, 424, 184, 162, 200, 173, 211, 263, 435, 448, 102, 165, 237, 158, 98, 306, 288, 347, 93, 264, 265, 192, 304, 191, 259, 398, 469, 198, 207, 172, 273, 152, 228, 93, 134, 82, 105, 367, 142, 249, 141, 309, 318, 309, 320, 197, 263, 325, 112, 261, 151, 184, 116, 128, 389, 376, 143, 128, 210, 276, 142, 13, 16, 12, 137, 147, 220, 164, 228, 148, 42, 171, 70, 135, 119, 267, 183, 380, 36, 85, 268, 219, 214, 289, 140, 136, 205, 119, 134, 189, 123, 107, 426, 252, 346, 164, 193, 134, 176, 3, 34, 80, 187, 52, 100, 110, 78, 105, 172, 163, 67, 131, 233, 120, 131, 136, 91, 140, 264, 109, 100, 59, 76, 146, 171, 179, 119, 41, 84, 133, 411, 59, 146, 253, 83, 466, 75, 59, 96, 32, 254, 126, 518, 69, 89, 232, 132, 103, 328, 126, 145, 201, 524, 234, 103, 159, 163, 50, 113, 218, 67, 183, 71, 132, 270, 89, 148, 122, 107, 221, 97, 132, 210, 94, 171, 239, 270, 536, 108, 220
  Input range:
    0: [-0.2, 1.0] [-0.2, 1.0] [-0.2, 1.0] [-0.2, 1.0] [-0.2, 1.0] [-0.2, 1.0] [-0.2, 1.0] [-0.2, 1.0] [-0.2, 1.0] [-0.2, 1.0] [-0.2, 1.0] [-0.2, 1.0] [-0.2, 1.0] [-0.2, 1.0] [-0.2, 1.0] [-0.2, 1.0] [-0.2, 1.0] [-0.2, 1.0] [-0.2, 1.0] [-0.2, 1.0] [-0.2, 1.0] [-0.2, 1.0] [-0.2, 1.0] [-0.2, 1.0] [-0.2, 1.0] [-0.2, 1.0] [-0.2, 1.0] [-0.2, 1.0] [-0.2, 1.0] [-0.2, 1.0] [-0.2, 1.0] [-0.2, 1.0] [-0.2, 1.0] [-0.2, 1.0] [-0.2, 1.0] [-0.2, 1.0] [-0.2, 1.0] [-0.2, 1.0] [-0.2, 1.0] [-0.2, 1.0] [-0.2, 1.0] [-0.2, 1.0] [-0.2, 1.0] [-0.2, 1.0] [-0.2, 1.0] [-0.2, 1.0] [-0.2, 1.0] [-0.2, 1.0] [-0.2, 1.0] [-0.2, 1.0] [-0.2, 1.0] [-0.2, 1.0] [-0.2, 1.0] [-0.2, 1.0] [-0.2, 1.0] [-0.2, 1.0] [-0.2, 1.0] [-0.2, 1.0] [-0.2, 1.0] [-0.2, 1.0] [-0.2, 1.0] [-0.2, 1.0] [-0.2, 1.0] [-0.2, 1.0] [-0.2, 1.0] [-0.2, 1.0] [-0.2, 1.0] [-0.2, 1.0] [-0.2, 1.0] [-0.2, 1.0] [-0.2, 1.0] [-0.2, 1.0] [-0.2, 1.0] [-0.2, 1.0] [-0.2, 1.0] [-0.2, 1.0] [-0.2, 1.0] [-0.2, 1.0] [-0.2, 1.0] [-0.2, 1.0] [-0.2, 1.0] [-0.2, 1.0] [-0.2, 1.0] [-0.2, 1.0] [-0.2, 1.0] [-0.2, 1.0] [-0.2, 1.0] [-0.2, 1.0] [-0.2, 1.0] [-0.2, 1.0] [-0.2, 1.0] [-0.2, 1.0] [-0.2, 1.0] [-0.2, 1.0] [-0.2, 1.0] [-0.2, 1.0] [-0.2, 1.0] [-0.2, 1.0] [-0.2, 1.0] [-0.2, 1.0] [-0.2, 1.0] [-0.2, 1.0] [-0.2, 1.0] [-0.2, 1.0] [-0.2, 1.0] [-0.2, 1.0] [-0.2, 1.0] [-0.2, 1.0] [-0.2, 1.0] [-0.2, 1.0] [-0.2, 1.0] [-0.2, 1.0] [-0.2, 1.0] [-0.2, 1.0] [-0.2, 1.0] [-0.2, 1.0] [-0.2, 1.0] [-0.2, 1.0] [-0.2, 1.0] [-0.2, 1.0] [-0.2, 1.0] [-0.2, 1.0] [-0.2, 1.0] [-0.2, 1.0] [-0.2, 1.0] [-0.2, 1.0] [-0.2, 1.0] [-0.2, 1.0] [-0.2, 1.0] [-0.2, 1.0] [-0.2, 1.0] [-0.2, 1.0] [-0.2, 1.0] [-0.2, 1.0] [-0.2, 1.0] [-0.2, 1.0] [-0.2, 1.0] [-0.2, 1.0] [-0.2, 1.0] [-0.2, 1.0] [-0.2, 1.0] [-0.2, 1.0] [-0.2, 1.0] [-0.2, 1.0] [-0.2, 1.0] [-0.2, 1.0] [-0.2, 1.0] [-0.2, 1.0] [-0.2, 1.0] [-0.2, 1.0] [-0.2, 1.0] [-0.2, 1.0] [-0.2, 1.0] [-0.2, 1.0] [-0.2, 1.0] [-0.2, 1.0] [-0.2, 1.0] [-0.2, 1.0] [-0.2, 1.0] [-0.2, 1.0] [-0.2, 1.0] [-0.2, 1.0] [-0.2, 1.0] [-0.2, 1.0] [-0.2, 1.0] [-0.2, 1.0] [-0.2, 1.0] [-0.2, 1.0] [-0.2, 1.0] [-0.2, 1.0] [-0.2, 1.0] [-0.2, 1.0] [-0.2, 1.0] [-0.2, 1.0] [-0.2, 1.0] [-0.2, 1.0] [-0.2, 1.0] [-0.2, 1.0] [-0.2, 1.0] [-0.2, 1.0] [-0.2, 1.0] [-0.2, 1.0] [-0.2, 1.0] [-0.2, 1.0] [-0.2, 1.0] [-0.2, 1.0] [-0.2, 1.0] [-0.2, 1.0] [-0.2, 1.0] [-0.2, 1.0] [-0.2, 1.0] [-0.2, 1.0] [-0.2, 1.0] [-0.2, 1.0] [-0.2, 1.0] [-0.2, 1.0] [-0.2, 1.0] [-0.2, 1.0] [-0.2, 1.0] [-0.2, 1.0] [-0.2, 1.0] [-0.2, 1.0] [-0.2, 1.0] [-0.2, 1.0] [-0.2, 1.0] [-0.2, 1.0] [-0.2, 1.0] [-0.2, 1.0] [-0.2, 1.0] [-0.2, 1.0] [-0.2, 1.0] [-0.2, 1.0] [-0.2, 1.0] [-0.2, 1.0] [-0.2, 1.0] [-0.2, 1.0] [-0.2, 1.0] [-0.2, 1.0] [-0.2, 1.0] [-0.2, 1.0] [-0.2, 1.0] [-0.2, 1.0] [-0.2, 1.0] [-0.2, 1.0] [-0.2, 1.0] [-0.2, 1.0] [-0.2, 1.0] [-0.2, 1.0] [-0.2, 1.0] [-0.2, 1.0] [-0.2, 1.0] [-0.2, 1.0] [-0.2, 1.0] [-0.2, 1.0] [-0.2, 1.0] [-0.2, 1.0] [-0.2, 1.0] [-0.2, 1.0] [-0.2, 1.0] [-0.2, 1.0] [-0.2, 1.0] [-0.2, 1.0] [-0.2, 1.0] [-0.2, 1.0] [-0.2, 1.0] [-0.2, 1.0] [-0.2, 1.0] [-0.2, 1.0] [-0.2, 1.0] [-0.2, 1.0] [-0.2, 1.0] [-0.2, 1.0] [-0.2, 1.0] [-0.2, 1.0] [-0.2, 1.0] [-0.2, 1.0] [-0.2, 1.0] [-0.2, 1.0] [-0.2, 1.0] [-0.2, 1.0] [-0.2, 1.0] [-0.2, 1.0] [-0.2, 1.0] [-0.2, 1.0] [-0.2, 1.0] [-0.2, 1.0] [-0.2, 1.0] [-0.2, 1.0] [-0.2, 1.0] [-0.2, 1.0] [-0.2, 1.0] [-0.2, 1.0] [-0.2, 1.0] [-0.2, 1.0] [-0.2, 1.0] [-0.2, 1.0] [-0.2, 1.0] [-0.2, 1.0] [-0.2, 1.0] [-0.2, 1.0] [-0.2, 1.0] [-0.2, 1.0] [-0.2, 1.0] [-0.2, 1.0] [-0.2, 1.0] [-0.2, 1.0] [-0.2, 1.0] [-0.2, 1.0] [-0.2, 1.0] [-0.2, 1.0] [-0.2, 1.0] [-0.2, 1.0] [-0.2, 1.0] [-0.2, 1.0] [-0.2, 1.0] [-0.2, 1.0] [-0.2, 1.0] [-0.2, 1.0] [-0.2, 1.0] [-0.2, 1.0] [-0.2, 1.0] [-0.2, 1.0] [-0.2, 1.0] [-0.2, 1.0] [-0.2, 1.0] [-0.2, 1.0] [-0.2, 1.0] [-0.2, 1.0] [-0.2, 1.0] [-0.2, 1.0] [-0.2, 1.0] [-0.2, 1.0] [-0.2, 1.0] [-0.2, 1.0] [-0.2, 1.0] [-0.2, 1.0] [-0.2, 1.0] [-0.2, 1.0] [-0.2, 1.0] [-0.2, 1.0] [-0.2, 1.0] [-0.2, 1.0] [-0.2, 1.0] [-0.2, 1.0] [-0.2, 1.0] [-0.2, 1.0] [-0.2, 1.0] [-0.2, 1.0] [-0.2, 1.0] [-0.2, 1.0] [-0.2, 1.0] [-0.2, 1.0] [-0.2, 1.0] [-0.2, 1.0] [-0.2, 1.0] [-0.2, 1.0] [-0.2, 1.0] [-0.2, 1.0] [-0.2, 1.0] [-0.2, 1.0] [-0.2, 1.0] [-0.2, 1.0] [-0.2, 1.0] [-0.2, 1.0] [-0.2, 1.0] [-0.2, 1.0] [-0.2, 1.0] [-0.2, 1.0] [-0.2, 1.0] [-0.2, 1.0] [-0.2, 1.0] [-0.2, 1.0] [-0.2, 1.0] [-0.2, 1.0] [-0.2, 1.0] [-0.2, 1.0] [-0.2, 1.0] [-0.2, 1.0] [-0.2, 1.0] [-0.2, 1.0] [-0.2, 1.0] [-0.2, 1.0] [-0.2, 1.0] [-0.2, 1.0] [-0.2, 1.0] [-0.2, 1.0] [-0.2, 1.0] [-0.2, 1.0] [-0.2, 1.0] [-0.2, 1.0] [-0.2, 1.0] [-0.2, 1.0] [-0.2, 1.0] [-0.2, 1.0] [-0.2, 1.0] [-0.2, 1.0] [-0.2, 1.0] [-0.2, 1.0] [-0.2, 1.0] [-0.2, 1.0] [-0.2, 1.0] [-0.2, 1.0] [-0.2, 1.0] [-0.2, 1.0] [-0.2, 1.0] [-0.2, 1.0] [-0.2, 1.0] [-0.2, 1.0] [-0.2, 1.0] [-0.2, 1.0] [-0.2, 1.0] [-0.2, 1.0] [-0.2, 1.0] [-0.2, 1.0] [-0.2, 1.0] [-0.2, 1.0] [-0.2, 1.0] [-0.2, 1.0] [-0.2, 1.0] [-0.2, 1.0] [-0.2, 1.0] [-0.2, 1.0] [-0.2, 1.0] [-0.2, 1.0] [-0.2, 1.0] [-0.2, 1.0] [-0.2, 1.0] [-0.2, 1.0] [-0.2, 1.0] [-0.2, 1.0] [-0.2, 1.0] [-0.2, 1.0] [-0.2, 1.0] [-0.2, 1.0] [-0.2, 1.0] [-0.2, 1.0] [-0.2, 1.0] [-0.2, 1.0] [-0.2, 1.0] [-0.2, 1.0] [-0.2, 1.0] [-0.2, 1.0] [-0.2, 1.0] [-0.2, 1.0] [-0.2, 1.0] [-0.2, 1.0] [-0.2, 1.0] [-0.2, 1.0] [-0.2, 1.0] [-0.2, 1.0] [-0.2, 1.0] [-0.2, 1.0] [-0.2, 1.0] [-0.2, 1.0] [-0.2, 1.0] [-0.2, 1.0] [-0.2, 1.0] [-0.2, 1.0] [-0.2, 1.0] [-0.2, 1.0] [-0.2, 1.0] [-0.2, 1.0] [-0.2, 1.0] [-0.2, 1.0] [-0.2, 1.0] [-0.2, 1.0] [-0.2, 1.0] [-0.2, 1.0] [-0.2, 1.0] [-0.2, 1.0] [-0.2, 1.0] [-0.2, 1.0] [-0.2, 1.0] [-0.2, 1.0] [-0.2, 1.0] [-0.2, 1.0] [-0.2, 1.0] [-0.2, 1.0] [-0.2, 1.0] 
    1: [1.0, 93.0] [1.0, 93.0] [1.0, 90.0] [1.0, 99.0] [1.0, 92.0] [1.0, 96.0] [1.0, 96.0] [1.0, 93.0] [1.0, 90.0] [1.0, 90.0] [1.0, 90.0] [1.0, 96.0] [1.0, 90.0] [1.0, 99.0] [1.0, 93.0] [1.0, 96.0] [1.0, 93.0] [1.0, 90.0] [1.0, 96.0] [1.0, 93.0] [1.0, 90.0] [1.0, 95.0] [1.0, 96.0] [1.0, 90.0] [1.0, 90.0] [1.0, 90.0] [1.0, 99.0] [1.0, 96.0] [1.0, 93.0] [1.0, 90.0] [1.0, 90.0] [1.0, 96.0] [1.0, 96.0] [1.0, 90.0] [1.0, 93.0] [1.0, 90.0] [1.0, 93.0] [1.0, 96.0] [1.0, 90.0] [1.0, 96.0] [1.0, 99.0] [1.0, 90.0] [1.0, 93.0] [1.0, 96.0] [1.0, 90.0] [1.0, 90.0] [1.0, 96.0] [1.0, 93.0] [1.0, 90.0] [1.0, 90.0] [1.0, 96.0] [1.0, 90.0] [1.0, 93.0] [1.0, 93.0] [1.0, 90.0] [1.0, 96.0] [1.0, 90.0] [1.0, 90.0] [1.0, 90.0] [1.0, 90.0] [1.0, 93.0] [1.0, 96.0] [1.0, 93.0] [1.0, 90.0] [1.0, 92.0] [1.0, 90.0] [1.0, 90.0] [1.0, 92.0] [1.0, 90.0] [1.0, 93.0] [1.0, 90.0] [1.0, 90.0] [1.0, 96.0] [1.0, 90.0] [1.0, 90.0] [1.0, 90.0] [1.0, 93.0] [1.0, 96.0] [1.0, 93.0] [1.0, 90.0] [1.0, 90.0] [1.0, 96.0] [1.0, 99.0] [1.0, 93.0] [1.0, 90.0] [1.0, 92.0] [1.0, 90.0] [1.0, 90.0] [1.0, 96.0] [1.0, 90.0] [1.0, 90.0] [1.0, 90.0] [1.0, 89.0] [1.0, 93.0] [1.0, 90.0] [1.0, 90.0] [1.0, 90.0] [1.0, 90.0] [1.0, 93.0] [1.0, 96.0] [1.0, 90.0] [1.0, 93.0] [1.0, 90.0] [1.0, 99.0] [1.0, 96.0] [1.0, 92.0] [1.0, 90.0] [1.0, 96.0] [1.0, 93.0] [1.0, 93.0] [1.0, 96.0] [1.0, 90.0] [1.0, 93.0] [1.0, 96.0] [1.0, 93.0] [1.0, 99.0] [1.0, 90.0] [1.0, 93.0] [1.0, 96.0] [1.0, 99.0] [1.0, 90.0] [1.0, 96.0] [1.0, 93.0] [1.0, 99.0] [1.0, 93.0] [1.0, 90.0] [1.0, 95.0] [1.0, 93.0] [1.0, 96.0] [1.0, 90.0] [1.0, 99.0] [1.0, 96.0] [1.0, 90.0] [1.0, 96.0] [1.0, 90.0] [1.0, 90.0] [1.0, 90.0] [1.0, 93.0] [1.0, 90.0] [1.0, 90.0] [1.0, 91.0] [1.0, 90.0] [1.0, 93.0] [1.0, 93.0] [1.0, 90.0] [1.0, 95.0] [1.0, 96.0] [1.0, 96.0] [1.0, 90.0] [1.0, 90.0] [1.0, 90.0] [1.0, 93.0] [1.0, 90.0] [1.0, 99.0] [1.0, 92.0] [1.0, 96.0] [1.0, 96.0] [1.0, 96.0] [1.0, 90.0] [1.0, 99.0] [1.0, 90.0] [1.0, 90.0] [1.0, 90.0] [1.0, 96.0] [1.0, 90.0] [1.0, 92.0] [1.0, 90.0] [1.0, 93.0] [1.0, 90.0] [1.0, 93.0] [1.0, 90.0] [1.0, 90.0] [1.0, 90.0] [1.0, 96.0] [1.0, 95.0] [1.0, 90.0] [1.0, 90.0] [1.0, 96.0] [1.0, 90.0] [1.0, 93.0] [1.0, 96.0] [1.0, 93.0] [1.0, 90.0] [1.0, 99.0] [1.0, 90.0] [1.0, 90.0] [1.0, 99.0] [1.0, 90.0] [1.0, 93.0] [1.0, 90.0] [1.0, 90.0] [1.0, 96.0] [1.0, 96.0] [1.0, 90.0] [1.0, 96.0] [1.0, 96.0] [1.0, 93.0] [1.0, 90.0] [1.0, 90.0] [1.0, 93.0] [1.0, 96.0] [1.0, 96.0] [1.0, 90.0] [1.0, 90.0] [1.0, 93.0] [1.0, 99.0] [1.0, 96.0] [1.0, 95.0] [1.0, 90.0] [1.0, 90.0] [1.0, 96.0] [1.0, 96.0] [1.0, 90.0] [1.0, 93.0] [1.0, 96.0] [1.0, 90.0] [1.0, 90.0] [1.0, 92.0] [1.0, 90.0] [1.0, 93.0] [1.0, 90.0] [1.0, 90.0] [1.0, 96.0] [1.0, 93.0] [1.0, 90.0] [1.0, 90.0] [1.0, 90.0] [1.0, 90.0] [1.0, 93.0] [1.0, 99.0] [1.0, 90.0] [1.0, 90.0] [1.0, 90.0] [1.0, 96.0] [1.0, 99.0] [1.0, 96.0] [1.0, 90.0] [1.0, 93.0] [1.0, 96.0] [1.0, 87.0] [1.0, 96.0] [1.0, 93.0] [1.0, 99.0] [1.0, 93.0] [1.0, 90.0] [1.0, 94.0] [1.0, 96.0] [1.0, 99.0] [1.0, 90.0] [1.0, 90.0] [1.0, 93.0] [1.0, 96.0] [1.0, 90.0] [1.0, 90.0] [1.0, 90.0] [1.0, 90.0] [1.0, 93.0] [1.0, 96.0] [1.0, 96.0] [1.0, 90.0] [1.0, 90.0] [1.0, 99.0] [1.0, 90.0] [1.0, 90.0] [1.0, 99.0] [1.0, 93.0] [1.0, 90.0] [1.0, 99.0] [1.0, 90.0] [1.0, 90.0] [1.0, 90.0] [1.0, 90.0] [1.0, 93.0] [1.0, 96.0] [1.0, 99.0] [1.0, 99.0] [1.0, 99.0] [1.0, 99.0] [1.0, 99.0] [1.0, 90.0] [1.0, 90.0] [1.0, 90.0] [1.0, 95.0] [1.0, 90.0] [1.0, 93.0] [1.0, 90.0] [1.0, 90.0] [1.0, 96.0] [1.0, 93.0] [1.0, 93.0] [1.0, 93.0] [1.0, 90.0] [1.0, 93.0] [1.0, 93.0] [1.0, 90.0] [1.0, 96.0] [1.0, 90.0] [1.0, 93.0] [1.0, 90.0] [1.0, 95.0] [1.0, 90.0] [1.0, 96.0] [1.0, 96.0] [1.0, 90.0] [1.0, 90.0] [1.0, 93.0] [1.0, 93.0] [1.0, 90.0] [1.0, 95.0] [1.0, 93.0] [1.0, 96.0] [1.0, 99.0] [1.0, 99.0] [1.0, 90.0] [1.0, 93.0] [1.0, 96.0] [1.0, 90.0] [1.0, 93.0] [1.0, 90.0] [1.0, 90.0] [1.0, 96.0] [1.0, 96.0] [1.0, 90.0] [1.0, 93.0] [1.0, 99.0] [1.0, 90.0] [1.0, 93.0] [1.0, 96.0] [1.0, 90.0] [1.0, 90.0] [1.0, 90.0] [1.0, 90.0] [1.0, 99.0] [1.0, 90.0] [1.0, 96.0] [1.0, 90.0] [1.0, 93.0] [1.0, 93.0] [1.0, 99.0] [1.0, 90.0] [1.0, 93.0] [1.0, 96.0] [1.0, 90.0] [1.0, 93.0] [1.0, 90.0] [1.0, 90.0] [1.0, 90.0] [1.0, 95.0] [1.0, 99.0] [1.0, 90.0] [1.0, 93.0] [1.0, 90.0] [1.0, 96.0] [1.0, 96.0] [1.0, 99.0] [1.0, 90.0] [1.0, 93.0] [1.0, 90.0] [1.0, 90.0] [1.0, 95.0] [1.0, 96.0] [1.0, 90.0] [1.0, 93.0] [1.0, 99.0] [1.0, 90.0] [1.0, 90.0] [1.0, 96.0] [1.0, 93.0] [1.0, 95.0] [1.0, 90.0] [1.0, 90.0] [1.0, 96.0] [1.0, 98.0] [1.0, 90.0] [1.0, 90.0] [1.0, 90.0] [1.0, 96.0] [1.0, 90.0] [1.0, 90.0] [1.0, 93.0] [1.0, 90.0] [1.0, 90.0] [1.0, 92.0] [1.0, 90.0] [1.0, 90.0] [1.0, 96.0] [1.0, 90.0] [1.0, 90.0] [1.0, 96.0] [1.0, 90.0] [1.0, 96.0] [1.0, 90.0] [1.0, 90.0] [1.0, 90.0] [1.0, 93.0] [1.0, 90.0] [1.0, 96.0] [1.0, 90.0] [1.0, 90.0] [1.0, 95.0] [1.0, 99.0] [1.0, 90.0] [1.0, 93.0] [1.0, 99.0] [1.0, 96.0] [1.0, 93.0] [1.0, 90.0] [1.0, 90.0] [1.0, 90.0] [1.0, 90.0] [1.0, 95.0] [1.0, 90.0] [1.0, 90.0] [1.0, 90.0] [1.0, 93.0] [1.0, 93.0] [1.0, 96.0] [1.0, 96.0] [1.0, 96.0] [1.0, 90.0] [1.0, 90.0] [1.0, 99.0] [1.0, 96.0] [1.0, 90.0] [1.0, 99.0] [1.0, 96.0] [1.0, 96.0] [1.0, 93.0] [1.0, 93.0] [1.0, 90.0] [1.0, 99.0] [1.0, 90.0] [1.0, 90.0] [1.0, 93.0] [1.0, 90.0] [1.0, 90.0] [1.0, 99.0] [1.0, 90.0] [1.0, 99.0] [1.0, 93.0] [1.0, 96.0] [1.0, 93.0] [1.0, 99.0] [1.0, 90.0] [1.0, 90.0] [1.0, 95.0] [1.0, 99.0] [1.0, 90.0] [1.0, 95.0] [1.0, 90.0] [1.0, 90.0] [1.0, 93.0] [1.0, 93.0] [1.0, 96.0] [1.0, 99.0] [1.0, 90.0] [1.0, 93.0] [1.0, 93.0] [1.0, 96.0] 
  Output range:
    0: [0.0, 1.0] [0.0, 1.0] [0.0, 1.0] [0.0, 1.0] [0.0, 1.0] [0.0, 1.0] [0.0, 1.0] [0.0, 1.0] [0.0, 1.0] [0.0, 1.0] [0.0, 1.0] [0.0, 1.0] [0.0, 1.0] [0.0, 1.0] [0.0, 1.0] [0.0, 1.0] [0.0, 1.0] [0.0, 1.0] [0.0, 1.0] [0.0, 1.0] [0.0, 1.0] [0.0, 1.0] [0.0, 1.0] [0.0, 1.0] [0.0, 1.0] [0.0, 1.0] [0.0, 1.0] [0.0, 1.0] [0.0, 1.0] [0.0, 1.0] [0.0, 1.0] [0.0, 1.0] [0.0, 1.0] [0.0, 1.0] [0.0, 1.0] [0.0, 1.0] [0.0, 1.0] [0.0, 1.0] [0.0, 1.0] [0.0, 1.0] [0.0, 1.0] [0.0, 1.0] [0.0, 1.0] [0.0, 1.0] [0.0, 1.0] [0.0, 1.0] [0.0, 1.0] [0.0, 1.0] [0.0, 1.0] [0.0, 1.0] [0.0, 1.0] [0.0, 1.0] [0.0, 1.0] [0.0, 1.0] [0.0, 1.0] [0.0, 1.0] [0.0, 1.0] [0.0, 1.0] [0.0, 1.0] [0.0, 1.0] [0.0, 1.0] [0.0, 1.0] [0.0, 1.0] [0.0, 1.0] [0.0, 1.0] [0.0, 1.0] [0.0, 1.0] [0.0, 1.0] [0.0, 1.0] [0.0, 1.0] [0.0, 1.0] [0.0, 1.0] [0.0, 1.0] [0.0, 1.0] [0.0, 1.0] [0.0, 1.0] [0.0, 1.0] [0.0, 1.0] [0.0, 1.0] [0.0, 1.0] [0.0, 1.0] [0.0, 1.0] [0.0, 1.0] [0.0, 1.0] [0.0, 1.0] [0.0, 1.0] [0.0, 1.0] [0.0, 1.0] [0.0, 1.0] [0.0, 1.0] [0.0, 1.0] [0.0, 1.0] [0.0, 1.0] [0.0, 1.0] [0.0, 1.0] [0.0, 1.0] [0.0, 1.0] [0.0, 1.0] [0.0, 1.0] [0.0, 1.0] [0.0, 1.0] [0.0, 1.0] [0.0, 1.0] [0.0, 1.0] [0.0, 1.0] [0.0, 1.0] [0.0, 1.0] [0.0, 1.0] [0.0, 1.0] [0.0, 1.0] [0.0, 1.0] [0.0, 1.0] [0.0, 1.0] [0.0, 1.0] [0.0, 1.0] [0.0, 1.0] [0.0, 1.0] [0.0, 1.0] [0.0, 1.0] [0.0, 1.0] [0.0, 1.0] [0.0, 1.0] [0.0, 1.0] [0.0, 1.0] [0.0, 1.0] [0.0, 1.0] [0.0, 1.0] [0.0, 1.0] [0.0, 1.0] [0.0, 1.0] [0.0, 1.0] [0.0, 1.0] [0.0, 1.0] [0.0, 1.0] [0.0, 1.0] [0.0, 1.0] [0.0, 1.0] [0.0, 1.0] [0.0, 1.0] [0.0, 1.0] [0.0, 1.0] [0.0, 1.0] [0.0, 1.0] [0.0, 1.0] [0.0, 1.0] [0.0, 1.0] [0.0, 1.0] [0.0, 1.0] [0.0, 1.0] [0.0, 1.0] [0.0, 1.0] [0.0, 1.0] [0.0, 1.0] [0.0, 1.0] [0.0, 1.0] [0.0, 1.0] [0.0, 1.0] [0.0, 1.0] [0.0, 1.0] [0.0, 1.0] [0.0, 1.0] [0.0, 1.0] [0.0, 1.0] [0.0, 1.0] [0.0, 1.0] [0.0, 1.0] [0.0, 1.0] [0.0, 1.0] [0.0, 1.0] [0.0, 1.0] [0.0, 1.0] [0.0, 1.0] [0.0, 1.0] [0.0, 1.0] [0.0, 1.0] [0.0, 1.0] [0.0, 1.0] [0.0, 1.0] [0.0, 1.0] [0.0, 1.0] [0.0, 1.0] [0.0, 1.0] [0.0, 1.0] [0.0, 1.0] [0.0, 1.0] [0.0, 1.0] [0.0, 1.0] [0.0, 1.0] [0.0, 1.0] [0.0, 1.0] [0.0, 1.0] [0.0, 1.0] [0.0, 1.0] [0.0, 1.0] [0.0, 1.0] [0.0, 1.0] [0.0, 1.0] [0.0, 1.0] [0.0, 1.0] [0.0, 1.0] [0.0, 1.0] [0.0, 1.0] [0.0, 1.0] [0.0, 1.0] [0.0, 1.0] [0.0, 1.0] [0.0, 1.0] [0.0, 1.0] [0.0, 1.0] [0.0, 1.0] [0.0, 1.0] [0.0, 1.0] [0.0, 1.0] [0.0, 1.0] [0.0, 1.0] [0.0, 1.0] [0.0, 1.0] [0.0, 1.0] [0.0, 1.0] [0.0, 1.0] [0.0, 1.0] [0.0, 1.0] [0.0, 1.0] [0.0, 1.0] [0.0, 1.0] [0.0, 1.0] [0.0, 1.0] [0.0, 1.0] [0.0, 1.0] [0.0, 1.0] [0.0, 1.0] [0.0, 1.0] [0.0, 1.0] [0.0, 1.0] [0.0, 1.0] [0.0, 1.0] [0.0, 1.0] [0.0, 1.0] [0.0, 1.0] [0.0, 1.0] [0.0, 1.0] [0.0, 1.0] [0.0, 1.0] [0.0, 1.0] [0.0, 1.0] [0.0, 1.0] [0.0, 1.0] [0.0, 1.0] [0.0, 1.0] [0.0, 1.0] [0.0, 1.0] [0.0, 1.0] [0.0, 1.0] [0.0, 1.0] [0.0, 1.0] [0.0, 1.0] [0.0, 1.0] [0.0, 1.0] [0.0, 1.0] [0.0, 1.0] [0.0, 1.0] [0.0, 1.0] [0.0, 1.0] [0.0, 1.0] [0.0, 1.0] [0.0, 1.0] [0.0, 1.0] [0.0, 1.0] [0.0, 1.0] [0.0, 1.0] [0.0, 1.0] [0.0, 1.0] [0.0, 1.0] [0.0, 1.0] [0.0, 1.0] [0.0, 1.0] [0.0, 1.0] [0.0, 1.0] [0.0, 1.0] [0.0, 1.0] [0.0, 1.0] [0.0, 1.0] [0.0, 1.0] [0.0, 1.0] [0.0, 1.0] [0.0, 1.0] [0.0, 1.0] [0.0, 1.0] [0.0, 1.0] [0.0, 1.0] [0.0, 1.0] [0.0, 1.0] [0.0, 1.0] [0.0, 1.0] [0.0, 1.0] [0.0, 1.0] [0.0, 1.0] [0.0, 1.0] [0.0, 1.0] [0.0, 1.0] [0.0, 1.0] [0.0, 1.0] [0.0, 1.0] [0.0, 1.0] [0.0, 1.0] [0.0, 1.0] [0.0, 1.0] [0.0, 1.0] [0.0, 1.0] [0.0, 1.0] [0.0, 1.0] [0.0, 1.0] [0.0, 1.0] [0.0, 1.0] [0.0, 1.0] [0.0, 1.0] [0.0, 1.0] [0.0, 1.0] [0.0, 1.0] [0.0, 1.0] [0.0, 1.0] [0.0, 1.0] [0.0, 1.0] [0.0, 1.0] [0.0, 1.0] [0.0, 1.0] [0.0, 1.0] [0.0, 1.0] [0.0, 1.0] [0.0, 1.0] [0.0, 1.0] [0.0, 1.0] [0.0, 1.0] [0.0, 1.0] [0.0, 1.0] [0.0, 1.0] [0.0, 1.0] [0.0, 1.0] [0.0, 1.0] [0.0, 1.0] [0.0, 1.0] [0.0, 1.0] [0.0, 1.0] [0.0, 1.0] [0.0, 1.0] [0.0, 1.0] [0.0, 1.0] [0.0, 1.0] [0.0, 1.0] [0.0, 1.0] [0.0, 1.0] [0.0, 1.0] [0.0, 1.0] [0.0, 1.0] [0.0, 1.0] [0.0, 1.0] [0.0, 1.0] [0.0, 1.0] [0.0, 1.0] [0.0, 1.0] [0.0, 1.0] [0.0, 1.0] [0.0, 1.0] [0.0, 1.0] [0.0, 1.0] [0.0, 1.0] [0.0, 1.0] [0.0, 1.0] [0.0, 1.0] [0.0, 1.0] [0.0, 1.0] [0.0, 1.0] [0.0, 1.0] [0.0, 1.0] [0.0, 1.0] [0.0, 1.0] [0.0, 1.0] [0.0, 1.0] [0.0, 1.0] [0.0, 1.0] [0.0, 1.0] [0.0, 1.0] [0.0, 1.0] [0.0, 1.0] [0.0, 1.0] [0.0, 1.0] [0.0, 1.0] [0.0, 1.0] [0.0, 1.0] [0.0, 1.0] [0.0, 1.0] [0.0, 1.0] [0.0, 1.0] [0.0, 1.0] [0.0, 1.0] [0.0, 1.0] [0.0, 1.0] [0.0, 1.0] [0.0, 1.0] [0.0, 1.0] [0.0, 1.0] [0.0, 1.0] [0.0, 1.0] [0.0, 1.0] [0.0, 1.0] [0.0, 1.0] [0.0, 1.0] [0.0, 1.0] [0.0, 1.0] [0.0, 1.0] [0.0, 1.0] [0.0, 1.0] [0.0, 1.0] [0.0, 1.0] [0.0, 1.0] [0.0, 1.0] [0.0, 1.0] [0.0, 1.0] [0.0, 1.0] [0.0, 1.0] [0.0, 1.0] [0.0, 1.0] [0.0, 1.0] [0.0, 1.0] [0.0, 1.0] [0.0, 1.0] [0.0, 1.0] [0.0, 1.0] [0.0, 1.0] [0.0, 1.0] [0.0, 1.0] [0.0, 1.0] [0.0, 1.0] [0.0, 1.0] [0.0, 1.0] [0.0, 1.0] [0.0, 1.0] [0.0, 1.0] [0.0, 1.0] [0.0, 1.0] [0.0, 1.0] [0.0, 1.0] [0.0, 1.0] [0.0, 1.0] [0.0, 1.0] [0.0, 1.0] [0.0, 1.0] [0.0, 1.0] [0.0, 1.0] [0.0, 1.0] [0.0, 1.0] [0.0, 1.0] [0.0, 1.0] [0.0, 1.0] [0.0, 1.0] [0.0, 1.0] [0.0, 1.0] [0.0, 1.0] [0.0, 1.0] 
    1: [0.0, 2.0] [0.0, 2.0] [0.0, 2.0] [0.0, 2.0] [0.0, 2.0] [0.0, 2.0] [0.0, 2.0] [0.0, 2.0] [0.0, 2.0] [0.0, 2.0] [0.0, 2.0] [0.0, 2.0] [0.0, 2.0] [0.0, 2.0] [0.0, 2.0] [0.0, 2.0] [0.0, 2.0] [0.0, 2.0] [0.0, 2.0] [0.0, 2.0] [0.0, 2.0] [0.0, 2.0] [0.0, 2.0] [0.0, 2.0] [0.0, 2.0] [0.0, 2.0] [0.0, 2.0] [0.0, 2.0] [0.0, 2.0] [0.0, 2.0] [0.0, 2.0] [0.0, 2.0] [0.0, 2.0] [0.0, 2.0] [0.0, 2.0] [0.0, 2.0] [0.0, 2.0] [0.0, 2.0] [0.0, 2.0] [0.0, 2.0] [0.0, 2.0] [0.0, 2.0] [0.0, 2.0] [0.0, 2.0] [0.0, 2.0] [0.0, 2.0] [0.0, 2.0] [0.0, 2.0] [0.0, 2.0] [0.0, 2.0] [0.0, 2.0] [0.0, 2.0] [0.0, 2.0] [0.0, 2.0] [0.0, 2.0] [0.0, 2.0] [0.0, 2.0] [0.0, 2.0] [0.0, 2.0] [0.0, 2.0] [0.0, 2.0] [0.0, 2.0] [0.0, 2.0] [0.0, 2.0] [0.0, 2.0] [0.0, 2.0] [0.0, 2.0] [0.0, 2.0] [0.0, 2.0] [0.0, 2.0] [0.0, 2.0] [0.0, 2.0] [0.0, 2.0] [0.0, 2.0] [0.0, 2.0] [0.0, 2.0] [0.0, 2.0] [0.0, 2.0] [0.0, 2.0] [0.0, 2.0] [0.0, 2.0] [0.0, 2.0] [0.0, 2.0] [0.0, 2.0] [0.0, 2.0] [0.0, 2.0] [0.0, 2.0] [0.0, 2.0] [0.0, 2.0] [0.0, 2.0] [0.0, 2.0] [0.0, 2.0] [0.0, 2.0] [0.0, 2.0] [0.0, 2.0] [0.0, 2.0] [0.0, 2.0] [0.0, 2.0] [0.0, 2.0] [0.0, 2.0] [0.0, 2.0] [0.0, 2.0] [0.0, 2.0] [0.0, 2.0] [0.0, 2.0] [0.0, 2.0] [0.0, 2.0] [0.0, 2.0] [0.0, 2.0] [0.0, 2.0] [0.0, 2.0] [0.0, 2.0] [0.0, 2.0] [0.0, 2.0] [0.0, 2.0] [0.0, 2.0] [0.0, 2.0] [0.0, 2.0] [0.0, 2.0] [0.0, 2.0] [0.0, 2.0] [0.0, 2.0] [0.0, 2.0] [0.0, 2.0] [0.0, 2.0] [0.0, 2.0] [0.0, 2.0] [0.0, 2.0] [0.0, 2.0] [0.0, 2.0] [0.0, 2.0] [0.0, 2.0] [0.0, 2.0] [0.0, 2.0] [0.0, 2.0] [0.0, 2.0] [0.0, 2.0] [0.0, 2.0] [0.0, 2.0] [0.0, 2.0] [0.0, 2.0] [0.0, 2.0] [0.0, 2.0] [0.0, 2.0] [0.0, 2.0] [0.0, 2.0] [0.0, 2.0] [0.0, 2.0] [0.0, 2.0] [0.0, 2.0] [0.0, 2.0] [0.0, 2.0] [0.0, 2.0] [0.0, 2.0] [0.0, 2.0] [0.0, 2.0] [0.0, 2.0] [0.0, 2.0] [0.0, 2.0] [0.0, 2.0] [0.0, 2.0] [0.0, 2.0] [0.0, 2.0] [0.0, 2.0] [0.0, 2.0] [0.0, 2.0] [0.0, 2.0] [0.0, 2.0] [0.0, 2.0] [0.0, 2.0] [0.0, 2.0] [0.0, 2.0] [0.0, 2.0] [0.0, 2.0] [0.0, 2.0] [0.0, 2.0] [0.0, 2.0] [0.0, 2.0] [0.0, 2.0] [0.0, 2.0] [0.0, 2.0] [0.0, 2.0] [0.0, 2.0] [0.0, 2.0] [0.0, 2.0] [0.0, 2.0] [0.0, 2.0] [0.0, 2.0] [0.0, 2.0] [0.0, 2.0] [0.0, 2.0] [0.0, 2.0] [0.0, 2.0] [0.0, 2.0] [0.0, 2.0] [0.0, 2.0] [0.0, 2.0] [0.0, 2.0] [0.0, 2.0] [0.0, 2.0] [0.0, 2.0] [0.0, 2.0] [0.0, 2.0] [0.0, 2.0] [0.0, 2.0] [0.0, 2.0] [0.0, 2.0] [0.0, 2.0] [0.0, 2.0] [0.0, 2.0] [0.0, 2.0] [0.0, 2.0] [0.0, 2.0] [0.0, 2.0] [0.0, 2.0] [0.0, 2.0] [0.0, 2.0] [0.0, 2.0] [0.0, 2.0] [0.0, 2.0] [0.0, 2.0] [0.0, 2.0] [0.0, 2.0] [0.0, 2.0] [0.0, 2.0] [0.0, 2.0] [0.0, 2.0] [0.0, 2.0] [0.0, 2.0] [0.0, 2.0] [0.0, 2.0] [0.0, 2.0] [0.0, 2.0] [0.0, 2.0] [0.0, 2.0] [0.0, 2.0] [0.0, 2.0] [0.0, 2.0] [0.0, 2.0] [0.0, 2.0] [0.0, 2.0] [0.0, 2.0] [0.0, 2.0] [0.0, 2.0] [0.0, 2.0] [0.0, 2.0] [0.0, 2.0] [0.0, 2.0] [0.0, 2.0] [0.0, 2.0] [0.0, 2.0] [0.0, 2.0] [0.0, 2.0] [0.0, 2.0] [0.0, 2.0] [0.0, 2.0] [0.0, 2.0] [0.0, 2.0] [0.0, 2.0] [0.0, 2.0] [0.0, 2.0] [0.0, 2.0] [0.0, 2.0] [0.0, 2.0] [0.0, 2.0] [0.0, 2.0] [0.0, 2.0] [0.0, 2.0] [0.0, 2.0] [0.0, 2.0] [0.0, 2.0] [0.0, 2.0] [0.0, 2.0] [0.0, 2.0] [0.0, 2.0] [0.0, 2.0] [0.0, 2.0] [0.0, 2.0] [0.0, 2.0] [0.0, 2.0] [0.0, 2.0] [0.0, 2.0] [0.0, 2.0] [0.0, 2.0] [0.0, 2.0] [0.0, 2.0] [0.0, 2.0] [0.0, 2.0] [0.0, 2.0] [0.0, 2.0] [0.0, 2.0] [0.0, 2.0] [0.0, 2.0] [0.0, 2.0] [0.0, 2.0] [0.0, 2.0] [0.0, 2.0] [0.0, 2.0] [0.0, 2.0] [0.0, 2.0] [0.0, 2.0] [0.0, 2.0] [0.0, 2.0] [0.0, 2.0] [0.0, 2.0] [0.0, 2.0] [0.0, 2.0] [0.0, 2.0] [0.0, 2.0] [0.0, 2.0] [0.0, 2.0] [0.0, 2.0] [0.0, 2.0] [0.0, 2.0] [0.0, 2.0] [0.0, 2.0] [0.0, 2.0] [0.0, 2.0] [0.0, 2.0] [0.0, 2.0] [0.0, 2.0] [0.0, 2.0] [0.0, 2.0] [0.0, 2.0] [0.0, 2.0] [0.0, 2.0] [0.0, 2.0] [0.0, 2.0] [0.0, 2.0] [0.0, 2.0] [0.0, 2.0] [0.0, 2.0] [0.0, 2.0] [0.0, 2.0] [0.0, 2.0] [0.0, 2.0] [0.0, 2.0] [0.0, 2.0] [0.0, 2.0] [0.0, 2.0] [0.0, 2.0] [0.0, 2.0] [0.0, 2.0] [0.0, 2.0] [0.0, 2.0] [0.0, 2.0] [0.0, 2.0] [0.0, 2.0] [0.0, 2.0] [0.0, 2.0] [0.0, 2.0] [0.0, 2.0] [0.0, 2.0] [0.0, 2.0] [0.0, 2.0] [0.0, 2.0] [0.0, 2.0] [0.0, 2.0] [0.0, 2.0] [0.0, 2.0] [0.0, 2.0] [0.0, 2.0] [0.0, 2.0] [0.0, 2.0] [0.0, 2.0] [0.0, 2.0] [0.0, 2.0] [0.0, 2.0] [0.0, 2.0] [0.0, 2.0] [0.0, 2.0] [0.0, 2.0] [0.0, 2.0] [0.0, 2.0] [0.0, 2.0] [0.0, 2.0] [0.0, 2.0] [0.0, 2.0] [0.0, 2.0] [0.0, 2.0] [0.0, 2.0] [0.0, 2.0] [0.0, 2.0] [0.0, 2.0] [0.0, 2.0] [0.0, 2.0] [0.0, 2.0] [0.0, 2.0] [0.0, 2.0] [0.0, 2.0] [0.0, 2.0] [0.0, 2.0] [0.0, 2.0] [0.0, 2.0] [0.0, 2.0] [0.0, 2.0] [0.0, 2.0] [0.0, 2.0] [0.0, 2.0] [0.0, 2.0] [0.0, 2.0] [0.0, 2.0] [0.0, 2.0] [0.0, 2.0] [0.0, 2.0] [0.0, 2.0] [0.0, 2.0] [0.0, 2.0] [0.0, 2.0] [0.0, 2.0] [0.0, 2.0] [0.0, 2.0] [0.0, 2.0] [0.0, 2.0] [0.0, 2.0] [0.0, 2.0] [0.0, 2.0] [0.0, 2.0] [0.0, 2.0] [0.0, 2.0] [0.0, 2.0] [0.0, 2.0] [0.0, 2.0] [0.0, 2.0] [0.0, 2.0] [0.0, 2.0] [0.0, 2.0] [0.0, 2.0] [0.0, 2.0] [0.0, 2.0] [0.0, 2.0] [0.0, 2.0] [0.0, 2.0] [0.0, 2.0] [0.0, 2.0] [0.0, 2.0] [0.0, 2.0] [0.0, 2.0] [0.0, 2.0] [0.0, 2.0] [0.0, 2.0] [0.0, 2.0] [0.0, 2.0] [0.0, 2.0] [0.0, 2.0] [0.0, 2.0] [0.0, 2.0] [0.0, 2.0] [0.0, 2.0] [0.0, 2.0] [0.0, 2.0] [0.0, 2.0] [0.0, 2.0] [0.0, 2.0] [0.0, 2.0] [0.0, 2.0] [0.0, 2.0] [0.0, 2.0] [0.0, 2.0] 
    2: [0.0, 2.0] [0.0, 2.0] [0.0, 2.0] [0.0, 2.0] [0.0, 2.0] [0.0, 2.0] [0.0, 2.0] [0.0, 2.0] [0.0, 2.0] [0.0, 2.0] [0.0, 2.0] [0.0, 2.0] [0.0, 2.0] [0.0, 2.0] [0.0, 2.0] [0.0, 2.0] [0.0, 2.0] [0.0, 2.0] [0.0, 2.0] [0.0, 2.0] [2.0, 2.0] [2.0, 2.0] [2.0, 2.0] [2.0, 2.0] [2.0, 2.0] [2.0, 2.0] [2.0, 2.0] [2.0, 2.0] [2.0, 2.0] [2.0, 2.0] [2.0, 2.0] [2.0, 2.0] [2.0, 2.0] [2.0, 2.0] [2.0, 2.0] [2.0, 2.0] [2.0, 2.0] [2.0, 2.0] [2.0, 2.0] [0.0, 2.0] [0.0, 2.0] [0.0, 2.0] [0.0, 2.0] [0.0, 2.0] [0.0, 2.0] [0.0, 2.0] [0.0, 2.0] [0.0, 2.0] [2.0, 2.0] [2.0, 2.0] [2.0, 2.0] [2.0, 2.0] [2.0, 2.0] [2.0, 2.0] [2.0, 2.0] [2.0, 2.0] [2.0, 2.0] [2.0, 2.0] [2.0, 2.0] [2.0, 2.0] [2.0, 2.0] [2.0, 2.0] [2.0, 2.0] [2.0, 2.0] [2.0, 2.0] [2.0, 2.0] [2.0, 2.0] [2.0, 2.0] [2.0, 2.0] [2.0, 2.0] [2.0, 2.0] [2.0, 2.0] [2.0, 2.0] [2.0, 2.0] [0.0, 2.0] [2.0, 2.0] [0.0, 2.0] [2.0, 2.0] [2.0, 2.0] [0.0, 2.0] [0.0, 2.0] [0.0, 2.0] [0.0, 2.0] [0.0, 2.0] [0.0, 2.0] [0.0, 2.0] [0.0, 2.0] [0.0, 2.0] [0.0, 2.0] [2.0, 2.0] [0.0, 2.0] [0.0, 2.0] [0.0, 2.0] [0.0, 2.0] [0.0, 2.0] [0.0, 2.0] [0.0, 2.0] [0.0, 2.0] [0.0, 2.0] [0.0, 2.0] [0.0, 2.0] [0.0, 2.0] [0.0, 2.0] [0.0, 2.0] [0.0, 2.0] [0.0, 2.0] [0.0, 2.0] [0.0, 2.0] [0.0, 2.0] [0.0, 2.0] [0.0, 2.0] [0.0, 2.0] [0.0, 2.0] [0.0, 2.0] [0.0, 2.0] [0.0, 2.0] [0.0, 2.0] [0.0, 2.0] [0.0, 2.0] [0.0, 2.0] [0.0, 2.0] [0.0, 2.0] [0.0, 2.0] [0.0, 2.0] [0.0, 2.0] [2.0, 2.0] [2.0, 2.0] [2.0, 2.0] [2.0, 2.0] [0.0, 2.0] [0.0, 2.0] [0.0, 2.0] [0.0, 2.0] [0.0, 2.0] [0.0, 2.0] [0.0, 2.0] [0.0, 2.0] [0.0, 2.0] [0.0, 2.0] [0.0, 2.0] [0.0, 2.0] [2.0, 2.0] [0.0, 2.0] [2.0, 2.0] [2.0, 2.0] [2.0, 2.0] [0.0, 2.0] [2.0, 2.0] [2.0, 2.0] [2.0, 2.0] [2.0, 2.0] [2.0, 2.0] [0.0, 2.0] [0.0, 2.0] [0.0, 2.0] [0.0, 2.0] [0.0, 2.0] [0.0, 2.0] [0.0, 2.0] [0.0, 2.0] [0.0, 2.0] [0.0, 2.0] [0.0, 2.0] [0.0, 2.0] [0.0, 2.0] [0.0, 2.0] [0.0, 2.0] [0.0, 2.0] [0.0, 2.0] [0.0, 2.0] [0.0, 2.0] [0.0, 2.0] [0.0, 2.0] [0.0, 2.0] [0.0, 2.0] [0.0, 2.0] [0.0, 2.0] [0.0, 2.0] [0.0, 2.0] [0.0, 2.0] [0.0, 2.0] [0.0, 2.0] [0.0, 2.0] [0.0, 2.0] [0.0, 2.0] [0.0, 2.0] [0.0, 2.0] [0.0, 2.0] [0.0, 2.0] [0.0, 2.0] [0.0, 2.0] [0.0, 2.0] [0.0, 2.0] [0.0, 2.0] [0.0, 2.0] [0.0, 2.0] [0.0, 2.0] [0.0, 2.0] [0.0, 2.0] [0.0, 2.0] [0.0, 2.0] [0.0, 2.0] [0.0, 2.0] [0.0, 2.0] [0.0, 2.0] [0.0, 2.0] [0.0, 2.0] [0.0, 2.0] [0.0, 2.0] [0.0, 2.0] [0.0, 2.0] [0.0, 2.0] [0.0, 2.0] [0.0, 2.0] [0.0, 2.0] [0.0, 2.0] [0.0, 2.0] [0.0, 2.0] [0.0, 2.0] [0.0, 2.0] [0.0, 2.0] [0.0, 2.0] [0.0, 2.0] [0.0, 2.0] [0.0, 2.0] [0.0, 2.0] [0.0, 2.0] [0.0, 2.0] [0.0, 2.0] [0.0, 2.0] [0.0, 2.0] [0.0, 2.0] [0.0, 2.0] [0.0, 2.0] [0.0, 2.0] [0.0, 2.0] [0.0, 2.0] [0.0, 2.0] [0.0, 2.0] [0.0, 2.0] [0.0, 2.0] [0.0, 2.0] [0.0, 2.0] [0.0, 2.0] [0.0, 2.0] [0.0, 2.0] [0.0, 2.0] [0.0, 2.0] [0.0, 2.0] [0.0, 2.0] [0.0, 2.0] [0.0, 2.0] [0.0, 2.0] [0.0, 2.0] [0.0, 2.0] [0.0, 2.0] [0.0, 2.0] [0.0, 2.0] [0.0, 2.0] [0.0, 2.0] [0.0, 2.0] [0.0, 2.0] [0.0, 2.0] [0.0, 2.0] [0.0, 2.0] [0.0, 2.0] [0.0, 2.0] [0.0, 2.0] [0.0, 2.0] [0.0, 2.0] [0.0, 2.0] [0.0, 2.0] [0.0, 2.0] [0.0, 2.0] [0.0, 2.0] [0.0, 2.0] [0.0, 2.0] [0.0, 2.0] [0.0, 2.0] [0.0, 2.0] [0.0, 2.0] [0.0, 2.0] [0.0, 2.0] [0.0, 2.0] [0.0, 2.0] [0.0, 2.0] [0.0, 2.0] [0.0, 2.0] [0.0, 2.0] [0.0, 2.0] [0.0, 2.0] [0.0, 2.0] [0.0, 2.0] [0.0, 2.0] [0.0, 2.0] [0.0, 2.0] [0.0, 2.0] [0.0, 2.0] [0.0, 2.0] [0.0, 2.0] [0.0, 2.0] [0.0, 2.0] [0.0, 2.0] [0.0, 2.0] [0.0, 2.0] [0.0, 2.0] [0.0, 2.0] [0.0, 2.0] [0.0, 2.0] [0.0, 2.0] [0.0, 2.0] [0.0, 2.0] [0.0, 2.0] [0.0, 2.0] [0.0, 2.0] [0.0, 2.0] [0.0, 2.0] [0.0, 2.0] [0.0, 2.0] [0.0, 2.0] [0.0, 2.0] [0.0, 2.0] [0.0, 2.0] [0.0, 2.0] [0.0, 2.0] [0.0, 2.0] [0.0, 2.0] [0.0, 2.0] [0.0, 2.0] [0.0, 2.0] [0.0, 2.0] [0.0, 2.0] [0.0, 2.0] [0.0, 2.0] [0.0, 2.0] [0.0, 2.0] [0.0, 2.0] [0.0, 2.0] [0.0, 2.0] [0.0, 2.0] [0.0, 2.0] [0.0, 2.0] [0.0, 2.0] [0.0, 2.0] [0.0, 2.0] [0.0, 2.0] [0.0, 2.0] [0.0, 2.0] [0.0, 2.0] [0.0, 2.0] [0.0, 2.0] [0.0, 2.0] [0.0, 2.0] [0.0, 2.0] [0.0, 2.0] [0.0, 2.0] [0.0, 2.0] [0.0, 2.0] [0.0, 2.0] [0.0, 2.0] [0.0, 2.0] [0.0, 2.0] [0.0, 2.0] [0.0, 2.0] [0.0, 2.0] [0.0, 2.0] [2.0, 2.0] [0.0, 2.0] [0.0, 2.0] [0.0, 2.0] [0.0, 2.0] [0.0, 2.0] [0.0, 2.0] [0.0, 2.0] [0.0, 2.0] [0.0, 2.0] [0.0, 2.0] [0.0, 2.0] [0.0, 2.0] [0.0, 2.0] [0.0, 2.0] [0.0, 2.0] [0.0, 2.0] [0.0, 2.0] [0.0, 2.0] [0.0, 2.0] [0.0, 2.0] [0.0, 2.0] [0.0, 2.0] [0.0, 2.0] [0.0, 2.0] [0.0, 2.0] [0.0, 2.0] [0.0, 2.0] [0.0, 2.0] [0.0, 2.0] [0.0, 2.0] [0.0, 2.0] [0.0, 2.0] [0.0, 2.0] [0.0, 2.0] [0.0, 2.0] [0.0, 2.0] [0.0, 2.0] [0.0, 2.0] [0.0, 2.0] [0.0, 2.0] [0.0, 2.0] [0.0, 2.0] [0.0, 2.0] [0.0, 2.0] [0.0, 2.0] [0.0, 2.0] [0.0, 2.0] [0.0, 2.0] [0.0, 2.0] [0.0, 2.0] [0.0, 2.0] [0.0, 2.0] [0.0, 2.0] [0.0, 2.0] [0.0, 2.0] [0.0, 2.0] [0.0, 2.0] [0.0, 2.0] [0.0, 2.0] [0.0, 2.0] [0.0, 2.0] [0.0, 2.0] [0.0, 2.0] [0.0, 2.0] [0.0, 2.0] [0.0, 2.0] [0.0, 2.0] [0.0, 2.0] [0.0, 2.0] [0.0, 2.0] [0.0, 2.0] [0.0, 2.0] [0.0, 2.0] [0.0, 2.0] [0.0, 2.0] [0.0, 2.0] [0.0, 2.0] [0.0, 2.0] [0.0, 2.0] [0.0, 2.0] [0.0, 2.0] [0.0, 2.0] [0.0, 2.0] [0.0, 2.0] [0.0, 2.0] [0.0, 2.0] [0.0, 2.0] [0.0, 2.0] [0.0, 2.0] [0.0, 2.0] [0.0, 2.0] [0.0, 2.0] 
    3: [0.0, 2.0] [0.0, 2.0] [0.0, 2.0] [0.0, 2.0] [0.0, 2.0] [0.0, 2.0] [0.0, 2.0] [0.0, 2.0] [0.0, 2.0] [0.0, 2.0] [0.0, 2.0] [0.0, 2.0] [0.0, 2.0] [0.0, 2.0] [0.0, 2.0] [0.0, 2.0] [0.0, 2.0] [0.0, 2.0] [0.0, 2.0] [0.0, 2.0] [0.0, 2.0] [0.0, 2.0] [0.0, 2.0] [0.0, 2.0] [0.0, 2.0] [0.0, 2.0] [0.0, 2.0] [0.0, 2.0] [0.0, 2.0] [0.0, 2.0] [0.0, 2.0] [0.0, 2.0] [0.0, 2.0] [0.0, 2.0] [0.0, 2.0] [0.0, 2.0] [0.0, 2.0] [0.0, 2.0] [0.0, 2.0] [0.0, 2.0] [0.0, 2.0] [0.0, 2.0] [0.0, 2.0] [0.0, 2.0] [0.0, 2.0] [0.0, 2.0] [0.0, 2.0] [0.0, 2.0] [0.0, 2.0] [0.0, 2.0] [0.0, 2.0] [0.0, 2.0] [0.0, 2.0] [0.0, 2.0] [0.0, 2.0] [0.0, 2.0] [0.0, 2.0] [0.0, 2.0] [0.0, 2.0] [0.0, 2.0] [0.0, 2.0] [0.0, 2.0] [0.0, 2.0] [0.0, 2.0] [0.0, 2.0] [0.0, 2.0] [0.0, 2.0] [0.0, 2.0] [0.0, 2.0] [0.0, 2.0] [0.0, 2.0] [0.0, 2.0] [0.0, 2.0] [0.0, 2.0] [0.0, 2.0] [0.0, 2.0] [0.0, 2.0] [0.0, 2.0] [0.0, 2.0] [0.0, 2.0] [0.0, 2.0] [0.0, 2.0] [0.0, 2.0] [0.0, 2.0] [0.0, 2.0] [0.0, 2.0] [0.0, 2.0] [0.0, 2.0] [0.0, 2.0] [0.0, 2.0] [0.0, 2.0] [0.0, 2.0] [0.0, 2.0] [0.0, 2.0] [0.0, 2.0] [0.0, 2.0] [0.0, 2.0] [0.0, 2.0] [0.0, 2.0] [0.0, 2.0] [0.0, 2.0] [0.0, 2.0] [0.0, 2.0] [0.0, 2.0] [0.0, 2.0] [0.0, 2.0] [0.0, 2.0] [0.0, 2.0] [0.0, 2.0] [0.0, 2.0] [0.0, 2.0] [0.0, 2.0] [0.0, 2.0] [0.0, 2.0] [0.0, 2.0] [0.0, 2.0] [0.0, 2.0] [0.0, 2.0] [0.0, 2.0] [0.0, 2.0] [0.0, 2.0] [0.0, 2.0] [0.0, 2.0] [0.0, 2.0] [0.0, 2.0] [0.0, 2.0] [0.0, 2.0] [0.0, 2.0] [0.0, 2.0] [0.0, 2.0] [0.0, 2.0] [0.0, 2.0] [0.0, 2.0] [0.0, 2.0] [0.0, 2.0] [0.0, 2.0] [0.0, 2.0] [0.0, 2.0] [0.0, 2.0] [0.0, 2.0] [0.0, 2.0] [0.0, 2.0] [0.0, 2.0] [0.0, 2.0] [2.0, 2.0] [0.0, 2.0] [0.0, 2.0] [0.0, 2.0] [0.0, 2.0] [0.0, 2.0] [0.0, 2.0] [0.0, 2.0] [0.0, 2.0] [0.0, 2.0] [0.0, 2.0] [0.0, 2.0] [0.0, 2.0] [0.0, 2.0] [0.0, 2.0] [0.0, 2.0] [0.0, 2.0] [0.0, 2.0] [0.0, 2.0] [0.0, 2.0] [0.0, 2.0] [0.0, 2.0] [0.0, 2.0] [0.0, 2.0] [0.0, 2.0] [0.0, 2.0] [0.0, 2.0] [0.0, 2.0] [0.0, 2.0] [0.0, 2.0] [0.0, 2.0] [0.0, 2.0] [0.0, 2.0] [0.0, 2.0] [0.0, 2.0] [0.0, 2.0] [0.0, 2.0] [0.0, 2.0] [0.0, 2.0] [0.0, 2.0] [0.0, 2.0] [0.0, 2.0] [2.0, 2.0] [2.0, 2.0] [0.0, 2.0] [0.0, 2.0] [0.0, 2.0] [0.0, 2.0] [0.0, 2.0] [2.0, 2.0] [0.0, 2.0] [0.0, 2.0] [0.0, 2.0] [0.0, 2.0] [0.0, 2.0] [0.0, 2.0] [0.0, 2.0] [0.0, 2.0] [0.0, 2.0] [0.0, 2.0] [0.0, 2.0] [0.0, 2.0] [0.0, 2.0] [0.0, 2.0] [0.0, 2.0] [0.0, 2.0] [0.0, 2.0] [0.0, 2.0] [0.0, 2.0] [0.0, 2.0] [0.0, 2.0] [0.0, 2.0] [0.0, 2.0] [0.0, 2.0] [0.0, 2.0] [0.0, 2.0] [0.0, 2.0] [0.0, 2.0] [0.0, 2.0] [0.0, 2.0] [0.0, 2.0] [2.0, 2.0] [0.0, 2.0] [0.0, 2.0] [0.0, 2.0] [0.0, 2.0] [0.0, 2.0] [0.0, 2.0] [0.0, 2.0] [0.0, 2.0] [0.0, 2.0] [0.0, 2.0] [2.0, 2.0] [0.0, 2.0] [0.0, 2.0] [0.0, 2.0] [0.0, 2.0] [0.0, 2.0] [0.0, 2.0] [0.0, 2.0] [0.0, 2.0] [0.0, 2.0] [0.0, 2.0] [0.0, 2.0] [0.0, 2.0] [0.0, 2.0] [0.0, 2.0] [0.0, 2.0] [0.0, 2.0] [0.0, 2.0] [0.0, 2.0] [0.0, 2.0] [0.0, 2.0] [0.0, 2.0] [0.0, 2.0] [0.0, 2.0] [0.0, 2.0] [0.0, 2.0] [0.0, 2.0] [0.0, 2.0] [0.0, 2.0] [0.0, 2.0] [0.0, 2.0] [0.0, 2.0] [0.0, 2.0] [0.0, 2.0] [0.0, 2.0] [0.0, 2.0] [0.0, 2.0] [0.0, 2.0] [0.0, 2.0] [0.0, 2.0] [0.0, 2.0] [0.0, 2.0] [0.0, 2.0] [0.0, 2.0] [0.0, 2.0] [0.0, 2.0] [0.0, 2.0] [0.0, 2.0] [0.0, 2.0] [0.0, 2.0] [0.0, 2.0] [0.0, 2.0] [0.0, 2.0] [0.0, 2.0] [0.0, 2.0] [0.0, 2.0] [0.0, 2.0] [0.0, 2.0] [0.0, 2.0] [0.0, 2.0] [0.0, 2.0] [0.0, 2.0] [0.0, 2.0] [0.0, 2.0] [0.0, 2.0] [0.0, 2.0] [0.0, 2.0] [0.0, 2.0] [0.0, 2.0] [0.0, 2.0] [0.0, 2.0] [0.0, 2.0] [0.0, 2.0] [0.0, 2.0] [0.0, 2.0] [0.0, 2.0] [0.0, 2.0] [0.0, 2.0] [0.0, 2.0] [0.0, 2.0] [0.0, 2.0] [0.0, 2.0] [0.0, 2.0] [0.0, 2.0] [0.0, 2.0] [0.0, 2.0] [0.0, 2.0] [0.0, 2.0] [0.0, 2.0] [0.0, 2.0] [0.0, 2.0] [0.0, 2.0] [0.0, 2.0] [0.0, 2.0] [0.0, 2.0] [0.0, 2.0] [0.0, 2.0] [2.0, 2.0] [0.0, 2.0] [0.0, 2.0] [0.0, 2.0] [0.0, 2.0] [0.0, 2.0] [0.0, 2.0] [0.0, 2.0] [0.0, 2.0] [2.0, 2.0] [0.0, 2.0] [0.0, 2.0] [0.0, 2.0] [0.0, 2.0] [0.0, 2.0] [0.0, 2.0] [0.0, 2.0] [0.0, 2.0] [0.0, 2.0] [0.0, 2.0] [0.0, 2.0] [0.0, 2.0] [0.0, 2.0] [0.0, 2.0] [2.0, 2.0] [0.0, 2.0] [0.0, 2.0] [0.0, 2.0] [0.0, 2.0] [0.0, 2.0] [0.0, 2.0] [0.0, 2.0] [2.0, 2.0] [2.0, 2.0] [2.0, 2.0] [0.0, 2.0] [0.0, 2.0] [0.0, 2.0] [0.0, 2.0] [0.0, 2.0] [0.0, 2.0] [0.0, 2.0] [0.0, 2.0] [0.0, 2.0] [0.0, 2.0] [0.0, 2.0] [0.0, 2.0] [0.0, 2.0] [0.0, 2.0] [0.0, 2.0] [0.0, 2.0] [0.0, 2.0] [0.0, 2.0] [0.0, 2.0] [0.0, 2.0] [0.0, 2.0] [0.0, 2.0] [0.0, 2.0] [0.0, 2.0] [0.0, 2.0] [0.0, 2.0] [0.0, 2.0] [0.0, 2.0] [0.0, 2.0] [0.0, 2.0] [0.0, 2.0] [0.0, 2.0] [0.0, 2.0] [0.0, 2.0] [0.0, 2.0] [0.0, 2.0] [0.0, 2.0] [0.0, 2.0] [0.0, 2.0] [0.0, 2.0] [0.0, 2.0] [0.0, 2.0] [0.0, 2.0] [0.0, 2.0] [0.0, 2.0] [0.0, 2.0] [0.0, 2.0] [0.0, 2.0] [0.0, 2.0] [0.0, 2.0] [0.0, 2.0] [0.0, 2.0] [0.0, 2.0] [0.0, 2.0] [0.0, 2.0] [0.0, 2.0] [0.0, 2.0] [0.0, 2.0] [0.0, 2.0] [0.0, 2.0] [0.0, 2.0] [0.0, 2.0] [0.0, 2.0] [0.0, 2.0] [0.0, 2.0] [0.0, 2.0] [0.0, 2.0] [0.0, 2.0] [0.0, 2.0] [0.0, 2.0] [0.0, 2.0] [0.0, 2.0] [0.0, 2.0] [0.0, 2.0] [0.0, 2.0] [0.0, 2.0] [0.0, 2.0] [0.0, 2.0] [0.0, 2.0] [0.0, 2.0] [0.0, 2.0] [0.0, 2.0] [2.0, 2.0] [0.0, 2.0] [0.0, 2.0] [0.0, 2.0] [2.0, 2.0] [0.0, 2.0] [2.0, 2.0] [0.0, 2.0] [0.0, 2.0] 
  Output fraction of data:
choice: (0.434 0.482 0.388 0.470 0.439 0.634 0.486 0.594 0.510 0.471 0.513 0.469 0.408 0.607 0.387 0.603 0.515 0.387 0.478 0.430 0.466 0.494 0.521 0.545 0.432 0.554 0.551 0.632 0.455 0.486 0.502 0.535 0.436 0.482 0.350 0.290 0.481 0.518 0.503 0.454 0.405 0.446 0.413 0.445 0.511 0.512 0.713 0.602 0.528 0.601 0.686 0.512 0.553 0.364 0.431 0.469 0.393 0.475 0.346 0.517 0.569 0.587 0.543 0.710 0.406 0.273 0.294 0.539 0.457 0.432 0.490 0.416 0.396 0.512 0.537 0.598 0.465 0.710 0.639 0.504 0.624 0.708 0.713 0.582 0.205 0.743 0.657 0.654 0.647 0.481 0.500 0.521 0.584 0.630 0.529 0.595 0.373 0.508 0.514 0.431 0.551 0.381 0.491 0.547 0.695 0.365 0.449 0.547 0.432 0.467 0.368 0.422 0.417 0.587 0.490 0.405 0.670 0.597 0.493 0.607 0.637 0.613 0.529 0.515 0.531 0.520 0.454 0.485 0.578 0.526 0.607 0.733 0.513 0.605 0.436 0.446 0.545 0.380 0.354 0.381 0.499 0.566 0.507 0.506 0.512 0.435 0.626 0.765 0.628 0.613 0.510 0.486 0.445 0.482 0.477 0.781 0.660 0.544 0.535 0.641 0.501 0.425 0.487 0.653 0.533 0.541 0.478 0.488 0.577 0.453 0.561 0.398 0.384 0.560 0.574 0.577 0.588 0.632 0.555 0.548 0.606 0.493 0.495 0.550 0.362 0.475 0.635 0.582 0.425 0.584 0.492 0.646 0.497 0.276 0.339 0.842 0.629 0.450 0.467 0.530 0.551 0.590 0.584 0.639 0.400 0.412 0.693 0.447 0.423 0.491 0.611 0.600 0.528 0.631 0.609 0.603 0.469 0.431 0.420 0.513 0.406 0.477 0.468 0.482 0.420 0.551 0.485 0.312 0.216 0.322 0.561 0.369 0.409 0.447 0.534 0.596 0.631 0.535 0.342 0.376 0.668 0.284 0.330 0.577 0.595 0.521 0.518 0.496 0.407 0.779 0.466 0.906 0.517 0.542 0.629 0.434 0.472 0.474 0.555 0.410 0.421 0.552 0.500 0.373 0.529 0.392 0.359 0.577 0.230 0.353 0.301 0.402 0.378 0.453 0.401 0.594 0.467 0.524 0.474 0.393 0.538 0.326 0.357 0.408 0.421 0.444 0.529 0.499 0.559 0.539 0.509 0.486 0.523 0.597 0.522 0.632 0.470 0.619 0.312 0.493 0.220 0.515 0.354 0.482 0.288 0.267 0.522 0.339 0.506 0.469 0.460 0.594 0.442 0.592 0.482 0.499 0.407 0.534 0.427 0.472 0.567 0.481 0.435 0.350 0.438 0.296 0.398 0.426 0.446 0.685 0.603 0.438 0.569 0.681 0.581 0.380 0.433 0.369 0.305 0.426 0.333 0.486 0.552 0.443 0.434 0.485 0.678 0.315 0.429 0.298 0.359 0.588 0.434 0.579 0.519 0.499 0.529 0.512 0.387 0.455 0.487 0.404 0.423 0.572 0.659 0.489 0.335 0.535 0.325 0.347 0.548 0.420 0.484 0.639 0.489 0.560 0.525 0.566 0.557 0.338 0.432 0.617 0.451 0.626 0.535 0.635 0.415 0.504 0.681 0.474 0.520 0.405 0.502 0.416 0.544 0.608 0.516 0.452 0.517 0.539 0.601 0.579 0.576 0.641 0.670 0.601 0.429 0.415 0.506 0.458 0.396 0.455 0.395 0.466 0.581 0.499 0.550 0.550 0.568 0.521 0.549 0.490 0.515 0.451 0.582 0.500 0.574 0.492 0.558 0.290 0.532 0.549 0.440 0.443 0.466 0.555 0.557 0.482 0.637 0.559 0.717 0.592 0.591 0.476 0.586 0.470 0.448 0.541 0.442 0.464 0.533 0.401 0.436 0.605 0.540 0.443 0.511 0.480 0.587)  0.566 0.518 0.612 0.530 0.561 0.366 0.514 0.406 0.490 0.529 0.487 0.531 0.592 0.393 0.613 0.397 0.485 0.613 0.522 0.570 0.534 0.506 0.479 0.455 0.568 0.446 0.449 0.368 0.545 0.514 0.498 0.465 0.564 0.518 0.650 0.710 0.519 0.482 0.497 0.546 0.595 0.554 0.587 0.555 0.489 0.488 0.287 0.398 0.472 0.399 0.314 0.488 0.447 0.636 0.569 0.531 0.607 0.525 0.654 0.483 0.431 0.413 0.457 0.290 0.594 0.727 0.706 0.461 0.543 0.568 0.510 0.584 0.604 0.488 0.463 0.402 0.535 0.290 0.361 0.496 0.376 0.292 0.287 0.418 0.795 0.257 0.343 0.346 0.353 0.519 0.500 0.479 0.416 0.370 0.471 0.405 0.627 0.492 0.486 0.569 0.449 0.619 0.509 0.453 0.305 0.635 0.551 0.453 0.568 0.533 0.632 0.578 0.583 0.413 0.510 0.595 0.330 0.403 0.507 0.393 0.363 0.387 0.471 0.485 0.469 0.480 0.546 0.515 0.422 0.474 0.393 0.267 0.487 0.395 0.564 0.554 0.455 0.620 0.646 0.619 0.501 0.434 0.493 0.494 0.488 0.565 0.374 0.235 0.372 0.387 0.490 0.514 0.555 0.518 0.523 0.219 0.340 0.456 0.465 0.359 0.499 0.575 0.513 0.347 0.467 0.459 0.522 0.512 0.423 0.547 0.439 0.602 0.616 0.440 0.426 0.423 0.412 0.368 0.445 0.452 0.394 0.507 0.505 0.450 0.638 0.525 0.365 0.418 0.575 0.416 0.508 0.354 0.503 0.724 0.661 0.158 0.371 0.550 0.533 0.470 0.449 0.410 0.416 0.361 0.600 0.588 0.307 0.553 0.577 0.509 0.389 0.400 0.472 0.369 0.391 0.397 0.531 0.569 0.580 0.487 0.594 0.523 0.532 0.518 0.580 0.449 0.515 0.688 0.784 0.678 0.439 0.631 0.591 0.553 0.466 0.404 0.369 0.465 0.658 0.624 0.332 0.716 0.670 0.423 0.405 0.479 0.482 0.504 0.593 0.221 0.534 0.094 0.483 0.458 0.371 0.566 0.528 0.526 0.445 0.590 0.579 0.448 0.500 0.627 0.471 0.608 0.641 0.423 0.770 0.647 0.699 0.598 0.622 0.547 0.599 0.406 0.533 0.476 0.526 0.607 0.462 0.674 0.643 0.592 0.579 0.556 0.471 0.501 0.441 0.461 0.491 0.514 0.477 0.403 0.478 0.368 0.530 0.381 0.688 0.507 0.780 0.485 0.646 0.518 0.712 0.733 0.478 0.661 0.494 0.531 0.540 0.406 0.558 0.408 0.518 0.501 0.593 0.466 0.573 0.528 0.433 0.519 0.565 0.650 0.562 0.704 0.602 0.574 0.554 0.315 0.397 0.562 0.431 0.319 0.419 0.620 0.567 0.631 0.695 0.574 0.667 0.514 0.448 0.557 0.566 0.515 0.322 0.685 0.571 0.702 0.641 0.412 0.566 0.421 0.481 0.501 0.471 0.488 0.613 0.545 0.513 0.596 0.577 0.428 0.341 0.511 0.665 0.465 0.675 0.653 0.452 0.580 0.516 0.361 0.511 0.440 0.475 0.434 0.443 0.662 0.568 0.383 0.549 0.374 0.465 0.365 0.585 0.496 0.319 0.526 0.480 0.595 0.497 0.584 0.456 0.392 0.484 0.548 0.483 0.461 0.399 0.421 0.424 0.359 0.330 0.399 0.571 0.585 0.494 0.542 0.604 0.545 0.605 0.534 0.419 0.501 0.450 0.450 0.432 0.479 0.451 0.510 0.485 0.549 0.418 0.500 0.426 0.508 0.442 0.710 0.468 0.451 0.560 0.557 0.534 0.445 0.443 0.518 0.363 0.441 0.283 0.408 0.409 0.524 0.414 0.530 0.552 0.459 0.558 0.536 0.467 0.599 0.564 0.395 0.460 0.557 0.489 0.520 0.413)  
prior_probability_left: (0.371 0.421 0.375 0.451 0.429 0.340 0.299 0.426 0.406 0.454 0.416 0.310 0.426 0.429 0.424 0.429 0.429 0.452 0.302 0.418 0.492 0.463 0.365 0.449 0.524 0.424 0.442 0.304 0.444 0.459 0.351 0.295 0.373 0.367 0.429 0.488 0.411 0.307 0.463 0.425 0.437 0.388 0.433 0.385 0.468 0.441 0.304 0.449 0.505 0.406 0.299 0.455 0.386 0.419 0.390 0.297 0.459 0.366 0.504 0.377 0.428 0.360 0.406 0.355 0.425 0.530 0.473 0.441 0.432 0.396 0.383 0.405 0.316 0.443 0.408 0.397 0.387 0.311 0.421 0.393 0.424 0.402 0.415 0.425 0.410 0.437 0.375 0.444 0.290 0.333 0.460 0.390 0.464 0.439 0.440 0.400 0.524 0.427 0.428 0.314 0.471 0.406 0.367 0.406 0.305 0.419 0.489 0.340 0.390 0.421 0.301 0.470 0.430 0.322 0.407 0.422 0.441 0.425 0.307 0.426 0.431 0.299 0.437 0.447 0.418 0.369 0.524 0.456 0.340 0.415 0.453 0.287 0.377 0.307 0.412 0.462 0.462 0.412 0.405 0.482 0.284 0.399 0.426 0.431 0.464 0.463 0.304 0.372 0.506 0.473 0.406 0.376 0.454 0.433 0.411 0.300 0.304 0.321 0.372 0.450 0.442 0.523 0.453 0.378 0.443 0.469 0.478 0.420 0.459 0.405 0.396 0.450 0.558 0.381 0.505 0.469 0.418 0.282 0.420 0.449 0.304 0.407 0.456 0.457 0.415 0.393 0.433 0.450 0.415 0.389 0.454 0.318 0.323 0.454 0.351 0.337 0.429 0.426 0.366 0.376 0.281 0.338 0.409 0.394 0.432 0.426 0.289 0.499 0.467 0.534 0.389 0.325 0.417 0.418 0.289 0.401 0.464 0.434 0.507 0.403 0.456 0.425 0.332 0.504 0.442 0.476 0.458 0.484 0.421 0.409 0.450 0.419 0.426 0.300 0.424 0.323 0.394 0.399 0.318 0.429 0.362 0.444 0.420 0.427 0.420 0.458 0.288 0.429 0.468 0.431 0.435 0.309 0.466 0.460 0.461 0.441 0.423 0.317 0.365 0.463 0.454 0.417 0.416 0.458 0.452 0.443 0.447 0.426 0.467 0.456 0.458 0.464 0.390 0.300 0.441 0.416 0.456 0.452 0.459 0.473 0.427 0.503 0.468 0.384 0.427 0.429 0.399 0.304 0.390 0.422 0.375 0.517 0.404 0.454 0.428 0.335 0.525 0.430 0.414 0.474 0.458 0.440 0.319 0.503 0.393 0.406 0.418 0.431 0.456 0.440 0.367 0.403 0.422 0.397 0.412 0.310 0.426 0.440 0.550 0.424 0.387 0.312 0.462 0.370 0.422 0.416 0.509 0.413 0.491 0.411 0.451 0.504 0.425 0.420 0.323 0.403 0.433 0.439 0.451 0.408 0.440 0.304 0.452 0.418 0.487 0.372 0.435 0.523 0.419 0.466 0.417 0.447 0.301 0.286 0.443 0.452 0.427 0.404 0.552 0.474 0.410 0.472 0.379 0.409 0.460 0.426 0.296 0.404 0.507 0.502 0.411 0.313 0.401 0.413 0.441 0.459 0.284 0.368 0.410 0.444 0.386 0.473 0.418 0.502 0.375 0.282 0.489 0.449 0.303 0.449 0.299 0.525 0.435 0.473 0.424 0.372 0.320 0.511 0.472 0.465 0.424 0.448 0.424 0.435 0.336 0.432 0.374 0.497 0.470 0.394 0.496 0.469 0.503 0.457 0.430 0.441 0.299 0.389 0.346 0.456 0.407 0.416 0.297 0.388 0.400 0.322 0.322 0.452 0.375 0.390 0.416 0.472 0.452 0.424 0.428 0.411 0.423 0.440 0.417 0.447 0.330 0.406 0.417 0.465 0.390 0.480 0.417 0.434 0.292 0.525 0.374 0.456 0.400 0.303 0.426 0.446 0.431 0.381 0.375)  0.168 0.114 0.227 0.122 0.221 0.110 0.228 0.109 0.230 0.158 0.125 0.134 0.121 0.116 0.118 0.130 0.145 0.172 0.223 0.184 0.117 0.126 0.145 0.167 0.122 0.097 0.128 0.119 0.103 0.152 0.142 0.174 0.143 0.176 0.192 0.144 0.150 0.148 0.154 0.114 0.129 0.108 0.099 0.082 0.161 0.133 0.171 0.136 0.142 0.197 0.172 0.143 0.156 0.184 0.214 0.143 0.153 0.133 0.127 0.180 0.119 0.097 0.196 0.179 0.215 0.161 0.137 0.219 0.163 0.154 0.168 0.164 0.137 0.169 0.181 0.190 0.171 0.184 0.185 0.221 0.102 0.076 0.087 0.090 0.197 0.222 0.179 0.226 0.219 0.217 0.211 0.190 0.149 0.100 0.154 0.153 0.175 0.128 0.189 0.136 0.184 0.205 0.178 0.078 0.132 0.197 0.116 0.110 0.171 0.107 0.178 0.100 0.189 0.155 0.179 0.107 0.161 0.129 0.148 0.099 0.154 0.167 0.192 0.120 0.115 0.213 0.143 0.138 0.110 0.090 0.142 0.124 0.165 0.148 0.197 0.159 0.206 0.181 0.228 0.193 0.233 0.211 0.120 0.215 0.108 0.103 0.139 0.151 0.215 0.111 0.228 0.165 0.158 0.117 0.206 0.224 0.119 0.190 0.178 0.127 0.127 0.163 0.147 0.155 0.169 0.180 0.228 0.212 0.189 0.205 0.212 0.124 0.159 0.152 0.152 0.081 0.091 0.210 0.158 0.136 0.146 0.199 0.221 0.124 0.177 0.172 0.130 0.223 0.149 0.220 0.172 0.188 0.166 0.205 0.102 0.163 0.110 0.195 0.174 0.165 0.207 0.113 0.208 0.110 0.112 0.114 0.121 0.166 0.081 0.099 0.140 0.192 0.103 0.211 0.203 0.224 0.217 0.224 0.150 0.205 0.144 0.089 0.160 0.099 0.164 0.145 0.164 0.224 0.185 0.095 0.191 0.160 0.121 0.130 0.114 0.155 0.224 0.175 0.136 0.116 0.089 0.141 0.106 0.106 0.187 0.150 0.205 0.116 0.181 0.130 0.131 0.197 0.215 0.196 0.142 0.198 0.108 0.153 0.085 0.154 0.137 0.097 0.090 0.174 0.126 0.138 0.135 0.115 0.177 0.189 0.174 0.140 0.169 0.144 0.138 0.112 0.143 0.142 0.144 0.159 0.158 0.149 0.128 0.169 0.119 0.121 0.224 0.224 0.171 0.120 0.165 0.074 0.178 0.139 0.059 0.164 0.083 0.091 0.178 0.079 0.174 0.070 0.153 0.075 0.220 0.205 0.088 0.224 0.101 0.093 0.089 0.085 0.105 0.108 0.181 0.134 0.195 0.101 0.093 0.102 0.082 0.135 0.155 0.162 0.089 0.125 0.086 0.102 0.095 0.104 0.148 0.112 0.101 0.117 0.115 0.164 0.131 0.222 0.142 0.203 0.133 0.186 0.134 0.126 0.142 0.163 0.199 0.144 0.097 0.154 0.149 0.157 0.227 0.234 0.140 0.145 0.118 0.084 0.093 0.109 0.134 0.138 0.158 0.072 0.063 0.097 0.218 0.147 0.152 0.143 0.209 0.136 0.093 0.212 0.167 0.143 0.233 0.175 0.200 0.227 0.188 0.120 0.198 0.143 0.212 0.225 0.229 0.191 0.180 0.224 0.226 0.088 0.225 0.112 0.089 0.175 0.154 0.213 0.111 0.099 0.089 0.158 0.109 0.120 0.101 0.105 0.227 0.147 0.179 0.192 0.167 0.178 0.114 0.204 0.091 0.133 0.177 0.139 0.099 0.189 0.180 0.103 0.143 0.217 0.084 0.155 0.167 0.139 0.167 0.214 0.103 0.211 0.206 0.186 0.129 0.162 0.105 0.162 0.108 0.141 0.107 0.151 0.112 0.140 0.109 0.121 0.113 0.163 0.126 0.138 0.164 0.138 0.202 0.131 0.106 0.169 0.224 0.164 0.088)  0.462 0.465 0.398 0.427 0.350 0.550 0.473 0.465 0.365 0.389 0.459 0.555 0.452 0.456 0.458 0.441 0.426 0.376 0.475 0.398 0.391 0.410 0.490 0.384 0.354 0.479 0.430 0.577 0.453 0.390 0.506 0.531 0.484 0.457 0.380 0.368 0.439 0.546 0.383 0.461 0.434 0.504 0.468 0.533 0.371 0.426 0.525 0.416 0.353 0.397 0.529 0.402 0.458 0.397 0.395 0.560 0.388 0.501 0.370 0.443 0.452 0.543 0.397 0.466 0.360 0.309 0.390 0.340 0.405 0.451 0.449 0.431 0.548 0.388 0.410 0.412 0.442 0.505 0.394 0.386 0.475 0.522 0.499 0.486 0.393 0.341 0.446 0.331 0.491 0.449 0.329 0.420 0.387 0.461 0.406 0.447 0.301 0.445 0.384 0.551 0.345 0.388 0.456 0.516 0.564 0.384 0.395 0.550 0.438 0.472 0.521 0.430 0.382 0.523 0.415 0.472 0.398 0.446 0.545 0.475 0.415 0.534 0.371 0.433 0.468 0.417 0.333 0.406 0.550 0.495 0.405 0.588 0.458 0.546 0.390 0.379 0.332 0.406 0.367 0.325 0.483 0.390 0.453 0.354 0.428 0.434 0.558 0.477 0.279 0.416 0.365 0.459 0.387 0.451 0.383 0.476 0.577 0.489 0.450 0.423 0.431 0.314 0.401 0.466 0.388 0.351 0.294 0.368 0.352 0.390 0.392 0.426 0.283 0.467 0.343 0.451 0.491 0.508 0.422 0.415 0.550 0.394 0.324 0.419 0.407 0.435 0.437 0.327 0.436 0.391 0.374 0.494 0.510 0.340 0.547 0.500 0.460 0.379 0.459 0.459 0.512 0.550 0.383 0.496 0.456 0.460 0.590 0.335 0.451 0.367 0.471 0.483 0.480 0.371 0.508 0.374 0.319 0.342 0.343 0.392 0.400 0.486 0.509 0.396 0.394 0.379 0.378 0.292 0.394 0.496 0.359 0.421 0.452 0.571 0.462 0.522 0.382 0.426 0.547 0.455 0.548 0.414 0.474 0.467 0.393 0.393 0.507 0.455 0.351 0.438 0.434 0.493 0.320 0.344 0.397 0.361 0.469 0.530 0.550 0.383 0.409 0.486 0.495 0.369 0.422 0.418 0.419 0.459 0.356 0.355 0.369 0.397 0.441 0.555 0.421 0.471 0.402 0.406 0.397 0.369 0.415 0.348 0.404 0.448 0.454 0.450 0.377 0.471 0.439 0.458 0.460 0.409 0.418 0.407 0.512 0.501 0.393 0.479 0.408 0.447 0.369 0.490 0.528 0.422 0.388 0.388 0.494 0.344 0.443 0.467 0.544 0.512 0.473 0.495 0.408 0.557 0.379 0.458 0.357 0.474 0.531 0.553 0.383 0.468 0.488 0.459 0.405 0.485 0.414 0.485 0.402 0.384 0.475 0.462 0.562 0.432 0.436 0.339 0.407 0.390 0.427 0.510 0.414 0.456 0.371 0.465 0.366 0.333 0.483 0.380 0.435 0.396 0.472 0.481 0.418 0.403 0.455 0.512 0.355 0.417 0.455 0.390 0.463 0.519 0.478 0.476 0.485 0.450 0.342 0.355 0.381 0.551 0.506 0.375 0.393 0.397 0.483 0.457 0.390 0.328 0.426 0.407 0.385 0.355 0.413 0.492 0.282 0.360 0.517 0.327 0.475 0.387 0.340 0.415 0.486 0.452 0.526 0.277 0.417 0.436 0.487 0.394 0.467 0.445 0.563 0.463 0.399 0.356 0.351 0.414 0.337 0.352 0.382 0.339 0.479 0.425 0.525 0.472 0.555 0.355 0.413 0.481 0.560 0.395 0.516 0.522 0.511 0.409 0.458 0.395 0.481 0.317 0.342 0.389 0.443 0.427 0.472 0.397 0.476 0.412 0.563 0.443 0.471 0.395 0.501 0.399 0.470 0.403 0.582 0.337 0.462 0.406 0.398 0.566 0.468 0.384 0.344 0.455 0.537)  
wheel_speed_bin: (0.195 0.285 0.171 0.290 0.167 0.238 0.189 0.244 0.095 0.116 0.238 0.543 0.227 0.223 0.227 0.277 0.503 0.522 0.230 0.197 0.000 0.000 0.000 0.000 0.000 0.000 0.000 0.000 0.000 0.000 0.000 0.000 0.000 0.000 0.000 0.000 0.000 0.000 0.000 0.197 0.194 0.561 0.226 0.206 0.555 0.197 0.190 0.609 0.000 0.000 0.000 0.000 0.000 0.000 0.000 0.000 0.000 0.000 0.000 0.000 0.000 0.000 0.000 0.000 0.000 0.000 0.000 0.000 0.000 0.000 0.000 0.000 0.000 0.000 0.644 0.000 0.174 0.000 0.000 0.156 0.521 0.260 0.252 0.260 0.508 0.134 0.240 0.144 0.129 0.000 0.193 0.162 0.244 0.224 0.210 0.188 0.603 0.231 0.274 0.215 0.235 0.171 0.215 0.162 0.468 0.568 0.260 0.250 0.214 0.211 0.183 0.218 0.206 0.553 0.189 0.548 0.240 0.260 0.167 0.216 0.160 0.158 0.718 0.239 0.242 0.000 0.000 0.000 0.000 0.244 0.247 0.253 0.257 0.246 0.230 0.222 0.140 0.244 0.214 0.218 0.222 0.000 0.227 0.000 0.000 0.000 0.200 0.000 0.000 0.000 0.000 0.000 0.527 0.552 0.290 0.161 0.250 0.456 0.428 0.221 0.495 0.225 0.233 0.247 0.263 0.243 0.246 0.678 0.266 0.276 0.286 0.646 0.738 0.228 0.672 0.186 0.202 0.721 0.188 0.618 0.531 0.584 0.547 0.240 0.221 0.498 0.218 0.579 0.616 0.582 0.201 0.210 0.605 0.204 0.217 0.187 0.219 0.489 0.261 0.249 0.258 0.617 0.122 0.250 0.254 0.571 0.248 0.512 0.288 0.274 0.239 0.264 0.271 0.208 0.259 0.253 0.523 0.482 0.249 0.602 0.206 0.519 0.206 0.220 0.573 0.217 0.226 0.166 0.505 0.231 0.256 0.222 0.205 0.153 0.259 0.669 0.165 0.674 0.168 0.562 0.216 0.178 0.201 0.607 0.643 0.198 0.200 0.230 0.246 0.218 0.203 0.179 0.582 0.242 0.522 0.191 0.197 0.574 0.452 0.227 0.259 0.234 0.266 0.244 0.224 0.225 0.233 0.221 0.533 0.246 0.210 0.238 0.246 0.517 0.235 0.248 0.527 0.229 0.199 0.482 0.539 0.495 0.500 0.241 0.235 0.225 0.196 0.605 0.568 0.210 0.227 0.223 0.213 0.186 0.236 0.211 0.231 0.195 0.250 0.227 0.242 0.234 0.239 0.219 0.229 0.227 0.191 0.156 0.160 0.591 0.626 0.229 0.630 0.219 0.118 0.270 0.096 0.207 0.709 0.206 0.184 0.206 0.137 0.770 0.209 0.212 0.208 0.189 0.621 0.616 0.143 0.210 0.564 0.166 0.205 0.132 0.152 0.141 0.555 0.191 0.194 0.219 0.177 0.198 0.569 0.590 0.123 0.208 0.233 0.206 0.223 0.168 0.215 0.173 0.165 0.210 0.168 0.227 0.203 0.238 0.205 0.199 0.166 0.255 0.246 0.209 0.000 0.181 0.577 0.208 0.176 0.567 0.226 0.192 0.202 0.491 0.598 0.199 0.536 0.166 0.179 0.248 0.182 0.232 0.196 0.207 0.155 0.534 0.605 0.171 0.159 0.250 0.182 0.560 0.199 0.673 0.208 0.194 0.226 0.222 0.563 0.208 0.230 0.494 0.195 0.285 0.227 0.233 0.516 0.257 0.229 0.252 0.207 0.238 0.260 0.280 0.187 0.510 0.467 0.217 0.241 0.250 0.234 0.231 0.267 0.230 0.228 0.232 0.239 0.204 0.170 0.518 0.225 0.242 0.221 0.277 0.236 0.650 0.580 0.201 0.208 0.229 0.266 0.172 0.276 0.172 0.229 0.156 0.228 0.736 0.206 0.669 0.691 0.157 0.213 0.135 0.211 0.192 0.497)  0.603 0.430 0.656 0.421 0.665 0.523 0.621 0.512 0.810 0.768 0.524 0.228 0.545 0.554 0.546 0.447 0.248 0.239 0.539 0.605 0.000 0.000 0.000 0.000 0.000 0.000 0.000 0.000 0.000 0.000 0.000 0.000 0.000 0.000 0.000 0.000 0.000 0.000 0.000 0.606 0.612 0.219 0.549 0.589 0.223 0.606 0.621 0.196 0.000 0.000 0.000 0.000 0.000 0.000 0.000 0.000 0.000 0.000 0.000 0.000 0.000 0.000 0.000 0.000 0.000 0.000 0.000 0.000 0.000 0.000 0.000 0.000 0.000 0.000 0.178 0.000 0.651 0.000 0.000 0.685 0.240 0.480 0.496 0.480 0.246 0.731 0.519 0.711 0.741 0.000 0.611 0.675 0.511 0.553 0.580 0.623 0.199 0.538 0.451 0.571 0.530 0.657 0.569 0.675 0.266 0.216 0.481 0.500 0.572 0.579 0.634 0.564 0.589 0.223 0.621 0.226 0.520 0.479 0.666 0.568 0.679 0.680 0.141 0.522 0.516 0.000 0.000 0.000 0.000 0.512 0.507 0.495 0.486 0.507 0.540 0.554 0.720 0.511 0.569 0.559 0.552 0.000 0.546 0.000 0.000 0.000 0.597 0.000 0.000 0.000 0.000 0.000 0.237 0.224 0.420 0.675 0.500 0.272 0.286 0.558 0.252 0.550 0.533 0.505 0.473 0.513 0.505 0.161 0.462 0.448 0.427 0.177 0.131 0.544 0.164 0.629 0.596 0.139 0.624 0.191 0.235 0.208 0.226 0.517 0.559 0.251 0.564 0.210 0.192 0.209 0.599 0.580 0.197 0.591 0.565 0.626 0.562 0.255 0.478 0.502 0.483 0.191 0.757 0.501 0.492 0.215 0.503 0.243 0.424 0.452 0.521 0.472 0.458 0.583 0.483 0.494 0.238 0.259 0.501 0.199 0.588 0.240 0.587 0.560 0.214 0.567 0.549 0.669 0.247 0.537 0.488 0.556 0.590 0.694 0.481 0.166 0.670 0.163 0.663 0.219 0.568 0.644 0.597 0.196 0.178 0.602 0.598 0.539 0.505 0.564 0.594 0.643 0.209 0.515 0.239 0.618 0.605 0.213 0.274 0.547 0.482 0.531 0.468 0.511 0.551 0.550 0.535 0.559 0.233 0.509 0.580 0.525 0.508 0.241 0.529 0.504 0.236 0.542 0.602 0.259 0.231 0.252 0.250 0.519 0.530 0.550 0.606 0.198 0.216 0.579 0.547 0.555 0.575 0.628 0.529 0.577 0.538 0.609 0.501 0.546 0.515 0.532 0.523 0.562 0.542 0.546 0.618 0.688 0.681 0.204 0.187 0.540 0.185 0.560 0.764 0.461 0.809 0.586 0.145 0.588 0.631 0.588 0.727 0.115 0.581 0.576 0.583 0.622 0.190 0.192 0.711 0.580 0.218 0.667 0.590 0.736 0.697 0.718 0.223 0.614 0.612 0.558 0.643 0.602 0.216 0.205 0.754 0.583 0.533 0.588 0.553 0.664 0.566 0.650 0.669 0.579 0.662 0.547 0.593 0.523 0.590 0.600 0.668 0.489 0.507 0.582 0.000 0.639 0.212 0.584 0.647 0.216 0.547 0.616 0.594 0.255 0.201 0.601 0.232 0.665 0.642 0.504 0.635 0.535 0.608 0.582 0.689 0.233 0.197 0.658 0.680 0.499 0.636 0.220 0.601 0.163 0.583 0.611 0.548 0.557 0.218 0.581 0.538 0.253 0.611 0.430 0.545 0.532 0.242 0.487 0.539 0.496 0.586 0.522 0.481 0.439 0.627 0.245 0.266 0.565 0.517 0.500 0.532 0.538 0.466 0.540 0.542 0.535 0.517 0.591 0.660 0.241 0.546 0.516 0.557 0.446 0.528 0.175 0.210 0.597 0.585 0.542 0.468 0.655 0.447 0.655 0.541 0.689 0.543 0.132 0.588 0.166 0.155 0.685 0.574 0.730 0.578 0.616 0.251)  0.202 0.285 0.173 0.290 0.168 0.239 0.191 0.244 0.095 0.116 0.238 0.228 0.227 0.223 0.227 0.277 0.248 0.239 0.230 0.198 1.000 1.000 1.000 1.000 1.000 1.000 1.000 1.000 1.000 1.000 1.000 1.000 1.000 1.000 1.000 1.000 1.000 1.000 1.000 0.197 0.194 0.219 0.226 0.206 0.223 0.197 0.190 0.196 1.000 1.000 1.000 1.000 1.000 1.000 1.000 1.000 1.000 1.000 1.000 1.000 1.000 1.000 1.000 1.000 1.000 1.000 1.000 1.000 1.000 1.000 1.000 1.000 1.000 1.000 0.178 1.000 0.175 1.000 1.000 0.159 0.240 0.260 0.252 0.260 0.246 0.134 0.241 0.145 0.130 1.000 0.196 0.162 0.244 0.224 0.210 0.189 0.199 0.231 0.275 0.215 0.235 0.172 0.216 0.163 0.266 0.216 0.260 0.250 0.214 0.211 0.183 0.218 0.206 0.223 0.189 0.226 0.240 0.261 0.167 0.216 0.161 0.161 0.141 0.239 0.242 1.000 1.000 1.000 1.000 0.244 0.247 0.253 0.257 0.246 0.231 0.224 0.140 0.245 0.217 0.223 0.226 1.000 0.227 1.000 1.000 1.000 0.203 1.000 1.000 1.000 1.000 1.000 0.237 0.224 0.290 0.164 0.250 0.272 0.286 0.222 0.252 0.225 0.234 0.248 0.264 0.244 0.249 0.161 0.272 0.276 0.286 0.177 0.131 0.228 0.164 0.186 0.202 0.140 0.188 0.191 0.235 0.208 0.226 0.242 0.221 0.251 0.218 0.210 0.192 0.209 0.201 0.210 0.197 0.204 0.217 0.187 0.219 0.256 0.261 0.249 0.258 0.191 0.122 0.250 0.254 0.215 0.248 0.245 0.288 0.274 0.240 0.264 0.271 0.208 0.259 0.253 0.238 0.259 0.250 0.199 0.206 0.240 0.206 0.220 0.214 0.217 0.226 0.166 0.247 0.231 0.256 0.222 0.205 0.153 0.260 0.166 0.165 0.163 0.168 0.219 0.216 0.178 0.201 0.196 0.179 0.201 0.202 0.231 0.249 0.218 0.203 0.179 0.209 0.243 0.239 0.191 0.198 0.213 0.274 0.227 0.259 0.235 0.266 0.244 0.225 0.225 0.233 0.221 0.233 0.246 0.211 0.238 0.246 0.241 0.235 0.248 0.236 0.229 0.199 0.259 0.231 0.253 0.250 0.241 0.235 0.225 0.197 0.198 0.216 0.211 0.227 0.223 0.213 0.187 0.236 0.212 0.231 0.196 0.250 0.227 0.243 0.234 0.239 0.219 0.229 0.227 0.191 0.156 0.160 0.205 0.187 0.230 0.185 0.220 0.118 0.270 0.096 0.207 0.145 0.206 0.184 0.206 0.137 0.115 0.210 0.212 0.208 0.189 0.190 0.192 0.146 0.210 0.218 0.166 0.205 0.132 0.152 0.142 0.223 0.195 0.194 0.223 0.180 0.200 0.216 0.205 0.124 0.209 0.233 0.206 0.224 0.168 0.219 0.176 0.166 0.211 0.169 0.227 0.204 0.238 0.205 0.201 0.166 0.255 0.246 0.209 1.000 0.181 0.212 0.208 0.177 0.216 0.226 0.192 0.205 0.255 0.201 0.199 0.232 0.168 0.179 0.248 0.182 0.233 0.196 0.210 0.156 0.233 0.197 0.171 0.160 0.250 0.182 0.220 0.199 0.164 0.209 0.195 0.226 0.222 0.218 0.210 0.231 0.253 0.195 0.285 0.228 0.235 0.242 0.257 0.232 0.253 0.207 0.240 0.260 0.280 0.187 0.245 0.266 0.217 0.241 0.250 0.234 0.231 0.267 0.230 0.230 0.233 0.243 0.205 0.170 0.241 0.228 0.242 0.221 0.277 0.236 0.175 0.210 0.202 0.208 0.229 0.266 0.172 0.276 0.172 0.229 0.156 0.228 0.132 0.206 0.166 0.155 0.157 0.213 0.135 0.211 0.193 0.251)  
whisker_motion_energy_bin: (0.312 0.333 0.331 0.333 0.331 0.333 0.330 0.331 0.328 0.332 0.333 0.333 0.333 0.333 0.333 0.333 0.333 0.332 0.333 0.334 0.333 0.333 0.333 0.333 0.333 0.333 0.333 0.333 0.333 0.333 0.333 0.333 0.333 0.333 0.333 0.333 0.333 0.333 0.333 0.333 0.333 0.333 0.333 0.333 0.333 0.333 0.333 0.333 0.333 0.332 0.333 0.333 0.333 0.333 0.333 0.333 0.333 0.333 0.333 0.333 0.333 0.333 0.335 0.333 0.333 0.333 0.333 0.332 0.333 0.333 0.333 0.333 0.333 0.332 0.331 0.333 0.334 0.333 0.333 0.334 0.333 0.333 0.333 0.333 0.333 0.333 0.331 0.333 0.335 0.335 0.333 0.333 0.333 0.333 0.334 0.331 0.333 0.333 0.332 0.333 0.333 0.332 0.334 0.333 0.333 0.333 0.333 0.333 0.333 0.333 0.333 0.333 0.332 0.333 0.333 0.333 0.334 0.333 0.333 0.333 0.328 0.338 0.332 0.333 0.333 0.333 0.333 0.333 0.333 0.333 0.333 0.333 0.333 0.333 0.333 0.328 0.333 0.329 0.303 0.313 0.319 0.333 0.333 0.334 0.000 0.333 0.329 0.332 0.333 0.333 0.332 0.332 0.327 0.333 0.333 0.334 0.332 0.333 0.333 0.333 0.334 0.333 0.334 0.332 0.333 0.335 0.329 0.333 0.327 0.333 0.333 0.334 0.333 0.332 0.333 0.333 0.333 0.334 0.332 0.333 0.333 0.333 0.333 0.331 0.333 0.333 0.000 0.000 0.333 0.334 0.333 0.333 0.333 0.000 0.333 0.333 0.333 0.333 0.333 0.333 0.333 0.333 0.333 0.333 0.333 0.332 0.333 0.331 0.333 0.333 0.332 0.333 0.330 0.333 0.333 0.333 0.333 0.333 0.332 0.332 0.333 0.333 0.333 0.333 0.327 0.000 0.333 0.333 0.333 0.333 0.333 0.333 0.333 0.333 0.334 0.332 0.000 0.333 0.333 0.333 0.333 0.333 0.333 0.333 0.330 0.329 0.329 0.331 0.326 0.333 0.334 0.334 0.337 0.331 0.333 0.335 0.332 0.331 0.333 0.333 0.333 0.334 0.333 0.333 0.334 0.334 0.333 0.333 0.333 0.333 0.333 0.333 0.333 0.333 0.333 0.333 0.333 0.333 0.334 0.333 0.333 0.333 0.333 0.333 0.333 0.333 0.333 0.333 0.332 0.333 0.333 0.333 0.333 0.333 0.333 0.334 0.333 0.332 0.333 0.333 0.334 0.333 0.333 0.333 0.333 0.333 0.333 0.332 0.334 0.333 0.333 0.332 0.334 0.332 0.333 0.333 0.333 0.333 0.333 0.333 0.333 0.332 0.333 0.333 0.334 0.334 0.334 0.334 0.333 0.333 0.329 0.333 0.333 0.000 0.333 0.333 0.333 0.330 0.333 0.327 0.332 0.095 0.000 0.331 0.333 0.333 0.327 0.333 0.333 0.333 0.333 0.332 0.337 0.328 0.332 0.333 0.332 0.000 0.333 0.333 0.334 0.333 0.333 0.333 0.334 0.000 0.000 0.000 0.333 0.333 0.330 0.333 0.333 0.333 0.329 0.333 0.325 0.333 0.333 0.334 0.333 0.333 0.334 0.329 0.333 0.331 0.329 0.333 0.318 0.333 0.332 0.333 0.334 0.333 0.334 0.328 0.331 0.332 0.333 0.333 0.333 0.329 0.332 0.327 0.333 0.333 0.327 0.331 0.327 0.333 0.324 0.330 0.333 0.328 0.333 0.333 0.332 0.333 0.333 0.330 0.333 0.333 0.333 0.333 0.333 0.333 0.332 0.333 0.327 0.333 0.333 0.334 0.327 0.332 0.333 0.332 0.334 0.329 0.333 0.332 0.333 0.333 0.333 0.333 0.333 0.333 0.333 0.333 0.333 0.333 0.000 0.333 0.333 0.334 0.000 0.333 0.000 0.332 0.333)  0.341 0.333 0.330 0.333 0.332 0.334 0.334 0.334 0.334 0.333 0.333 0.333 0.333 0.333 0.333 0.333 0.333 0.334 0.333 0.333 0.333 0.333 0.333 0.333 0.333 0.333 0.333 0.333 0.333 0.333 0.333 0.333 0.334 0.333 0.333 0.333 0.333 0.333 0.333 0.333 0.333 0.333 0.333 0.333 0.333 0.333 0.333 0.333 0.333 0.334 0.333 0.333 0.333 0.334 0.333 0.333 0.333 0.333 0.333 0.333 0.333 0.333 0.335 0.333 0.333 0.333 0.333 0.334 0.333 0.333 0.333 0.333 0.333 0.334 0.334 0.333 0.332 0.333 0.333 0.331 0.333 0.333 0.333 0.333 0.333 0.333 0.334 0.333 0.334 0.333 0.332 0.333 0.333 0.333 0.333 0.333 0.333 0.333 0.333 0.333 0.333 0.334 0.333 0.333 0.334 0.333 0.333 0.333 0.333 0.333 0.333 0.333 0.334 0.333 0.333 0.333 0.332 0.333 0.334 0.333 0.334 0.334 0.330 0.333 0.333 0.333 0.333 0.333 0.333 0.333 0.333 0.333 0.333 0.333 0.334 0.335 0.333 0.334 0.340 0.338 0.334 0.333 0.333 0.334 0.000 0.333 0.333 0.334 0.333 0.334 0.334 0.334 0.335 0.333 0.333 0.334 0.333 0.333 0.333 0.332 0.333 0.333 0.333 0.334 0.333 0.334 0.335 0.333 0.335 0.333 0.333 0.333 0.333 0.333 0.333 0.333 0.333 0.333 0.334 0.333 0.333 0.333 0.333 0.334 0.333 0.333 0.000 0.000 0.333 0.335 0.333 0.333 0.333 0.000 0.333 0.333 0.333 0.333 0.333 0.333 0.333 0.333 0.332 0.333 0.333 0.334 0.333 0.335 0.333 0.333 0.334 0.333 0.334 0.333 0.333 0.333 0.333 0.333 0.334 0.335 0.333 0.333 0.333 0.333 0.334 0.000 0.333 0.333 0.333 0.333 0.333 0.333 0.333 0.333 0.333 0.334 0.000 0.333 0.333 0.333 0.333 0.333 0.333 0.333 0.334 0.335 0.334 0.333 0.334 0.333 0.333 0.334 0.335 0.333 0.333 0.333 0.333 0.335 0.333 0.333 0.333 0.334 0.333 0.333 0.332 0.333 0.333 0.333 0.333 0.333 0.333 0.333 0.334 0.333 0.333 0.333 0.333 0.333 0.334 0.333 0.333 0.333 0.333 0.333 0.333 0.333 0.334 0.333 0.334 0.334 0.333 0.333 0.333 0.333 0.333 0.332 0.333 0.334 0.333 0.333 0.333 0.333 0.333 0.333 0.333 0.333 0.333 0.334 0.333 0.333 0.333 0.333 0.333 0.334 0.333 0.333 0.333 0.333 0.333 0.333 0.333 0.333 0.334 0.333 0.332 0.333 0.333 0.333 0.333 0.334 0.333 0.333 0.333 0.000 0.333 0.333 0.333 0.334 0.333 0.332 0.332 0.811 0.000 0.332 0.333 0.333 0.336 0.333 0.333 0.333 0.334 0.334 0.331 0.337 0.334 0.334 0.333 0.000 0.334 0.333 0.334 0.333 0.333 0.333 0.333 0.000 0.000 0.000 0.333 0.333 0.335 0.333 0.333 0.334 0.334 0.333 0.336 0.333 0.333 0.332 0.333 0.333 0.333 0.335 0.333 0.335 0.333 0.333 0.334 0.333 0.333 0.333 0.332 0.333 0.333 0.333 0.334 0.333 0.333 0.333 0.333 0.333 0.334 0.336 0.333 0.333 0.335 0.335 0.336 0.333 0.335 0.334 0.333 0.334 0.334 0.333 0.334 0.333 0.333 0.333 0.333 0.333 0.333 0.333 0.333 0.334 0.334 0.333 0.336 0.333 0.333 0.334 0.334 0.334 0.333 0.333 0.333 0.335 0.333 0.334 0.333 0.333 0.333 0.333 0.333 0.333 0.333 0.333 0.333 0.333 0.000 0.333 0.333 0.333 0.000 0.333 0.000 0.334 0.333)  0.347 0.333 0.339 0.333 0.337 0.334 0.336 0.335 0.339 0.335 0.334 0.334 0.333 0.333 0.333 0.333 0.333 0.334 0.333 0.334 0.333 0.333 0.333 0.334 0.333 0.333 0.333 0.333 0.333 0.333 0.333 0.333 0.334 0.333 0.333 0.333 0.333 0.333 0.334 0.333 0.333 0.333 0.333 0.333 0.333 0.333 0.333 0.333 0.333 0.334 0.333 0.333 0.333 0.334 0.333 0.333 0.333 0.333 0.333 0.333 0.333 0.333 0.330 0.333 0.333 0.333 0.333 0.334 0.333 0.333 0.333 0.333 0.333 0.334 0.336 0.333 0.334 0.333 0.333 0.335 0.333 0.333 0.333 0.333 0.333 0.333 0.335 0.335 0.331 0.332 0.336 0.333 0.333 0.333 0.333 0.335 0.333 0.333 0.334 0.333 0.333 0.334 0.333 0.334 0.334 0.333 0.333 0.333 0.333 0.333 0.333 0.333 0.334 0.333 0.333 0.333 0.334 0.334 0.334 0.333 0.337 0.328 0.338 0.333 0.333 0.334 0.333 0.333 0.333 0.333 0.333 0.333 0.334 0.333 0.333 0.337 0.333 0.337 0.357 0.349 0.347 0.333 0.333 0.333 1.000 0.333 0.338 0.334 0.333 0.333 0.334 0.334 0.337 0.333 0.333 0.332 0.334 0.333 0.333 0.335 0.333 0.333 0.333 0.334 0.333 0.332 0.336 0.333 0.339 0.333 0.333 0.333 0.333 0.334 0.333 0.333 0.333 0.334 0.334 0.333 0.333 0.333 0.333 0.335 0.333 0.333 1.000 1.000 0.333 0.331 0.333 0.333 0.333 1.000 0.334 0.333 0.333 0.333 0.333 0.333 0.333 0.333 0.335 0.333 0.333 0.334 0.333 0.335 0.334 0.334 0.334 0.333 0.336 0.333 0.333 0.333 0.333 0.333 0.334 0.333 0.333 0.333 0.333 0.333 0.339 1.000 0.333 0.333 0.333 0.333 0.333 0.333 0.333 0.334 0.333 0.334 1.000 0.333 0.333 0.333 0.333 0.333 0.333 0.333 0.336 0.336 0.337 0.336 0.340 0.334 0.333 0.332 0.328 0.336 0.334 0.333 0.335 0.334 0.333 0.333 0.333 0.332 0.333 0.333 0.334 0.333 0.333 0.333 0.333 0.333 0.333 0.333 0.334 0.333 0.333 0.333 0.333 0.333 0.333 0.333 0.333 0.333 0.333 0.333 0.333 0.333 0.333 0.333 0.334 0.334 0.334 0.333 0.334 0.334 0.333 0.334 0.333 0.334 0.333 0.333 0.333 0.333 0.333 0.333 0.333 0.333 0.333 0.334 0.333 0.334 0.333 0.335 0.333 0.334 0.333 0.333 0.333 0.334 0.333 0.334 0.333 0.335 0.334 0.334 0.334 0.333 0.333 0.333 0.333 0.334 0.338 0.333 0.333 1.000 0.333 0.333 0.333 0.336 0.333 0.341 0.336 0.094 1.000 0.337 0.333 0.333 0.337 0.334 0.333 0.334 0.333 0.334 0.332 0.336 0.334 0.334 0.335 1.000 0.333 0.333 0.332 0.334 0.333 0.333 0.333 1.000 1.000 1.000 0.333 0.333 0.336 0.334 0.333 0.333 0.337 0.334 0.339 0.333 0.333 0.335 0.333 0.334 0.333 0.336 0.333 0.334 0.338 0.334 0.348 0.334 0.335 0.333 0.334 0.333 0.333 0.340 0.335 0.335 0.333 0.333 0.334 0.338 0.334 0.338 0.333 0.333 0.338 0.334 0.337 0.333 0.341 0.336 0.333 0.338 0.334 0.333 0.334 0.333 0.333 0.337 0.333 0.333 0.333 0.333 0.333 0.334 0.335 0.333 0.338 0.334 0.333 0.332 0.339 0.334 0.334 0.334 0.333 0.336 0.333 0.334 0.333 0.333 0.334 0.333 0.333 0.333 0.333 0.333 0.333 0.333 1.000 0.334 0.333 0.333 1.000 0.333 1.000 0.334 0.333)  
Brain region: unknown: 75708 neurons  
Training on 235699 trials, testing on 59152 trials
Using device: cuda
Using balanced loss with class weights:
  Output 0: [0.49530545 0.5046945 ]
  Output 1: [0.20321052 0.6053526  0.19143689]
  Output 2: [0.410282   0.25197122 0.3377468 ]
  Output 3: [0.34447175 0.34295264 0.31257558]
Session 43: Using 50000 of 52800 timepoints for SVD initialization
Session 81: Using 50000 of 57120 timepoints for SVD initialization
Session 103: Using 50000 of 54600 timepoints for SVD initialization
Session 175: Using 50000 of 53640 timepoints for SVD initialization
Session 208: Using 50000 of 53040 timepoints for SVD initialization
Session 258: Using 50000 of 51120 timepoints for SVD initialization
Session 291: Using 50000 of 58200 timepoints for SVD initialization
Session 294: Using 50000 of 73140 timepoints for SVD initialization
Session 296: Using 50000 of 52320 timepoints for SVD initialization
Session 299: Using 50000 of 54660 timepoints for SVD initialization
Session 301: Using 50000 of 61320 timepoints for SVD initialization
Session 303: Using 50000 of 57240 timepoints for SVD initialization
Session 311: Using 50000 of 50520 timepoints for SVD initialization
Session 320: Using 50000 of 52920 timepoints for SVD initialization
Session 326: Using 50000 of 50400 timepoints for SVD initialization
Session 357: Using 50000 of 51480 timepoints for SVD initialization
Session 363: Using 50000 of 60120 timepoints for SVD initialization
Session 364: Using 50000 of 69000 timepoints for SVD initialization
Session 424: Using 50000 of 51600 timepoints for SVD initialization
Epoch [1/200], Loss: 2.168095
Epoch [2/200], Loss: 2.099364
Epoch [3/200], Loss: 2.033056
Epoch [4/200], Loss: 1.968569
Epoch [5/200], Loss: 1.906231
Epoch [6/200], Loss: 1.846499
Epoch [7/200], Loss: 1.789703
Epoch [8/200], Loss: 1.735949
Epoch [9/200], Loss: 1.685256
Epoch [10/200], Loss: 1.637649
Epoch [20/200], Loss: 1.309053
Epoch [30/200], Loss: 1.135299
Epoch [40/200], Loss: 1.025141
Epoch [50/200], Loss: 0.950225
Epoch [60/200], Loss: 0.898795
Epoch [70/200], Loss: 0.863508
Epoch [80/200], Loss: 0.839393
Epoch [90/200], Loss: 0.822853
Epoch [100/200], Loss: 0.811354
Epoch [110/200], Loss: 0.803114
Epoch [120/200], Loss: 0.796986
Epoch [130/200], Loss: 0.792268
Epoch [140/200], Loss: 0.788532
Epoch [150/200], Loss: 0.785511
Epoch [160/200], Loss: 0.783025
Epoch [170/200], Loss: 0.780951
Epoch [180/200], Loss: 0.779198
Epoch [190/200], Loss: 0.777701
Epoch [200/200], Loss: 0.776406
Test Loss: 0.797373

Training Balanced Accuracy Scores (chance = 1/num_classes):
  0 (choice): 0.6556  (chance: 0.5000)
  1 (prior_probability_left): 0.6748  (chance: 0.3333)
  2 (wheel_speed_bin): 0.6438  (chance: 0.3333)
  3 (whisker_motion_energy_bin): 0.4180  (chance: 0.3333)

Validation Balanced Accuracy Scores (chance = 1/num_classes):
  0 (choice): 0.6387  (chance: 0.5000)
  1 (prior_probability_left): 0.6622  (chance: 0.3333)
  2 (wheel_speed_bin): 0.6369  (chance: 0.3333)
  3 (whisker_motion_energy_bin): 0.4008  (chance: 0.3333)
